100
4
0, 0.46896099015153114, 0.1914883820356802
1, 0.6126383959313808, 0.19987614053778624
2, 0.6133679444760346, 0.5934586167786058
3, 0.8809099639487381, 0.05646832322216533
4, 0.461455147254632, 0.9186796620580232
5, 0.5975397973374547, 0.9653408196610291
6, 0.21175855136183952, 0.8508579397434689
7, 0.6915517331907203, 0.22151506240079022
8, 0.16708841411173136, 0.1158740856492727
9, 0.6074710473695215, 0.8926607112441649
10, 0.7853238274059394, 0.5580592153944443
11, 0.6645521738647746, 0.4237072006398036
12, 0.33391848506999255, 0.9010892755110217
13, 0.7295220130437362, 0.43122558342482464
14, 0.2969604133208691, 0.8309595145983709
15, 0.9230493030089106, 0.5390332344752875
16, 0.057648803225462064, 0.7303653381107682
17, 0.11926704573049374, 0.9633757141330214
18, 0.7952565309781892, 0.8676408986633138
19, 0.30701332739862697, 0.7301284639624502
20, 0.7065371331736948, 0.7409549107734282
21, 0.35894223625184285, 0.2790793074538661
22, 0.6131615328297395, 0.24314617004535166
23, 0.7906373312558637, 0.6901331356533077
24, 0.4690258809582837, 0.4138899183857907
25, 0.8223968211199006, 0.30271203789327605
26, 0.22958753916954178, 0.9328085967666355
27, 0.3143120545197833, 0.9740967199712782
28, 0.8952138792853278, 0.41216284094809397
29, 0.4338722727969886, 0.8218569116978597
30, 0.6299875252949767, 0.9088963616993649
31, 0.9990900330829607, 0.3485741919861455
32, 0.43864741122604933, 0.628981773371812
33, 0.5812125914012135, 0.6038251042315544
34, 0.8980194573080679, 0.3166681444889847
35, 0.15241983045048335, 0.035424199821140645
36, 0.9643512671359113, 0.5926953727820029
37, 0.8555747699737062, 0.1035286887890956
38, 0.6015772773649739, 0.5238585177231604
39, 0.04642394087838686, 0.5870170757344357
40, 0.03870966289645594, 0.6967266051715978
41, 0.7659374248152837, 0.5808821484409553
42, 0.11340288333833448, 0.3097517059182242
43, 0.19445442294656667, 0.5710436098952228
44, 0.3573324647308487, 0.6536967817543501
45, 0.03130213188771791, 0.2978580833647957
46, 0.4850931804857619, 0.40915705690989135
47, 0.08173799041025875, 0.42714907711455286
48, 0.33450484561365657, 0.3744120189898308
49, 0.7716526717241179, 0.7511575019545889
50, 0.5362163691280736, 0.22584936712876635
51, 0.16349616260620436, 0.4048163903615859
52, 0.05078612985308628, 0.6286807443672264
53, 0.35619159492906594, 0.5384428745267976
54, 0.8325665920439899, 0.959431510711659
55, 0.6691800003010718, 0.7882506593616629
56, 0.19468124535866826, 0.7382814099917216
57, 0.884026574420427, 0.014098055453981462
58, 0.2679404028240461, 0.37635210370692307
59, 0.10543562407657414, 0.7222417232565558
60, 0.8756285142928504, 0.4825878831551008
61, 0.810814942432317, 0.4780808336454566
62, 0.7823572702845232, 0.36763247323280157
63, 0.6892150108837138, 0.618275369008311
64, 0.7829159799410531, 0.3695018333905883
65, 0.10170385874186161, 0.9540705828058944
66, 0.5739288332248343, 0.48856962380712554
67, 0.8947613618190489, 0.6439253620738166
68, 0.11485700661940812, 0.15772111488247098
69, 0.5804577287970331, 0.915604045318372
70, 0.9475170706263071, 0.1535006818954786
71, 0.4499497690105486, 0.2528534183349348
72, 0.06989051646401379, 0.8873413590425961
73, 0.9371187875220522, 0.24031681728412613
74, 0.15042933807684966, 0.8432734179715424
75, 0.4388881942771742, 0.8065658509487622
76, 0.944932932307249, 0.5482193648437509
77, 0.5024190291731941, 0.3561655844980498
78, 0.2155253156658845, 0.5749460338876599
79, 0.9669346923912754, 0.3745916027321975
80, 0.9094714814451804, 0.14894755225061052
81, 0.19060550768744655, 0.466699800817984
82, 0.9612965253052145, 0.18544707865797339
83, 0.3720163016742555, 0.22078183843073107
84, 0.6113469933908492, 0.29801534437645616
85, 0.5748107281535998, 0.32184776014498706
86, 0.9931361801158102, 0.28178470831302826
87, 0.16789588818204437, 0.14566465365451375
88, 0.46884981197378195, 0.3452883741730419
89, 0.38887177969492615, 0.13015724468962697
90, 0.4691872579438756, 0.15003420081121943
91, 0.47872703131421945, 0.30732816128265306
92, 0.043249930045967555, 0.31127225050832175
93, 0.16955740161897825, 0.1055593418352937
94, 0.023041357779652327, 0.30454303388323656
95, 0.045774377451115456, 0.0103956102397611
96, 0.7710496838094124, 0.45596286881091264
97, 0.5126193898556453, 0.2744219082296214
98, 0.7528052571033852, 0.4342598241409933
99, 0.3778779263757085, 0.5312727446988178
end_nodes
0, 1
0, 2
0, 3
0, 4
0, 5
0, 6
0, 7
0, 8
0, 9
0, 10
11, 8
11, 10
11, 18
11, 23
11, 35
11, 41
11, 49
11, 54
11, 67
11, 73
12, 27
13, 8
13, 35
13, 67
13, 86
13, 87
13, 93
13, 95
14, 27
15, 8
15, 35
15, 87
15, 93
15, 95
16, 1
16, 3
16, 7
16, 37
16, 57
16, 70
16, 73
16, 80
16, 82
16, 86
17, 1
17, 3
17, 7
17, 37
17, 57
17, 70
17, 73
17, 80
17, 82
17, 86
19, 3
19, 26
19, 27
19, 37
19, 57
19, 70
19, 73
19, 80
19, 82
19, 86
20, 54
21, 1
21, 3
21, 4
21, 5
21, 6
21, 7
21, 9
21, 18
21, 26
21, 27
22, 3
22, 7
22, 8
22, 10
22, 18
22, 23
22, 30
22, 35
22, 37
22, 41
24, 1
24, 3
24, 4
24, 5
24, 6
24, 7
24, 9
24, 18
24, 26
24, 27
25, 8
25, 35
25, 73
25, 82
25, 86
25, 87
25, 93
25, 95
28, 8
28, 35
28, 87
28, 93
28, 95
29, 4
31, 8
31, 35
31, 87
31, 93
31, 95
32, 4
32, 5
32, 27
32, 70
32, 73
32, 75
32, 82
32, 86
33, 5
33, 9
33, 30
33, 54
33, 55
33, 69
34, 8
34, 35
34, 86
34, 87
34, 93
34, 95
36, 8
36, 35
36, 87
36, 93
36, 95
38, 2
38, 5
38, 9
38, 18
38, 30
38, 49
38, 54
38, 55
38, 86
39, 1
39, 3
39, 7
39, 37
39, 57
39, 70
39, 73
39, 80
39, 82
39, 86
40, 1
40, 3
40, 7
40, 37
40, 57
40, 70
40, 73
40, 80
40, 82
40, 86
42, 1
42, 3
42, 7
42, 37
42, 57
42, 70
42, 73
42, 80
42, 82
43, 1
43, 7
43, 37
43, 57
43, 70
43, 73
43, 80
43, 82
44, 26
44, 27
44, 37
44, 57
44, 70
44, 80
44, 82
45, 1
45, 37
45, 57
45, 70
45, 80
46, 4
46, 5
46, 9
46, 18
46, 26
46, 27
46, 30
46, 49
46, 54
46, 55
47, 57
47, 80
48, 4
48, 5
48, 6
48, 9
48, 26
48, 27
48, 69
48, 75
50, 2
50, 4
50, 5
50, 6
50, 9
50, 10
50, 18
50, 23
50, 26
50, 27
53, 4
53, 6
53, 26
53, 75
58, 6
58, 26
60, 35
60, 87
60, 93
60, 95
61, 87
61, 93
61, 95
62, 87
62, 93
62, 95
63, 18
63, 49
63, 54
66, 2
66, 5
66, 9
66, 18
66, 30
66, 49
66, 54
66, 55
66, 69
71, 2
71, 4
71, 6
71, 9
71, 10
71, 18
71, 23
71, 26
71, 30
71, 41
77, 2
77, 6
77, 23
77, 30
77, 49
77, 54
77, 55
77, 69
77, 75
78, 6
83, 23
83, 30
83, 41
83, 49
83, 54
83, 55
83, 69
83, 75
84, 2
84, 10
84, 23
84, 30
84, 41
84, 49
84, 54
84, 55
84, 67
85, 2
85, 10
85, 23
85, 30
85, 41
85, 49
85, 55
85, 67
85, 69
85, 75
88, 2
88, 23
88, 49
88, 55
88, 69
88, 75
89, 2
89, 10
89, 23
89, 41
89, 55
89, 67
89, 69
89, 75
90, 10
90, 41
90, 67
90, 69
90, 75
91, 41
91, 69
91, 75
96, 67
97, 10
97, 41
97, 67
98, 67
end