460
4
0, 0.9017326964435087, 0.24491078998603433
1, 0.02411602913178912, 0.6087273874322187
2, 0.35746811880495577, 0.0809730408117324
3, 0.8828612615210686, 0.7370601221693016
4, 0.26484237068477134, 0.053203559468566475
5, 0.9046014807763606, 0.06804459524614548
6, 0.3150518818646968, 0.43014621361836836
7, 0.4150882924025494, 0.21679180665095155
8, 0.2529471316611033, 0.5609936599589742
9, 0.6872599587427117, 0.034073124821268674
10, 0.5321323722194097, 0.6225614862866685
11, 0.17656597130784923, 0.20192658584043055
12, 0.9943742278500535, 0.7200911478641066
13, 0.5397700160900919, 0.17182470682584916
14, 0.8080872997181004, 0.5303978019826094
15, 0.9244397449806078, 0.31007621239320804
16, 0.33647257819925447, 0.9915030771094273
17, 0.7127978313842436, 0.1887527184608404
18, 0.7257646489705881, 0.08401469472316991
19, 0.2573309809594966, 0.3561963462620076
20, 0.9544970757594772, 0.9079571884846355
21, 0.6190755182798927, 0.7909335199344569
22, 0.21363493231939257, 0.47844744243497106
23, 0.7124091497253107, 0.6257969128518159
24, 0.46276545821215653, 0.2346265723734673
25, 0.31348540800056923, 0.8772349916685735
26, 0.3531842960063565, 0.30576674789418545
27, 0.913669989253405, 0.47449300599609046
28, 0.40000142377572345, 0.7982144668569379
29, 0.12984752701982327, 0.1145200049677656
30, 0.8883281084764819, 0.2518305672334279
31, 0.9885411396530529, 0.7618318386673991
32, 0.696162003177286, 0.3815537609308184
33, 0.377584765627639, 0.1430418955534859
34, 0.7589558132531476, 0.5793615582278075
35, 0.30216211970935736, 0.011021608562365226
36, 0.8264735642716409, 0.9825890827803274
37, 0.2723807716091631, 0.8798372969515302
38, 0.3077086600099297, 0.9845005831615106
39, 0.9396094983430241, 0.058561241851238455
40, 0.6214555644157345, 0.5314854835409125
41, 0.2295367555611405, 0.253564519813983
42, 0.914578190573078, 0.06100475294318741
43, 0.6377729252757974, 0.8182483878216448
44, 0.2101524666040404, 0.7108939203410194
45, 0.6504405716733827, 0.4456929899045411
46, 0.31765707619333494, 0.30133469821302905
47, 0.5210997003215767, 0.09611670052404186
48, 0.8544486638072908, 0.08032395367021727
49, 0.23819455059013872, 0.07487423940097848
50, 0.5238247358656567, 0.6298400552939591
51, 0.3695754743475098, 0.21659651531148105
52, 0.6546936004615316, 0.18902026007629158
53, 0.7363169073071969, 0.8366658328476219
54, 0.3728461793956144, 0.6213962574153775
55, 0.38162374838349, 0.24982705242907421
56, 0.2284764020877793, 0.8872846461399988
57, 0.1819546536787746, 0.05643311876725754
58, 0.26781966587954276, 0.44367421598695234
59, 0.27480832329207117, 0.03756635109038886
60, 0.09384334702711916, 0.943956848628208
61, 0.12335601946388841, 0.505854954701747
62, 0.465662566968042, 0.7348695037272228
63, 0.5394346104777659, 0.9202777092690143
64, 0.428921671136715, 0.6222729953472343
65, 0.2815538682794875, 0.7222701075471154
66, 0.6051654899680916, 0.3086922210445927
67, 0.28299844356127435, 0.4530437204304312
68, 0.9586777293978823, 0.9024710311145807
69, 0.460499180651434, 0.07003114613719374
70, 0.9106380804324408, 0.6911296608027336
71, 0.24469338038207045, 0.6734122171970099
72, 0.19635150567792348, 0.18211337277582273
73, 0.2937004105177883, 0.6877389748125595
74, 0.8247590163148245, 0.06272301911654965
75, 0.6171073462923944, 0.14576642906022463
76, 0.770983071471238, 0.36270701863215316
77, 0.7401138457942255, 0.14218157743154614
78, 0.7009889081229863, 0.14996762254890394
79, 0.21946383432850014, 0.2869456117464363
80, 0.7196174811477273, 0.3036596206199046
81, 0.5856182178060788, 0.8792660530664578
82, 0.3195014393061698, 0.48146515511523824
83, 0.05039994096366407, 0.646623879507215
84, 0.10202444581746883, 0.46829233456543806
85, 0.48571247663832406, 0.08445665062693819
86, 0.8226311436170272, 0.7091638684045459
87, 0.03828453017115219, 0.9765924104941053
88, 0.8616638524121271, 0.47624890838999046
89, 0.8053857918135717, 0.05369535118378732
90, 0.7292395635181389, 0.3743557325337168
91, 0.19364267742145713, 0.09270155147297754
92, 0.5222943025265498, 0.6135828609912528
93, 0.9693682068524835, 0.6480266682502475
94, 0.6878755435917518, 0.6397720309628933
95, 0.3531526462171072, 0.34278405333782314
96, 0.08464239529615503, 0.6662046602857931
97, 0.12528797511414158, 0.47020919674801087
98, 0.24599538709196644, 0.7574608689340715
99, 0.5583513070277472, 0.37513092223610867
100, 0.2987763885312469, 0.8168022267361169
101, 0.9050718459071441, 0.0104131584232795
102, 0.7874491639004422, 0.27654558805564156
103, 0.48317863631082225, 0.33675516261266936
104, 0.8514604001734973, 0.5662576524294185
105, 0.7038184955069191, 0.22806949000906618
106, 0.14233990711946043, 0.6628676985193679
107, 0.0891884364068688, 0.5770075748768052
108, 0.2976407677913695, 0.06215671342399254
109, 0.9440218531492875, 0.9360883348094137
110, 0.5237018061316119, 0.15882247146333484
111, 0.08079706580860113, 0.16659475590708472
112, 0.23230509690012946, 0.43729479565116103
113, 0.5265029738914583, 0.5021538520781106
114, 0.2928580658791481, 0.2625983832164712
115, 0.8376011745134065, 0.840515781408106
116, 0.8229967976165383, 0.43050052093765145
117, 0.9549138769489754, 0.6613120275315487
118, 0.9431141614861526, 0.583923108483107
119, 0.7024882835942685, 0.39130662366155156
120, 0.5963008293537698, 0.53981998892643
121, 0.6138584866292641, 0.5522557174061669
122, 0.31652654578050454, 0.6094871187961431
123, 0.17244451232263125, 0.37986807798974065
124, 0.3391961837457377, 0.45446130206600943
125, 0.2178000118426805, 0.18873974829776896
126, 0.9762768906276885, 0.5984601152197615
127, 0.36419514418975807, 0.8019108235791298
128, 0.6822906546189066, 0.4893726769066967
129, 0.21070436004882687, 0.6395601569064232
130, 0.9819813104191574, 0.46071237823241906
131, 0.17096574396915964, 0.8472929692353992
132, 0.32813237861069544, 0.5188287659187012
133, 0.32062532442564584, 0.28923001878347165
134, 0.040464091081560016, 0.7009496304372128
135, 0.8665818161664799, 0.4964437990673386
136, 0.8135187853689104, 0.7887474244590094
137, 0.42347033365181364, 0.3823398978679293
138, 0.7725846566759886, 0.24141097185762705
139, 0.7088464868333676, 0.9034758478592506
140, 0.2820201100045342, 0.7117922082331882
141, 0.2595878024407702, 0.5188909363736499
142, 0.7314296763333311, 0.387480518071192
143, 0.10365243367646759, 0.9143048967641083
144, 0.2847548402365274, 0.2832906612949163
145, 0.5599700938077308, 0.5277855769640479
146, 0.8142625835908137, 0.2841991756185269
147, 0.5127250417921134, 0.40679297095470546
148, 0.42378434627801387, 0.5847051290678718
149, 0.5327623182076234, 0.3674079017753895
150, 0.7475531744239511, 0.20387333934434837
151, 0.25856773072554284, 0.7063876750467338
152, 0.7795346617476865, 0.7806909396095953
153, 0.33791776295534603, 0.3842346084425283
154, 0.8205843705905069, 0.0012058174618587714
155, 0.19126731650437578, 0.06210151104531336
156, 0.5942900258576461, 0.3437026094541936
157, 0.3828481079863061, 0.6977632244232973
158, 0.8794006676354998, 0.1475391400868884
159, 0.49022281327917394, 0.5564696522892215
160, 0.03884567502724445, 0.9398252110681672
161, 0.1690383606535394, 0.3853234909439184
162, 0.3653259593536551, 0.7438522399177505
163, 0.5681989413344489, 0.6078889109862075
164, 0.31691300272173517, 0.8179350528767323
165, 0.9342259333774301, 0.8043258088993336
166, 0.24408697635963428, 0.19666960687266033
167, 0.7987745669509411, 0.7938764775119966
168, 0.9717571016471941, 0.4395013336252702
169, 0.7069059461873821, 0.8974076268712536
170, 0.3872854327811822, 0.8349203748930767
171, 0.021368716293953316, 0.571736545698142
172, 0.7146281229158028, 0.10672837790036582
173, 0.47553402726861493, 0.23719706928340167
174, 0.5677038541197079, 0.06031080729204952
175, 0.36025724154633254, 0.7231921525003052
176, 0.9743222953775114, 0.7940458694490572
177, 0.6075584791519728, 0.6564394102885396
178, 0.2128975619356901, 0.27286353543039654
179, 0.2417988531584585, 0.740208731144192
180, 0.8194421727822307, 0.1361301772716459
181, 0.40110943252152575, 0.2474991107229938
182, 0.5576858511727824, 0.6629242202369149
183, 0.19981990468306388, 0.7049726274537594
184, 0.7644052425594354, 0.44535047571999753
185, 0.4820575816426478, 0.5837234757422028
186, 0.4216013751658573, 0.8172289628395173
187, 0.7990945946901136, 0.28406461752642653
188, 0.04631405047012971, 0.37564907314250584
189, 0.16572124726320603, 0.8598031630034181
190, 0.19792361932592673, 0.24839715596065004
191, 0.792357393360159, 0.26402484462300035
192, 0.2459707811742624, 0.2218652048438453
193, 0.3724167369051936, 0.5005587946284524
194, 0.4913414315382836, 0.7925977467794302
195, 0.3562562605659976, 0.6004890016614159
196, 0.26621688282222833, 0.13034600382461559
197, 0.8831360520713367, 0.5462713184778203
198, 0.4470825379856661, 0.524902118870223
199, 0.7009498631609926, 0.035892869632840774
200, 0.20188943726307185, 0.13587092380851018
201, 0.8151968906956533, 0.2949579783907508
202, 0.8747794053656562, 0.6426231076328023
203, 0.9364824774584216, 0.2987373993777317
204, 0.7605095695831625, 0.8431267812228779
205, 0.1780529092332147, 0.5781964080074274
206, 0.8794623588452223, 0.10519643831052672
207, 0.21015223112497494, 0.9335473719779083
208, 0.853193292304423, 0.15072331349857138
209, 0.9023362551698023, 0.3904199628027436
210, 0.4699825743899938, 0.38566164242466816
211, 0.6414455508326186, 0.26237777396624673
212, 0.14775628346346614, 0.36778883013476305
213, 0.7956071569357858, 0.950823867707539
214, 0.9346454419099954, 0.3315546707506245
215, 0.17581392584076716, 0.39072973796034427
216, 0.6561832798423427, 0.9027717933533109
217, 0.6686774945986774, 0.05918023580602061
218, 0.3713698220568473, 0.7384961133973055
219, 0.39964409017990554, 0.16638515528943032
220, 0.20209205571979816, 0.5505191391872646
221, 0.8682881672974606, 0.36469573627738117
222, 0.6615204292996965, 0.6032532151510686
223, 0.8571507277587741, 0.25671531663743263
224, 0.8641385861216677, 0.1938574728679917
225, 0.3717776623663407, 0.5428093523415356
226, 0.37512563368537033, 0.34068916154492135
227, 0.16072693136681815, 0.8978236479776072
228, 0.964465986828366, 0.8294519834956244
229, 0.8795848929353423, 0.5627445217179372
230, 0.28860679626520924, 0.33840728543938425
231, 0.5386312369375323, 0.8247342505179204
232, 0.42444468888393383, 0.47461943632938564
233, 0.9027305920603399, 0.7695348800292825
234, 0.22418585281578307, 0.26617171076736124
235, 0.01128173993654824, 0.28653622602466067
236, 0.3698686704669981, 0.24299963394642554
237, 0.46746767592895266, 0.3455553545383413
238, 0.18500618278547942, 0.139791317823585
239, 0.7587272067074307, 0.6402105987461606
240, 0.2585645330192249, 0.4640227174514646
241, 0.03319197247595729, 0.6702493156981134
242, 0.7147412015636877, 0.19930141582086858
243, 0.20224524901578633, 0.7830694570350257
244, 0.4387096662747977, 0.3138505226254644
245, 0.8766564559841333, 0.39840867350718856
246, 0.421975833032727, 0.21112214756657455
247, 0.04067304076335698, 0.1619683719263999
248, 0.768170488901285, 0.7064487174356019
249, 0.713944747788618, 0.8554786995109763
250, 0.5012330346246656, 0.6682237396316084
251, 0.5689339323252545, 0.5967671383941545
252, 0.027419689245310908, 0.4475929128039028
253, 0.16457813282899636, 0.3992222130789229
254, 0.31600957876449265, 0.21865330769386127
255, 0.48727777133982997, 0.6041645994446749
256, 0.9635461544464992, 0.3217765528687895
257, 0.003999713221306211, 0.9901296871544603
258, 0.39447423704364615, 0.15439220484146177
259, 0.8567750640899638, 0.9302448509941508
260, 0.5274332961238063, 0.27980257786188845
261, 0.30168224491264084, 0.019303601146343108
262, 0.0010398171221722707, 0.2600463220673078
263, 0.7459092325970781, 0.43413523333680226
264, 0.606684726378869, 0.717044507481125
265, 0.4207887073921286, 0.4808939507363147
266, 0.5668210791188731, 0.469824520345955
267, 0.47718839708049887, 0.019552730053201683
268, 0.3112407547976521, 0.2860993637803504
269, 0.8002538190717857, 0.718497291094088
270, 0.9323180670287143, 0.7700503231653001
271, 0.14668781996981528, 0.0034328558854632707
272, 0.00846823348272685, 0.7581756200693757
273, 0.37367805110650476, 0.29249109975604626
274, 0.5304985989462213, 0.15998063155420195
275, 0.3994717584596801, 0.5223380779469766
276, 0.33953801237421055, 0.18464612234253786
277, 0.4883930657415785, 0.8174720955630692
278, 0.14452810557338025, 0.439507997198874
279, 0.31924624726711515, 0.0002186215251605006
280, 0.5414386530458237, 0.5596118391820019
281, 0.37478876308708253, 0.14015943875930337
282, 0.24212639505219935, 0.43975313331754506
283, 0.4926721110607851, 0.6698301692622588
284, 0.21670706584315313, 0.9909249297576238
285, 0.5996676793323572, 0.4437587314996586
286, 0.12759627030599807, 0.377553567870507
287, 0.09063186269616452, 0.5232480026688132
288, 0.6208000071107399, 0.2757576899570108
289, 0.2716044344501791, 0.14035607433510255
290, 0.5939540262222576, 0.8731698022475836
291, 0.17571376076376188, 0.14735658897288673
292, 0.6910358494678005, 0.2952546007854774
293, 0.18667145844757305, 0.6240584267042184
294, 0.43074679940212324, 0.7247239970079938
295, 0.308006336309691, 0.36554686686963345
296, 0.7144272573174453, 0.8382738950041774
297, 0.4372121720923855, 0.17117070274556367
298, 0.5092394470149791, 0.748138894207888
299, 0.6965540920554635, 0.36567734083009795
300, 0.9590003569225034, 0.44934583291134034
301, 0.6481397363651685, 0.7690077147398027
302, 0.38869764025701015, 0.7081543760290677
303, 0.22601677618646732, 0.6881999593224652
304, 0.16869082716528883, 0.47607967954760066
305, 0.673331759651894, 0.8947218088703652
306, 0.6992254593734744, 0.45234674204474357
307, 0.005347060306146956, 0.005886954515003318
308, 0.6967146518133723, 0.17474686261496075
309, 0.21071362361902646, 0.34203354510732475
310, 0.46138238524927644, 0.9307144332896093
311, 0.4125872866062288, 0.8455698107701763
312, 0.44651070151888406, 0.09172086740790475
313, 0.39368324253185916, 0.5020282961918103
314, 0.5787649404615834, 0.8519769930885965
315, 0.651901685946007, 0.08852500730044055
316, 0.45139919904675696, 0.9642324579349723
317, 0.7173907220406033, 0.7006695445475506
318, 0.3297539038356474, 0.9303095243639439
319, 0.7848109765234711, 0.6270975129448314
320, 0.8313295450434245, 0.9355804506463509
321, 0.021705696747995606, 0.803849644661106
322, 0.9748253490154694, 0.8311424907149221
323, 0.8242677520385754, 0.5048013906238447
324, 0.6256631662228928, 0.1686511860846902
325, 0.542682092134516, 0.8076869434143316
326, 0.3983757438811695, 0.629621669756664
327, 0.6794729336117998, 0.6567980035240343
328, 0.5696588968353561, 0.21202919124538666
329, 0.9475692013192057, 0.3739994036079938
330, 0.4824952411955544, 0.08912843598387199
331, 0.317673607389126, 0.8299980633391635
332, 0.009412173124713319, 0.6421787687755962
333, 0.24063957731352692, 0.31513194364048525
334, 0.6451439009444554, 0.511733680549541
335, 0.693227305617202, 0.30295540216269623
336, 0.18048330489712217, 0.534324690561352
337, 0.0974741893471579, 0.47932876778270295
338, 0.8184376764726133, 0.45967288561748487
339, 0.5257815545818058, 0.42823990283368674
340, 0.9689292442056325, 0.428502439991445
341, 0.9534231687029384, 0.8657366189531494
342, 0.3987943184042603, 0.9637969013525836
343, 0.7255873938522932, 0.5017051328706198
344, 0.7010017522670274, 0.4299896555194952
345, 0.16998501917382713, 0.8106213204804534
346, 0.34439324618954315, 0.9836276244158294
347, 0.3134782998249732, 0.01880044428855543
348, 0.8598912930332487, 0.16933302574222586
349, 0.16019693115923894, 0.43795421526215406
350, 0.09622832532716896, 0.8837404579317538
351, 0.23125385279330224, 0.6373718466692726
352, 0.9235915493405675, 0.7917688629275863
353, 0.9104716315820902, 0.38397895473405175
354, 0.27554935485857324, 0.48112256138355725
355, 0.7249266845912901, 0.6628864958795311
356, 0.8511057519712891, 0.4598710542175356
357, 0.32550647734772764, 0.8103414534146673
358, 0.26450417348252386, 0.7846296603914408
359, 0.010060141890937957, 0.8874576018238151
360, 0.057983806011299266, 0.14375728528985476
361, 0.7474602920440933, 0.5729001128686139
362, 0.0753845688162823, 0.3031996078086835
363, 0.7258425630574589, 0.4555708059090191
364, 0.9870303998596887, 0.9742467730219833
365, 0.43171188487934453, 0.6034993840343581
366, 0.2958999542953594, 0.8751750268719934
367, 0.3980188728122306, 0.8803319728596355
368, 0.38381129909788647, 0.3570598492986673
369, 0.013156466504119724, 0.5485928402601578
370, 0.20028369673195967, 0.37000083064600453
371, 0.33163016102211584, 0.2251284312720334
372, 0.4288772754880844, 0.602474540802294
373, 0.34157345731487576, 0.2704964200789941
374, 0.734470990054817, 0.907481175925391
375, 0.8455486701265529, 0.4839300055185055
376, 0.9451757979096215, 0.4999808025758351
377, 0.5820806089124428, 0.8387596736556949
378, 0.026155131283750244, 0.6524928715364411
379, 0.12533936488774822, 0.792324264392832
380, 0.4261200741224306, 0.6948535691884136
381, 0.9330291030473956, 0.13093598157952457
382, 0.932736194082483, 0.07608159007014392
383, 0.8072513648801563, 0.5049161273199316
384, 0.25082403591323854, 0.5156299672950899
385, 0.7828814832904191, 0.12478178619719549
386, 0.687793451656843, 0.17733248291122505
387, 0.880531235843465, 0.4309188321738322
388, 0.7865346907922987, 0.30683156340332596
389, 0.5073425383107318, 0.34683455699231824
390, 0.6520213990380544, 0.3670830002862746
391, 0.7425894766172172, 0.604306517577491
392, 0.12652037471685929, 0.1586998015596277
393, 0.6660429556160711, 0.12098593680989711
394, 0.987254317259998, 0.6528678428019434
395, 0.31979683223879296, 0.5550964902041274
396, 0.20715945450992257, 0.39534371437411053
397, 0.8252683096643223, 0.8230439658938198
398, 0.4582101620827286, 0.7707678052638928
399, 0.9173123321540358, 0.9886210142248487
400, 0.08191750023936428, 0.9762340893089952
401, 0.8884413396215545, 0.5847082283800837
402, 0.5436330635070679, 0.35899206742296974
403, 0.580139521037184, 0.2684509608923511
404, 0.35549286654490775, 0.1483488699997707
405, 0.31690943043940656, 0.3604146296917058
406, 0.04660860069313222, 0.7802551851597054
407, 0.74219003980348, 0.05340187543295227
408, 0.3925848829512003, 0.9970717384808981
409, 0.17733106189016257, 0.3396863792912269
410, 0.3876152886223898, 0.18469471945230276
411, 0.9568221985776864, 0.744814623937552
412, 0.8043586775010995, 0.6766379297091608
413, 0.5298408438440572, 0.11073977439780791
414, 0.5102554300484072, 0.9360595986236842
415, 0.8953679587933284, 0.8698732475189569
416, 0.23965721197710332, 0.048393136003001325
417, 0.00521225476534648, 0.09246543232133353
418, 0.11556228305753824, 0.9479020978526194
419, 0.24065391312801632, 0.7409774431073628
420, 0.9663835445216887, 0.26867551806581846
421, 0.7006211337824764, 0.788600913466498
422, 0.45652870481327057, 0.047464052027378134
423, 0.20360802963959856, 0.9616209581322335
424, 0.5895340757346509, 0.01074483636260748
425, 0.5664455199272996, 0.8027045959695672
426, 0.39739163124043053, 0.9715960265748823
427, 0.7465649054959684, 0.09458901583973112
428, 0.7732003157694871, 0.5183800235093601
429, 0.28276023255133276, 0.6657522389648189
430, 0.5129670060094851, 0.6832790558723297
431, 0.2159173391006477, 0.994524520694587
432, 0.7537634606486219, 0.6823496841133948
433, 0.12668945877680626, 0.06486643083543298
434, 0.16232340035517046, 0.44964277193326785
435, 0.10833969924562004, 0.8469102965173849
436, 0.6768217324742991, 0.16228406611495205
437, 0.3952374676877931, 0.1512686625757934
438, 0.28425676750059303, 0.4282784443873473
439, 0.06964353631458475, 0.6644161051849662
440, 0.218978332259954, 0.9622852473988639
441, 0.1727526111135701, 0.8461294795539492
442, 0.41868745718485534, 0.6160467136216391
443, 0.2500524575739055, 0.47326823473782764
444, 0.08784470664021493, 0.85567904340029
445, 0.7330533914289874, 0.2726006287130718
446, 0.7576568216017783, 0.35539270226897735
447, 0.5378099604543407, 0.3428827842281864
448, 0.4339269477346599, 0.46638572420563285
449, 0.8441889494781001, 0.43547275391063944
450, 0.30798614510472533, 0.7873043574330484
451, 0.026783795519602527, 0.7328942912474833
452, 0.6478756933976478, 0.26001602046298955
453, 0.17588306281499155, 0.557050396672154
454, 0.08144962061885974, 0.9426364975163511
455, 0.7978262674864253, 0.6965361837242194
456, 0.5883766968975703, 0.36586377096014433
457, 0.386385520878862, 0.6612689126534563
458, 0.1755380638238737, 0.7818942960315465
459, 0.5263904932147245, 0.8781397512267083
end_nodes
0, 1
0, 2
0, 3
0, 4
0, 5
0, 6
0, 7
0, 8
0, 9
0, 10
0, 11
0, 12
0, 13
0, 14
0, 15
0, 16
0, 17
0, 18
0, 19
0, 20
0, 21
1, 6
1, 8
1, 10
1, 11
1, 16
1, 19
1, 22
1, 25
1, 28
1, 29
1, 37
1, 38
1, 41
1, 44
1, 50
1, 51
1, 54
1, 56
1, 57
1, 58
2, 4
2, 9
2, 18
2, 35
2, 47
2, 59
2, 69
2, 75
2, 77
2, 78
2, 85
2, 108
2, 154
2, 172
2, 174
2, 217
2, 261
2, 267
2, 271
2, 279
3, 14
3, 16
3, 20
3, 21
3, 23
3, 27
3, 34
3, 36
3, 43
3, 53
3, 63
3, 70
3, 81
3, 86
3, 88
3, 104
3, 109
3, 115
3, 135
3, 136
4, 11
4, 13
4, 17
4, 33
4, 49
4, 52
4, 57
4, 72
4, 91
4, 108
4, 110
4, 125
4, 150
4, 155
4, 166
4, 196
4, 200
4, 219
4, 238
5, 9
5, 12
5, 15
5, 39
5, 42
5, 48
5, 74
5, 89
5, 101
5, 126
5, 130
5, 154
5, 158
5, 168
5, 180
5, 199
5, 203
5, 206
5, 208
5, 214
6, 19
6, 58
6, 66
6, 67
6, 80
6, 82
6, 95
6, 99
6, 102
6, 103
6, 107
6, 112
6, 124
6, 137
6, 149
6, 153
6, 156
6, 187
6, 191
7, 11
7, 19
7, 24
7, 26
7, 46
7, 51
7, 55
7, 133
7, 138
7, 173
7, 181
7, 211
7, 230
7, 236
7, 244
7, 260
7, 268
7, 273
7, 288
7, 373
8, 10
8, 30
8, 32
8, 45
8, 76
8, 90
8, 92
8, 113
8, 119
8, 120
8, 122
8, 132
8, 141
8, 142
8, 145
8, 146
8, 147
8, 148
8, 159
9, 18
9, 48
9, 69
9, 74
9, 89
9, 154
9, 174
9, 180
9, 199
9, 217
9, 224
9, 348
9, 385
9, 407
9, 427
10, 16
10, 28
10, 30
10, 40
10, 50
10, 54
10, 62
10, 64
10, 76
10, 92
10, 120
10, 121
10, 122
10, 128
10, 142
10, 159
10, 163
10, 170
11, 41
11, 51
11, 57
11, 72
11, 84
11, 105
11, 114
11, 125
11, 144
11, 155
11, 166
11, 178
11, 190
11, 192
11, 200
11, 212
11, 238
12, 15
12, 20
12, 31
12, 68
12, 93
12, 117
12, 118
12, 126
12, 130
12, 168
12, 176
12, 203
12, 214
12, 228
12, 300
12, 322
12, 329
12, 340
12, 341
13, 33
13, 52
13, 105
13, 110
13, 150
13, 166
13, 219
13, 242
13, 246
13, 258
13, 274
13, 276
13, 281
13, 297
13, 328
13, 410
13, 437
14, 34
14, 88
14, 104
14, 116
14, 221
14, 245
14, 323
14, 338
14, 356
14, 361
14, 375
14, 383
14, 387
14, 428
14, 449
15, 214
16, 21
16, 25
16, 36
16, 37
16, 38
16, 43
16, 60
16, 62
16, 63
16, 81
16, 87
16, 94
16, 115
16, 121
16, 127
16, 128
16, 139
17, 150
18, 77
18, 85
18, 172
18, 217
18, 315
18, 330
18, 427
19, 22
19, 26
19, 46
19, 61
19, 95
19, 112
19, 133
19, 191
19, 230
19, 244
19, 268
19, 288
19, 292
19, 295
19, 304
19, 405
19, 438
20, 27
20, 68
20, 70
20, 109
20, 118
20, 165
20, 176
20, 228
20, 233
20, 270
20, 341
20, 352
20, 353
20, 364
21, 23
21, 43
21, 86
21, 94
21, 231
21, 248
21, 269
21, 301
21, 314
21, 317
21, 325
21, 327
21, 346
21, 355
21, 377
21, 421
21, 425
21, 432
22, 58
22, 61
22, 112
22, 282
22, 304
23, 34
23, 86
23, 239
23, 319
23, 355
23, 361
23, 391
23, 412
23, 428
23, 432
23, 455
24, 173
24, 260
24, 288
24, 403
25, 37
25, 44
25, 96
25, 98
25, 100
25, 127
25, 164
25, 179
25, 243
25, 318
25, 331
25, 357
25, 358
25, 366
25, 419
25, 450
26, 55
26, 230
26, 244
26, 273
27, 70
27, 165
27, 209
27, 270
27, 353
28, 44
28, 50
28, 65
28, 71
28, 73
28, 106
28, 127
28, 129
28, 140
28, 151
28, 157
28, 162
28, 170
28, 175
28, 179
28, 183
28, 218
28, 283
28, 293
29, 57
29, 111
29, 171
29, 188
29, 235
29, 247
29, 252
29, 262
29, 271
29, 307
29, 332
29, 360
29, 362
29, 369
29, 392
29, 417
29, 433
30, 32
30, 76
30, 90
30, 201
30, 265
30, 299
30, 313
30, 339
30, 388
30, 390
30, 446
31, 322
31, 364
32, 90
32, 299
32, 313
33, 219
33, 258
33, 281
33, 437
34, 319
34, 361
34, 391
35, 59
35, 261
35, 271
35, 279
35, 347
36, 109
36, 115
36, 139
36, 169
36, 213
36, 259
36, 320
36, 364
36, 374
36, 399
36, 408
36, 415
36, 431
37, 96
37, 243
37, 366
37, 439
37, 458
38, 56
38, 60
38, 131
38, 134
38, 143
38, 189
38, 207
38, 227
38, 241
38, 272
38, 321
38, 332
38, 350
38, 359
38, 378
38, 379
38, 406
38, 418
38, 423
39, 42
39, 101
39, 130
39, 256
39, 381
39, 382
39, 420
40, 128
40, 263
40, 306
40, 334
40, 363
41, 79
41, 84
41, 97
41, 123
41, 144
41, 161
41, 178
41, 212
41, 215
41, 234
41, 253
41, 278
41, 287
41, 309
41, 333
41, 337
41, 349
41, 370
41, 396
42, 101
43, 152
43, 310
43, 314
43, 421
44, 98
44, 179
44, 183
44, 419
45, 113
45, 120
45, 142
45, 145
45, 266
45, 275
45, 285
46, 133
47, 77
47, 172
47, 312
47, 393
48, 74
48, 180
48, 407
49, 91
49, 238
50, 54
50, 64
50, 73
50, 129
50, 157
50, 283
50, 293
50, 294
50, 302
50, 326
50, 351
50, 380
50, 429
50, 457
51, 114
51, 144
51, 192
51, 236
51, 254
51, 268
51, 371
51, 396
51, 434
52, 150
52, 274
52, 324
53, 63
53, 115
53, 136
53, 167
53, 204
53, 249
53, 296
53, 397
53, 414
54, 64
55, 230
56, 83
56, 345
56, 378
57, 155
57, 271
57, 291
57, 392
57, 416
58, 112
58, 240
58, 282
59, 261
59, 271
60, 87
60, 160
60, 257
60, 359
60, 400
60, 418
60, 423
60, 440
60, 454
61, 304
62, 170
62, 186
62, 250
62, 311
63, 81
63, 167
63, 296
63, 342
63, 414
63, 426
65, 106
65, 151
65, 303
66, 95
66, 103
66, 137
66, 226
66, 237
66, 292
66, 368
66, 389
66, 447
67, 82
67, 107
67, 336
67, 354
67, 443
68, 322
68, 364
69, 174
70, 165
70, 233
70, 352
71, 106
71, 140
71, 151
71, 293
71, 303
72, 125
73, 129
73, 157
73, 162
73, 175
73, 429
73, 457
74, 89
75, 78
75, 308
75, 386
75, 436
76, 90
76, 119
76, 142
76, 344
76, 446
77, 78
77, 172
77, 308
77, 312
77, 393
77, 413
77, 436
78, 413
78, 436
79, 349
79, 370
79, 434
80, 156
80, 187
80, 402
81, 290
81, 342
82, 99
82, 107
82, 124
82, 187
82, 336
82, 354
82, 456
83, 332
83, 345
83, 378
84, 212
84, 286
84, 337
84, 409
85, 330
86, 248
86, 269
86, 432
86, 455
87, 257
87, 284
87, 400
87, 431
88, 104
88, 135
88, 197
88, 202
88, 375
88, 387
88, 401
90, 446
91, 155
91, 238
92, 148
92, 159
92, 185
92, 255
93, 118
93, 376
94, 177
94, 184
94, 194
94, 222
94, 264
94, 277
94, 325
94, 327
94, 343
94, 346
95, 153
95, 226
95, 292
95, 295
95, 368
95, 405
96, 243
97, 161
97, 215
97, 278
97, 287
97, 349
97, 434
98, 419
99, 124
99, 149
99, 187
99, 210
99, 456
100, 179
100, 450
101, 154
102, 191
102, 223
102, 335
103, 153
103, 237
103, 368
104, 202
105, 246
105, 328
106, 293
106, 303
107, 187
107, 336
107, 443
108, 271
109, 364
109, 415
110, 274
111, 247
111, 262
112, 282
112, 438
113, 145
113, 198
113, 225
113, 275
114, 144
114, 192
114, 371
115, 136
115, 169
115, 204
115, 213
115, 216
115, 249
115, 305
115, 316
115, 320
115, 374
115, 397
115, 414
115, 426
116, 338
116, 383
116, 428
117, 118
117, 341
117, 411
118, 341
118, 376
119, 142
120, 142
120, 145
120, 159
120, 280
120, 395
121, 128
121, 163
121, 182
121, 251
121, 367
121, 398
121, 430
122, 195
122, 205
122, 365
122, 372
122, 442
123, 253
123, 278
125, 166
126, 214
127, 170
127, 179
127, 318
127, 357
127, 450
128, 182
128, 298
128, 363
129, 293
129, 351
129, 429
130, 168
130, 256
130, 381
130, 420
131, 134
131, 189
131, 272
131, 379
131, 406
131, 441
131, 451
132, 146
132, 147
132, 193
132, 232
132, 448
133, 268
133, 373
134, 241
134, 272
134, 332
134, 379
134, 451
135, 229
135, 401
136, 397
137, 237
137, 389
138, 211
138, 288
138, 445
138, 452
139, 169
139, 216
139, 316
140, 151
141, 147
141, 220
141, 384
141, 453
142, 285
142, 344
143, 321
143, 350
143, 359
143, 444
144, 333
144, 396
145, 198
145, 225
145, 395
146, 147
146, 193
146, 232
146, 448
147, 384
147, 448
148, 159
148, 185
148, 255
149, 187
149, 210
150, 242
150, 324
151, 303
152, 310
153, 368
154, 199
154, 267
154, 279
154, 422
154, 424
155, 238
156, 187
156, 402
157, 175
157, 218
157, 302
158, 208
158, 224
158, 348
159, 185
159, 280
160, 257
160, 359
160, 454
161, 278
162, 175
163, 251
163, 430
164, 331
164, 357
164, 450
165, 270
166, 196
166, 219
166, 246
166, 276
166, 289
166, 297
166, 404
166, 410
167, 296
168, 203
168, 340
169, 216
169, 374
170, 186
170, 250
171, 332
171, 369
172, 315
172, 330
172, 393
173, 288
174, 217
175, 218
176, 228
177, 184
177, 194
177, 222
177, 343
178, 190
178, 212
179, 358
179, 419
179, 450
180, 206
180, 208
180, 348
180, 407
181, 244
181, 273
184, 194
184, 343
187, 456
188, 235
188, 252
189, 406
190, 212
191, 223
191, 292
191, 335
191, 447
192, 254
192, 371
193, 232
194, 277
195, 372
196, 289
196, 404
197, 387
197, 401
198, 225
200, 238
201, 299
201, 313
201, 388
203, 300
203, 329
203, 340
204, 249
206, 208
207, 227
207, 321
207, 350
207, 444
208, 348
209, 353
211, 288
211, 452
212, 286
212, 409
213, 374
215, 234
215, 253
215, 278
215, 349
216, 305
216, 316
219, 258
219, 297
219, 404
220, 453
221, 245
221, 449
222, 343
224, 348
224, 385
226, 368
227, 321
228, 341
229, 401
231, 325
231, 346
231, 425
233, 352
234, 253
235, 252
235, 257
235, 262
235, 272
235, 332
235, 369
236, 268
237, 389
239, 319
239, 412
241, 332
243, 366
244, 260
244, 273
244, 288
244, 403
245, 356
245, 387
245, 449
246, 328
246, 410
247, 262
247, 360
247, 417
248, 301
248, 432
249, 414
252, 362
252, 369
253, 278
256, 381
257, 262
257, 272
257, 359
257, 431
258, 437
259, 415
260, 403
262, 307
262, 417
263, 298
263, 306
263, 334
263, 363
264, 277
265, 313
265, 339
265, 390
266, 285
267, 279
267, 422
267, 424
268, 373
271, 279
271, 307
271, 416
271, 433
272, 321
272, 332
272, 359
272, 406
272, 435
272, 451
276, 297
279, 307
279, 347
279, 424
283, 294
284, 431
287, 434
288, 403
288, 445
289, 404
292, 447
293, 326
293, 351
294, 302
294, 380
295, 405
298, 363
299, 313
300, 329
300, 340
300, 394
301, 432
302, 380
305, 316
306, 334
307, 417
307, 433
308, 386
308, 436
309, 370
309, 396
313, 388
314, 377
314, 459
315, 330
317, 355
317, 432
319, 391
319, 412
321, 359
321, 435
321, 444
322, 364
323, 356
323, 387
325, 327
325, 346
325, 425
326, 351
331, 357
332, 369
332, 378
333, 396
336, 354
338, 383
339, 390
340, 394
341, 411
345, 378
349, 434
350, 444
355, 432
356, 387
357, 450
358, 419
359, 440
359, 454
360, 417
361, 428
362, 369
364, 399
365, 372
367, 398
370, 396
370, 434
375, 387
377, 459
379, 441
381, 382
383, 428
384, 453
387, 401
396, 434
398, 430
399, 408
408, 431
414, 426
418, 423
423, 440
429, 457
432, 455
439, 458
end