600
4
0, 0.7135706759993931, 0.6129768392699251
1, 0.0007651022910469818, 0.9625659850410198
2, 0.5900361917436393, 0.6956560499092674
3, 0.2655817186889403, 0.2783390085817059
4, 0.20721903494156102, 0.1892720918698496
5, 0.37317052365353665, 0.8359734107643586
6, 0.7045915616505133, 0.05653652855001212
7, 0.4998612604727979, 0.6196734715090183
8, 0.9598628798431027, 0.5348057914500429
9, 0.04438634678790332, 0.9031579974109203
10, 0.6839111879532763, 0.8539577759633377
11, 0.8980220214629445, 0.12305658138997078
12, 0.21307305776687657, 0.49300773034625245
13, 0.37743865939090016, 0.34485827320378193
14, 0.0275829760292976, 0.4242360745048057
15, 0.9796139421787446, 0.05557891400332782
16, 0.7551117201205683, 0.7134994687593599
17, 0.12968342091493812, 0.4028665865516654
18, 0.46851347443969216, 0.0007709213438619189
19, 0.9525791962431718, 0.06301476287763963
20, 0.8106003104038768, 0.7417839932959521
21, 0.6631487430176117, 0.10480044279171108
22, 0.23862422618552637, 0.6899558326150665
23, 0.171518976782145, 0.8053729356532789
24, 0.7473978075764913, 0.7503326103368599
25, 0.5172481783470053, 0.6615095089624666
26, 0.3028784995827343, 0.2690193990215991
27, 0.16550575969883297, 0.1516800122671803
28, 0.6988839595219951, 0.6723024772627201
29, 0.23101866452024677, 0.7239680579942922
30, 0.007497450589447063, 0.39096609672165306
31, 0.0006035605499662422, 0.9803392144708065
32, 0.043297888607864765, 0.12927429125788625
33, 0.49556314679121294, 0.7505343275150447
34, 0.7077084386603802, 0.4265250208832052
35, 0.15317764941090162, 0.09498445813439693
36, 0.043340280169050116, 0.21387018435386518
37, 0.6731161266278106, 0.41899602089174226
38, 0.5349524273908086, 0.21800256286126385
39, 0.16360264400651947, 0.38525312762926056
40, 0.43404842435348634, 0.8178747812361532
41, 0.6684901694722847, 0.9954646975860738
42, 0.9806900617741764, 0.35729747442585535
43, 0.17060901118909888, 0.7674219385442903
44, 0.334732078255617, 0.4066280288893154
45, 0.3461098075491462, 0.3122397621739298
46, 0.40345604789198464, 0.6908055418364778
47, 0.3385327712869053, 0.4445386694210016
48, 0.8977566148245346, 0.6100503413148393
49, 0.5495242486988012, 0.09444841488419442
50, 0.24863770680865327, 0.9146045422253295
51, 0.714802442435964, 0.23895004101269868
52, 0.5524964851620291, 0.5601716725754409
53, 0.11818708806723122, 0.6124577747351557
54, 0.7806055013278311, 0.7158120801198209
55, 0.5407229420987021, 0.27663785751593484
56, 0.46508998774839505, 0.45614684744488365
57, 0.9295503223893377, 0.37645935824946164
58, 0.5729918554390622, 0.5776181670300563
59, 0.19112759427583637, 0.03394843553228877
60, 0.9903431210654512, 0.9056118669836608
61, 0.47671145979050267, 0.7854695226741892
62, 0.10377998560619184, 0.5032078511652475
63, 0.6012080396447806, 0.23688025051168893
64, 0.9437320072356535, 0.9162496849675313
65, 0.5723856293513253, 0.4568209553288034
66, 0.14853657802211095, 0.227825472578845
67, 0.0054875721032883185, 0.9429858262665937
68, 0.5709047264748263, 0.895307355511538
69, 0.6389239858371522, 0.3150831763802502
70, 0.43434826894074063, 0.42957641821279946
71, 0.8701242277117374, 0.5330747658912142
72, 0.132936996376245, 0.12212500867752896
73, 0.8118123559884495, 0.601757332670918
74, 0.3178937180104593, 0.03276338709953963
75, 0.6596424878101804, 0.36469982007743873
76, 0.6943012082041599, 0.49453614726721795
77, 0.5780158510600173, 0.5470044192346947
78, 0.8010054754236086, 0.016565898416660008
79, 0.6176381947008537, 0.2606724146796444
80, 0.980860114977062, 0.8321829831760919
81, 0.43911722488663085, 0.03609072802191082
82, 0.6280239883044169, 0.06627164789853246
83, 0.9648875125987538, 0.2656378917354968
84, 0.15217233771366556, 0.7439520120548371
85, 0.22017368640880675, 0.5891846244851089
86, 0.6722601504774454, 0.8806428446685339
87, 0.04879656729407955, 0.3837864851557158
88, 0.4865833385317234, 0.006379928282102876
89, 0.1191359694600781, 0.3899157219344618
90, 0.31341383127599365, 0.09358299673062598
91, 0.0002300469234135516, 0.7456161195659576
92, 0.37445591706945514, 0.4496718232052449
93, 0.18289953551538374, 0.2728803968184338
94, 0.7871045075432894, 0.5741454513404636
95, 0.9651543061506189, 0.5533750368275883
96, 0.3655112085611756, 0.8799311409230769
97, 0.4680480868907789, 0.05914624881712516
98, 0.13268163310756864, 0.4815993446902178
99, 0.07621309110252306, 0.5504828579408128
100, 0.22377388637991802, 0.9708433592725303
101, 0.011471847050043671, 0.01737310413784765
102, 0.750360613274393, 0.41451531331195557
103, 0.1200230495086071, 0.9974871874456014
104, 0.48323130190769215, 0.029095891710790966
105, 0.5009190243242132, 0.40523234797354357
106, 0.1259656843377106, 0.4763676596559657
107, 0.4622822079610617, 0.4591089015586408
108, 0.3374539039062796, 0.7102158957894088
109, 0.9247514529805965, 0.48770949131025876
110, 0.101858688670867, 0.03247605041870316
111, 0.40466029236350776, 0.18949325960160568
112, 0.6533166515211839, 0.5854210051383089
113, 0.37712068325132164, 0.15014670296197297
114, 0.869853951061936, 0.7333620433104436
115, 0.6573222128001605, 0.14431353858732765
116, 0.5321980243032153, 0.3922829057852325
117, 0.6833386878027331, 0.008533344090291939
118, 0.08992424694918644, 0.8088207597431247
119, 0.6005947159262478, 0.707918439141309
120, 0.9445513624307653, 0.48876908443427625
121, 0.23566988743316186, 0.009009099988634639
122, 0.2704538687659831, 0.7880470536485918
123, 0.08683884458856284, 0.4979956129216191
124, 0.19497917004811527, 0.8465676255560755
125, 0.36591788389093804, 0.030682963202872338
126, 0.9650139494681852, 0.19982375290541787
127, 0.9288262049617633, 0.8238819405880933
128, 0.05632755285652036, 0.9084553819834853
129, 0.2869306268783909, 0.46550914117646836
130, 0.20751883554634687, 0.742688170591421
131, 0.05546293727054219, 0.9662056712614707
132, 0.4805417365083514, 0.19931532522082762
133, 0.64995166303927, 0.7904276686160691
134, 0.3696374663701192, 0.5347882580163422
135, 0.33384257210109514, 0.8106394916081113
136, 0.8845634841009071, 0.22628124494663504
137, 0.7879742522583627, 0.7159595997357084
138, 0.28026685053540323, 0.04082297298422577
139, 0.020548408561768206, 0.8472938652108905
140, 0.1454689487683044, 0.9897998779192306
141, 0.06084745235961386, 0.7795174961013278
142, 0.24238406240816612, 0.3442761347443164
143, 0.462705052384508, 0.7730817730529326
144, 0.8684618879277894, 0.8111513344325985
145, 0.429086177580289, 0.7757617993108837
146, 0.24009109066334078, 0.3453651830811272
147, 0.9110471826861775, 0.7426263265312298
148, 0.047666858439345705, 0.6876913502213925
149, 0.13730667530758844, 0.8310005865852323
150, 0.05070879568759623, 0.1052602783405685
151, 0.9314318337281313, 0.08159459171059091
152, 0.7834472409613832, 0.9361144078816829
153, 0.26582431572841925, 0.221231305047915
154, 0.5070955820370118, 0.38848420216168145
155, 0.9678512026133419, 0.8281764435247435
156, 0.9576182430823948, 0.8636328911993768
157, 0.4361529738419623, 0.22953810662499752
158, 0.2909675165873925, 0.4083153894064754
159, 0.22831944843186436, 0.23724756258302526
160, 0.38229427950872563, 0.16987586844351432
161, 0.9684239137662265, 0.5059091263099884
162, 0.9931535364757781, 0.23821076647556838
163, 0.3373187937472243, 0.008157293890190709
164, 0.9324106732229087, 0.3999185630746467
165, 0.8153975810007813, 0.8407999673087508
166, 0.6130394128286023, 0.47228959484687594
167, 0.49827050855669386, 0.9559580944898537
168, 0.7577073513626342, 0.22522339243693512
169, 0.5746489266355332, 0.8160278006905758
170, 0.8218690382882357, 0.6788229766366827
171, 0.006484339064782851, 0.861446845686624
172, 0.17910206092391423, 0.3853820781216367
173, 0.41712236182371054, 0.2865343363398962
174, 0.4591275119002999, 0.5064738152564863
175, 0.7196894920398127, 0.23160849305122022
176, 0.7535289661601065, 0.5886920971190066
177, 0.32288291344248166, 0.7200087097227548
178, 0.9446552354124572, 0.9039185564682678
179, 0.4267243687358925, 0.7924070862988188
180, 0.4226084932252283, 0.9294671220157391
181, 0.19269835701579507, 0.6066435273664834
182, 0.39220800699248226, 0.36663496779520766
183, 0.28045510660061734, 0.7278562215305822
184, 0.5135306245096178, 0.5268870531680898
185, 0.7920507530454456, 0.18139078246362406
186, 0.11643275514031437, 0.9202220853823956
187, 0.34512207227087266, 0.5178449929944571
188, 0.4444579425614139, 0.021228714532216197
189, 0.28431059755361787, 0.9203880125626442
190, 0.3121967861849617, 0.38182733325910545
191, 0.47286872123418344, 0.8246171417883936
192, 0.8227581068061498, 0.2943790979897859
193, 0.17744303697170538, 0.5169998953994077
194, 0.40535024574658507, 0.6855595410177431
195, 0.34735954233034216, 0.21430773772087586
196, 0.3226568015013538, 0.29441629841811934
197, 0.9925907146926315, 0.37492572152860615
198, 0.07532649978548989, 0.10820865607709895
199, 0.5586602101426124, 0.2306002881281507
200, 0.05149053345017518, 0.868234411848375
201, 0.08063732559058134, 0.7105852924409919
202, 0.9583690478960369, 0.0785443649889972
203, 0.866006266465225, 0.9858170067571339
204, 0.29654669389397725, 0.6338163484203967
205, 0.6723432427650046, 0.1759687858815724
206, 0.8061342241512522, 0.6882398367899367
207, 0.23771889291060544, 0.620403787956118
208, 0.623667659497503, 0.16228880677900326
209, 0.653098290314186, 0.559856665842286
210, 0.6435528624704026, 0.5114470894697957
211, 0.809140900559373, 0.6171746971301506
212, 0.5964954486247266, 0.43605777910847765
213, 0.9780007324287323, 0.31048112746481216
214, 0.4390740508202543, 0.4050003462569063
215, 0.45949188232646887, 0.5538793795026309
216, 0.34611898015289155, 0.7750352749678467
217, 0.3255513512916388, 0.5866953404648348
218, 0.38995543897231555, 0.7053275114715755
219, 0.19710676055304588, 0.693055624125587
220, 0.9442578490945971, 0.7545098661718174
221, 0.6707621507071947, 0.7563413969782584
222, 0.01576036010528803, 0.233028345267021
223, 0.12175723577434694, 0.1356809774363873
224, 0.6196977452484265, 0.5062126978384643
225, 0.29415774465011213, 0.37999593787528685
226, 0.274852593354707, 0.7061269305825605
227, 0.25063676748749253, 0.09364581391571591
228, 0.8480908557137581, 0.5657432829802738
229, 0.44468950518261674, 0.532550638970943
230, 0.30851588475727443, 0.07768291434543717
231, 0.5343159456540207, 0.9164022187484182
232, 0.9738830780404838, 0.8205554725617482
233, 0.007296666246982331, 0.6495798184958169
234, 0.24475620984864188, 0.9702880499547656
235, 0.9188812661476508, 0.24358157223842136
236, 0.7434990343831446, 0.2920217292922711
237, 0.8488577709894864, 0.9732100271179017
238, 0.09080278829289523, 0.07256699154045743
239, 0.6864028946062947, 0.6742309078804298
240, 0.7297702408839141, 0.3395183603675488
241, 0.014145018430182676, 0.7997472083274504
242, 0.8441426175411556, 0.01946273164286605
243, 0.6033759603273428, 0.6336106790862976
244, 0.5912975270350793, 0.21374669352540188
245, 0.5954476834315231, 0.15676202580004184
246, 0.4953444838329921, 0.13271873243545895
247, 0.2359183072530322, 0.10288379851785179
248, 0.6232886028957865, 0.46183976524639037
249, 0.10479553305517064, 0.9770097891155084
250, 0.7330646587097662, 0.9916332322895275
251, 0.7467828225962136, 0.25426199206856737
252, 0.31614570522792973, 0.700573888544538
253, 0.30529879268269533, 0.4824287266500358
254, 0.2814771688761053, 0.7624979773107108
255, 0.8358600493703169, 0.09818204950953369
256, 0.7964173401688834, 0.30028892551479935
257, 0.5121142314463066, 0.4605615236437809
258, 0.22187181191863226, 0.9538032378902835
259, 0.6181778060715999, 0.25836415960424364
260, 0.9906609469661046, 0.4820096092668771
261, 0.7996442137607357, 0.9352029244863217
262, 0.670537021975238, 0.46442587804260205
263, 0.2762657959900384, 0.4069280266341253
264, 0.5893204664195804, 0.420541035735567
265, 0.592256501761493, 0.08741323847409233
266, 0.830515973241829, 0.9728799246289696
267, 0.565795777476975, 0.4289366050389546
268, 0.03902577257209361, 0.46460493789481927
269, 0.9173616959917263, 0.534517588674368
270, 0.7030743906919784, 0.6262612698917333
271, 0.9937893908844317, 0.3815018380683851
272, 0.20055711751983274, 0.32654768345316465
273, 0.3342501401108895, 0.6280789663150549
274, 0.24330032018875858, 0.7687439943916988
275, 0.26001037520361525, 0.014287848813023585
276, 0.6560016546922836, 0.2783195684927674
277, 0.17541311562218398, 0.5131074907220149
278, 0.8292946626241638, 0.7728003095459409
279, 0.06546232745299996, 0.42167868746004444
280, 0.6323314454547032, 0.22697102737802644
281, 0.13050368924760003, 0.10097132140034837
282, 0.556326651008074, 0.23616505611809469
283, 0.40264504516132704, 0.15717325574337415
284, 0.7953174641619992, 0.3143416022716037
285, 0.010897040521693935, 0.6447810833914973
286, 0.2924074062896853, 0.42749622356844175
287, 0.5348272229162534, 0.31104514512783343
288, 0.7100412345375277, 0.7841798465258353
289, 0.9846907022128039, 0.36308585796182524
290, 0.12165412587832458, 0.6501669025322481
291, 0.15807519986038499, 0.9951999733077157
292, 0.7626769406856716, 0.8888350998586786
293, 0.6663745221996858, 0.6249799014795282
294, 0.34657139397490466, 0.18840870652476704
295, 0.8889083411163374, 0.9879029986628444
296, 0.3187537561112689, 0.23856999489968844
297, 0.1213433429679025, 0.6316207670519517
298, 0.10737923049990783, 0.0504280553308446
299, 0.04445415812531717, 0.04839186886028701
300, 0.8825119105518575, 0.6891588173334696
301, 0.49273132650066287, 0.8858246801948325
302, 0.1428666918485837, 0.41695356367853675
303, 0.4085068918777889, 0.5433723487151537
304, 0.7308129780936908, 0.8127129794280675
305, 0.7536656549332849, 0.26269090216030155
306, 0.7583754933075793, 0.7282894483992357
307, 0.13462482661036212, 0.5199082903465743
308, 0.3523436302222259, 0.826120104112685
309, 0.6469003092249895, 0.08236581556621225
310, 0.92408482242139, 0.12244823591664578
311, 0.6495976929127961, 0.7833984319658452
312, 0.6372411464572116, 0.32350457748889005
313, 0.07585806884468327, 0.9278974241059695
314, 0.08456846321411604, 0.8145418054908883
315, 0.9655647178039356, 0.9954177253333238
316, 0.2304479573966064, 0.11264286144198199
317, 0.16940512701951826, 0.08948093987782413
318, 0.1815473005062691, 0.3913609341348486
319, 0.8303762993476775, 0.048355661347798895
320, 0.3187370302327118, 0.3882464114127354
321, 0.562890091402176, 0.7599845529864143
322, 0.18173969693764291, 0.2149301777427517
323, 0.01326757324470873, 0.5293122855446316
324, 0.8846477271066036, 0.21454770861089123
325, 0.5561258315718494, 0.6789672078833956
326, 0.7220941821805746, 0.0736331252293887
327, 0.737615327817313, 0.7851192290999158
328, 0.5183389740521909, 0.40069413543389243
329, 0.20365005146558013, 0.6079240761132506
330, 0.6639646469604756, 0.2061552318312886
331, 0.9022713093585633, 0.28239257877855595
332, 0.4764685314567739, 0.22448895086614296
333, 0.1343827885994472, 0.6630431042296551
334, 0.9077210892404488, 0.09160780333386243
335, 0.971346022646266, 0.48789675735076576
336, 0.5238681978035453, 0.9687770935663039
337, 0.9183376466795612, 0.4126662417164719
338, 0.05101840664578494, 0.9299998442632608
339, 0.36781100646776754, 0.9601792699805873
340, 0.6676672808933345, 0.9913346089630544
341, 0.6558330308839418, 0.9988465785006083
342, 0.04913264626467584, 0.11839086658919828
343, 0.5282039247170783, 0.41207550906327695
344, 0.8349220207219747, 0.04713467089686363
345, 0.8253295619145182, 0.5616378196045844
346, 0.19116466147874345, 0.3130623354434493
347, 0.19780499746149005, 0.7777403201504717
348, 0.08123607013748568, 0.952408716443074
349, 0.8043623156489872, 0.4526807211637375
350, 0.6354191878668447, 0.8040101500063644
351, 0.9003970809529974, 0.7794687622134202
352, 0.5917034225850399, 0.5818642365636045
353, 0.7714019059408973, 0.18709543541832052
354, 0.4768803365545262, 0.1654795807717362
355, 0.5571149333050815, 0.833635888981297
356, 0.4488599656037163, 0.5177001804097506
357, 0.7737804531746449, 0.14761756239963164
358, 0.0380128013384915, 0.4303656475584595
359, 0.387727720228362, 0.7657856560242348
360, 0.9122757819019487, 0.4830720215637685
361, 0.7234661862041076, 0.8720496829656554
362, 0.9276377763594932, 0.9858819896472396
363, 0.5784453879461976, 0.8058232493918466
364, 0.017331378330442293, 0.7233626396851768
365, 0.9568974049650985, 0.4852150143385048
366, 0.4876472641735652, 0.9831210272507166
367, 0.6584193814100825, 0.8593722499457253
368, 0.21192456461170817, 0.5344575405866477
369, 0.4000057239057315, 0.8987845278250289
370, 0.5246493970687603, 0.45313147620202365
371, 0.33320830296821946, 0.9754670099599179
372, 0.1599053983364075, 0.7148826670381303
373, 0.12994030804403356, 0.5839979162095622
374, 0.6977058012836691, 0.945904605960876
375, 0.0805947377781786, 0.40245783842129035
376, 0.1129397119406329, 0.35893208515927577
377, 0.7769902058985073, 0.7808797527860952
378, 0.11646519845005832, 0.6861835694864775
379, 0.5014444026251078, 0.692269340821605
380, 0.689057822912212, 0.6884886571949116
381, 0.10224240075051694, 0.14090914039093583
382, 0.4459717104628135, 0.7199736557811728
383, 0.31596745197038134, 0.006039076269507837
384, 0.8726054991488441, 0.3048803371318597
385, 0.8369419635777177, 0.0751187850025764
386, 0.741749852965627, 0.8370072325671044
387, 0.14601576183527154, 0.2549600177276562
388, 0.864411555842007, 0.5353639153153966
389, 0.39456242655285134, 0.8228808034325783
390, 0.6361802548381832, 0.294454600287962
391, 0.9718070863635069, 0.9328538613399567
392, 0.8251284532082702, 0.2792602196369991
393, 0.07625450781494669, 0.04019959053772182
394, 0.9872130760252826, 0.06873360000706297
395, 0.16210156102741446, 0.06269659933888772
396, 0.9681790818014363, 0.21303900745367277
397, 0.8642431755838416, 0.42065068384736604
398, 0.23624434318323428, 0.738235311789542
399, 0.31322519003541227, 0.022945519260099467
400, 0.17961038126095086, 0.07903662967907887
401, 0.4315356431295594, 0.419682597559328
402, 0.04106773219896842, 0.35290202943108373
403, 0.6865455242213964, 0.034837830137879555
404, 0.044225228476449274, 0.7427036942735245
405, 0.4608276416457442, 0.043552823103079286
406, 0.06321054262869907, 0.9627398209399625
407, 0.10282403596739786, 0.07618264185034629
408, 0.9621456199945001, 0.7944604251009586
409, 0.9106546246461098, 0.8854746068539397
410, 0.7243233010848822, 0.25947923273498164
411, 0.09308416677530218, 0.931771432208339
412, 0.8118545296646744, 0.21173053891609905
413, 0.029195293127913136, 0.4743730304137135
414, 0.11445162224097494, 0.5421357221711154
415, 0.9352248963430014, 0.1486187685300776
416, 0.8273464200820609, 0.2225336727056587
417, 0.8076473761226581, 0.2664487037557206
418, 0.14645022462683965, 0.0418184042831965
419, 0.4178911225720209, 0.44988326799655287
420, 0.8603640133420027, 0.13536313868384775
421, 0.690137855582353, 0.22456963366100235
422, 0.03059348580367438, 0.5909651912050736
423, 0.8375697869961666, 0.3992319837104302
424, 0.4050038326872798, 0.7916824755674171
425, 0.29576052364105543, 0.08026811719712112
426, 0.7239443998310211, 0.3486518812115912
427, 0.31273610065496493, 0.39222342917876885
428, 0.18073324198348673, 0.694651873171591
429, 0.5645248637525483, 0.44154623696988715
430, 0.20336299639867694, 0.6869694871329457
431, 0.7699326608451355, 0.9602629747690815
432, 0.5826377502854174, 0.28037399880330915
433, 0.44030126019024174, 0.1230937006503463
434, 0.36898572421117815, 0.9346320463748818
435, 0.27390415729278383, 0.7608232463076094
436, 0.9838331037346318, 0.5428901433500221
437, 0.11067304181174331, 0.6755884056744554
438, 0.1011614118904457, 0.556325978833063
439, 0.5777038938937503, 0.6979058730067645
440, 0.0791701948527963, 0.05889410285382746
441, 0.6753912391137347, 0.7929069455305436
442, 0.38639184869152265, 0.3524713909247429
443, 0.6408000882932278, 0.030209146348836313
444, 0.8309574232868318, 0.6679123515298317
445, 0.9814955993362027, 0.6924451092537076
446, 0.5924492490248189, 0.1934893496429505
447, 0.9410650257133791, 0.04077430719868558
448, 0.25551131153293005, 0.29752640958476817
449, 0.17235958033897925, 0.26492290390675166
450, 0.49525285607774716, 0.7874808899222264
451, 0.6487896396793141, 0.5408586062254412
452, 0.011150027099823934, 0.9559415446853616
453, 0.47393268333591065, 0.6949960158694256
454, 0.894433125836052, 0.43138459708919896
455, 0.5786491162644927, 0.5447686630055286
456, 0.27195170329699514, 0.5355745318321585
457, 0.34464833350004054, 0.44440442074941067
458, 0.36614541394776123, 0.39829461712228575
459, 0.8108338547146402, 0.7665703742027979
460, 0.592625931424386, 0.22822768847041097
461, 0.5402666364007942, 0.34710664876105735
462, 0.7605680004022932, 0.31789492937680985
463, 0.2529661214048844, 0.1586726367435476
464, 0.7802544267017599, 0.9824169600629797
465, 0.6100794771191579, 0.5764792371891899
466, 0.9193555767380419, 0.810898183826593
467, 0.39103898458125963, 0.40639961829387183
468, 0.46685207961490416, 0.26893741046198927
469, 0.42974271554674415, 0.37616772879763527
470, 0.10900939654627473, 0.970614050473717
471, 0.42056404178995255, 0.9646042184275447
472, 0.5914336152864058, 0.8731849414483701
473, 0.6111230904612929, 0.6161330794322584
474, 0.05752357831152344, 0.7033523690373922
475, 0.28443133513146124, 0.16176722869662385
476, 0.295377805583116, 0.9506383795177099
477, 0.5281914652735396, 0.12336148835542315
478, 0.4764723484899954, 0.5664916927004078
479, 0.7751734272039367, 0.6910304426029121
480, 0.24212149150326812, 0.03384519947287201
481, 0.7284171036959682, 0.13281974392286522
482, 0.6612429413436716, 0.03297358020389307
483, 0.6108555421416487, 0.31963195680396717
484, 0.5804340204534034, 0.8018793847990187
485, 0.2555701229691151, 0.7494616537542994
486, 0.04293403404562979, 0.36231888038779814
487, 0.0751217207390712, 0.6326264191104682
488, 0.8262501266829898, 0.63836104963646
489, 0.001391928927402808, 0.7774293508315864
490, 0.0015407131174731692, 0.033311712699621965
491, 0.3079302601500644, 0.44918043571699084
492, 0.9715812723956796, 0.4404746179121738
493, 0.6627910862759964, 0.8696967890004179
494, 0.35007661982704485, 0.6355914640680868
495, 0.1620506473201907, 0.2510109229081472
496, 0.24740320352300438, 0.8336477421661787
497, 0.669664224721257, 0.06423350637673042
498, 0.7841288421914756, 0.26432925401896545
499, 0.3698185150241352, 0.11954584479897157
500, 0.6117792746546122, 0.7573641512502456
501, 0.3053277895853451, 0.23493833948343112
502, 0.5231795123534692, 0.13475253306396462
503, 0.06901461578007873, 0.9563818010621351
504, 0.6337336985963689, 0.12232212225729855
505, 0.6389590882625092, 0.2209923571548914
506, 0.7370734238781833, 0.03838843205363729
507, 0.354971537782403, 0.6874392801158489
508, 0.7873398941052456, 0.6439711648280876
509, 0.40582655003644197, 0.20351148538840247
510, 0.9020642089568603, 0.3423455308639921
511, 0.5468145751250865, 0.4076923663195
512, 0.18697656725875123, 0.648441636763854
513, 0.36227414567243177, 0.2823259664308334
514, 0.27328073042675627, 0.33069890797285595
515, 0.5893135182215157, 0.7044696670229803
516, 0.12361498294992113, 0.1476883460195284
517, 0.5768479468046457, 0.7568644216819198
518, 0.4406191812686906, 0.9934716234091753
519, 0.6015625162709753, 0.878041786559693
520, 0.5246199551642481, 0.47234159884453564
521, 0.21201884568804086, 0.2242653826790676
522, 0.7532664655051056, 0.9403968174335924
523, 0.9770456455666405, 0.08189551023556796
524, 0.45247094363966134, 0.9503194130793053
525, 0.8387974911336381, 0.5158979627119149
526, 0.7395833994072769, 0.3276948758346532
527, 0.9404396202698824, 0.7053689641593965
528, 0.877385973765246, 0.7005108527399536
529, 0.5482661311607024, 0.9160190218106085
530, 0.5532505014585867, 0.402553141867663
531, 0.7367292951439764, 0.028444596031784952
532, 0.761239534637348, 0.3324050287858672
533, 0.09037638229046796, 0.5639333648526
534, 0.20094052864165624, 0.7540555480146501
535, 0.5858458689014197, 0.08397767711474624
536, 0.4714512547732107, 0.829147765320484
537, 0.06509433229231165, 0.8796136671648348
538, 0.12910663409311673, 0.7550765808985556
539, 0.08896467131638575, 0.9750547411677922
540, 0.15034971843350753, 0.7961316556529601
541, 0.5975337477013377, 0.3246642702621758
542, 0.7054700842302589, 0.3945343163336553
543, 0.05193618827340862, 0.4514393982395809
544, 0.25995903167595924, 0.6556107612636655
545, 0.7943910388033513, 0.3329024176090586
546, 0.35221305110021095, 0.7505038184765088
547, 0.9172473661610242, 0.21080358705020408
548, 0.8762234423342561, 0.03343424589911248
549, 0.960275484778772, 0.07426304914528048
550, 0.2549820574504241, 0.367382235338802
551, 0.350806379538008, 0.677118199098852
552, 0.13760215188817537, 0.6790876836929397
553, 0.14409814387040942, 0.5015774260023169
554, 0.07827096995413274, 0.4177196021599201
555, 0.14045894203511078, 0.3189815687258374
556, 0.9868468560768013, 0.66790216688836
557, 0.6486563337399267, 0.29614975484589134
558, 0.5003535173740007, 0.1566422974818963
559, 0.9890234042168018, 0.8113553677319237
560, 0.13359924194174866, 0.24748608342664824
561, 0.2563200179487135, 0.4245104320299904
562, 0.01858169083399841, 0.08881123623211351
563, 0.333941009047491, 0.0610392380951601
564, 0.2650963265199602, 0.5637489734069975
565, 0.5062054619195782, 0.7104139472435952
566, 0.018847286832903487, 0.4970480727701403
567, 0.9871179056310639, 0.870331467271227
568, 0.11692447421935215, 0.5168287371892487
569, 0.8797674745727598, 0.5369258889560662
570, 0.9069692018564269, 0.7991655211320341
571, 0.5293617374746584, 0.3860796583264213
572, 0.7695526988191741, 0.48912421795289984
573, 0.8790280365271779, 0.24847726485067223
574, 0.6166532458603009, 0.3610047376164688
575, 0.7006763426222636, 0.6002616789315989
576, 0.25662981915583016, 0.5195742267035758
577, 0.9798862918695165, 0.2619947433003884
578, 0.4756651156602101, 0.9297486505298982
579, 0.9548045391959505, 0.49606895994793
580, 0.12646049147676142, 0.009901949475720317
581, 0.22803633244555033, 0.9554331672689169
582, 0.6266289074508274, 0.10919187170208944
583, 0.997176163849156, 0.6038143455115886
584, 0.3041442718302366, 0.6898801894452921
585, 0.44827733263776304, 0.3886066949295006
586, 0.261047204930435, 0.5315975475404837
587, 0.7676147917236892, 0.47021786718645153
588, 0.4517431227924942, 0.012185764062472959
589, 0.4824460832630876, 0.43447628193213184
590, 0.9308929837476441, 0.11345175842035438
591, 0.17448151288305414, 0.027703333506879813
592, 0.39986949169151487, 0.14281261756380736
593, 0.9187750501541959, 0.6683998840464676
594, 0.8446228991812403, 0.0017098939527430135
595, 0.8846575911005896, 0.6125001600364092
596, 0.9567141371081966, 0.663625264459803
597, 0.5704351690437622, 0.16817679541091235
598, 0.6987554354892412, 0.2593132688139079
599, 0.42667601331971583, 0.8677151314546839
end_nodes
0, 1
0, 2
0, 3
0, 4
0, 5
0, 6
0, 7
0, 8
0, 9
0, 10
0, 11
0, 12
0, 13
0, 14
0, 15
0, 16
0, 17
0, 18
0, 19
0, 20
0, 21
0, 22
0, 23
0, 24
1, 5
1, 9
1, 10
1, 12
1, 14
1, 30
1, 31
1, 33
1, 40
1, 41
1, 50
1, 53
1, 60
1, 62
1, 64
1, 67
1, 68
1, 80
1, 84
1, 85
1, 86
1, 91
1, 96
2, 5
2, 10
2, 28
2, 40
2, 61
2, 96
2, 119
2, 133
2, 169
2, 191
2, 221
2, 239
2, 270
2, 311
2, 321
2, 350
2, 355
2, 363
2, 369
2, 380
2, 389
2, 441
2, 450
3, 4
3, 13
3, 14
3, 17
3, 27
3, 30
3, 32
3, 36
3, 39
3, 44
3, 45
3, 47
3, 56
3, 66
3, 70
3, 72
3, 77
3, 87
3, 89
3, 92
3, 93
3, 101
3, 107
4, 18
4, 26
4, 27
4, 35
4, 38
4, 45
4, 55
4, 59
4, 65
4, 72
4, 74
4, 81
4, 90
4, 97
4, 105
4, 110
4, 111
4, 113
4, 116
4, 121
4, 125
4, 132
5, 33
5, 40
5, 143
5, 179
5, 186
5, 308
5, 389
5, 424
5, 439
6, 11
6, 15
6, 18
6, 19
6, 21
6, 34
6, 49
6, 51
6, 78
6, 82
6, 88
6, 102
6, 104
6, 117
6, 151
6, 168
6, 175
6, 185
6, 192
6, 205
6, 236
6, 240
6, 242
7, 12
7, 22
7, 85
7, 134
7, 204
7, 207
7, 215
7, 217
7, 219
7, 273
7, 303
7, 368
7, 428
7, 430
7, 456
7, 473
7, 478
7, 494
7, 512
7, 544
7, 564
7, 576
7, 586
8, 15
8, 20
8, 42
8, 48
8, 57
8, 60
8, 71
8, 73
8, 80
8, 83
8, 94
8, 95
8, 109
8, 114
8, 120
8, 126
8, 127
8, 144
8, 147
8, 155
8, 161
8, 162
8, 164
9, 22
9, 23
9, 29
9, 43
9, 84
9, 122
9, 124
9, 128
9, 130
9, 149
9, 216
9, 219
9, 226
9, 325
9, 338
9, 347
9, 359
9, 379
9, 382
9, 398
9, 452
9, 496
10, 20
10, 24
10, 28
10, 54
10, 80
10, 114
10, 127
10, 133
10, 137
10, 144
10, 155
10, 165
10, 169
10, 189
10, 191
10, 221
10, 270
10, 278
10, 288
10, 300
10, 301
11, 19
11, 151
11, 185
11, 192
11, 255
11, 310
11, 324
11, 326
11, 334
11, 357
11, 385
11, 392
11, 412
11, 416
11, 420
11, 587
12, 14
12, 53
12, 58
12, 62
12, 98
12, 106
12, 118
12, 123
12, 134
12, 181
12, 187
12, 193
12, 200
12, 215
12, 268
12, 277
12, 290
12, 297
12, 303
12, 307
12, 314
13, 45
13, 182
13, 214
13, 257
13, 442
13, 469
13, 589
14, 17
14, 30
14, 52
14, 58
14, 87
14, 89
14, 106
14, 129
14, 139
14, 148
14, 171
14, 187
14, 229
14, 233
14, 241
14, 253
14, 268
14, 272
14, 279
14, 285
15, 19
15, 57
15, 71
15, 83
15, 94
15, 126
15, 136
15, 162
15, 176
15, 202
15, 213
15, 235
15, 242
15, 319
15, 331
15, 337
15, 344
15, 345
15, 349
15, 360
15, 384
16, 24
16, 54
16, 137
16, 306
17, 39
17, 47
17, 52
17, 77
17, 89
17, 112
17, 129
17, 158
17, 172
17, 174
17, 184
17, 225
17, 263
17, 279
17, 286
17, 302
17, 318
17, 356
17, 427
17, 465
17, 491
18, 37
18, 38
18, 74
18, 76
18, 81
18, 88
18, 90
18, 97
18, 104
18, 117
18, 121
18, 125
18, 132
18, 163
18, 166
18, 188
18, 199
18, 209
18, 210
18, 246
18, 248
19, 136
19, 151
19, 202
19, 310
19, 324
19, 549
19, 572
19, 590
20, 48
20, 73
20, 137
20, 170
20, 206
20, 211
20, 300
20, 304
20, 327
20, 444
20, 479
20, 488
20, 508
20, 595
21, 37
21, 49
21, 63
21, 69
21, 75
21, 76
21, 79
21, 115
21, 205
21, 208
21, 244
21, 245
21, 259
21, 265
21, 276
21, 280
21, 309
21, 312
21, 330
21, 390
21, 446
21, 460
22, 25
22, 29
22, 43
22, 46
22, 108
22, 130
22, 177
22, 194
22, 218
22, 219
22, 226
22, 243
22, 252
22, 293
22, 398
22, 453
22, 507
22, 537
22, 540
22, 551
22, 584
23, 122
23, 149
23, 177
23, 183
23, 218
23, 226
23, 254
23, 274
23, 293
23, 347
23, 379
23, 435
23, 453
23, 485
23, 546
24, 54
24, 288
24, 306
25, 46
25, 194
25, 293
25, 453
25, 551
26, 65
26, 105
26, 209
26, 224
26, 370
26, 575
26, 585
27, 72
28, 221
28, 239
28, 270
28, 380
29, 130
29, 398
29, 534
30, 32
30, 36
30, 87
30, 91
30, 93
30, 101
30, 222
30, 233
30, 323
30, 346
30, 387
30, 402
30, 449
30, 486
30, 489
30, 490
30, 495
30, 555
30, 560
30, 562
30, 566
31, 41
31, 91
31, 103
31, 131
31, 140
31, 249
31, 291
31, 341
31, 470
31, 518
31, 539
32, 36
32, 66
32, 101
32, 150
32, 198
32, 222
32, 223
32, 322
32, 342
32, 381
32, 516
32, 521
32, 562
33, 135
33, 143
33, 145
33, 179
33, 186
33, 313
33, 424
33, 439
34, 205
34, 421
34, 542
34, 598
35, 59
35, 110
35, 317
35, 395
35, 400
35, 418
35, 580
35, 591
36, 66
36, 495
36, 560
37, 63
37, 69
37, 75
37, 76
37, 104
37, 312
37, 330
37, 460
37, 477
38, 55
38, 65
38, 132
38, 157
38, 166
38, 195
38, 212
38, 224
38, 246
38, 264
38, 267
38, 332
38, 429
38, 509
38, 530
38, 558
39, 142
39, 146
39, 172
39, 225
39, 448
39, 514
39, 550
40, 61
40, 96
40, 389
40, 411
41, 60
41, 64
41, 100
41, 131
41, 152
41, 167
41, 203
41, 234
41, 237
41, 249
41, 250
41, 258
41, 261
41, 266
41, 295
41, 315
41, 336
41, 339
41, 340
41, 341
41, 362
41, 366
42, 60
42, 95
42, 161
42, 162
42, 197
42, 260
42, 271
42, 289
42, 335
42, 436
42, 445
42, 492
42, 556
42, 559
42, 583
43, 540
44, 47
44, 92
44, 190
44, 320
44, 457
45, 196
45, 469
46, 194
46, 453
46, 507
46, 584
47, 77
47, 92
47, 158
47, 174
47, 190
47, 286
47, 427
47, 457
47, 491
47, 561
48, 73
48, 595
49, 82
49, 104
49, 244
49, 245
49, 265
49, 446
49, 460
49, 497
49, 504
49, 535
49, 582
49, 597
50, 96
50, 369
50, 599
51, 175
51, 240
51, 426
52, 129
52, 229
52, 253
52, 465
53, 62
53, 67
53, 141
53, 193
53, 201
53, 277
53, 290
53, 297
53, 307
53, 373
53, 378
53, 414
53, 437
53, 438
53, 487
53, 533
53, 568
54, 137
54, 306
55, 116
55, 153
55, 157
55, 173
55, 195
55, 287
55, 296
55, 461
55, 468
55, 501
55, 511
55, 513
55, 530
55, 571
56, 70
56, 77
56, 107
57, 109
57, 126
57, 164
57, 360
57, 365
57, 579
58, 187
58, 352
59, 121
59, 400
59, 591
60, 64
60, 68
60, 80
60, 86
60, 95
60, 156
60, 178
60, 180
60, 203
60, 231
60, 237
60, 266
60, 292
60, 315
60, 335
60, 361
60, 362
60, 391
60, 409
60, 434
61, 96
62, 67
62, 99
62, 123
62, 139
62, 148
62, 307
62, 404
62, 414
62, 438
62, 474
62, 487
62, 533
62, 553
62, 568
63, 79
63, 259
63, 312
63, 390
63, 460
64, 152
64, 167
64, 258
64, 261
64, 339
64, 374
64, 431
64, 476
64, 524
65, 105
65, 116
65, 154
65, 212
65, 224
65, 264
65, 267
65, 328
65, 343
65, 429
65, 511
67, 141
67, 201
67, 487
68, 86
68, 178
68, 180
68, 231
68, 292
68, 434
68, 503
68, 529
69, 75
69, 276
69, 312
69, 557
70, 107
71, 109
71, 269
71, 337
71, 345
71, 360
71, 388
71, 454
71, 510
71, 569
72, 101
72, 110
72, 159
72, 238
72, 281
72, 298
72, 299
72, 393
72, 407
72, 440
73, 211
73, 488
73, 508
73, 595
74, 121
74, 125
74, 138
74, 163
74, 227
74, 230
74, 247
74, 275
74, 316
74, 399
74, 425
74, 480
74, 563
75, 276
75, 330
75, 557
76, 262
76, 432
76, 477
76, 483
76, 502
76, 574
77, 92
77, 107
77, 112
77, 174
77, 184
77, 401
77, 419
77, 455
77, 458
77, 467
77, 520
78, 117
78, 242
78, 506
78, 531
78, 594
79, 259
79, 280
79, 390
79, 505
80, 155
80, 156
80, 189
80, 232
80, 301
80, 348
80, 361
80, 367
80, 409
80, 472
80, 493
80, 519
80, 567
81, 97
81, 188
81, 405
81, 463
82, 104
82, 497
82, 535
83, 126
83, 396
83, 523
84, 219
84, 372
84, 428
84, 512
84, 538
85, 118
85, 181
85, 207
85, 217
85, 329
85, 368
85, 512
85, 564
86, 292
86, 348
86, 361
87, 346
87, 376
88, 104
89, 272
89, 375
90, 125
90, 588
91, 489
91, 490
92, 419
92, 457
92, 458
93, 449
93, 495
93, 555
94, 176
94, 228
94, 235
94, 269
94, 331
94, 345
94, 397
94, 423
94, 525
94, 547
95, 161
95, 335
96, 411
96, 450
96, 599
97, 111
97, 113
97, 132
97, 160
97, 283
97, 294
97, 354
97, 405
97, 433
97, 475
97, 499
97, 592
98, 123
98, 268
99, 123
99, 148
99, 268
100, 234
100, 258
100, 406
100, 581
101, 110
101, 150
101, 159
101, 198
101, 223
101, 298
101, 299
101, 393
101, 440
101, 490
101, 521
101, 562
101, 580
102, 168
102, 192
102, 236
102, 240
102, 251
102, 256
102, 284
102, 305
102, 410
102, 417
102, 426
102, 462
102, 498
102, 526
102, 532
102, 545
103, 291
103, 341
103, 518
104, 460
104, 597
106, 268
106, 358
106, 543
107, 467
108, 177
108, 218
108, 252
109, 120
109, 164
109, 360
110, 281
110, 298
110, 580
111, 132
111, 160
111, 283
111, 294
111, 354
111, 433
112, 184
112, 356
112, 455
112, 520
113, 294
113, 475
113, 499
114, 144
114, 278
114, 300
114, 377
114, 459
114, 528
115, 280
115, 390
115, 505
116, 153
116, 154
116, 173
116, 461
116, 511
116, 513
116, 571
117, 403
117, 443
117, 482
117, 506
117, 531
117, 594
118, 181
118, 200
118, 314
118, 329
119, 311
119, 441
120, 164
121, 163
121, 247
121, 275
121, 316
121, 383
121, 399
121, 480
121, 580
121, 591
122, 379
122, 546
123, 268
124, 359
124, 496
125, 563
126, 365
126, 396
126, 523
127, 144
127, 147
127, 155
127, 165
127, 220
127, 351
127, 408
127, 466
127, 527
127, 570
127, 596
128, 338
128, 496
129, 253
129, 279
129, 302
130, 540
131, 470
132, 246
132, 354
132, 509
132, 558
133, 311
133, 441
134, 303
135, 145
135, 313
135, 439
136, 202
136, 572
136, 573
137, 327
138, 247
138, 480
139, 148
139, 171
139, 241
139, 364
139, 404
139, 413
139, 422
139, 474
140, 291
140, 518
141, 201
142, 146
142, 448
142, 514
143, 179
144, 147
144, 278
144, 351
144, 386
144, 570
144, 593
145, 313
146, 448
147, 351
147, 527
147, 593
148, 268
148, 404
148, 413
148, 422
149, 347
150, 198
150, 342
151, 334
151, 385
152, 261
152, 340
152, 374
152, 522
153, 501
153, 513
154, 328
154, 343
155, 165
155, 232
155, 408
155, 596
156, 409
157, 195
157, 332
158, 263
158, 286
158, 427
159, 299
160, 283
160, 294
160, 592
161, 492
162, 197
162, 213
162, 271
162, 289
162, 394
162, 577
162, 583
163, 399
166, 209
166, 224
167, 336
167, 339
167, 340
167, 374
167, 471
168, 251
168, 305
168, 417
168, 462
168, 481
168, 498
168, 532
169, 350
169, 355
169, 363
169, 484
169, 500
169, 517
170, 444
170, 488
171, 241
172, 225
172, 318
173, 287
173, 513
173, 571
174, 491
175, 240
176, 228
176, 349
176, 384
176, 423
176, 547
177, 183
177, 218
177, 226
177, 274
177, 485
178, 292
179, 424
180, 231
180, 434
181, 329
181, 368
182, 214
183, 226
183, 485
185, 192
185, 326
185, 353
185, 357
185, 392
185, 412
185, 420
186, 308
186, 424
188, 463
189, 301
189, 493
189, 519
190, 320
191, 321
191, 355
191, 369
191, 536
192, 256
192, 284
192, 353
192, 392
192, 417
192, 545
193, 277
194, 507
195, 332
197, 271
197, 289
198, 223
198, 342
199, 210
199, 282
199, 541
199, 575
200, 314
200, 552
201, 487
202, 549
203, 237
203, 250
203, 362
203, 464
204, 207
204, 273
204, 512
205, 421
206, 211
206, 508
207, 273
207, 512
208, 244
208, 446
209, 210
209, 224
209, 248
209, 370
209, 451
209, 575
209, 585
210, 248
210, 282
210, 451
210, 575
211, 508
212, 224
212, 264
213, 577
214, 257
215, 303
215, 473
215, 478
216, 359
216, 565
217, 564
218, 252
218, 254
218, 274
218, 435
218, 453
219, 428
219, 537
220, 408
220, 596
221, 380
221, 441
222, 562
223, 381
223, 516
223, 521
224, 585
225, 318
225, 427
225, 514
225, 550
226, 347
226, 398
227, 247
227, 316
229, 465
230, 425
230, 563
231, 529
233, 285
233, 323
233, 566
234, 366
234, 371
234, 581
235, 331
235, 397
235, 525
236, 251
236, 481
236, 526
237, 266
237, 464
238, 393
238, 440
239, 270
240, 410
240, 426
241, 364
242, 319
242, 344
242, 447
242, 548
242, 594
243, 293
244, 446
244, 460
245, 446
245, 504
246, 558
247, 316
247, 480
248, 451
249, 470
249, 539
250, 464
251, 305
251, 481
254, 435
254, 453
255, 385
256, 284
256, 417
257, 589
258, 339
258, 366
258, 406
258, 476
258, 524
258, 581
260, 271
260, 583
261, 431
262, 574
263, 427
265, 309
267, 429
268, 358
268, 543
269, 345
269, 569
271, 583
272, 375
275, 399
276, 557
277, 307
277, 373
278, 386
279, 302
279, 554
280, 505
284, 545
286, 561
287, 571
290, 297
290, 333
290, 378
291, 518
293, 453
293, 551
294, 592
295, 315
295, 362
296, 468
296, 501
296, 513
298, 393
298, 407
300, 304
300, 377
300, 528
301, 367
301, 472
301, 493
307, 373
307, 553
307, 568
308, 424
310, 324
311, 441
312, 390
313, 439
314, 552
315, 341
315, 362
315, 391
317, 400
319, 344
321, 355
322, 521
323, 566
324, 587
325, 379
325, 382
326, 357
328, 343
333, 378
334, 385
335, 445
336, 471
337, 360
337, 454
338, 359
338, 452
338, 496
338, 565
339, 471
339, 524
340, 374
340, 522
341, 518
344, 548
345, 388
345, 510
345, 525
345, 569
348, 361
349, 384
349, 415
350, 500
350, 515
351, 466
351, 570
354, 433
355, 517
357, 420
358, 543
359, 496
359, 565
361, 409
362, 391
363, 484
363, 515
365, 579
366, 371
366, 581
367, 472
368, 564
368, 576
368, 586
369, 536
369, 599
370, 585
372, 512
372, 538
374, 522
377, 459
377, 528
378, 437
379, 382
379, 546
381, 516
383, 580
387, 402
387, 495
387, 560
388, 510
390, 505
392, 412
392, 416
393, 407
393, 440
395, 418
395, 580
395, 591
396, 523
397, 525
398, 534
401, 520
402, 560
403, 482
408, 596
412, 416
413, 422
414, 568
417, 498
418, 580
419, 458
421, 542
421, 598
423, 547
427, 448
427, 514
428, 430
428, 512
428, 544
429, 511
429, 530
430, 544
432, 483
432, 502
432, 574
434, 503
434, 578
436, 445
438, 533
442, 589
443, 482
444, 488
444, 595
447, 594
448, 514
449, 486
449, 495
450, 599
452, 565
455, 520
456, 576
456, 586
458, 467
460, 597
461, 511
462, 532
466, 570
468, 513
470, 539
473, 478
475, 499
476, 524
479, 508
483, 502
484, 500
484, 515
486, 495
487, 533
488, 595
493, 519
494, 512
494, 544
495, 560
497, 535
498, 532
500, 515
501, 513
503, 578
504, 582
506, 531
507, 584
511, 530
512, 538
512, 544
514, 550
516, 521
541, 575
542, 598
556, 559
556, 583
559, 583
572, 573
572, 590
576, 586
580, 591
end