260
4
0, 0.021224157443724634, 0.6033620629735921
1, 0.7411964845447465, 0.7133351379898706
2, 0.36897680496081264, 0.9762032687057407
3, 0.5608705718750129, 0.20375251383839788
4, 0.4624135065903948, 0.31624759706210415
5, 0.4615445385401101, 0.3633282759928581
6, 0.6171615768219613, 0.9993386931236786
7, 0.3049512318532249, 0.4354609160433154
8, 0.04055319537045121, 0.2335909512269736
9, 0.9019410132554098, 0.18863528521642325
10, 0.08292017814541708, 0.8673451963098407
11, 0.1349107092616727, 0.8702824516581564
12, 0.31832318064022336, 0.3573899980493431
13, 0.8154510924988635, 0.8921359233180127
14, 0.05311503872596712, 0.8203937841748813
15, 0.639063604090359, 0.9941559030164355
16, 0.9049201819890238, 0.24040400176784482
17, 0.07471019381212629, 0.962398213298688
18, 0.586912866359007, 0.5264878529738247
19, 0.4039455001140414, 0.08272984565923203
20, 0.5972295817021842, 0.46302754385001865
21, 0.9859155300999451, 0.25070631464301985
22, 0.3448072307001879, 0.7702348519412241
23, 0.18940695716751133, 0.992552822112018
24, 0.32977869302241014, 0.7666011990218414
25, 0.016512036489260362, 0.9096182019462936
26, 0.8149246454848482, 0.258314690791868
27, 0.24286272333479397, 0.7843905848114194
28, 0.8826644167181009, 0.5322038494507704
29, 0.4265994327080035, 0.9826834232718802
30, 0.5543105461465876, 0.3510166106426974
31, 0.815604947639789, 0.35811690957349984
32, 0.19597434095289346, 0.8262143619831717
33, 0.7630470933793142, 0.25101741630448404
34, 0.7886212837290332, 0.5656560298733643
35, 0.6094021578341483, 0.8652863768576673
36, 0.5547083752977172, 0.1497036735534769
37, 0.014958828350498332, 0.686735132120119
38, 0.8367261990860806, 0.7393508986576861
39, 0.8833064673307774, 0.14572082960483934
40, 0.5969958527557332, 0.741977557649725
41, 0.1282028433332134, 0.8695039837732643
42, 0.5402890117552733, 0.7223183791409568
43, 0.7483829613514106, 0.5742169273247557
44, 0.7366655922143578, 0.8897257859983544
45, 0.3024538795525289, 0.08213465524101082
46, 0.6608579302570866, 0.03906041966711671
47, 0.9086209966767451, 0.07678011595703393
48, 0.5670588273678118, 0.7673824135104511
49, 0.595823163109291, 0.5609580380986422
50, 0.4995146844417693, 0.07539520526021237
51, 0.9635880094415545, 0.5773169062269439
52, 0.23032248074366268, 0.5129179809227934
53, 0.99674200951515, 0.13637865644399483
54, 0.2357876481509763, 0.036484809580492716
55, 0.21545197416689654, 0.7716845214955591
56, 0.5100877432689956, 0.10320872920693902
57, 0.2723927322399794, 0.3660842043668918
58, 0.6771948830211857, 0.7321602384951953
59, 0.9802099344661808, 0.20597127901502
60, 0.696170558050066, 0.8067570608771787
61, 0.9623614246974017, 0.6656806302778435
62, 0.1151271854245447, 0.3596105247126269
63, 0.3940507711521639, 0.44896113498023194
64, 0.372132751713912, 0.9125175894830045
65, 0.005134361048822922, 0.7395741560810516
66, 0.833599553473044, 0.37486712242638476
67, 0.4624583562716762, 0.5671732429961766
68, 0.15912490292056325, 0.0669151033918649
69, 0.6332001444678917, 0.17653293570995254
70, 0.4073112258565442, 0.4362074821888099
71, 0.17118853980665039, 0.4490021226139236
72, 0.7118450742604239, 0.5516763598351277
73, 0.9172181604378099, 0.6171728135302239
74, 0.24019546975164308, 0.29435750643179714
75, 0.734230087332365, 0.7210942660223336
76, 0.7333662949160686, 0.9833755830257416
77, 0.47751099110479234, 0.007746619036330893
78, 0.05452019371174355, 0.7896109862632101
79, 0.8024323516394887, 0.4598147136477131
80, 0.2204588409170899, 0.36402923356282824
81, 0.6637239451607111, 0.975761900136666
82, 0.7084122946492811, 0.9383377548278871
83, 0.5722145632323195, 0.06690101824296835
84, 0.26898772492553047, 0.5795271843850639
85, 0.8085735423864925, 0.5598233903856904
86, 0.7751546697414461, 0.09250723903126867
87, 0.1961135944935568, 0.3234212950405153
88, 0.9052641776189309, 0.29010411965143024
89, 0.21311475565628513, 0.7626208733431743
90, 0.9709019697907769, 0.9624074539112198
91, 0.11546177850063244, 0.6548106648333786
92, 0.21622398782976737, 0.034249588461802816
93, 0.44173727049300504, 0.19921510461749625
94, 0.4025657757450767, 0.00014708384008599307
95, 0.12807803110081406, 0.7915242648020503
96, 0.6482137521336497, 0.7972091876559196
97, 0.092146603049017, 0.315974413562943
98, 0.18983412582747805, 0.5175979323993414
99, 0.9175879307444019, 0.8188103594496161
100, 0.4608060163951093, 0.7126096732411709
101, 0.34730073469077305, 0.8061099919458471
102, 0.16853242239403987, 0.7157467096558001
103, 0.65013084420668, 0.10837922849851955
104, 0.2853569422006883, 0.9148246922754034
105, 0.4029364477236749, 0.8920309375595201
106, 0.8904565703022018, 0.23766212720926905
107, 0.35094330338966995, 0.354527583912027
108, 0.3477501793319191, 0.6135841457597245
109, 0.9878666853640521, 0.22692355383040463
110, 0.48292260801860976, 0.06257656680974988
111, 0.029279210387078813, 0.8476977452590903
112, 0.22932227199308575, 0.6643421702064964
113, 0.25242316011603083, 0.9684697731338867
114, 0.019832852444917726, 0.09679826413850234
115, 0.31638112436241683, 0.7188165419804601
116, 0.9500288031725721, 0.20971563958341277
117, 0.9796274619959754, 0.067404761622751
118, 0.24298057241360804, 0.488972865147555
119, 0.5146353470429132, 0.5487617072183106
120, 0.33299480719678365, 0.008451255522669232
121, 0.7348121061359126, 0.6384449794850625
122, 0.4955104140958674, 0.7152090422018306
123, 0.6354871449444263, 0.5919964909156339
124, 0.7640777866608596, 0.9501483118939916
125, 0.43481853455150077, 0.37137244521758894
126, 0.4557071727866431, 0.43807545490315736
127, 0.7954949458536786, 0.3534939770502269
128, 0.695404289294391, 0.4818229154219751
129, 0.3009605185713269, 0.2160196356087608
130, 0.6176228946773902, 0.05059221702123329
131, 0.5667622705886132, 0.9741560420379963
132, 0.009260566789397684, 0.48166211087483835
133, 0.2930071264746328, 0.9893326409270013
134, 0.6941372218595379, 0.15393427380760905
135, 0.9028071394695424, 0.38498274668318244
136, 0.848085295674356, 0.9931737680185699
137, 0.0060491395581160345, 0.06636677786039857
138, 0.923544747393599, 0.4405645603418359
139, 0.8495092486931354, 0.1988152450834373
140, 0.2965561825587357, 0.510287012463786
141, 0.14928115214232862, 0.2550811612438848
142, 0.7152261952529736, 0.4502297388635914
143, 0.37362716707973254, 0.47734963661313257
144, 0.428600782715177, 0.7287887332648189
145, 0.39824981505538715, 0.3607939491136972
146, 0.09261536910368262, 0.47759024482959844
147, 0.7964737362821638, 0.08149415697075069
148, 0.8513313819847292, 0.45902988940574263
149, 0.5356746762921938, 0.0863842404663212
150, 0.32202295356573263, 0.4320741244799736
151, 0.590465622956583, 0.5254825499208423
152, 0.48389233261519826, 0.3483338181210822
153, 0.3457423616182016, 0.658340899053455
154, 0.45180750003219494, 0.4802654290440195
155, 0.4033289154894578, 0.09685615995021502
156, 0.18034463188407923, 0.40091412309412355
157, 0.6757432048103967, 0.2449247294233634
158, 0.6640192333929072, 0.6940582877833543
159, 0.1704247410381503, 0.7777956157675996
160, 0.43733930500118845, 0.021193238914908652
161, 0.716426050693346, 0.5592260031709445
162, 0.9769634722877413, 0.7889961380711804
163, 0.23548756866165954, 0.42031421442015293
164, 0.23482447645395654, 0.7749172514423875
165, 0.9293603406406691, 0.3965346832199208
166, 0.2833341076698618, 0.19064237159842579
167, 0.00724300252613852, 0.8104344095587663
168, 0.2182011792294869, 0.5330175536604306
169, 0.4664198215881753, 0.9598716383378586
170, 0.38260210963100705, 0.17959240053742653
171, 0.38149868084245286, 0.7739911104069775
172, 0.1099388317140867, 0.7003955707782106
173, 0.7431248354173169, 0.6329884441209939
174, 0.18020728354722337, 0.0628865163998914
175, 0.7520120947030988, 0.6521166143772582
176, 0.3030339276561007, 0.18835172088685304
177, 0.2643124346890746, 0.06384200232238013
178, 0.7056578950488763, 0.8014209290784926
179, 0.9338946878366302, 0.9586880704619039
180, 0.6878290380220465, 0.6345688686851904
181, 0.49093652004013655, 0.9235231890639656
182, 0.676717224298194, 0.7382628619119175
183, 0.7490233506295512, 0.7676628229234201
184, 0.3348439202648267, 0.41946699074022775
185, 0.11389447447870826, 0.7725505227218558
186, 0.5034302238609066, 0.7415297421879451
187, 0.5918756245684677, 0.6459728977809668
188, 0.9157976995343259, 0.8441136991889364
189, 0.02074076666883551, 0.7061403266065336
190, 0.2282842783316903, 0.9038566763084629
191, 0.5763934812684829, 0.4257555040739317
192, 0.5252160853284457, 0.22526779705576294
193, 0.7377831214691597, 0.8992381103195024
194, 0.5316795758969391, 0.46039836686486346
195, 0.21106021306193423, 0.2719554607607604
196, 0.9172016282946689, 0.2461262024038694
197, 0.7198557555309942, 0.7129603538550295
198, 0.9405902846006451, 0.14489310023811264
199, 0.6734283307366619, 0.867241497493864
200, 0.976422386086853, 0.4543092105199936
201, 0.2536428936374625, 0.5300166433464101
202, 0.5860548871893657, 0.1354914075952891
203, 0.8751301052241798, 0.513531255717915
204, 0.5582211825242455, 0.9512319020705376
205, 0.6135704619902295, 0.95696456676751
206, 0.9442462034116241, 0.45933705834497096
207, 0.6050257826450289, 0.8289561061961881
208, 0.6295012181026295, 0.5406782708496867
209, 0.9529477134298521, 0.6543352976523723
210, 0.3716929668612412, 0.21546662641436842
211, 0.4164771344524283, 0.2824355586327597
212, 0.014421812591785654, 0.5328155612076859
213, 0.7873960497659862, 0.6532650972839426
214, 0.46268916312797115, 0.06308159511797817
215, 0.4461068205403268, 0.8374712662100057
216, 0.4423418734176585, 0.6970414722870942
217, 0.42693154569944747, 0.5624567766732116
218, 0.45815216149375737, 0.197271940288681
219, 0.4494096547441956, 0.8186215110099226
220, 0.24454039425107832, 0.9205338158468128
221, 0.22118700826030036, 0.49531238995612104
222, 0.21980149956409334, 0.5479453547613555
223, 0.9815615764169895, 0.8232066246188978
224, 0.9372434281505757, 0.368707842464691
225, 0.28456570215853716, 0.6285718279236188
226, 0.4230534244002573, 0.2309682807592971
227, 0.3503867030931658, 0.8731616695777097
228, 0.7463684028278983, 0.24245157519360483
229, 0.4787205493227764, 0.2100457032232762
230, 0.6899766149315844, 0.07917768628184507
231, 0.5591451805780255, 0.10111590459529962
232, 0.4917249634775933, 0.3986267463159361
233, 0.31630377989509006, 0.6092381468800729
234, 0.9318215582709469, 0.17668183362972856
235, 0.17588629279754753, 0.20406653775399952
236, 0.2471952127507394, 0.9516207978053648
237, 0.1453655917408928, 0.025561160019171525
238, 0.8035424193608395, 0.22332047271920907
239, 0.6766723206180739, 0.8800469054574723
240, 0.6034636686576952, 0.7098698072917987
241, 0.43079566743102105, 0.7980468908668492
242, 0.1541476905882445, 0.5921327654336244
243, 0.680405434260043, 0.1362504202645476
244, 0.10240621304092579, 0.5223997698970287
245, 0.717000167546179, 0.5938632975961601
246, 0.771870642758617, 0.2320450815618167
247, 0.8793599199589206, 0.43585387928724484
248, 0.44035679053969345, 0.42573136506384424
249, 0.8294604861342703, 0.02763644725115333
250, 0.43914155362983565, 0.35541114498153636
251, 0.8929744861040262, 0.4002770761840341
252, 0.06553645423385346, 0.30164156531907416
253, 0.8706311309838208, 0.8719193226557124
254, 0.724057199478284, 0.48764615086599516
255, 0.5089161284820916, 0.9287674224919901
256, 0.9873521896002928, 0.4258475631066646
257, 0.4097872033756803, 0.3607276319691023
258, 0.16866689377951705, 0.7128101790756346
259, 0.930480590345668, 0.6541254324630006
end_nodes
0, 1
0, 2
0, 3
0, 4
0, 5
0, 6
0, 7
0, 8
0, 9
0, 10
0, 11
0, 12
0, 13
0, 14
0, 15
0, 16
1, 13
1, 16
1, 18
1, 20
1, 21
1, 28
1, 31
1, 34
1, 38
1, 40
1, 42
1, 43
1, 48
1, 49
1, 51
2, 6
2, 10
2, 11
2, 17
2, 23
2, 25
2, 27
2, 29
2, 32
2, 41
2, 55
2, 64
2, 89
2, 95
2, 102
3, 4
3, 5
3, 8
3, 9
3, 12
3, 19
3, 30
3, 33
3, 36
3, 39
3, 45
3, 46
3, 47
3, 50
3, 53
4, 5
4, 7
4, 125
4, 145
4, 150
4, 184
4, 250
4, 257
5, 30
5, 98
5, 118
5, 125
5, 150
5, 152
5, 221
6, 15
6, 23
6, 27
6, 29
6, 64
6, 76
6, 89
6, 90
6, 102
6, 105
6, 131
6, 133
6, 136
6, 164
7, 145
7, 150
7, 184
8, 12
8, 37
8, 45
8, 54
8, 57
8, 62
8, 65
8, 68
8, 71
8, 74
8, 80
8, 87
8, 92
8, 93
9, 16
9, 21
9, 26
9, 30
9, 33
9, 52
9, 53
9, 59
9, 63
9, 70
9, 106
9, 109
9, 116
9, 139
10, 14
10, 25
10, 41
10, 78
10, 111
10, 167
10, 236
11, 41
11, 95
11, 104
11, 172
11, 185
11, 190
11, 220
12, 57
12, 71
12, 74
12, 107
12, 156
12, 163
12, 192
12, 210
12, 211
12, 226
12, 229
12, 244
13, 15
13, 22
13, 24
13, 35
13, 38
13, 44
13, 48
13, 51
13, 60
13, 61
13, 73
13, 75
13, 76
13, 81
14, 37
14, 65
14, 78
14, 167
14, 189
15, 24
15, 35
15, 44
15, 76
15, 81
15, 82
15, 91
15, 101
15, 193
15, 204
15, 205
15, 215
15, 219
16, 20
16, 21
16, 26
16, 31
16, 34
16, 63
16, 66
16, 79
16, 84
16, 85
16, 88
16, 106
16, 108
17, 23
17, 25
17, 113
18, 20
18, 49
18, 67
18, 108
18, 119
18, 123
18, 151
18, 180
18, 187
18, 208
18, 217
19, 45
19, 46
19, 50
19, 54
19, 56
19, 77
19, 83
19, 94
19, 110
19, 120
19, 130
19, 155
19, 160
19, 177
19, 214
20, 31
20, 43
20, 72
20, 121
20, 127
20, 128
20, 142
20, 151
20, 161
20, 173
20, 180
20, 208
20, 217
21, 28
21, 51
21, 53
21, 61
21, 85
21, 88
21, 90
21, 109
21, 135
21, 138
21, 148
21, 162
21, 165
22, 24
22, 91
22, 115
22, 171
22, 207
23, 29
23, 133
24, 35
24, 91
24, 199
24, 215
24, 219
24, 241
25, 111
25, 113
25, 167
25, 236
26, 63
26, 106
26, 248
27, 64
27, 89
27, 105
27, 227
28, 51
28, 138
28, 165
28, 203
28, 206
28, 213
28, 224
29, 133
30, 33
30, 98
30, 118
30, 152
30, 157
31, 34
31, 43
31, 66
31, 79
31, 127
31, 128
31, 142
31, 175
31, 254
32, 95
32, 159
32, 172
33, 139
33, 157
33, 228
33, 238
33, 246
34, 79
35, 44
35, 199
35, 205
35, 219
35, 239
35, 241
36, 46
36, 50
36, 83
36, 130
36, 149
36, 202
36, 231
37, 65
37, 189
38, 73
39, 47
39, 53
39, 117
39, 198
40, 42
40, 48
40, 58
40, 100
40, 112
40, 122
40, 144
40, 153
40, 186
40, 216
41, 220
42, 153
42, 197
42, 240
43, 72
43, 128
43, 161
43, 173
43, 175
43, 245
43, 254
44, 193
44, 239
45, 93
45, 155
45, 166
45, 170
45, 176
45, 177
45, 218
45, 235
46, 47
46, 69
46, 77
46, 86
46, 103
46, 110
46, 117
46, 130
46, 134
46, 147
46, 202
46, 214
46, 230
47, 69
47, 86
47, 117
47, 134
47, 147
48, 58
48, 60
48, 75
48, 96
48, 144
48, 178
48, 182
48, 183
48, 186
49, 123
49, 158
49, 187
50, 56
50, 83
50, 149
51, 61
51, 73
51, 206
51, 209
51, 259
52, 63
52, 70
53, 59
53, 109
53, 117
53, 162
53, 198
53, 223
53, 234
53, 256
54, 92
54, 120
54, 177
54, 237
55, 89
55, 102
57, 80
57, 87
57, 156
59, 109
59, 116
59, 234
60, 96
60, 178
61, 90
61, 99
61, 179
61, 188
61, 200
61, 209
61, 253
61, 259
62, 71
62, 146
62, 244
62, 252
63, 70
63, 232
63, 248
64, 105
64, 131
64, 169
64, 227
65, 114
65, 132
65, 137
65, 167
65, 212
66, 79
67, 108
67, 119
67, 217
68, 92
68, 114
68, 137
68, 174
68, 237
69, 103
69, 134
69, 243
70, 232
71, 97
71, 156
71, 163
71, 244
72, 161
74, 141
74, 195
74, 210
75, 182
75, 183
76, 90
76, 124
76, 179
76, 188
76, 253
77, 94
77, 117
77, 160
77, 214
77, 249
80, 87
80, 97
80, 156
81, 82
82, 193
83, 130
83, 149
83, 231
84, 108
84, 126
84, 140
84, 143
84, 154
84, 168
84, 191
84, 194
84, 201
84, 222
84, 225
84, 233
84, 242
85, 88
85, 135
85, 148
85, 247
85, 251
86, 134
86, 147
86, 230
88, 148
88, 196
89, 102
89, 164
90, 136
90, 162
90, 179
90, 200
90, 223
91, 101
91, 115
92, 174
92, 237
93, 129
93, 166
93, 170
93, 176
93, 218
93, 235
94, 120
94, 160
94, 237
94, 249
95, 104
95, 172
97, 156
98, 118
98, 221
99, 188
99, 253
100, 112
100, 122
100, 153
100, 216
102, 164
102, 181
102, 255
102, 258
103, 243
104, 190
105, 131
105, 227
108, 158
108, 187
108, 191
108, 194
108, 217
108, 225
108, 233
109, 116
110, 214
111, 167
112, 144
112, 153
114, 132
114, 137
114, 212
115, 171
115, 207
117, 249
119, 217
120, 237
121, 173
122, 216
124, 253
125, 150
125, 250
125, 257
126, 140
126, 143
126, 154
126, 168
128, 142
128, 254
129, 218
132, 137
134, 230
134, 243
135, 148
135, 247
135, 251
137, 237
138, 206
139, 228
139, 238
139, 246
140, 143
140, 168
140, 201
141, 195
141, 210
144, 186
146, 244
146, 252
148, 251
149, 231
150, 184
150, 257
151, 208
153, 197
153, 216
153, 240
158, 187
158, 225
159, 172
161, 245
162, 223
162, 256
163, 244
164, 181
165, 224
166, 176
166, 235
168, 201
168, 222
168, 242
170, 176
171, 207
172, 185
173, 245
178, 183
179, 188
180, 208
182, 183
188, 253
191, 194
192, 211
192, 229
195, 210
197, 240
199, 241
203, 213
203, 224
205, 219
209, 259
210, 226
210, 229
211, 229
213, 224
215, 219
222, 242
225, 233
225, 242
226, 229
228, 246
238, 246
250, 257
255, 258
end