240
4
0, 0.8324950297995799, 0.9741859747296207
1, 0.7533277563672218, 0.21459391691599472
2, 0.14431831568165876, 0.714235013083421
3, 0.752952642016151, 0.3106666527931412
4, 0.36582563978464155, 0.00912360454968697
5, 0.5771103077404314, 0.484147763497601
6, 0.5303957836297205, 0.16722196238761677
7, 0.09036615770600165, 0.674661272082654
8, 0.6754224438213435, 0.8663764313781759
9, 0.30260904309881276, 0.7789141719635413
10, 0.37601989088586185, 0.6173636881279332
11, 0.03997348877667073, 0.6570502301583078
12, 0.1535607412666231, 0.7558050233616684
13, 0.5617644588588, 0.04578391142506999
14, 0.7804534361792185, 0.31869866190792706
15, 0.7370036786708403, 0.4216435811268896
16, 0.1287623001959891, 0.7160712668874438
17, 0.04360197278767308, 0.7614143414104682
18, 0.4844710430260539, 0.3393246214468255
19, 0.8528163392865407, 0.3257309561863676
20, 0.8505084143679549, 0.9332949046157065
21, 0.6333024963097718, 0.49283835998273506
22, 0.8481943537716397, 0.629556789451048
23, 0.5621816371448963, 0.4678253852806472
24, 0.4028784877189293, 0.7237946712116438
25, 0.9916523636379185, 0.9908356824716057
26, 0.5057174858370854, 0.28084616331569734
27, 0.6529660851772011, 0.2526206897080018
28, 0.20502021048904573, 0.17014558785496603
29, 0.7073561018849792, 0.9404802621153215
30, 0.3875676134030446, 0.49188049877402384
31, 0.9196708714918473, 0.10010060868175563
32, 0.6971970077593048, 0.7227368750392165
33, 0.9589207957670229, 0.27424804144320103
34, 0.6781089206910794, 0.7361894589997844
35, 0.7735925354322941, 0.9438734650393577
36, 0.849445379493792, 0.46960551038138054
37, 0.09722525052236453, 0.9384454139386307
38, 0.22890786074281178, 0.7363439251573404
39, 0.15596367791868393, 0.6987086070991857
40, 0.19427737918143018, 0.9127405850355969
41, 0.8637656506296284, 0.30449452184589365
42, 0.8178638355263723, 0.39967801059726815
43, 0.7444105860313094, 0.32438565815345977
44, 0.6632684316235296, 0.7033716193379077
45, 0.5916433396030326, 0.7912265201655347
46, 0.35603120212811756, 0.9491601638742719
47, 0.7463006054842821, 0.759141482337005
48, 0.07992718267759857, 0.5049871895172013
49, 0.9716187422566097, 0.9468685920678122
50, 0.3126756806257336, 0.0755267054817621
51, 0.26885535733841737, 0.5045840449765185
52, 0.6056755309264333, 0.024818029614906867
53, 0.5518954905674034, 0.48113784162643725
54, 0.3425327746103962, 0.6240602062580097
55, 0.16510430187187586, 0.5689172608742805
56, 0.48785651337189107, 0.22666608941006094
57, 0.1175341560544978, 0.08124868584918943
58, 0.9116254547077253, 0.6814223095469983
59, 0.6397545322977072, 0.8705268001185387
60, 0.25833580171386683, 0.37573051539147684
61, 0.8086824228381302, 0.4398948222077891
62, 0.6193847074868404, 0.9708108806032748
63, 0.3725275980180245, 0.4995060369023635
64, 0.21434456548743086, 0.13074339028396642
65, 0.448014128548192, 0.31038643963198487
66, 0.15345132767392655, 0.23808340573027975
67, 0.2171209310151101, 0.4486449236216915
68, 0.48043881707577196, 0.0056436848994593225
69, 0.8869350707524137, 0.3274403852974871
70, 0.9091129104561417, 0.6230291500387151
71, 0.5098250956237199, 0.06412035848013864
72, 0.57778764904088, 0.6377695880244761
73, 0.5603021852720836, 0.7360249681568187
74, 0.8683370994248488, 0.6794968628610867
75, 0.5124012849232811, 0.7379205446313134
76, 0.5958419396264505, 0.16404196977806385
77, 0.5961767054993825, 0.26288102010824677
78, 0.7390326987527436, 0.3964712586411404
79, 0.7541726992442445, 0.7061015633195624
80, 0.4985578799543743, 0.47311488201631513
81, 0.5686997411125204, 0.6607100836904833
82, 0.14626059473859387, 0.7530781110832357
83, 0.1215354320189087, 0.5649196698969343
84, 0.05715581316197127, 0.0257623918995169
85, 0.10799068935559153, 0.876822863882945
86, 0.7804230584604639, 0.09604900046014886
87, 0.9962485143343306, 0.9423290901266743
88, 0.0471840378739149, 0.26731610016975005
89, 0.7022952605972879, 0.992530210811098
90, 0.3930418775121214, 0.46595020039748125
91, 0.21800285788100915, 0.08749029182126034
92, 0.28936366901902055, 0.3652879340728834
93, 0.15865374658287001, 0.8785834891656567
94, 0.30267282810272667, 0.21538621549327008
95, 0.5601878336388699, 0.8475927491133372
96, 0.4691048251563754, 0.039400140276342865
97, 0.2254278133574138, 0.7394360032160796
98, 0.3352640985832839, 0.36396535650539097
99, 0.36483013963836386, 0.6825830598207088
100, 0.6523654535481281, 0.5635085421218511
101, 0.3444930384101741, 0.6599768078511583
102, 0.3764646590498857, 0.0860386360818215
103, 0.19848178845551545, 0.15250941180914068
104, 0.26964911310185136, 0.9335491756922636
105, 0.6210430246977623, 0.10802702899495753
106, 0.6230581005323431, 0.913266111349391
107, 0.16152844676570854, 0.05613731750178408
108, 0.9389147023511566, 0.955995285782602
109, 0.9173194314105063, 0.17736808838418672
110, 0.33719237886080233, 0.7039159245444404
111, 0.8424353082062811, 0.0027209763307586288
112, 0.3216878432548804, 0.8554840716779121
113, 0.7739116208489834, 0.5270817298093092
114, 0.638941267348977, 0.12055307209327304
115, 0.6589246131088714, 0.9936848299347889
116, 0.7667896817831404, 0.7655289287594365
117, 0.7793212834121206, 0.6972877427587487
118, 0.6524684828816596, 0.18194628246680722
119, 0.23180519643561281, 0.9488348885988105
120, 0.10497148697365588, 0.29453344466375153
121, 0.24669360070508073, 0.9447272805651825
122, 0.09011397151149736, 0.7694247212267558
123, 0.5401768688321206, 0.553341673218994
124, 0.8572857761016222, 0.2999573270590564
125, 0.8190918562341057, 0.9215178787584213
126, 0.5687548987538824, 0.736679607930671
127, 0.11985693354485061, 0.41228237744094476
128, 0.9639635470040228, 0.7109151223180703
129, 0.5878821298859556, 0.404062631501793
130, 0.9432719070811649, 0.6526345232123807
131, 0.618495509829676, 0.7932177324615813
132, 0.4819511379827338, 0.5588049760541584
133, 0.3455095836756983, 0.18082358716819957
134, 0.9442993589245665, 0.707343422686747
135, 0.4580358774638841, 0.84315053811228
136, 0.8938471030789807, 0.08065446875190674
137, 0.7514772363236588, 0.6072641174612669
138, 0.5660561623787369, 0.6553486923439352
139, 0.22024466634694018, 0.5363301125886516
140, 0.49349350949711746, 0.41426233908866616
141, 0.5031765388458683, 0.20509869004710324
142, 0.49777650635242143, 0.32064788554963275
143, 0.10291467979343016, 0.22539651871248978
144, 0.8393312029867515, 0.7615478543144053
145, 0.43533969522936566, 0.541149510356034
146, 0.3517774695519901, 0.06212667796754823
147, 0.8203364613918767, 0.25503548774567486
148, 0.7916007659424205, 0.2831528858084128
149, 0.3796830487870255, 0.8073134900948882
150, 0.9595991845273774, 0.8325357307266941
151, 0.22894762681573066, 0.3976934185805847
152, 0.28560986630980234, 0.32865665471057204
153, 0.5302382201368361, 0.9583551850118143
154, 0.19542059232217468, 0.6485403296868446
155, 0.8016399209276374, 0.1347928338455232
156, 0.06175142903394981, 0.0920944693347715
157, 0.09788369340668812, 0.09398083243215094
158, 0.7659605813942225, 0.6779015437789017
159, 0.36394662645416176, 0.6915215013372021
160, 0.0326031489410058, 0.6239984699162417
161, 0.4574912122295849, 0.49666676546782573
162, 0.697873091909078, 0.47497979899468645
163, 0.9253338675360238, 0.9313466204523881
164, 0.723264598626749, 0.3767228585952126
165, 0.3766613807260415, 0.507457057055848
166, 0.30394079834798204, 0.5432790626341243
167, 0.8938613140937135, 0.5076406371516469
168, 0.027400202555492803, 0.42735689011248035
169, 0.6855200121816636, 0.4338156326719015
170, 0.8644436886823926, 0.6167971585066918
171, 0.8174244400275129, 0.05135268201648446
172, 0.4038446073603459, 0.33512456501404786
173, 0.7426370106189093, 0.20483126015704312
174, 0.1744448361345302, 0.5544376059588744
175, 0.23206354764654258, 0.2391052330027149
176, 0.566543539636489, 0.45664527046082226
177, 0.5888323971892298, 0.8623231665991081
178, 0.8374127405689912, 0.8038528461240112
179, 0.598150840037798, 0.9146062464044107
180, 0.6706971827763047, 0.9679599066690173
181, 0.91226469733396, 0.40752833034557157
182, 0.683561494945021, 0.6544958761327588
183, 0.7636576748290552, 0.6600502547250269
184, 0.19671089746538628, 0.9585182302999502
185, 0.7616297030585949, 0.515386976259856
186, 0.39115677896117074, 0.7762781239941342
187, 0.8497090945363194, 0.007788838127525843
188, 0.26810232412162704, 0.022521171453846023
189, 0.23971815734818713, 0.9660524832859163
190, 0.020655759420582398, 0.7065370603463926
191, 0.7802413973583271, 0.16744124672068206
192, 0.16122385271775275, 0.9402112045150103
193, 0.1352998497713659, 0.3634144669438294
194, 0.7550499852568688, 0.7604642541099069
195, 0.29813243206968176, 0.06994240662123474
196, 0.30935703831813066, 0.4146625670919152
197, 0.5710435932317925, 0.3058295065211746
198, 0.2025531178523372, 0.5097254920165919
199, 0.37635517332131474, 0.31033759724768517
200, 0.8940777086995373, 0.22929885130429328
201, 0.16252160764761503, 0.7311114854066807
202, 0.6097980332722995, 0.9533720202613846
203, 0.7238385829774561, 0.790537198083991
204, 0.20429127579838946, 0.44518084039166694
205, 0.6134687309000367, 0.0390493821784641
206, 0.4383052529727377, 0.9801310255494159
207, 0.9535438270862193, 0.9227319920620177
208, 0.270139480259205, 0.8157547769311786
209, 0.7916155684045441, 0.8839152313110982
210, 0.7759479740902175, 0.9255289182975649
211, 0.9351769821312943, 0.6737438213783445
212, 0.08253503573271348, 0.7004404440637811
213, 0.15128230303927392, 0.5237450336044603
214, 0.8622431660104607, 0.5208745838106017
215, 0.4898768365147612, 0.35182435392905065
216, 0.7705540220327415, 0.6469249648713821
217, 0.4647398308104821, 0.46025463383843035
218, 0.006275030238805934, 0.3893127110896012
219, 0.29778939824891626, 0.9874946615650686
220, 0.29304219205399273, 0.523372566821865
221, 0.865173071753696, 0.5822248633720569
222, 0.49121111468181333, 0.4041484778582326
223, 0.3023503817431329, 0.5932284321749749
224, 0.31001907473386636, 0.6557649633881594
225, 0.18799055555336042, 0.21756753218929525
226, 0.7599775119991069, 0.17354978508801377
227, 0.6279725586292402, 0.18695437335516396
228, 0.6780311386684137, 0.1279109252352547
229, 0.14510633801179762, 0.18805688021111744
230, 0.2328036438872314, 0.17546069944042963
231, 0.9367683253167476, 0.29928238587591516
232, 0.48860214866898455, 0.21093422190083033
233, 0.8267533490299119, 0.2508414124866799
234, 0.6017738982878372, 0.3832716353134389
235, 0.4022574210661929, 0.4914903611942504
236, 0.19077152989627566, 0.1888288410106066
237, 0.06530258393258848, 0.7356805885284108
238, 0.12745138918021615, 0.17737363644528203
239, 0.1660603847451525, 0.28709027886226457
end_nodes
0, 1
0, 2
0, 3
0, 4
0, 5
0, 6
0, 7
0, 8
0, 9
0, 10
0, 11
0, 12
0, 13
0, 14
0, 15
1, 3
1, 13
1, 14
1, 15
1, 19
1, 25
1, 27
1, 31
1, 33
1, 36
1, 41
1, 42
1, 43
1, 49
2, 9
2, 11
2, 12
2, 16
2, 17
2, 37
2, 38
2, 82
2, 85
2, 93
2, 97
2, 122
2, 135
2, 149
3, 15
3, 78
3, 113
3, 185
4, 5
4, 6
4, 7
4, 10
4, 11
4, 13
4, 18
4, 21
4, 23
4, 26
4, 28
4, 30
4, 31
4, 34
5, 32
5, 34
5, 176
5, 203
5, 210
6, 13
6, 21
6, 47
6, 56
6, 71
6, 76
6, 77
6, 79
6, 96
6, 116
6, 129
6, 141
6, 194
7, 8
7, 10
7, 11
7, 24
7, 35
7, 39
7, 45
7, 51
7, 54
7, 55
7, 59
7, 60
7, 63
8, 35
8, 45
8, 59
8, 186
9, 135
9, 149
10, 18
10, 23
10, 24
10, 30
10, 34
10, 44
10, 45
10, 53
10, 54
10, 63
10, 65
10, 72
11, 16
11, 17
11, 28
11, 38
11, 48
11, 50
11, 57
11, 64
11, 66
11, 83
11, 84
12, 29
12, 40
12, 46
12, 62
12, 89
12, 93
12, 104
12, 106
12, 112
12, 115
12, 119
12, 121
12, 135
13, 27
13, 31
13, 71
13, 76
13, 79
13, 86
13, 96
13, 105
13, 114
13, 117
13, 118
14, 20
14, 22
14, 49
14, 61
14, 74
14, 108
14, 144
14, 163
14, 170
14, 178
14, 207
15, 27
15, 43
15, 78
15, 117
15, 125
15, 137
15, 164
15, 185
15, 216
16, 17
16, 212
16, 237
17, 37
17, 85
17, 122
17, 160
17, 168
17, 190
17, 212
17, 218
17, 237
18, 23
18, 65
18, 80
18, 102
18, 140
18, 142
18, 145
18, 161
18, 215
18, 217
18, 222
19, 25
19, 33
19, 36
19, 41
19, 58
19, 69
19, 70
19, 87
19, 124
19, 128
19, 130
19, 134
19, 148
19, 150
20, 22
20, 25
20, 108
20, 144
20, 163
20, 178
21, 26
21, 47
21, 56
21, 100
21, 129
21, 182
21, 197
21, 209
21, 234
22, 61
22, 144
22, 163
23, 34
23, 44
23, 53
23, 72
23, 80
23, 123
23, 140
23, 142
23, 145
23, 161
23, 215
24, 45
24, 75
24, 99
24, 101
24, 110
24, 159
24, 224
25, 36
25, 42
25, 49
25, 58
25, 70
25, 87
25, 89
25, 108
25, 115
25, 150
25, 167
25, 180
26, 100
26, 182
26, 209
27, 43
27, 118
27, 137
27, 164
27, 227
28, 50
28, 64
28, 175
28, 188
28, 195
28, 225
28, 230
28, 239
29, 106
29, 179
29, 180
30, 65
30, 90
30, 102
30, 165
30, 172
30, 199
30, 235
31, 33
31, 52
31, 68
31, 86
31, 109
31, 111
31, 136
31, 155
31, 171
31, 173
31, 187
31, 191
32, 203
33, 41
33, 69
33, 87
33, 109
33, 128
33, 147
33, 181
33, 200
33, 231
33, 233
34, 44
34, 73
34, 126
34, 131
34, 210
35, 39
35, 59
35, 95
35, 177
36, 42
36, 58
36, 148
36, 214
37, 40
37, 82
37, 85
37, 93
37, 115
37, 119
37, 184
37, 189
37, 190
37, 192
37, 206
37, 219
38, 97
39, 59
39, 95
39, 177
40, 93
40, 119
40, 192
41, 124
41, 147
42, 214
43, 164
44, 72
44, 81
44, 138
45, 75
46, 104
46, 112
46, 115
46, 119
46, 121
46, 153
47, 209
47, 234
48, 57
48, 66
48, 107
48, 120
48, 143
48, 229
48, 238
49, 108
49, 207
49, 221
50, 175
50, 230
51, 55
51, 60
51, 63
51, 92
51, 94
51, 98
51, 133
51, 139
51, 146
51, 152
51, 174
51, 196
51, 198
51, 220
52, 68
52, 111
52, 171
53, 123
53, 132
54, 63
54, 154
54, 166
54, 223
55, 60
55, 139
55, 174
55, 198
56, 129
56, 141
56, 232
57, 84
57, 107
57, 120
57, 143
57, 156
57, 157
57, 238
58, 70
59, 95
59, 186
60, 67
60, 94
60, 151
60, 152
60, 198
60, 204
61, 163
62, 89
62, 115
62, 202
63, 98
63, 133
63, 146
63, 166
63, 220
64, 66
64, 91
64, 103
64, 107
64, 127
64, 188
64, 193
64, 225
64, 229
64, 236
65, 90
65, 102
65, 172
65, 235
66, 103
66, 127
66, 193
66, 229
66, 236
67, 204
68, 111
68, 205
69, 128
69, 181
69, 231
71, 96
72, 123
72, 132
72, 138
73, 126
73, 131
74, 108
74, 163
76, 77
76, 79
77, 79
79, 116
80, 140
80, 161
80, 217
80, 222
81, 138
82, 93
83, 213
84, 88
84, 107
84, 156
84, 168
84, 188
84, 218
85, 122
86, 155
86, 173
86, 191
86, 226
86, 228
87, 128
87, 130
87, 134
87, 167
87, 211
88, 168
89, 115
89, 179
89, 180
89, 202
90, 172
91, 107
91, 188
92, 94
92, 146
94, 146
94, 151
94, 152
94, 204
95, 177
98, 133
98, 196
99, 101
99, 159
99, 224
100, 182
101, 224
102, 172
103, 229
104, 121
105, 114
105, 118
106, 179
107, 188
107, 229
107, 238
108, 163
108, 170
108, 207
109, 200
110, 224
111, 136
111, 171
111, 187
112, 115
112, 153
112, 208
113, 185
114, 118
115, 119
115, 153
115, 206
115, 208
115, 219
116, 194
117, 125
117, 137
117, 158
117, 162
117, 169
117, 183
117, 216
118, 227
119, 121
119, 192
120, 238
123, 132
125, 158
125, 162
125, 169
126, 131
127, 193
128, 130
128, 181
129, 197
130, 134
131, 210
133, 146
133, 196
134, 211
135, 201
136, 171
137, 216
140, 215
141, 232
144, 178
145, 161
146, 204
147, 233
150, 167
151, 204
154, 166
154, 223
155, 191
156, 157
158, 162
158, 183
159, 224
160, 168
160, 218
161, 217
162, 169
162, 183
165, 199
166, 223
168, 218
170, 207
173, 191
173, 226
173, 228
174, 198
175, 230
175, 239
179, 180
181, 231
182, 209
184, 189
184, 219
188, 195
189, 206
189, 219
190, 218
191, 226
193, 236
203, 210
206, 219
212, 237
217, 222
end