320
4
0, 0.5571858693700842, 0.5678495935247903
1, 0.5002372446301946, 0.06634118576499537
2, 0.613145369868957, 0.5392401163126068
3, 0.36343750888947823, 0.7782316929698619
4, 0.1703670544214997, 0.23569353613602329
5, 0.5512925580326701, 0.6294644319190397
6, 0.39631395128932034, 0.7733553049462344
7, 0.7372409363653991, 0.15292874070826623
8, 0.687330944920698, 0.5258838643740252
9, 0.9005867754419632, 0.23069751448358922
10, 0.9986798400255202, 0.22150790198267223
11, 0.29803785312512654, 0.6864710048691317
12, 0.20534114524897862, 0.40475942448089275
13, 0.5932518808247699, 0.7800581097822766
14, 0.14536090997426376, 0.3489947585138664
15, 0.4092371434082901, 0.27509492074387965
16, 0.37556026233917095, 0.3075576698576261
17, 0.8049818465931997, 0.958162176333697
18, 0.7390471362355006, 0.43368841198160324
19, 0.1429289098891332, 0.8596614305380067
20, 0.7054856791614768, 0.544493237268361
21, 0.2938630124175786, 0.4067412197578446
22, 0.3672312255042107, 0.26236290925288563
23, 0.23253088985746517, 0.08266268806838606
24, 0.7841866346270897, 0.8906569327946992
25, 0.0171378106809168, 0.5159254649490769
26, 0.5630291471169447, 0.05756959835953457
27, 0.9225995442826688, 0.32278318298118513
28, 0.08097338757362893, 0.04502108515123204
29, 0.4846156000394042, 0.5533063422494506
30, 0.4220628188400063, 0.015499568695705124
31, 0.3065288176997555, 0.4721677931239937
32, 0.6211428785424994, 0.34870797064486014
33, 0.3182687202638136, 0.9240494985856519
34, 0.13438457711664198, 0.7548641197950099
35, 0.052292256520807934, 0.2553026094263746
36, 0.9933741467826551, 0.43949234781302715
37, 0.5263440501524553, 0.22110408308693807
38, 0.045234048648380876, 0.355560852372776
39, 0.7513031673029174, 0.0009142531009956878
40, 0.3768394527455833, 0.2818147654274843
41, 0.1967342282294383, 0.5050905868573515
42, 0.3770558711867761, 0.04543968919013208
43, 0.8323210221702297, 0.8529724037816732
44, 0.4239305131715181, 0.12692915742849797
45, 0.29660164563922475, 0.8797091867647001
46, 0.7105128465256034, 0.14073240852048585
47, 0.24572027415131836, 0.9887088119592671
48, 0.25652400699554045, 0.8334686019657439
49, 0.8940770417822019, 0.6307665683765998
50, 0.6243980141301119, 0.8393703212059958
51, 0.35077211330910263, 0.14709408679278368
52, 0.7367723729716307, 0.8816282483361806
53, 0.19749451783335226, 0.4091814662967107
54, 0.26034984739879286, 0.2958384867730305
55, 0.8662016523337566, 0.8449960450757089
56, 0.8776731124963278, 0.798217822160551
57, 0.6626639551600603, 0.2503903104055648
58, 0.07488356180577527, 0.30251368311207383
59, 0.9971057249873851, 0.4694580283268611
60, 0.3209664668192531, 0.2704035019495039
61, 0.05869073263151625, 0.9655006530430866
62, 0.3800231829867502, 0.8177329112012354
63, 0.7248607160338126, 0.7354720731915804
64, 0.6591622208652541, 0.8942020399508689
65, 0.9875605127810126, 0.737568479855448
66, 0.2759563387361983, 0.03836189035580495
67, 0.673837335166022, 0.7062429420002676
68, 0.777553793793634, 0.5005394636777546
69, 0.5149583237217455, 0.27266830504156536
70, 0.8974898074506379, 0.7121946075868291
71, 0.14463971075369075, 0.5989763251259432
72, 0.23132769394000274, 0.6923252158592386
73, 0.9010812971969121, 0.7516813568459303
74, 0.38816791317597565, 0.7123446335857905
75, 0.2066990392669813, 0.623418572970548
76, 0.08562296484876586, 0.6503922265394907
77, 0.9555589199437909, 0.18898018361447433
78, 0.18091642559367205, 0.4391656208785889
79, 0.9291320741524242, 0.499138522143608
80, 0.24793858098946786, 0.8120464552438735
81, 0.9470293523268983, 0.9269249608384204
82, 0.2909497573618618, 0.1815568882181895
83, 0.04698416080367751, 0.5285410605879467
84, 0.8005707729588473, 0.7035182236358498
85, 0.4995602781476437, 0.3250481361566845
86, 0.9241946921509595, 0.3432821241446763
87, 0.7666548396542693, 0.49323877278940176
88, 0.959866109265212, 0.7158083672868605
89, 0.9324611069564301, 0.9467221416880545
90, 0.8163150070397586, 0.7261709537248036
91, 0.03785813387923209, 0.29942657364135594
92, 0.4405355832349608, 0.06860910661078923
93, 0.7246198395219805, 0.6377873953379215
94, 0.9665442318205749, 0.5502793982046951
95, 0.7703118977884784, 0.3464602847953303
96, 0.9451015239652805, 0.494443838545928
97, 0.7860182247759515, 0.7796116298022734
98, 0.28498112748890303, 0.5867306043753343
99, 0.6164440521630276, 0.17043082793383024
100, 0.2341691611778418, 0.7565067367090691
101, 0.99949582044969, 0.8606079768222307
102, 0.41053306882808727, 0.015426273380172772
103, 0.6572679710390475, 0.042248692401741006
104, 0.46604482568001315, 0.6451023566165762
105, 0.25778879225119, 0.5292923907097055
106, 0.7449742831529791, 0.3611591304069577
107, 0.1911708923657257, 0.7364648192209545
108, 0.4175207894768582, 0.616209107575306
109, 0.3730762502184236, 0.21905079068653288
110, 0.4445536506244522, 0.6960392868377846
111, 0.7318409733751434, 0.037272628881662606
112, 0.2590237986981416, 0.4769803525614297
113, 0.7881136103510386, 0.3960485725167283
114, 0.8911340767638959, 0.982924206305825
115, 0.4953098434255555, 0.9815587727460885
116, 0.6685726302178773, 0.4833661006711042
117, 0.058636677196504006, 0.8862296921551118
118, 0.34352902254294204, 0.7734901530922241
119, 0.8704819678665275, 0.45655285776262666
120, 0.25774909144548697, 0.8864913962808141
121, 0.6875509946662324, 0.8040407894061545
122, 0.6749791963565823, 0.12811460217205017
123, 0.6723237045369735, 0.9356326330682884
124, 0.6005898900256552, 0.6778118639823992
125, 0.8911195098960065, 0.945924836336811
126, 0.5313046816701694, 0.10156032853496677
127, 0.9492714983028511, 0.3104098171549141
128, 0.8004252355030561, 0.5007689360693447
129, 0.7227414816650004, 0.19642094531442256
130, 0.8552050411167423, 0.4757995656042808
131, 0.3017192053084171, 0.9320792640250435
132, 0.32317133101945095, 0.798178358263872
133, 0.20168781502856858, 0.46046501640435944
134, 0.917285958628905, 0.32690194077039736
135, 0.024896825292214042, 0.44730501809951484
136, 0.7331701081779117, 0.2552912515061423
137, 0.11947144330906012, 0.5508787126641871
138, 0.9547517383699453, 0.8826188513423006
139, 0.3007055392475684, 0.7496584536681048
140, 0.9198539283458509, 0.6027247436664278
141, 0.24155248594123824, 0.041231453502615034
142, 0.8652537288904361, 0.03770210409275643
143, 0.12631736085353584, 0.8863428510242743
144, 0.20235883116828213, 0.532327818770585
145, 0.9714066894750787, 0.014279414786958267
146, 0.750715228729576, 0.9143461885170527
147, 0.36410532234492365, 0.2786837737174145
148, 0.8482511021810785, 0.48321218819846457
149, 0.43091631965480426, 0.29256626114835915
150, 0.37973555099603173, 0.7205449091923736
151, 0.60804345392337, 0.9981266771246559
152, 0.46735925405371515, 0.38849546927072154
153, 0.3942038648876717, 0.0386627672539307
154, 0.09590721008501724, 0.045718203839546834
155, 0.08673751819600273, 0.7635621998322603
156, 0.20730310026549836, 0.6716688330423343
157, 0.6717237599002993, 0.8253112307040852
158, 0.1533430426270146, 0.497983808378492
159, 0.9857639578408601, 0.32137389811454165
160, 0.9082838514209477, 0.2978813376669406
161, 0.5705856576718067, 0.6636556518599769
162, 0.7721343508826043, 0.11951330726892062
163, 0.07319164064774131, 0.4334532407633295
164, 0.8295252449949873, 0.905986515123543
165, 0.6775793509343294, 0.2567381234876456
166, 0.9225234786865307, 0.8257751556297477
167, 0.2875716358733622, 0.0915861457177648
168, 0.47319200932327965, 0.4803355177200831
169, 0.5461937811799669, 0.1947028937802059
170, 0.9417339942341072, 0.9057973033650538
171, 0.27848322246994006, 0.5832013782579383
172, 0.003635536788983762, 0.7551067241229584
173, 0.03696725563825143, 0.28170174235228307
174, 0.6247764200212993, 0.7476546346965762
175, 0.29295025322359525, 0.7686696448668774
176, 0.2072639446671949, 0.30901484458273687
177, 0.38611435491410984, 0.7547282560531167
178, 0.5119792473452602, 0.979853557301792
179, 0.5306600526067138, 0.7506875852663715
180, 0.8538652992785317, 0.25467885858407324
181, 0.5068065573145123, 0.4251942344398534
182, 0.25225425575042304, 0.6673667929909678
183, 0.7595451968994231, 0.619410465061762
184, 0.742259523611369, 0.3748987787449801
185, 0.4628435259408591, 0.5869272713415099
186, 0.9400421872591191, 0.2352737137659381
187, 0.33488209304797156, 0.5955321376972653
188, 0.7664860535785644, 0.2731979674795152
189, 0.6269675542257248, 0.3311643900084531
190, 0.24471861087086677, 0.22323155322969412
191, 0.834372949137824, 0.8095239041950809
192, 0.8423647747475931, 0.1261535016132953
193, 0.4673361678564014, 0.9099726865729287
194, 0.7647274927355817, 0.4976338214011463
195, 0.16132578506656947, 0.8776553064406467
196, 0.8729592822121985, 0.4509162282711404
197, 0.22704071135109727, 0.5365263690940199
198, 0.4692982089352813, 0.761151865213019
199, 0.578533040567794, 0.7806722298056423
200, 0.08123361713479171, 0.060213369088670254
201, 0.9521112358342282, 0.18976496758975292
202, 0.6953260454083516, 0.47872890739660423
203, 0.517718569188172, 0.4170817423348785
204, 0.16839553749131386, 0.38738694169750243
205, 0.7895375137597939, 0.22684738757292022
206, 0.13720335959122731, 0.5785758183377464
207, 0.23346267038883894, 0.7391161176464042
208, 0.6401405752760079, 0.8366645892263617
209, 0.39324604714513034, 0.8550103049697138
210, 0.9960404898907921, 0.2789731524031219
211, 0.14844838109244973, 0.5460908471412185
212, 0.01681093294421432, 0.4502224085831763
213, 0.41864634309951265, 0.883638222055487
214, 0.41706922200915464, 0.5699151244802011
215, 0.7381467125960689, 0.12539982341424627
216, 0.7065564100673636, 0.6422788918769959
217, 0.8272189749750912, 0.3689488775182813
218, 0.6988940184311911, 0.15473131542599516
219, 0.4444085089965558, 0.0631738250520858
220, 0.5234224451093468, 0.7506684046169435
221, 0.11868841833050259, 0.8252552404453138
222, 0.42765479673482343, 0.8323403930591815
223, 0.19854514928335854, 0.16186673541661645
224, 0.6036575781262723, 0.5622222891833509
225, 0.17894434758290623, 0.5212406377185218
226, 0.5661830305654939, 0.14893729229378627
227, 0.29001682143978713, 0.8309845031620299
228, 0.8915173947451439, 0.07321819240221294
229, 0.3867874406617441, 0.057479407274277805
230, 0.6071572138886991, 0.2001851762359793
231, 0.43988793651837976, 0.1134585271845634
232, 0.5091474526067379, 0.6242062324372993
233, 0.5493102917942836, 0.41447715156423814
234, 0.026896796461011174, 0.3288124870198187
235, 0.0986048973871696, 0.318940481504134
236, 0.02348343309318135, 0.8940263786769712
237, 0.2724802276181417, 0.0005588398601013012
238, 0.5471072438343593, 0.9456071945781841
239, 0.14194186878690895, 0.12097546599298381
240, 0.1127184785935158, 0.6998444644019922
241, 0.8953697782166802, 0.8547598491000008
242, 0.5496056530337456, 0.3141355994661097
243, 0.31593778605096556, 0.2036231346597729
244, 0.461108879759499, 0.5283658843152663
245, 0.2764211458069038, 0.9879545976702651
246, 0.16474177756835096, 0.6137277573058612
247, 0.25307821659650565, 0.9292763997122819
248, 0.6320582490183775, 0.8604177781065783
249, 0.10542549073527685, 0.4183991950962984
250, 0.21810722616863676, 0.8540066587673576
251, 0.5213684975754329, 0.19233970527130562
252, 0.1307748193135212, 0.28280272078881985
253, 0.1921243088363772, 0.21020425887247518
254, 0.9871892325699444, 0.8379862888471892
255, 0.254329549050078, 0.6661729353655741
256, 0.6632754364444418, 0.21520936309264738
257, 0.7350782413073322, 0.5792761428721531
258, 0.34986622737251694, 0.4965133157068642
259, 0.37147061704958584, 0.24535955330795556
260, 0.2426223070253506, 0.009514659946257109
261, 0.9655167343125383, 0.47504383089324675
262, 0.5826091741464265, 0.9331091624919632
263, 0.04634556225062092, 0.13938652133089524
264, 0.7579479318768089, 0.10967638750357389
265, 0.44030085550441556, 0.596765222223436
266, 0.32000366614858367, 0.33159912727028873
267, 0.3426395047617594, 0.7862016566372375
268, 0.9070107493286975, 0.8762512418414466
269, 0.28118779822798823, 0.11520381635654164
270, 0.7631660969446784, 0.3869878983429177
271, 0.049640813646186444, 0.03493246014674656
272, 0.34464836841057267, 0.9146736124513363
273, 0.8734459866743178, 0.06031735973508767
274, 0.6158079041998737, 0.43737327799040204
275, 0.8542576160960118, 0.02121911473685134
276, 0.49490730190223264, 0.16924371430277896
277, 0.4257834007082717, 0.3266604052675087
278, 0.13191732465893447, 0.2703996230025262
279, 0.44310762690248917, 0.05858134897392875
280, 0.7311348868426971, 0.858307762756927
281, 0.9553583399260372, 0.5807361004018552
282, 0.39207167135665066, 0.8800429832540654
283, 0.4576271342027918, 0.8993408586286417
284, 0.09325550735586319, 0.007774030896912865
285, 0.5812500925089831, 0.9836982153647582
286, 0.5028877773323575, 0.7264146284127642
287, 0.05047993415713825, 0.9255175606930015
288, 0.9975114870632714, 0.1710172989560994
289, 0.11180753255465958, 0.7919704108545668
290, 0.027111986645768527, 0.37260430107136544
291, 0.027086389166211644, 0.7347552683278537
292, 0.550419712021641, 0.5096056875433278
293, 0.6760925165001422, 0.08963679131596847
294, 0.20048133348806974, 0.5995394038870517
295, 0.7378533665855136, 0.16736752667888088
296, 0.4426381925654401, 0.8958755814865677
297, 0.5411666125292595, 0.5581708555480211
298, 0.1755230907122135, 0.21099271115603313
299, 0.8114834770018183, 0.7778673128177368
300, 0.6280862018493463, 0.7300233802725947
301, 0.5270358926545925, 0.4033503939231632
302, 0.5891365381276861, 0.8505920852145885
303, 0.7797672561818816, 0.7223547029094148
304, 0.4774833076423569, 0.760593602854497
305, 0.5942946982671631, 0.5022719398169139
306, 0.5263035830834429, 0.9476838497305957
307, 0.7291685938221347, 0.4711709801630577
308, 0.2406002274728768, 0.27293084037934134
309, 0.6841397022013157, 0.2810984638869205
310, 0.01757935151535217, 0.22678031293617928
311, 0.5826434522609454, 0.997092383071821
312, 0.4480141344849683, 0.6258637874701197
313, 0.6637467609718707, 0.11312807682949655
314, 0.8010204236449533, 0.8279778490716387
315, 0.5682150255670237, 0.8047516793454798
316, 0.11997420543584347, 0.4875748357267945
317, 0.1460673914408288, 0.04466374285106156
318, 0.10718401736439453, 0.6637127249060628
319, 0.8856549412290611, 0.7584082525892185
end_nodes
0, 1
0, 2
0, 3
0, 4
0, 5
0, 6
0, 7
0, 8
0, 9
0, 10
0, 11
0, 12
0, 13
0, 14
0, 15
0, 16
0, 17
1, 4
1, 7
1, 10
1, 15
1, 16
1, 22
1, 23
1, 26
1, 28
1, 30
1, 32
1, 35
1, 37
1, 39
1, 40
1, 42
2, 8
2, 10
2, 18
2, 27
2, 36
2, 59
2, 68
2, 86
2, 87
2, 113
2, 116
2, 119
2, 127
2, 128
2, 130
2, 134
3, 6
3, 11
3, 13
3, 17
3, 19
3, 25
3, 33
3, 34
3, 38
3, 45
3, 47
3, 48
3, 50
3, 52
3, 61
3, 62
4, 14
4, 16
4, 21
4, 22
4, 35
4, 38
4, 40
4, 44
4, 51
4, 54
4, 58
4, 60
4, 82
4, 91
4, 109
5, 6
5, 13
5, 161
5, 179
5, 198
5, 220
5, 286
5, 304
6, 13
6, 110
6, 177
6, 198
6, 232
6, 304
7, 9
7, 10
7, 32
7, 46
7, 57
7, 95
7, 99
7, 106
7, 122
7, 126
7, 129
7, 136
7, 165
7, 180
7, 184
8, 17
8, 20
8, 24
8, 43
8, 49
8, 55
8, 56
8, 59
8, 63
8, 65
8, 67
8, 70
8, 73
8, 79
8, 81
9, 10
9, 95
9, 180
9, 184
9, 186
9, 270
10, 18
10, 26
10, 27
10, 36
10, 39
10, 46
10, 59
10, 77
10, 101
10, 103
10, 111
10, 113
11, 12
11, 14
11, 29
11, 31
11, 38
11, 41
11, 53
11, 74
11, 78
11, 98
11, 104
11, 105
11, 108
11, 112
11, 133
12, 14
12, 29
12, 31
12, 53
12, 105
12, 112
12, 204
12, 244
12, 258
13, 50
13, 52
13, 121
13, 124
13, 157
13, 161
13, 174
13, 179
13, 199
13, 208
13, 220
13, 280
13, 300
14, 21
14, 38
14, 41
14, 78
14, 133
14, 144
14, 176
14, 197
14, 204
14, 225
14, 235
14, 249
14, 252
15, 16
15, 69
15, 85
15, 149
15, 152
15, 181
15, 203
15, 276
15, 277
15, 292
15, 301
16, 40
16, 54
16, 60
16, 168
16, 266
16, 277
16, 308
17, 24
17, 33
17, 43
17, 47
17, 52
17, 55
17, 62
17, 63
17, 64
17, 67
17, 81
17, 89
17, 93
17, 97
18, 116
19, 25
19, 34
19, 48
19, 61
19, 76
19, 80
19, 117
19, 132
19, 143
19, 155
19, 172
19, 195
19, 221
19, 236
19, 240
19, 250
20, 70
20, 73
20, 254
21, 176
21, 297
22, 40
22, 44
22, 109
22, 147
22, 231
22, 259
23, 28
23, 35
23, 92
23, 167
23, 200
23, 223
23, 239
23, 263
23, 269
23, 310
24, 63
25, 38
25, 71
25, 72
25, 75
25, 76
25, 83
25, 91
25, 100
25, 107
25, 118
25, 135
25, 137
25, 139
25, 155
25, 156
26, 39
26, 103
26, 162
26, 215
26, 264
26, 293
26, 313
27, 113
27, 127
27, 134
27, 160
27, 202
27, 210
27, 217
28, 30
28, 42
28, 66
28, 92
28, 102
28, 141
28, 153
28, 154
28, 200
28, 219
28, 229
28, 237
28, 260
28, 263
28, 271
29, 108
29, 185
29, 187
29, 214
29, 244
29, 258
29, 265
30, 39
30, 66
30, 102
30, 153
30, 237
30, 260
31, 98
31, 112
31, 187
31, 214
31, 258
32, 37
32, 57
32, 99
32, 126
32, 165
32, 169
32, 189
32, 226
32, 230
32, 233
32, 242
32, 256
33, 47
33, 62
33, 123
33, 131
33, 193
33, 209
33, 213
33, 238
33, 262
33, 272
33, 282
33, 283
33, 296
33, 306
34, 80
34, 100
34, 107
34, 118
34, 175
34, 240
34, 318
35, 91
35, 173
35, 223
35, 234
35, 253
35, 269
35, 298
35, 310
36, 59
36, 68
36, 86
36, 87
36, 119
36, 127
36, 128
36, 130
36, 148
36, 159
36, 194
36, 196
36, 210
36, 261
36, 307
37, 169
37, 233
37, 242
37, 251
38, 58
38, 75
38, 91
38, 135
38, 137
38, 158
38, 163
38, 182
38, 206
38, 211
38, 225
38, 235
39, 77
39, 103
39, 111
39, 142
39, 145
39, 228
39, 237
39, 273
39, 275
39, 288
40, 60
40, 147
41, 78
41, 144
42, 153
42, 219
42, 229
42, 279
42, 317
43, 55
43, 93
43, 97
43, 164
43, 191
43, 299
43, 303
43, 314
44, 51
44, 82
44, 109
44, 190
44, 231
44, 243
44, 259
45, 47
45, 61
45, 120
45, 227
45, 247
46, 122
47, 61
47, 114
47, 115
47, 131
47, 151
47, 178
47, 238
47, 245
47, 247
47, 285
47, 306
47, 311
48, 61
48, 132
48, 250
49, 59
49, 65
49, 79
49, 88
49, 94
49, 96
49, 140
49, 281
50, 52
50, 199
50, 208
50, 315
51, 82
51, 231
52, 64
52, 146
52, 157
52, 208
52, 248
52, 280
52, 302
53, 133
53, 204
54, 168
54, 266
54, 308
55, 81
55, 84
55, 90
55, 164
55, 191
55, 241
55, 268
55, 299
55, 303
56, 73
56, 81
56, 101
56, 138
56, 166
56, 170
56, 183
56, 254
56, 257
56, 319
57, 189
57, 256
58, 91
58, 278
59, 65
59, 79
59, 94
59, 96
59, 101
59, 254
59, 261
59, 281
61, 117
61, 120
61, 143
61, 195
61, 227
61, 236
61, 247
61, 250
61, 287
62, 123
62, 209
62, 213
62, 222
62, 283
62, 296
63, 67
63, 216
64, 146
64, 248
64, 302
65, 70
65, 88
65, 254
65, 281
66, 141
66, 153
67, 216
67, 224
68, 128
68, 130
68, 148
69, 85
69, 276
69, 292
69, 301
70, 254
71, 75
71, 182
71, 246
72, 118
72, 139
72, 156
73, 254
73, 257
73, 319
74, 104
74, 150
75, 83
75, 182
75, 206
75, 211
75, 294
75, 316
76, 240
76, 318
77, 111
78, 197
79, 96
81, 89
81, 90
81, 101
81, 125
81, 138
81, 170
81, 241
81, 268
83, 137
83, 206
84, 90
85, 149
85, 301
86, 127
86, 196
86, 307
87, 119
87, 194
89, 101
89, 114
89, 125
89, 285
90, 241
91, 135
91, 212
91, 234
91, 290
93, 97
94, 140
94, 281
95, 106
95, 180
95, 184
95, 188
95, 205
95, 295
97, 314
98, 112
99, 126
99, 218
99, 226
99, 230
99, 256
100, 107
100, 118
100, 139
100, 175
100, 207
101, 138
101, 166
101, 254
102, 260
103, 111
103, 192
103, 201
103, 264
104, 150
104, 312
105, 112
105, 171
106, 184
106, 295
107, 318
108, 185
108, 265
109, 190
109, 243
109, 259
110, 177
110, 232
111, 192
111, 201
112, 171
113, 160
113, 202
113, 217
114, 151
114, 285
114, 311
115, 178
115, 245
115, 285
117, 236
117, 287
118, 139
118, 156
118, 175
119, 307
120, 227
121, 124
121, 174
121, 280
121, 300
123, 193
123, 262
123, 283
124, 280
124, 300
126, 218
126, 226
127, 134
127, 159
127, 210
128, 148
128, 261
129, 136
129, 184
129, 274
129, 305
129, 309
132, 267
133, 204
136, 184
137, 163
137, 206
138, 166
138, 170
139, 207
140, 281
141, 153
142, 145
142, 228
142, 273
142, 275
142, 288
143, 195
144, 225
145, 275
145, 288
149, 301
151, 311
152, 292
153, 317
154, 219
154, 229
155, 172
155, 221
155, 289
155, 291
157, 280
159, 210
160, 217
162, 264
162, 293
167, 269
168, 266
172, 212
172, 221
172, 236
172, 291
172, 310
173, 234
173, 310
174, 300
177, 232
178, 285
179, 220
180, 205
181, 203
181, 292
182, 246
182, 255
182, 294
183, 257
184, 305
185, 265
186, 270
187, 214
188, 205
189, 256
190, 243
191, 299
192, 201
193, 283
195, 250
196, 307
198, 304
199, 315
200, 263
203, 292
203, 301
206, 211
209, 213
209, 282
211, 316
212, 234
212, 290
212, 310
213, 272
213, 282
213, 296
214, 258
215, 313
219, 229
219, 279
220, 286
220, 304
223, 269
225, 249
226, 230
228, 273
228, 288
233, 242
233, 251
234, 290
234, 310
235, 252
236, 287
237, 260
237, 271
237, 284
238, 306
239, 263
239, 310
240, 318
241, 268
245, 285
248, 302
253, 298
257, 319
263, 271
263, 310
264, 293
271, 284
271, 310
272, 296
274, 305
274, 309
283, 296
286, 304
292, 301
299, 303
end