160
4
0, 0.9308295114134111, 0.9895199725214627
1, 0.6508577706712098, 0.9015081548976165
2, 0.21492502394317603, 0.6973920845535869
3, 0.1844373387044187, 0.19900636728479948
4, 0.7607550445989131, 0.5121350447430112
5, 0.2513194166852408, 0.6340938735702131
6, 0.17214686822653136, 0.48719324354501337
7, 0.05259993979140132, 0.6717584413410629
8, 0.21756072804522064, 0.11601634394169313
9, 0.15744190927579826, 0.5080737544496534
10, 0.2255841736945997, 0.28214925033745275
11, 0.5733947926822106, 0.18008057616533002
12, 0.9787718408519556, 0.49702883480810367
13, 0.7275854624655302, 0.7392155709426597
14, 0.8460661041869422, 0.5697741465367565
15, 0.7503731927525314, 0.6913005812595213
16, 0.7104217189086424, 0.119980998420955
17, 0.6096590402081116, 0.7197273970049964
18, 0.44848820916388943, 0.4438110224252687
19, 0.29928745902995846, 0.9320378321786763
20, 0.7815757858719278, 0.7731243224383189
21, 0.03399797488618761, 0.7270785454976243
22, 0.9331425867167733, 0.2165486595664763
23, 0.4612986664781418, 0.41908619884294407
24, 0.47719755945084896, 0.41309328933893685
25, 0.7329734446417072, 0.9657883851534528
26, 0.1220216159171208, 0.3712344810655741
27, 0.4764504523336379, 0.20782740277931688
28, 0.3631545813956145, 0.973140909242319
29, 0.43666542596815217, 0.9682266677850411
30, 0.7796218913283046, 0.17475377355706567
31, 0.6143776395991697, 0.769167090513168
32, 0.4830341918126122, 0.4922237840851491
33, 0.7405396424158315, 0.22390930679966592
34, 0.2688878790070043, 0.5451901035851058
35, 0.1110781923480455, 0.8268700912926528
36, 0.7551072848254626, 0.28640558411116823
37, 0.4355592536631342, 0.9591190953430097
38, 0.5112823460711023, 0.2142842357207595
39, 0.1180594620983505, 0.32068320069882994
40, 0.8721542811163433, 0.5624347367014588
41, 0.509314203837299, 0.7735455900124449
42, 0.5905431631259116, 0.22561512513893167
43, 0.7478326155406365, 0.3564740330622964
44, 0.3757391245471702, 0.2602631610758288
45, 0.2789625751315994, 0.7794525859642176
46, 0.5238416065637932, 0.49343935804981065
47, 0.10484272716007348, 0.9602163365949005
48, 0.7399945514417844, 0.34827914182021313
49, 0.4004044076992226, 0.27052965687560826
50, 0.5718188162211635, 0.06681668024087761
51, 0.3750250028919616, 0.8768401854030649
52, 0.4311375933638911, 0.454340084296869
53, 0.07140910690597113, 0.47428043433984
54, 0.8278003211397427, 0.19925567926451704
55, 0.88693206446013, 0.09466346790920865
56, 0.8866586849128394, 0.8755054518921086
57, 0.12314014443620702, 0.6235371185714209
58, 0.2835907300045194, 0.6502459800883026
59, 0.5876226558465918, 0.15142106166158298
60, 0.5219150109671488, 0.7146254270727085
61, 0.3719573335841577, 0.5281536738286755
62, 0.5140445164664762, 0.1578084525122474
63, 0.042887449324722215, 0.4834503798868478
64, 0.6839903945686668, 0.49084455260513904
65, 0.7829365472516304, 0.8289648688238896
66, 0.06394304077461377, 0.07840144778066671
67, 0.09977845058804169, 0.08588332047938696
68, 0.25474925678570237, 0.6572415475474493
69, 0.5571702825804106, 0.6862749623681271
70, 0.55581997192955, 0.4294089820891246
71, 0.7241593832665909, 0.9937071572803019
72, 0.19301301930021075, 0.13811241629185833
73, 0.4735243502681761, 0.6445943225448368
74, 0.8186662927118581, 0.030143976289881858
75, 0.8528671575542165, 0.20522019551409287
76, 0.6871699818489546, 0.03203613185346743
77, 0.12867169910172527, 0.14125512035047638
78, 0.6280340626256687, 0.5011337104995736
79, 0.04726474419443771, 0.9960365583932661
80, 0.23848278764598785, 0.5140298246853818
81, 0.9902180325332799, 0.07103513674364159
82, 0.7427068547162149, 0.7017652275007945
83, 0.08525298814662463, 0.9776914716840832
84, 0.5871191749097949, 0.5096227600920377
85, 0.9214243804367115, 0.021462216035841974
86, 0.21836699447684726, 0.9849368007178866
87, 0.1432217139320353, 0.8663339640035236
88, 0.5655459868390504, 0.9317714685191422
89, 0.45761008185613783, 0.043245623900187824
90, 0.6266814619077073, 0.28052378146571055
91, 0.13290261654638602, 0.41727086564458304
92, 0.7571865270489528, 0.42814132544951766
93, 0.14434018167158358, 0.6153795705936401
94, 0.19919442751841143, 0.13969484815042332
95, 0.1500533847898643, 0.7767878416435028
96, 0.5761680917681087, 0.16146851586875244
97, 0.8637788967802146, 0.041483342342968244
98, 0.7889558102172315, 0.644655460744003
99, 0.4499033130076473, 0.32974939728367203
100, 0.2832180060192402, 0.32514669865656487
101, 0.8745817577858815, 0.5250840738653052
102, 0.946945392976949, 0.9441223875727585
103, 0.029139412359698302, 0.25786715669608107
104, 0.6781111976670082, 0.7361874965470651
105, 0.009906554676020307, 0.15588310651855275
106, 0.5856729772837524, 0.9434056878052492
107, 0.409532841295441, 0.568365663898836
108, 0.3502362534702901, 0.45969113204641443
109, 0.3217330957964599, 0.2681172206635257
110, 0.7159311171145738, 0.17296595180318886
111, 0.09390760708781776, 0.8678057978307446
112, 0.7740197704532232, 0.07880899441015954
113, 0.8493742503236158, 0.0910481878851902
114, 0.5136848438292771, 0.9664960150190197
115, 0.6563443342140487, 0.9644377456776762
116, 0.21332723346076676, 0.4474270884938547
117, 0.43590230122487683, 0.8392258519458664
118, 0.11613601654846362, 0.741826082641281
119, 0.2812685070791501, 0.2294922869435464
120, 0.6613495804630181, 0.8499860246180161
121, 0.29072653932923653, 0.21324391037240942
122, 0.2835798550709657, 0.8372528162984632
123, 0.2798319618573698, 0.6263020772509941
124, 0.9291276288669723, 0.44233324043398325
125, 0.8429068376526703, 0.27522183474216544
126, 0.5150828263338703, 0.7231601035223318
127, 0.7814412673945209, 0.3350767903599746
128, 0.4896146962872351, 0.7477251972860504
129, 0.3752317806918455, 0.427593898469374
130, 0.9417030792393946, 0.5354520649918563
131, 0.438695801358134, 0.8511345632278798
132, 0.08489912243687814, 0.17719141154357487
133, 0.7257656203752453, 0.5159260896902561
134, 0.3470917492486375, 0.7458123332871827
135, 0.6141512659702141, 0.7476158688196232
136, 0.7447967612308852, 0.6855376522029726
137, 0.873939044426315, 0.25708410638995005
138, 0.3228145904158821, 0.5286819634233002
139, 0.6368353416982042, 0.019508879557382564
140, 0.9691205153479474, 0.06958114625400835
141, 0.1239992708257136, 0.3150158405481067
142, 0.4274447638714981, 0.9788561007902725
143, 0.89719806626348, 0.7113594178432638
144, 0.3412511786368675, 0.3301094964146972
145, 0.27049981241521004, 0.20414170777395013
146, 0.5603391960651791, 0.6162102841562077
147, 0.46867747917410885, 0.39600379385955564
148, 0.42650792833169593, 0.18131140921382227
149, 0.34113847218846316, 0.8123107553562916
150, 0.30273266217247463, 0.6109533737599879
151, 0.2461362219363865, 0.014219986535846552
152, 0.17193502891731094, 0.6788492457845879
153, 0.18235447423141582, 0.189295293260328
154, 0.6868441782461762, 0.2774075983859874
155, 0.8517807846486917, 0.23233664208059324
156, 0.050481864349019356, 0.136178139205674
157, 0.8345166306290143, 0.5921570856206586
158, 0.329879126699271, 0.8680197733790818
159, 0.9920937422869949, 0.0885503147216864
end_nodes
0, 1
0, 2
0, 3
0, 4
0, 5
0, 6
0, 7
0, 8
0, 9
0, 10
0, 11
0, 12
1, 7
1, 19
1, 21
1, 25
1, 28
1, 29
1, 35
1, 37
1, 45
1, 47
1, 51
2, 5
2, 7
2, 9
2, 41
2, 53
2, 57
2, 63
2, 68
2, 93
2, 103
2, 105
3, 6
3, 8
3, 9
3, 10
3, 18
3, 23
3, 26
3, 32
3, 34
3, 39
3, 46
4, 11
4, 12
4, 14
4, 16
4, 22
4, 30
4, 33
4, 36
4, 40
4, 43
4, 48
5, 9
5, 41
5, 58
5, 68
5, 120
5, 123
5, 128
5, 150
6, 9
6, 31
6, 34
6, 60
6, 80
6, 116
6, 126
7, 21
7, 45
7, 57
7, 63
7, 103
7, 105
7, 118
7, 149
7, 152
8, 11
8, 13
8, 15
8, 16
8, 20
8, 23
8, 24
8, 27
8, 38
8, 39
9, 26
9, 91
9, 105
9, 126
9, 150
9, 156
10, 17
10, 31
10, 34
10, 61
10, 69
10, 73
10, 100
10, 104
10, 107
10, 108
11, 15
11, 16
11, 20
11, 38
11, 42
11, 56
11, 59
11, 62
11, 64
12, 22
12, 40
12, 81
12, 85
12, 101
12, 102
12, 124
12, 130
12, 140
12, 143
13, 20
14, 40
14, 143
14, 157
15, 20
15, 24
15, 27
15, 38
15, 44
15, 49
15, 70
15, 78
15, 82
15, 84
16, 22
16, 30
16, 33
16, 43
16, 48
16, 50
16, 54
16, 55
16, 59
17, 31
17, 69
17, 104
17, 135
18, 32
18, 46
18, 65
19, 35
19, 47
19, 51
19, 87
19, 111
19, 158
20, 24
20, 64
20, 82
21, 35
21, 47
21, 79
21, 83
21, 95
21, 105
21, 111
21, 117
21, 118
21, 122
22, 54
22, 55
22, 75
22, 85
22, 124
22, 125
22, 127
22, 137
22, 155
23, 46
23, 109
23, 119
23, 121
23, 144
23, 145
24, 82
24, 136
24, 147
25, 28
25, 29
25, 71
25, 79
25, 86
25, 88
25, 106
25, 114
25, 115
25, 142
26, 39
26, 66
26, 91
26, 132
26, 141
26, 156
27, 38
27, 44
27, 49
27, 70
27, 78
27, 99
28, 29
28, 37
28, 47
28, 79
28, 83
28, 86
29, 37
29, 88
29, 106
29, 114
30, 33
30, 36
30, 54
30, 125
30, 127
30, 155
31, 34
31, 60
31, 69
31, 73
31, 104
31, 108
31, 135
31, 138
32, 52
32, 65
33, 36
33, 43
33, 92
34, 80
34, 116
34, 138
35, 87
35, 111
35, 122
35, 131
35, 158
36, 92
38, 148
39, 66
39, 67
39, 72
39, 77
39, 94
39, 132
39, 141
39, 151
39, 153
40, 101
40, 130
40, 143
41, 68
41, 120
41, 134
42, 64
43, 48
44, 49
44, 84
45, 117
45, 149
46, 65
46, 144
47, 83
47, 111
49, 99
50, 55
50, 74
50, 76
50, 85
50, 89
50, 97
50, 112
50, 113
50, 139
50, 151
51, 158
52, 65
53, 63
53, 103
54, 75
54, 155
55, 85
55, 97
55, 112
55, 113
56, 90
56, 98
56, 133
57, 63
57, 93
57, 152
58, 128
59, 62
59, 96
61, 73
61, 107
61, 138
62, 96
63, 93
63, 103
66, 67
66, 105
66, 132
66, 151
66, 156
67, 72
67, 77
67, 151
70, 78
70, 99
71, 79
72, 77
72, 151
73, 107
73, 108
73, 138
74, 76
74, 85
74, 139
75, 155
76, 139
79, 83
79, 86
79, 142
80, 116
81, 85
81, 140
81, 159
85, 97
85, 139
85, 140
85, 151
86, 142
87, 111
88, 106
89, 139
89, 151
90, 98
90, 133
91, 156
94, 151
95, 122
95, 131
97, 112
100, 129
100, 146
103, 105
104, 135
105, 156
106, 114
106, 115
109, 119
109, 145
110, 154
112, 113
114, 115
117, 149
118, 149
119, 145
120, 134
121, 145
122, 131
123, 128
123, 150
125, 127
125, 137
125, 155
127, 137
128, 150
129, 146
130, 143
136, 147
139, 151
143, 157
end