600
4
0, 0.5761705359837648, 0.5764788130937044
1, 0.9231028476530772, 0.3221067174044302
2, 0.6287821121484289, 0.4099480010630099
3, 0.6939384366847111, 0.9045690201874373
4, 0.2221546155727101, 0.5859808318697646
5, 0.3835577666039107, 0.6456960389000761
6, 0.30624383620153284, 0.2585971298980092
7, 0.5615009324810615, 0.5677292663023656
8, 0.20367004487587093, 0.24740213322132687
9, 0.48359182766237574, 0.19162104405815306
10, 0.27229472509973884, 0.869207450765864
11, 0.9201977089939014, 0.46663647405800635
12, 0.5688390171920318, 0.7996534177984054
13, 0.08047907047387226, 0.6193460016321277
14, 0.203424820833503, 0.5188879452774795
15, 0.9424130188229269, 0.47153067427206097
16, 0.7470557824534452, 0.7276210472065779
17, 0.9186699193944629, 0.187004083858346
18, 0.5588007200420951, 0.4687412729824487
19, 0.17126953808475598, 0.8604394997268957
20, 0.5393799927720273, 0.16741612057120836
21, 0.2977423088249489, 0.15830356296979575
22, 0.5535431727567377, 0.010111457270499336
23, 0.3775009164932752, 0.8808395871241322
24, 0.21398404879140986, 0.0764854314279122
25, 0.37517198952077735, 0.7639652486237967
26, 0.8237003860548144, 0.3524055398102076
27, 0.4350225103494947, 0.6582713856646356
28, 0.6823871899237114, 0.11932596452317945
29, 0.6091796234640379, 0.3198077416791768
30, 0.69977434991667, 0.9943289823689407
31, 0.5263200166458712, 0.6559791813411291
32, 0.24163353839885182, 0.7056752189202918
33, 0.47493211517492806, 0.7339561059062444
34, 0.1381659357288555, 0.7041130172886985
35, 0.09368014254969126, 0.09162975878469715
36, 0.33642400631958613, 0.9503483889003895
37, 0.28227511959429963, 0.014863986508569349
38, 0.3976830917037092, 0.2032965606897984
39, 0.7794477209413215, 0.4937259435359862
40, 0.6512116044275724, 0.6221315519546371
41, 0.06367240884493719, 0.7265421390999621
42, 0.01935101890615909, 0.8351687532043193
43, 0.05557648282780969, 0.6538921719932984
44, 0.6492177083022581, 0.48726122051301923
45, 0.21506788737785476, 0.7508553889694475
46, 0.5402571106262598, 0.6251224687931354
47, 0.07926800932297395, 0.24091717893462605
48, 0.1951542519402918, 0.6233725466924275
49, 0.43799807670608326, 0.7970069243537815
50, 0.7609537577114637, 0.5688296357111593
51, 0.6585801577792142, 0.7914264979352678
52, 0.2477251760887932, 0.9260608677441143
53, 0.7772417530997175, 0.10946769096111553
54, 0.5361457986713326, 0.8878279958609855
55, 0.23783237713724925, 0.2902141463664517
56, 0.528605323143569, 0.5225174856107038
57, 0.5147239652175766, 0.7636354942587074
58, 0.6569553235916343, 0.7534918550318161
59, 0.8651350182501408, 0.6072163487502492
60, 0.9247678906332024, 0.42624693645508416
61, 0.02469687063392012, 0.26678787486855027
62, 0.1276886997267037, 0.14263816458972933
63, 0.7453186946154727, 0.6917164324351872
64, 0.2841238950319833, 0.6616282426030173
65, 0.4463939767514028, 0.9891512633586523
66, 0.29217018751508694, 0.9756543382849795
67, 0.6934568831470764, 0.23206962376678408
68, 0.8478753868836828, 0.30437968355254585
69, 0.2748297381580104, 0.6153975960618484
70, 0.4848408912597306, 0.4814212253940884
71, 0.9688161517895751, 0.17049326499945938
72, 0.317709059261327, 0.5860646463113574
73, 0.3957201207948028, 0.8788506481142082
74, 0.7489694147969482, 0.8962597805639159
75, 0.04640486976866531, 0.07364602428827349
76, 0.48657075214536016, 0.21314432513240433
77, 0.8099783170873117, 0.7111032360199234
78, 0.6493173723010178, 0.6434245154154431
79, 0.4777620894377306, 0.5407650607580544
80, 0.5201062582446986, 0.9218960189402129
81, 0.8931194342325978, 0.3068475269532178
82, 0.6426185550994344, 0.7358705879119358
83, 0.5023227477783263, 0.8034649816554493
84, 0.018267670709504524, 0.26332382373110474
85, 0.8155559955034303, 0.8623368378958475
86, 0.6574002870939799, 0.8729994179075483
87, 0.9416704879497597, 0.900896591416471
88, 0.5130778342715037, 0.9381003671140684
89, 0.5868815356878362, 0.906664479488138
90, 0.09123449509995973, 0.197553870906375
91, 0.43397340877079504, 0.8165799946523831
92, 0.16071622511487027, 0.37090566727328744
93, 0.6065774571991256, 0.5461516167440346
94, 0.44202120795379385, 0.3341197571508152
95, 0.9895457161551112, 0.661511230716307
96, 0.317510018387121, 0.8184929133878996
97, 0.713974327600176, 0.09901715650820209
98, 0.836205831244685, 0.023811650191620348
99, 0.9003536982049729, 0.2832977337177779
100, 0.7254515016824193, 0.8770379270859091
101, 0.5240693084794081, 0.588468684265096
102, 0.36534559127620236, 0.9120421723702902
103, 0.9422714176811471, 0.6264282340021144
104, 0.3213042193026783, 0.6247968978570231
105, 0.08016436403316529, 0.5731365855770539
106, 0.9862133407417828, 0.5421290197485632
107, 0.8187761562282445, 0.3687902596516167
108, 0.9604217953902112, 0.5643539097087661
109, 0.7086394253982976, 0.5537426386837109
110, 0.995709770247553, 0.5018131840382967
111, 0.6100704648282272, 0.2006128021850816
112, 0.565472604121085, 0.8046268241647464
113, 0.38993125900261716, 0.9782485254094927
114, 0.34974362428220995, 0.32584335404987164
115, 0.6884295558285727, 0.6065552582258785
116, 0.7050626495613571, 0.8130690943055411
117, 0.9824557191603062, 0.5675391927838556
118, 0.09010616293201945, 0.8597238844513649
119, 0.4269507881141199, 0.9369481025294354
120, 0.9317954539010485, 0.08908840214743707
121, 0.4456549275171239, 0.47129344015193575
122, 0.23238476711067557, 0.9512326290005624
123, 0.9227599291541967, 0.09965397019277078
124, 0.3098983895613998, 0.5528912943230715
125, 0.4641412096211275, 0.5656670778619125
126, 0.01680086179594653, 0.6482382669214815
127, 0.9304973287288324, 0.06238649728183587
128, 0.7023736374755855, 0.06315220536246746
129, 0.8190333311883055, 0.6541919576259826
130, 0.06209518711828632, 0.21801279585441424
131, 0.7337026860344134, 0.6365680976669454
132, 0.6769719576880356, 0.3436556941932477
133, 0.5008939718238676, 0.2127570780827286
134, 0.40331175715452616, 0.82412911076261
135, 0.2726684771576462, 0.8375808403194276
136, 0.20626821337239876, 0.7860975837618697
137, 0.011028671873375306, 0.2997620742739361
138, 0.7497666065724451, 0.5977514379266085
139, 0.5603056780279654, 0.7170563209614664
140, 0.1653777605464012, 0.45469014373479155
141, 0.9305335871699543, 0.0693656859496733
142, 0.8010374212905715, 0.6936194039641754
143, 0.14561390153466958, 0.44217089583894065
144, 0.02606518507391986, 0.5481692598190158
145, 0.8890709698204421, 0.0013703333689364383
146, 0.556007956900811, 0.006353849482086504
147, 0.9907222593257824, 0.14211770437549487
148, 0.43605075975840435, 0.6034251228060663
149, 0.04627628018611507, 0.5686194245929651
150, 0.0883390676188992, 0.019466473749274238
151, 0.0009981974577094599, 0.33148325867909545
152, 0.028388858745854062, 0.44519555901404506
153, 0.10458090084000915, 0.49253165484270367
154, 0.4277226641023597, 0.49973121787640995
155, 0.6841422982393428, 0.6528799849319149
156, 0.862433488520692, 0.3930704326539579
157, 0.8428368564862239, 0.8958626759039122
158, 0.5677044253480734, 0.15790090916382027
159, 0.7455503754125162, 0.7117620016338904
160, 0.2538510198177648, 0.6708843945698433
161, 0.25337456604478603, 0.46559835108294445
162, 0.13165626315262835, 0.9396814872788213
163, 0.6577327861879572, 0.5565958624330399
164, 0.5329184828753136, 0.8286651344389254
165, 0.09332778820680898, 0.9649118477876928
166, 0.5030844929556471, 0.6370588069464295
167, 0.1939589889890514, 0.524630882541555
168, 0.18138964281446623, 0.8233140147698981
169, 0.7331119247866517, 0.2311861695687597
170, 0.46777075110463917, 0.837880523537147
171, 0.8320475045210226, 0.10978970224242468
172, 0.35507122194496565, 0.6092776412487408
173, 0.859773566590004, 0.10929040051432881
174, 0.25326150779262435, 0.5337045386121585
175, 0.8379193286696098, 0.82898313399882
176, 0.8234405227910635, 0.5178477009739356
177, 0.48472504395586724, 0.5341173781350551
178, 0.20478580995401974, 0.12607532269729094
179, 0.8557474211441672, 0.21988228115884667
180, 0.3562798509953403, 0.9944373115721978
181, 0.2021579579038324, 0.993889592806282
182, 0.7784017854805029, 0.42799738593786973
183, 0.9711886716884787, 0.3142191641366826
184, 0.26141132165097825, 0.7673117980170172
185, 0.40180373344826315, 0.503382067458394
186, 0.42399056789183687, 0.38272084658278926
187, 0.964319013802973, 0.5213703321082575
188, 0.1736921289447776, 0.7943829799024038
189, 0.3171092546710318, 0.3372675852635274
190, 0.7946573233538047, 0.8353198849535115
191, 0.6624971387756277, 0.9028222912694326
192, 0.42937632329238107, 0.11362473553337193
193, 0.06259222878456938, 0.5479872046928935
194, 0.9026857134806773, 0.6450589211544862
195, 0.5377161574666478, 0.8605334274865016
196, 0.8182623073377969, 0.9365893073254395
197, 0.5283068420516328, 0.47378073756667516
198, 0.4199012435459183, 0.695587856662057
199, 0.4105727551000058, 0.07043432488122003
200, 0.6242339309355608, 0.9399710454593966
201, 0.35791360208081424, 0.44476215518114925
202, 0.8193172827791446, 0.7859814316008894
203, 0.43297330686607616, 0.8529565413495312
204, 0.5204862501335968, 0.7353802616495084
205, 0.5112999029393632, 0.9426035976435321
206, 0.8709730412099556, 0.1924623378367214
207, 0.4573904315903907, 0.6929747347418688
208, 0.8912427783454614, 0.8618098610964549
209, 0.819218630195524, 0.4248841360163126
210, 0.6045544891742374, 0.9765623166646787
211, 0.13498083816984485, 0.7673550040745505
212, 0.07645036980335318, 0.16615736412261428
213, 0.5721722882289015, 0.45897427132404744
214, 0.40632651741593273, 0.6142831719975766
215, 0.9067107540951264, 0.6724579182866564
216, 0.3087316301875088, 0.33034794809481627
217, 0.8929520327038881, 0.8449519181506008
218, 0.5876047186409775, 0.008863909457066832
219, 0.7433392610002185, 0.7004723743521768
220, 0.8040864293564575, 0.7358366673821762
221, 0.9488713871884991, 0.8693068272197553
222, 0.16390386182492556, 0.3878404331086954
223, 0.5235978203828531, 0.11196590853824695
224, 0.3575160335516234, 0.7940696709498575
225, 0.3017310725825265, 0.7164078237623344
226, 0.5084230377142691, 0.5572723796020264
227, 0.5700309290842891, 0.8328289151403224
228, 0.6806506690388743, 0.5211383975190659
229, 0.12413032524637757, 0.26765024392238124
230, 0.8676156640715118, 0.8714472104538605
231, 0.7084196455223672, 0.31731438254094757
232, 0.4464531728850696, 0.8516029733782058
233, 0.18350162443349005, 0.3890999714025397
234, 0.9088218653979618, 0.6237358156428299
235, 0.9415695270842747, 0.9716502433500988
236, 0.32989853118875834, 0.9709043868884513
237, 0.18301358979810467, 0.1948947922207177
238, 0.2508621374929273, 0.8690219307634408
239, 0.9246366117404, 0.898968065387651
240, 0.37144808177558486, 0.7898144739753423
241, 0.5676201673855645, 0.4414694711820447
242, 0.402250037820837, 0.8309019759255316
243, 0.20568917535728226, 0.399107994582361
244, 0.9167436943750773, 0.16432441203283088
245, 0.7716094981077074, 0.8096609219028228
246, 0.8396002968215573, 0.017595858560623734
247, 0.2559605650002412, 0.5699331936665278
248, 0.04500289197049345, 0.04699828886085611
249, 0.16322708554951948, 0.7565485154204133
250, 0.6424445512936353, 0.63906948256981
251, 0.801353776319831, 0.9509458871328769
252, 0.4800748942489538, 0.4062841454095599
253, 0.9382323477687154, 0.06857482019724637
254, 0.03842580438617016, 0.9319765028719705
255, 0.8463124591978007, 0.18291004500403996
256, 0.6834911147175197, 0.14042139216356375
257, 0.00762687893239733, 0.40421048524156167
258, 0.8491606823652078, 0.6381286700812802
259, 0.4185994898509269, 0.46236310203314135
260, 0.6931925477362705, 0.23160026600077455
261, 0.49998296905610706, 0.02276662839973398
262, 0.1766996984664838, 0.5350009065774196
263, 0.6374148150343545, 0.3410757782424495
264, 0.2389829247117531, 0.2626752480624036
265, 0.9604431756894619, 0.989453173540044
266, 0.8782668870219866, 0.6799018831469488
267, 0.7099607850023625, 0.9823006511879353
268, 0.059088922523300114, 0.7434046133870567
269, 0.026149959389918376, 0.033496441991745396
270, 0.6267156713429773, 0.1769036226076236
271, 0.4827962074340567, 0.2337604304348303
272, 0.4599098310737896, 0.05669833099415578
273, 0.8162412230408295, 0.9650042742613937
274, 0.13892700805123126, 0.10030116397818023
275, 0.5733499923979155, 0.8928016495874258
276, 0.3501196659131931, 0.25590596261015697
277, 0.4457839201656776, 0.5885084274146398
278, 0.15202836862107583, 0.7026665602519253
279, 0.17135133230113508, 0.055133385270415
280, 0.2919978668584726, 0.9978661012997833
281, 0.6397892959114522, 0.936034148914425
282, 0.6134520983651993, 0.3355410854167252
283, 0.49845646076548566, 0.3918000616127757
284, 0.6943221844215958, 0.3586061701929961
285, 0.36088339385767154, 0.884120292038437
286, 0.9756781494381526, 0.2054023784993373
287, 0.3792608399384232, 0.18341237462384008
288, 0.14131364222412113, 0.21961630535045673
289, 0.8580006436823385, 0.21296369429321393
290, 0.427401251708032, 0.6208605638545782
291, 0.8295427785888784, 0.5770266580017339
292, 0.5616314798516111, 0.8914080967463839
293, 0.24072217144843888, 0.9014715733328692
294, 0.8754898284843935, 0.6495090107262529
295, 0.12418909687129787, 0.46286800887754576
296, 0.7105896624875768, 0.8338168666241603
297, 0.6391994943030832, 0.37079045560757895
298, 0.46031239821324144, 0.5660664824765421
299, 0.9058688473686527, 0.9351576199134027
300, 0.5501954439286117, 0.4099495470067257
301, 0.9978428940606618, 0.776236320672098
302, 0.745445503907894, 0.32672676442734117
303, 0.36929638230562745, 0.48644859368629056
304, 0.04779986403565062, 0.6786122671730302
305, 0.44670339773408196, 0.8778244999942663
306, 0.844366809141664, 0.48729247749505633
307, 0.280524261168975, 0.28377834356650167
308, 0.42487537880858695, 0.3726111086958668
309, 0.17401729040800484, 0.07914952734969616
310, 0.489762413967194, 0.346733811574205
311, 0.7434867000081432, 0.5166506540599903
312, 0.08048894359487402, 0.680311473757151
313, 0.33896821531900945, 0.8209525431193644
314, 0.8117328259592976, 0.4696240628214057
315, 0.5624266146335092, 0.5984884271258837
316, 0.7859717699022611, 0.2217621824717323
317, 0.7182098189222327, 0.6462699277547379
318, 0.6231454311914442, 0.10722373952353514
319, 0.39020731683495125, 0.34111411404592673
320, 0.33627029469666236, 0.4753867276221633
321, 0.993298091804713, 0.9033226483264678
322, 0.28198557002130364, 0.41285577888528124
323, 0.18307108258144966, 0.2258141498996561
324, 0.802608222083669, 0.15952747743920614
325, 0.160324333640408, 0.8641703019894054
326, 0.2502659555083431, 0.5011560583469956
327, 0.10485138184449472, 0.15205140855726074
328, 0.6329837934617474, 0.5745485773372768
329, 0.2783294173130756, 0.980049433535622
330, 0.46401555933663896, 0.7225113631540644
331, 0.3362885548604839, 0.3440556162048667
332, 0.16558491201054493, 0.6292625555112487
333, 0.21533794520938687, 0.13589076291675584
334, 0.9479553518579554, 0.1860460516570317
335, 0.7405756552376497, 0.11204758973267026
336, 0.743512707707546, 0.5277951074046405
337, 0.33228745574437757, 0.6991626923450242
338, 0.31587008891008206, 0.6104010137173365
339, 0.9699037132775878, 0.7378265041098949
340, 0.7956191523770276, 0.26717366759899
341, 0.44772019591462275, 0.8575259098178443
342, 0.9529126294302518, 0.9631974837086172
343, 0.2989064841224959, 0.9544623590376121
344, 0.6671899173590459, 0.20580732112854616
345, 0.6461083170939106, 0.5678608734449216
346, 0.8725131055274753, 0.9163066404030513
347, 0.5808396946937981, 0.20061291968520634
348, 0.7646811277506811, 0.36597074137755126
349, 0.9479382172532829, 0.000722026683203203
350, 0.87295872745754, 0.8119267732773818
351, 0.47042921961394246, 0.3113705348230623
352, 0.22102856329440423, 0.07778502242026919
353, 0.22123524379487558, 0.4335243808736491
354, 0.9306631118938963, 0.8524299849568967
355, 0.9073500106539031, 0.08664765166394617
356, 0.12241483723780888, 0.9195689376601738
357, 0.35242059248734514, 0.5935500196900745
358, 0.5662081046517995, 0.11890291116783525
359, 0.17379980979559972, 0.12898815627701787
360, 0.7962581546048703, 0.07203423700127609
361, 0.15963566768398374, 0.3895902310973146
362, 0.0725812674667603, 0.6009833759165785
363, 0.3376186789553861, 0.34812429240857334
364, 0.9989600333517732, 0.9101564450378343
365, 0.7949708182535049, 0.5140022564986642
366, 0.4784368445974696, 0.9651008569750146
367, 0.29814562158169045, 0.08706491778550973
368, 0.14076771334143612, 0.9617084242975064
369, 0.93920829663012, 0.21024168154683054
370, 0.40522771557551795, 0.025727441755794
371, 0.5556912218257338, 0.3829771173121179
372, 0.2829656564986336, 0.4997329082909727
373, 0.11641950893464315, 0.23618619950295594
374, 0.9285452984971497, 0.2630346965756728
375, 0.19652941637992571, 0.0636857038339359
376, 0.05190948544540941, 0.8091580333961871
377, 0.0002051273821704891, 0.2083986231739564
378, 0.027888976439360613, 0.30859232701430905
379, 0.9911266036876603, 0.9953120023790295
380, 0.6537920825532029, 0.19174200569947641
381, 0.5763244495401727, 0.03166984705576059
382, 0.659951175537547, 0.39166646372251224
383, 0.24963665912019295, 0.031139829004246833
384, 0.6253423695924024, 0.4500153878859142
385, 0.836755051423767, 0.19596364183217074
386, 0.3171234919376027, 0.5390842284040218
387, 0.6688691589858912, 0.3799598465235734
388, 0.334196133644145, 0.08704853199101492
389, 0.4612189212420681, 0.48579480597115676
390, 0.4402581305865195, 0.4837880141310329
391, 0.38191118387970047, 0.9454384628268293
392, 0.042209719995259354, 0.07840949275369846
393, 0.16786343744923082, 0.5321962012496596
394, 0.3101438458258844, 0.6195700380111326
395, 0.5403342074588935, 0.058186514735728445
396, 0.32084292860500974, 0.36406036514885076
397, 0.9354312128016028, 0.10391447274047128
398, 0.4467221722681841, 0.5488224978483917
399, 0.5187897312647424, 0.09382112724939207
400, 0.9659294728755744, 0.5682135468525606
401, 0.7941776806634836, 0.993116175278345
402, 0.9026880753046863, 0.5738756541269169
403, 0.6717029330174383, 0.7297922374221931
404, 0.002180683370862635, 0.20302500499228626
405, 0.33228049826920925, 0.5308191139200309
406, 0.19217753652393188, 0.5524082533827318
407, 0.8515873464023186, 0.8833368778854489
408, 0.7003266463464165, 0.5437383461354863
409, 0.22909180834148346, 0.42271659673244566
410, 0.33590428710165754, 0.1400693800062377
411, 0.4283080729711094, 0.5176611804071114
412, 0.6478996705644521, 0.3446268257940519
413, 0.035253672388116275, 0.22493299174466197
414, 0.10222700832113918, 0.4766419665469861
415, 0.5719146977522876, 0.6059297230830017
416, 0.8099673040603707, 0.36332044604201075
417, 0.09973759406357097, 0.19819718418489174
418, 0.5370426538142425, 0.2910597926536843
419, 0.0003196479432016064, 0.5919759945625657
420, 0.36070831287548555, 0.6432432580841557
421, 0.7733659985939944, 0.12201335609126018
422, 0.8913708259297225, 0.21167069699354502
423, 0.253378403848626, 0.9332393753677085
424, 0.6444419439012736, 0.07405851442847755
425, 0.3251309774620166, 0.15268021160023915
426, 0.8677121729648588, 0.6374629155538577
427, 0.6398084573348383, 0.40804889414018486
428, 0.04441862755735093, 0.20444914777234158
429, 0.5501485590501548, 0.506029264354998
430, 0.11150512935215762, 0.48519306802412154
431, 0.5058671745253183, 0.7893663786179623
432, 0.9565989509136961, 0.11491232999172152
433, 0.8332222661292843, 0.7657600250727529
434, 0.7348963442745174, 0.4188846005808565
435, 0.6224869554609751, 0.09993919836929355
436, 0.4876933504585912, 0.7103864468592688
437, 0.09739386263563732, 0.5752483496692967
438, 0.6647738967430249, 0.3523994568706822
439, 0.43162158380964644, 0.07683305479348868
440, 0.4144708516052268, 0.29128799752521384
441, 0.3826496553327031, 0.12293798405926748
442, 0.21156720353309466, 0.4180739708220059
443, 0.5225808538904888, 0.20046879364923098
444, 0.7264693428949688, 0.8580094497039076
445, 0.21754933390806352, 0.429673096695689
446, 0.6341328018494721, 0.27593781081430957
447, 0.894774966110897, 0.015059654156087343
448, 0.48487545367565843, 0.5157917728578951
449, 0.6536453604620395, 0.031052121297458712
450, 0.08638955547980631, 0.43513577192382347
451, 0.3857762658671793, 0.2411357882849201
452, 0.39356198996769354, 0.3074634284860379
453, 0.6327602781610925, 0.5968678982574915
454, 0.5872170089317503, 0.3119199123629127
455, 0.7008519093044147, 0.9352610635010621
456, 0.7504675042052283, 0.6599665180071321
457, 0.42061533312557864, 0.716260472084238
458, 0.7623707395695714, 0.8491968071242285
459, 0.004884592847390623, 0.9342271024343861
460, 0.9257514076832462, 0.7538269450387932
461, 0.8240835132940487, 0.5434452043484226
462, 0.6567041858980441, 0.7825940407766722
463, 0.8796232625898722, 0.2958083166393505
464, 0.34161467190232075, 0.36886892230240187
465, 0.0992563826120808, 0.6201628298001982
466, 0.9962055620911798, 0.44201222834350473
467, 0.8009158455389257, 0.9895208428869849
468, 0.016437015335848626, 0.6296730622947544
469, 0.28386075267865496, 0.7021889492840541
470, 0.1864307995584329, 0.332788481639378
471, 0.3423282596280578, 0.5673070525199019
472, 0.8310357700319483, 0.7731417353838566
473, 0.028191988153579928, 0.7975733571357196
474, 0.12700886688444046, 0.6268661808358083
475, 0.651623936574254, 0.011606295442446735
476, 0.49893475520611574, 0.09045652822859862
477, 0.7606628026604009, 0.1795002201040793
478, 0.6199572650802977, 0.5609882006335764
479, 0.4578601118425105, 0.5042462485555946
480, 0.4068956812480359, 0.19458104686940247
481, 0.18270706911623913, 0.7915315689857798
482, 0.09969706655416954, 0.8996271574814653
483, 0.031157878499550984, 0.02918182227645827
484, 0.5602267608851803, 0.5981538491270305
485, 0.6024042657557959, 0.9014195560703807
486, 0.02673013787933165, 0.8206783256841843
487, 0.5841497293804192, 0.7524776181028251
488, 0.15161960976365263, 0.4860114058926358
489, 0.6543233556422938, 0.4543090125008802
490, 0.11406373962869054, 0.9680117527629053
491, 0.6479984849652476, 0.22929575617977072
492, 0.8900418282926116, 0.7993747377830037
493, 0.396115761359351, 0.6851565754790939
494, 0.2700629094266398, 0.6642271015577619
495, 0.16683555498247382, 0.9755579614044412
496, 0.49304433662625935, 0.20866501041120977
497, 0.9574944614520298, 0.3743434306636301
498, 0.8748160946579816, 0.03040864381971209
499, 0.19408211488997817, 0.27341843908515095
500, 0.7581267722015541, 0.3952047869078338
501, 0.5914686566658451, 0.4567275876259689
502, 0.4881652216653819, 0.5734710861264054
503, 0.9685467551509592, 0.3598272986732588
504, 0.21596340715981754, 0.06420820285050866
505, 0.6200850505747477, 0.6387468930267494
506, 0.9335347675810579, 0.4640537637483555
507, 0.6135847905051436, 0.08481812711805892
508, 0.5703046393256139, 0.2938940842323394
509, 0.8316432798231018, 0.46896285231695467
510, 0.514117304351924, 0.6847680817576626
511, 0.5040081029603433, 0.20338510861164316
512, 0.9995308269130787, 0.7169057931007007
513, 0.13428513356150307, 0.21065830024991228
514, 0.24857366480773924, 0.7492895048339949
515, 0.19202014010008261, 0.00038320381832124273
516, 0.23067566218261792, 0.27795701251749194
517, 0.6690862369214877, 0.27549978368982064
518, 0.6629614693912663, 0.2923311321482167
519, 0.13227268248515578, 0.8301032293074287
520, 0.07461118943688105, 0.7513575967561714
521, 0.15572276410350394, 0.7913799081876859
522, 0.547875479321795, 0.5250921684395061
523, 0.4405857556684095, 0.4365585007712883
524, 0.9071573057661065, 0.7675140700795167
525, 0.7256465394252942, 0.22501692438969922
526, 0.3645706297554594, 0.5438927013005997
527, 0.3697082559304413, 0.24876110635983684
528, 0.6861264687118248, 0.0916520726957486
529, 0.6130458323340711, 0.5588774141572113
530, 0.8101020851546221, 0.03508585767004335
531, 0.09844238445038078, 0.8484309525574978
532, 0.5951995620021985, 0.047789167267880406
533, 0.9866725288846306, 0.7207220374683507
534, 0.37622837197306225, 0.03956793441460482
535, 0.4469165986572571, 0.04702526907754645
536, 0.8929236695410137, 0.6884502167602042
537, 0.3074931524193544, 0.2752509268540049
538, 0.5908066982587175, 0.7305756462684561
539, 0.3420411706928651, 0.7558858508187848
540, 0.5602498910834504, 0.5841400351343592
541, 0.333095613262011, 0.6599683550211037
542, 0.7761299531705302, 0.7722532008697821
543, 0.8912973699594118, 0.8740087402716548
544, 0.7598242201507571, 0.6114598575940985
545, 0.09114208462028761, 0.40308336130246347
546, 0.7433212623506559, 0.6739260378814395
547, 0.3255152783651851, 0.5217853968724409
548, 0.6962417884116018, 0.20740261439263608
549, 0.9037478945134527, 0.35784288789107466
550, 0.34765636822125634, 0.6929106383188075
551, 0.04981930980791072, 0.5638020474505488
552, 0.8514657071048567, 0.5521014088388929
553, 0.9055670642456486, 0.726110373821097
554, 0.08171318959578466, 0.4203952937059139
555, 0.626405579495533, 0.46818878845490686
556, 0.4299921286381363, 0.8710876600840756
557, 0.8691436956377182, 0.5738215803898327
558, 0.7251132275613825, 0.4785874466925417
559, 0.05689389414922086, 0.9466789425708476
560, 0.7080137982591068, 0.4254039874420579
561, 0.35507781631004454, 0.005985476528231226
562, 0.4956185087543258, 0.2497149478911137
563, 0.4344613850337993, 0.4900275760719284
564, 0.900458080072648, 0.7787814506815832
565, 0.6300689995717706, 0.7593397651308105
566, 0.9371959503163483, 0.6440150251267854
567, 0.4823559694875177, 0.5053912001006324
568, 0.7547559854934442, 0.7663185999261206
569, 0.42265600903407397, 0.30925279361799285
570, 0.3308435105171418, 0.1519124913882306
571, 0.1270022771153706, 0.29655472758753376
572, 0.4310657303164437, 0.16029998664747402
573, 0.5323145189685924, 0.5032466195809611
574, 0.18578887201409622, 0.3635708826595099
575, 0.4015639823785261, 0.6364998430720066
576, 0.5315498247626157, 0.06864547063530824
577, 0.10359557848945311, 0.49641423468054313
578, 0.8739522527080453, 0.08596347759716272
579, 0.7770614167132308, 0.8473071970247601
580, 0.9056917470559882, 0.16866314133986637
581, 0.22148897909066745, 0.008800094024489113
582, 0.3848501272081396, 0.40190098611429326
583, 0.3073571955747322, 0.967223804811358
584, 0.8157792037987153, 0.047206880245602045
585, 0.43496464873143736, 0.19992522171905336
586, 0.09006724106481634, 0.2340748973693364
587, 0.26626226730825664, 0.4624735307431529
588, 0.5080808965654169, 0.9411273859968915
589, 0.8826295880240388, 0.6246112404091693
590, 0.9254106357153993, 0.5655553984921244
591, 0.6340194587018343, 0.80446245735698
592, 0.4273431942489919, 0.1549689904926005
593, 0.2097136873574479, 0.2443520171693846
594, 0.8476898981325721, 0.19532473191620703
595, 0.682122473481782, 0.32687955355858156
596, 0.3730304786262326, 0.6888376383768073
597, 0.1534358522602044, 0.4033241011745531
598, 0.161967082391282, 0.935721445073722
599, 0.7275452501080991, 0.4203339765267061
end_nodes
0, 1
0, 2
0, 3
0, 4
0, 5
0, 6
0, 7
0, 8
0, 9
0, 10
0, 11
0, 12
0, 13
0, 14
0, 15
0, 16
0, 17
0, 18
0, 19
0, 20
0, 21
0, 22
0, 23
0, 24
1, 11
1, 15
1, 17
1, 26
1, 39
1, 60
1, 68
1, 71
1, 81
1, 93
1, 95
1, 99
1, 106
1, 107
1, 108
1, 110
1, 117
1, 120
1, 123
1, 127
1, 141
1, 147
1, 156
2, 17
2, 22
2, 28
2, 29
2, 44
2, 53
2, 67
2, 97
2, 98
2, 111
2, 123
2, 127
2, 128
2, 132
2, 145
2, 146
2, 158
2, 169
2, 171
2, 173
2, 179
2, 206
2, 213
3, 12
3, 15
3, 16
3, 23
3, 30
3, 33
3, 36
3, 49
3, 51
3, 52
3, 54
3, 57
3, 58
3, 59
3, 65
3, 66
3, 73
3, 74
3, 77
3, 78
3, 80
3, 82
3, 83
4, 13
4, 14
4, 47
4, 61
4, 72
4, 75
4, 84
4, 90
4, 92
4, 105
4, 124
4, 125
4, 130
4, 137
4, 140
4, 143
4, 144
4, 149
4, 151
4, 152
4, 153
4, 167
4, 174
5, 13
5, 19
5, 27
5, 32
5, 34
5, 41
5, 42
5, 43
5, 45
5, 48
5, 64
5, 69
5, 101
5, 104
5, 118
5, 126
5, 136
5, 148
5, 160
5, 168
5, 172
5, 184
5, 188
6, 8
6, 24
6, 35
6, 56
6, 62
6, 70
6, 75
6, 90
6, 114
6, 150
6, 178
6, 186
6, 189
6, 216
6, 237
6, 248
6, 264
6, 269
6, 274
6, 279
6, 288
6, 307
6, 308
7, 8
7, 14
7, 55
7, 79
7, 90
7, 92
7, 121
7, 154
7, 161
7, 177
7, 185
7, 201
7, 226
7, 229
7, 233
7, 243
7, 259
7, 288
7, 303
7, 320
7, 322
7, 326
7, 353
8, 55
8, 56
8, 70
8, 189
8, 216
8, 264
8, 288
8, 307
8, 464
8, 516
8, 523
8, 582
8, 593
9, 18
9, 20
9, 21
9, 22
9, 24
9, 37
9, 38
9, 76
9, 94
9, 133
9, 192
9, 197
9, 199
9, 223
9, 252
9, 261
9, 271
9, 272
9, 279
9, 283
9, 287
9, 300
9, 310
10, 19
10, 23
10, 25
10, 46
10, 52
10, 89
10, 96
10, 102
10, 118
10, 122
10, 134
10, 135
10, 162
10, 165
10, 166
10, 181
10, 198
10, 207
10, 224
10, 238
10, 240
10, 242
10, 254
11, 15
11, 39
11, 60
11, 228
11, 306
11, 311
11, 314
11, 336
11, 478
11, 506
11, 509
11, 529
11, 549
12, 31
12, 33
12, 57
12, 86
12, 139
12, 204
12, 315
12, 415
12, 487
12, 510
12, 538
12, 565
12, 591
13, 48
13, 69
13, 72
13, 101
13, 105
13, 126
13, 144
13, 148
13, 149
13, 172
13, 277
13, 332
13, 338
13, 357
13, 362
13, 419
13, 420
13, 437
13, 465
13, 468
13, 474
14, 92
14, 125
14, 161
14, 174
14, 226
14, 233
14, 326
14, 353
14, 386
14, 398
14, 405
14, 442
14, 445
14, 526
14, 547
15, 16
15, 40
15, 50
15, 59
15, 60
15, 63
15, 74
15, 77
15, 85
15, 87
15, 100
15, 103
15, 108
15, 109
15, 115
15, 129
15, 131
15, 138
15, 142
15, 155
16, 40
16, 63
16, 78
16, 116
16, 129
16, 131
16, 142
16, 155
16, 159
16, 219
16, 296
16, 317
16, 403
16, 546
16, 557
16, 568
17, 44
17, 68
17, 81
17, 93
17, 99
17, 123
17, 179
17, 206
17, 244
17, 255
17, 284
17, 289
17, 302
17, 348
17, 382
17, 385
17, 387
17, 416
17, 422
17, 427
17, 434
18, 20
18, 300
18, 371
18, 418
18, 443
19, 27
19, 118
19, 135
19, 166
19, 168
19, 184
19, 198
19, 337
19, 493
19, 519
19, 539
19, 540
19, 550
19, 596
20, 22
20, 133
20, 223
20, 241
20, 371
20, 395
20, 418
20, 443
20, 511
20, 576
21, 24
21, 38
21, 94
21, 197
21, 252
21, 276
21, 287
21, 410
21, 425
21, 429
21, 440
21, 451
21, 452
21, 480
21, 522
21, 527
21, 569
21, 570
21, 573
22, 29
22, 37
22, 146
22, 158
22, 213
22, 241
22, 261
22, 282
22, 347
22, 358
22, 370
22, 395
22, 399
22, 476
22, 508
22, 515
22, 534
22, 561
22, 576
22, 581
23, 31
23, 33
23, 46
23, 49
23, 73
23, 89
23, 91
23, 170
23, 191
23, 195
23, 203
23, 232
23, 242
23, 315
23, 330
23, 341
23, 436
23, 484
23, 485
23, 556
24, 276
24, 279
24, 308
24, 352
24, 410
25, 96
25, 166
25, 198
25, 457
26, 68
26, 93
26, 107
26, 416
27, 493
27, 540
27, 550
27, 596
28, 111
28, 128
28, 146
28, 218
28, 256
28, 263
28, 270
28, 318
28, 344
28, 380
28, 381
28, 424
28, 435
28, 446
28, 449
28, 475
28, 491
28, 507
28, 528
28, 532
29, 158
29, 282
29, 347
30, 65
30, 74
30, 85
30, 87
30, 157
30, 180
30, 181
30, 190
30, 196
30, 200
30, 202
30, 208
30, 210
30, 217
30, 230
30, 235
30, 239
30, 251
30, 265
30, 267
30, 273
30, 280
30, 281
31, 33
31, 139
31, 315
31, 510
32, 41
32, 42
32, 211
32, 249
32, 268
32, 376
32, 473
32, 486
32, 520
32, 541
33, 49
33, 57
33, 83
33, 112
33, 204
33, 227
33, 431
33, 510
34, 41
34, 43
34, 64
34, 126
34, 160
34, 278
34, 304
34, 312
34, 494
35, 75
35, 269
36, 52
36, 66
36, 80
36, 119
36, 122
36, 181
36, 329
36, 343
36, 391
36, 423
36, 583
37, 150
37, 192
37, 199
37, 279
37, 367
37, 370
37, 375
37, 383
37, 388
37, 439
37, 441
37, 504
37, 534
37, 572
37, 581
37, 592
38, 94
38, 440
38, 451
38, 480
38, 569
38, 585
39, 156
39, 209
39, 228
39, 314
39, 549
39, 558
40, 109
40, 115
40, 138
40, 155
40, 163
40, 176
40, 328
40, 345
40, 408
40, 453
41, 126
41, 268
41, 278
41, 304
41, 473
41, 541
42, 45
42, 118
42, 126
42, 188
42, 211
42, 249
42, 254
42, 376
42, 419
42, 459
42, 468
42, 469
42, 473
42, 482
42, 486
42, 521
42, 531
43, 64
43, 126
43, 494
44, 302
44, 384
44, 422
44, 427
44, 489
44, 555
44, 560
45, 188
45, 469
45, 521
46, 207
46, 224
46, 240
46, 330
46, 484
47, 75
47, 130
47, 140
47, 212
47, 269
47, 392
47, 586
47, 597
48, 69
48, 420
48, 465
49, 83
49, 91
49, 164
49, 170
49, 195
49, 203
50, 115
50, 138
50, 461
51, 82
51, 462
52, 80
52, 89
52, 102
52, 122
52, 191
52, 423
53, 67
53, 97
53, 98
53, 128
53, 246
53, 260
53, 335
53, 360
53, 421
53, 475
53, 525
53, 530
53, 548
53, 584
54, 73
54, 195
54, 275
54, 292
54, 305
55, 121
55, 288
55, 396
55, 516
56, 70
56, 464
56, 582
58, 78
58, 82
58, 250
58, 505
59, 77
59, 258
60, 506
61, 84
61, 130
61, 143
61, 269
61, 377
61, 404
61, 413
61, 428
62, 75
62, 90
62, 237
62, 327
62, 417
63, 291
63, 456
63, 546
63, 552
64, 160
64, 494
65, 66
65, 88
65, 113
65, 181
65, 200
65, 205
65, 210
65, 236
65, 329
65, 366
65, 588
66, 88
66, 236
66, 329
66, 391
66, 583
66, 588
67, 260
67, 412
67, 517
67, 518
68, 81
68, 416
68, 463
69, 104
69, 172
69, 394
70, 114
70, 523
71, 120
71, 127
71, 141
71, 147
71, 253
71, 334
71, 349
71, 369
71, 374
71, 397
71, 432
72, 357
73, 195
73, 275
73, 292
73, 305
74, 100
74, 202
74, 220
74, 245
74, 294
74, 402
74, 426
74, 455
74, 458
74, 579
74, 589
75, 90
75, 212
75, 269
75, 327
75, 392
76, 197
76, 283
77, 100
77, 258
77, 444
77, 542
78, 250
78, 403
79, 161
79, 326
79, 372
80, 119
81, 99
81, 463
82, 462
82, 505
83, 164
83, 227
83, 431
84, 137
84, 151
84, 377
84, 378
84, 488
84, 545
85, 175
85, 190
85, 194
85, 202
85, 215
85, 217
85, 234
85, 266
85, 267
85, 294
85, 350
85, 402
85, 433
85, 460
85, 472
85, 492
85, 524
85, 536
85, 553
85, 564
85, 566
85, 589
86, 565
86, 591
87, 95
87, 103
87, 108
87, 208
87, 217
87, 221
87, 235
87, 239
87, 265
87, 273
87, 299
87, 301
87, 321
87, 339
87, 342
87, 354
87, 364
87, 379
87, 400
87, 460
87, 492
87, 512
88, 205
88, 366
88, 588
89, 102
89, 191
89, 285
89, 485
90, 92
90, 222
90, 229
90, 259
90, 288
90, 323
90, 327
90, 361
90, 373
90, 389
90, 390
90, 417
90, 499
90, 513
90, 567
90, 571
91, 203
92, 154
92, 222
92, 229
92, 233
92, 243
92, 322
92, 470
92, 574
93, 107
93, 182
93, 348
93, 416
93, 434
93, 599
94, 252
94, 271
94, 351
94, 527
94, 569
94, 585
95, 106
95, 110
95, 117
95, 187
95, 221
95, 339
95, 400
95, 512
95, 533
96, 198
97, 128
97, 297
97, 335
97, 412
97, 517
97, 518
97, 548
98, 145
98, 169
98, 246
98, 421
98, 477
98, 525
100, 220
100, 245
100, 444
100, 542
101, 148
101, 277
101, 290
101, 575
102, 285
103, 108
104, 172
104, 394
105, 149
105, 362
105, 437
106, 110
106, 117
108, 400
109, 176
109, 365
109, 408
110, 147
110, 183
110, 286
110, 466
110, 497
110, 503
110, 512
111, 146
111, 263
111, 270
111, 318
111, 380
111, 381
111, 435
111, 446
111, 491
111, 507
111, 532
112, 227
113, 236
113, 588
114, 189
114, 331
114, 363
114, 523
115, 138
116, 296
116, 403
117, 187
118, 188
118, 238
118, 325
118, 481
118, 482
118, 519
118, 531
120, 141
120, 334
120, 369
120, 374
120, 397
121, 288
121, 396
122, 181
122, 343
122, 423
123, 127
123, 244
123, 255
123, 580
124, 125
124, 174
124, 247
124, 471
125, 174
125, 298
125, 386
125, 471
125, 502
125, 526
126, 304
126, 312
126, 332
126, 468
126, 473
126, 474
127, 141
127, 145
127, 171
127, 173
127, 231
127, 253
127, 316
127, 349
127, 355
127, 447
127, 498
127, 578
128, 256
128, 297
128, 475
128, 528
129, 142
129, 557
130, 140
130, 143
130, 167
130, 269
130, 428
131, 155
131, 159
131, 219
131, 291
131, 317
131, 456
131, 544
131, 546
131, 552
132, 171
132, 173
132, 324
133, 300
133, 443
133, 496
133, 511
134, 240
134, 242
134, 313
134, 330
135, 198
135, 539
136, 168
136, 225
136, 514
136, 519
137, 151
137, 295
137, 378
137, 488
137, 545
137, 554
138, 155
138, 461
139, 315
142, 568
143, 167
144, 149
144, 151
144, 152
144, 193
144, 257
144, 419
144, 551
145, 146
145, 169
145, 171
145, 218
145, 246
145, 349
145, 438
145, 447
145, 475
145, 477
145, 498
145, 515
145, 595
146, 218
146, 381
146, 515
147, 286
147, 349
147, 466
148, 172
148, 214
148, 290
148, 338
148, 575
149, 362
149, 551
150, 178
150, 248
150, 269
150, 274
150, 279
150, 309
150, 359
150, 483
150, 515
150, 581
151, 152
151, 153
151, 257
151, 262
151, 377
151, 393
151, 406
151, 414
151, 419
151, 430
151, 450
151, 554
151, 577
152, 193
152, 577
153, 393
153, 406
153, 414
153, 430
153, 577
154, 322
155, 317
155, 544
156, 209
156, 558
157, 196
157, 208
157, 239
157, 346
157, 543
158, 347
158, 358
158, 454
158, 508
159, 219
159, 546
161, 326
161, 353
161, 372
161, 411
161, 587
162, 165
162, 254
162, 356
162, 459
162, 559
163, 328
163, 345
163, 365
163, 408
165, 181
165, 293
165, 368
165, 459
165, 490
165, 495
165, 559
165, 598
166, 198
166, 457
168, 184
168, 225
168, 519
169, 438
169, 477
170, 195
170, 203
170, 232
170, 341
171, 173
171, 324
171, 498
171, 578
171, 595
172, 214
172, 338
172, 394
173, 231
173, 316
173, 324
173, 355
174, 247
175, 524
175, 553
177, 233
177, 303
177, 409
177, 442
178, 279
178, 309
178, 333
179, 284
179, 289
179, 340
180, 181
180, 280
181, 280
181, 293
181, 329
181, 343
181, 368
181, 490
181, 495
181, 598
183, 286
183, 497
183, 503
185, 320
185, 353
185, 445
186, 308
186, 319
188, 481
188, 521
188, 531
189, 216
189, 331
189, 363
189, 523
189, 537
190, 202
190, 267
191, 485
192, 199
194, 215
194, 234
194, 536
194, 566
195, 305
195, 341
195, 556
196, 239
196, 251
196, 346
197, 252
197, 283
197, 429
197, 562
198, 457
198, 539
199, 439
200, 210
200, 281
201, 229
201, 322
201, 448
201, 470
201, 479
201, 563
201, 574
202, 294
202, 433
202, 472
202, 579
204, 510
205, 366
206, 289
206, 340
206, 385
206, 594
207, 484
208, 217
208, 230
208, 239
208, 407
208, 543
209, 558
211, 376
212, 586
212, 597
213, 454
213, 501
213, 508
215, 536
215, 566
216, 307
216, 537
217, 230
217, 492
218, 424
218, 449
218, 475
220, 245
220, 458
221, 512
221, 533
222, 361
222, 571
223, 576
224, 240
226, 326
226, 398
226, 405
226, 547
227, 431
228, 306
228, 311
228, 529
228, 558
229, 373
229, 390
229, 448
229, 470
230, 407
231, 316
232, 341
233, 243
233, 409
233, 442
234, 266
234, 566
234, 590
235, 265
235, 273
235, 299
235, 342
235, 467
236, 588
237, 417
238, 254
238, 325
238, 482
239, 251
239, 346
239, 543
240, 313
240, 330
242, 330
244, 580
245, 458
246, 475
246, 530
246, 584
248, 269
248, 274
250, 505
252, 271
252, 283
252, 310
252, 351
252, 527
253, 349
253, 432
254, 356
254, 459
254, 482
255, 385
255, 580
256, 344
257, 419
259, 390
260, 517
260, 548
261, 272
261, 439
261, 476
261, 534
261, 535
262, 393
262, 406
263, 446
264, 307
265, 342
265, 379
265, 401
265, 467
266, 590
268, 473
268, 520
269, 377
269, 392
269, 404
269, 413
269, 428
269, 483
270, 318
271, 351
272, 439
273, 299
274, 359
275, 292
276, 452
279, 309
279, 333
279, 352
279, 375
279, 383
279, 572
280, 379
283, 310
286, 497
287, 480
288, 323
288, 389
288, 396
288, 499
288, 593
289, 340
290, 575
291, 456
291, 552
293, 598
294, 433
294, 579
294, 589
295, 554
296, 403
298, 502
300, 443
300, 496
301, 321
301, 364
301, 512
302, 422
302, 427
302, 489
303, 320
303, 442
303, 445
304, 312
306, 311
308, 319
311, 529
314, 509
314, 549
315, 415
316, 355
318, 435
320, 445
321, 364
322, 574
323, 513
325, 482
326, 372
326, 547
328, 345
328, 453
331, 363
332, 474
334, 369
334, 397
335, 548
337, 550
339, 400
341, 556
347, 358
348, 434
348, 599
349, 432
349, 515
350, 460
350, 492
350, 564
353, 411
353, 445
353, 587
354, 460
354, 492
360, 530
360, 584
361, 571
363, 523
364, 379
364, 512
365, 408
367, 375
367, 388
367, 441
367, 504
367, 572
368, 495
368, 598
369, 374
370, 534
373, 390
375, 383
375, 504
375, 572
376, 486
377, 404
377, 419
378, 545
379, 401
380, 491
381, 532
382, 387
382, 427
384, 555
385, 594
386, 526
387, 427
388, 441
389, 499
389, 567
391, 583
393, 406
393, 430
393, 450
395, 576
398, 405
399, 476
402, 426
402, 589
405, 547
409, 442
410, 425
410, 570
411, 587
412, 518
413, 428
414, 430
416, 434
416, 500
418, 443
419, 459
419, 468
420, 465
421, 525
424, 449
425, 570
427, 489
429, 522
429, 562
430, 450
433, 472
434, 500
434, 599
435, 507
436, 484
439, 534
439, 535
440, 451
440, 569
441, 572
442, 445
444, 542
446, 491
447, 498
448, 479
448, 563
449, 475
454, 508
456, 546
459, 559
460, 492
460, 524
460, 553
460, 564
460, 566
464, 582
466, 512
470, 574
473, 486
473, 520
475, 528
475, 530
478, 529
479, 563
483, 515
487, 538
487, 565
488, 545
490, 495
493, 596
497, 503
498, 578
507, 532
509, 549
512, 533
514, 519
515, 561
515, 581
517, 518
517, 548
522, 573
524, 553
529, 558
530, 584
534, 535
538, 565
550, 596
553, 566
561, 581
565, 591
566, 590
572, 592
586, 597
end