260
4
0, 0.7950182038439498, 0.07273777147035598
1, 0.019232545454433647, 0.1258470844941676
2, 0.4373576258030606, 0.04996488743519367
3, 0.2732763378377744, 0.18043173660116174
4, 0.13214749959113825, 0.26781961568820156
5, 0.7428465397460263, 0.07927405656456854
6, 0.05766847733753466, 0.4841622937451193
7, 0.6528702906347393, 0.2900586966328351
8, 0.057992975689577175, 0.009990884250394405
9, 0.4453378163489463, 0.5750439227969653
10, 0.9438633310872189, 0.5341292447708009
11, 0.8172334167750698, 0.34114556726758694
12, 0.9403948078745062, 0.1680900339500253
13, 0.734637722437163, 0.22951418674219004
14, 0.22293977442351565, 0.7425147794205887
15, 0.4895979728445462, 0.8787181062236145
16, 0.8591938665469684, 0.9205849370774832
17, 0.32220719986716495, 0.1915349463885917
18, 0.040520484193520834, 0.17894489283433246
19, 0.6359241383342985, 0.21629668930887813
20, 0.5595762313336586, 0.8054098192696534
21, 0.546564852991428, 0.8288819382385263
22, 0.2354576257198454, 0.15715273490746828
23, 0.1630279067479694, 0.8912937394475072
24, 0.699608219046898, 0.9002320907337094
25, 0.98378487428936, 0.4730713954236646
26, 0.008850636091919606, 0.726280976113223
27, 0.9756093671204571, 0.4875597238600028
28, 0.2329208611843876, 0.9825177256339147
29, 0.5464842685921821, 0.4324466045490387
30, 0.31653929691605687, 0.5517191595980492
31, 0.934187457061783, 0.9002464753976118
32, 0.28346205291182325, 0.41369418124022284
33, 0.024515163357364034, 0.5672622670773847
34, 0.4685897439380895, 0.8823611773819621
35, 0.5033026738906906, 0.11518421812117097
36, 0.6770172253704619, 0.9812757322075786
37, 0.23261610229361473, 0.6805171713097096
38, 0.14800047836022845, 0.026978310519841564
39, 0.8660928572399023, 0.1185263094268274
40, 0.30301130610721805, 0.8039200212509185
41, 0.7587779736353781, 0.2226911146064361
42, 0.27472835263897033, 0.30937151007282027
43, 0.2532198649287867, 0.15895157541823235
44, 0.09519888702023149, 0.49975996981796766
45, 0.15118072845734165, 0.7098180175658909
46, 0.367352797696464, 0.7978111205575998
47, 0.498281586086633, 0.9656643233778317
48, 0.2737180891794361, 0.7047694955744629
49, 0.17674879638573426, 0.7376681617870402
50, 0.5005384517455643, 0.9528784111739556
51, 0.11781144681386446, 0.44326718370344786
52, 0.5462832585758416, 0.07973200442896489
53, 0.5779632771742391, 0.5687218888930048
54, 0.6511820746554017, 0.43629638022896955
55, 0.9160978377143307, 0.1567745718744984
56, 0.00201854785184985, 0.4268141768919361
57, 0.7233018064770308, 0.16247308703527807
58, 0.6972684364329486, 0.6603579266213698
59, 0.9429252345133718, 0.25440703323700853
60, 0.8994387344300523, 0.29497778675330755
61, 0.8041370970713447, 0.5772621553614735
62, 0.7667054703298579, 0.2842199077725289
63, 0.9730128638210549, 0.04874724705450939
64, 0.7580518558998137, 0.2805025776540484
65, 0.9938655922871561, 0.17199020387409214
66, 0.34321677131985373, 0.14920518574043362
67, 0.6083112670584788, 0.6286425476313301
68, 0.41453961232425673, 0.17733598118313187
69, 0.915886408205549, 0.8170431215417279
70, 0.4462543431821405, 0.7768048387474876
71, 0.3253844681613114, 0.4547614618278142
72, 0.8780599581425262, 0.9980732342270376
73, 0.5794554363541368, 0.7833043164628958
74, 0.20026922864791952, 0.4370541962517772
75, 0.46290226293945524, 0.753021183196749
76, 0.3671557740017659, 0.47471696572121447
77, 0.6830508411545214, 0.3564524985375095
78, 0.22948443123533235, 0.5559251395610111
79, 0.2593451236062623, 0.1632391633264637
80, 0.11906207736853558, 0.6635687357665812
81, 0.8922823643843345, 0.380899573262082
82, 0.4362659209473998, 0.3031077158553296
83, 0.7499446786751066, 0.7291611921642153
84, 0.23868154221506155, 0.19672586632596423
85, 0.7947417230316889, 0.9684623290408784
86, 0.02410888750404494, 0.2985593169908858
87, 0.48458183208813066, 0.18086930403903023
88, 0.8952815091020532, 0.989435196499578
89, 0.4293508004907477, 0.4860953487728834
90, 0.611595352969809, 0.0019369792078453019
91, 0.9950785911417342, 0.12030175558855039
92, 0.0650635932568987, 0.7027553357606052
93, 0.0272043567731024, 0.17594144325623018
94, 0.4524755925957663, 0.05449452371631247
95, 0.6027137732008175, 0.8235649745762341
96, 0.43697575756032025, 0.8742596499521856
97, 0.03142640713625111, 0.21713126026757967
98, 0.8845933098965139, 0.6411413365970288
99, 0.9801222367139781, 0.8309896431480772
100, 0.0021045797644250186, 0.7398621687618747
101, 0.802276220231442, 0.4926178246087274
102, 0.774652691397825, 0.5480820966189891
103, 0.29833489161633675, 0.46465077007807243
104, 0.410954714994739, 0.794559496120676
105, 0.5214482401427101, 0.4104596579518004
106, 0.0381518958539786, 0.6510893565367557
107, 0.41148819519276314, 0.5670516752998926
108, 0.270592024212263, 0.8716992748451626
109, 0.8733479103535912, 0.016692485179272465
110, 0.065429026866202, 0.7501118103500026
111, 0.38807305332480735, 0.9628777918533964
112, 0.4153124542769744, 0.31749563366047295
113, 0.9403957380559114, 0.7524102642226952
114, 0.7861630258631904, 0.9462602259159347
115, 0.08964894125266398, 0.7249582654347495
116, 0.6395699864288754, 0.6653991673483186
117, 0.25655628142448206, 0.7530999790677073
118, 0.0016309252641079075, 0.7106159371004475
119, 0.8122609949474853, 0.6667860822586862
120, 0.3746137843691635, 0.9096657154575688
121, 0.526838687471089, 0.08814984979412221
122, 0.3828655049154336, 0.9842290261251118
123, 0.9013526807939093, 0.12415453302443091
124, 0.3109079914811608, 0.8572739116976882
125, 0.5898338059499906, 0.3585464713592639
126, 0.23800832630652036, 0.36595923225387794
127, 0.13388191939714, 0.36427665376367424
128, 0.7866164342015393, 0.7917596881168295
129, 0.7888090725248416, 0.48449931787805733
130, 0.7976719385129897, 0.08783413753038505
131, 0.5442043443288334, 0.8395460111087091
132, 0.07162214759357577, 0.7517970583294963
133, 0.12131498804108742, 0.6148335277849167
134, 0.7573329774664697, 0.03516889339509077
135, 0.24163028978548973, 0.8106098776539384
136, 0.754186061683498, 0.02384098762117215
137, 0.6339365343171144, 0.36346073265862966
138, 0.9574051179206846, 0.039322142103789814
139, 0.31874755009241795, 0.4076988785578336
140, 0.33465579299547, 0.11951354643246104
141, 0.790525630087332, 0.10395474533757976
142, 0.45207488151227815, 0.7977600459738087
143, 0.5802455495421165, 0.8826982862165864
144, 0.6422395873957975, 0.9470387702630574
145, 0.8546283448161027, 0.39610560187735244
146, 0.8939148293704774, 0.4497157773407289
147, 0.01114266351664528, 0.23822865563996876
148, 0.44774487412271224, 0.8869200428909491
149, 0.8316036364693407, 0.1779437733857796
150, 0.8335001859626306, 0.3012189058241823
151, 0.5666352822552528, 0.620044812300076
152, 0.4868919467342333, 0.06802539002020613
153, 0.7935780848819564, 0.1020586139865417
154, 0.5754011461942915, 0.2996700070154149
155, 0.6299888567400569, 0.8218197051133451
156, 0.5301006119231626, 0.9109456575388929
157, 0.26283936841891564, 0.4084029871088777
158, 0.5611125573060203, 0.34000269501742353
159, 0.9692777039627162, 0.3796802387941012
160, 0.42834765600529356, 0.05132781789856111
161, 0.2083643868671644, 0.36989936119171507
162, 0.21908571711794556, 0.3406408732088446
163, 0.1470086200850076, 0.1331058616640851
164, 0.3752888120867962, 0.09852115586277621
165, 0.7939306849319004, 0.7194743884597236
166, 0.23701597219964254, 0.2577393447733911
167, 0.44826655686137973, 0.8321394491025412
168, 0.011505801335273791, 0.10039704043838404
169, 0.32308746472899874, 0.39091430252816284
170, 0.7308308119709283, 0.12616151219147786
171, 0.15120038219769727, 0.5812594865490806
172, 0.794767994889793, 0.26967882737522
173, 0.8685908878555874, 0.2536749775940287
174, 0.4051952371507175, 0.05758837671261596
175, 0.35653259799314196, 0.8743198021823615
176, 0.18361595689094123, 0.281422378553137
177, 0.5064376072751895, 0.595927405034069
178, 0.9376110573589299, 0.7506781706775375
179, 0.956947332128306, 0.4394289286908335
180, 0.671999074384291, 0.19087795582167877
181, 0.7275391333544223, 0.5651835151204377
182, 0.06226311849369448, 0.7159611510784613
183, 0.03777569926850721, 0.8136538740632406
184, 0.29330083269349905, 0.2069363556849727
185, 0.5898067902795602, 0.6354758061374941
186, 0.459516463537361, 0.9771701696179365
187, 0.2310232110460111, 0.8956487442183437
188, 0.2261230683541865, 0.6312150899730167
189, 0.2648691197559313, 0.8323825654026842
190, 0.6426289089967524, 0.06289536834605858
191, 0.6730899876469908, 0.9202156893863669
192, 0.9963834051448626, 0.34994179492002486
193, 0.05030569214063407, 0.9736492272081734
194, 0.30132025183392375, 0.8249251195009201
195, 0.9579222724993065, 0.4280623749685636
196, 0.6280469860622753, 0.8440708497261286
197, 0.2394069081030129, 0.17100902956976283
198, 0.7561391503230644, 0.4242982487996082
199, 0.35751248712808403, 0.5697928342126813
200, 0.018984215409113547, 0.6954037499705082
201, 0.4856198226354108, 0.14197946001006545
202, 0.6250598500183118, 0.9717762751641886
203, 0.16616361730406037, 0.6544900889860129
204, 0.6152155385196924, 0.5499918086923505
205, 0.2778793617563473, 0.9370792284779432
206, 0.007030094785970276, 0.19844289912483848
207, 0.6900417085733017, 0.6968867135735376
208, 0.26604975255076935, 0.4297209622840755
209, 0.6262996602228794, 0.08833502416046635
210, 0.848981149638843, 0.34761181692529397
211, 0.8844745931061395, 0.426144240297195
212, 0.024925974067048995, 0.2385849458111935
213, 0.14161753564558344, 0.9615085398951414
214, 0.4940545297784059, 0.2038557776302441
215, 0.6887430779914064, 0.5163314946538843
216, 0.2996107421101062, 0.28818511323665963
217, 0.4209064159821111, 0.9332329785036358
218, 0.6140163707097775, 0.56372355332605
219, 0.7578590050904273, 0.7243940522554565
220, 0.5566417678566962, 0.8600832306847496
221, 0.728279827431491, 0.7960110421513934
222, 0.4937221651612863, 0.33824293516173254
223, 0.22093420870872782, 0.6263522885070713
224, 0.7257848726308481, 0.42821653023909356
225, 0.038606040985942336, 0.552878577306101
226, 0.30990246273301525, 0.8926962069523324
227, 0.18159940695994692, 0.09999491664518523
228, 0.05101168217525598, 0.6502350936439965
229, 0.6462272456565651, 0.30364580927554086
230, 0.924761184495213, 0.5825596103878445
231, 0.878421988001419, 0.859116674449102
232, 0.791763066789743, 0.6054130235827
233, 0.8095476320513911, 0.8501367463583118
234, 0.17758220401452485, 0.12132144842566539
235, 0.23864989657007818, 0.3149325042854101
236, 0.02565586772712991, 0.8560156142101887
237, 0.6084474422876851, 0.6353936417968362
238, 0.8966706819804806, 0.6436218349053302
239, 0.05378889120890762, 0.7920241409162185
240, 0.5631502193183615, 0.341303366475621
241, 0.8948458179090095, 0.6758949152589128
242, 0.5577781064887375, 0.1140457405358859
243, 0.7773105240043313, 0.332689445210944
244, 0.9462513953703261, 0.4725317362311866
245, 0.025613192060320644, 0.4705803464203646
246, 0.9842294603589445, 0.08734030995057251
247, 0.5630482485058249, 0.7623835886762584
248, 0.9378516513743663, 0.7635988321623373
249, 0.6445810717240466, 0.8939844890875678
250, 0.8579406169131785, 0.20204015300730527
251, 0.9306246819817725, 0.41316564171472503
252, 0.4820379045890374, 0.27247529896294576
253, 0.18077262205875766, 0.9252126800927327
254, 0.6594095160495105, 0.7208362290333317
255, 0.7091858875023307, 0.8777661312354993
256, 0.17196597104531364, 0.4596425547605151
257, 0.43452894519917473, 0.7337528283400468
258, 0.3352438168535927, 0.6121678455860283
259, 0.5375002120519337, 0.8266322278966004
end_nodes
0, 1
0, 2
0, 3
0, 4
0, 5
0, 6
0, 7
0, 8
0, 9
0, 10
0, 11
0, 12
0, 13
0, 14
0, 15
0, 16
17, 84
17, 97
17, 147
17, 212
19, 6
19, 14
19, 26
19, 30
19, 32
19, 33
19, 37
19, 42
19, 44
19, 45
19, 49
19, 51
19, 56
19, 71
19, 74
19, 76
20, 21
20, 47
20, 50
20, 131
22, 18
22, 93
25, 134
25, 136
27, 134
27, 136
29, 9
29, 28
29, 40
29, 108
29, 187
29, 189
29, 194
29, 253
35, 1
35, 18
35, 93
35, 140
35, 163
35, 168
35, 227
35, 234
38, 11
38, 59
38, 60
38, 81
38, 145
38, 159
38, 173
38, 179
38, 192
38, 195
38, 210
38, 251
39, 1
39, 3
39, 4
39, 6
39, 8
39, 9
39, 10
39, 11
39, 12
39, 14
39, 15
39, 16
39, 18
39, 21
39, 23
39, 24
41, 6
41, 9
41, 14
41, 15
41, 21
41, 23
41, 24
41, 26
41, 28
41, 30
41, 32
41, 33
41, 34
41, 36
41, 37
41, 40
43, 18
43, 93
43, 206
46, 205
46, 226
48, 193
52, 1
52, 18
52, 59
52, 60
52, 81
52, 93
52, 140
52, 159
52, 163
52, 164
52, 168
52, 173
52, 179
52, 192
52, 195
52, 210
53, 34
53, 96
53, 148
53, 217
54, 15
54, 21
54, 47
54, 50
54, 131
54, 185
54, 186
54, 204
54, 218
54, 247
54, 259
55, 1
55, 3
55, 4
55, 6
55, 8
55, 9
55, 10
55, 11
55, 12
55, 14
55, 15
55, 16
55, 18
55, 21
55, 23
55, 24
57, 3
57, 4
57, 6
57, 9
57, 14
57, 15
57, 18
57, 23
57, 26
57, 28
57, 30
57, 32
57, 33
57, 34
57, 37
57, 40
62, 9
62, 14
62, 15
62, 21
62, 23
62, 24
62, 28
62, 34
62, 36
62, 37
62, 40
62, 45
62, 47
62, 49
62, 50
62, 58
63, 1
63, 2
63, 3
63, 4
63, 5
63, 6
63, 8
63, 9
63, 10
63, 11
63, 12
63, 14
63, 15
63, 16
63, 18
63, 21
64, 9
64, 14
64, 15
64, 21
64, 23
64, 24
64, 28
64, 34
64, 36
64, 37
64, 40
64, 45
64, 47
64, 49
64, 50
64, 58
65, 1
65, 3
65, 4
65, 6
65, 8
65, 10
65, 14
65, 15
65, 16
65, 18
65, 21
65, 23
65, 24
65, 26
65, 28
65, 30
66, 18
66, 79
66, 93
66, 206
67, 15
67, 34
67, 47
67, 50
67, 111
67, 122
67, 148
67, 186
67, 217
67, 247
67, 259
68, 3
68, 84
68, 97
68, 147
68, 184
68, 206
68, 212
73, 47
73, 50
73, 156
73, 220
77, 15
77, 21
77, 47
77, 50
77, 131
77, 156
77, 185
77, 186
77, 204
77, 218
77, 220
77, 247
77, 259
78, 26
78, 92
78, 100
78, 118
78, 200
82, 6
82, 32
82, 33
82, 44
82, 51
82, 56
82, 74
82, 112
82, 126
82, 157
82, 161
82, 225
82, 245
82, 256
87, 4
87, 84
87, 86
87, 97
87, 147
87, 166
87, 176
87, 184
87, 206
87, 212
89, 14
89, 37
89, 49
89, 193
89, 199
89, 236
90, 12
90, 59
90, 60
90, 159
90, 173
90, 192
90, 195
91, 1
91, 3
91, 4
91, 6
91, 8
91, 9
91, 10
91, 14
91, 15
91, 16
91, 18
91, 21
91, 23
91, 24
91, 26
91, 28
94, 11
94, 59
94, 60
94, 81
94, 159
94, 173
94, 179
94, 192
94, 195
94, 210
94, 251
103, 106
103, 118
103, 133
103, 171
103, 200
103, 228
105, 14
105, 23
105, 37
105, 49
105, 107
105, 117
105, 135
105, 193
105, 199
105, 213
105, 258
109, 1
109, 2
109, 3
109, 4
109, 6
109, 8
109, 9
109, 10
109, 11
109, 14
109, 15
109, 16
109, 18
109, 21
109, 23
109, 24
116, 47
116, 50
116, 95
116, 131
116, 143
116, 156
116, 220
121, 1
121, 18
121, 60
121, 81
121, 93
121, 140
121, 159
121, 163
121, 164
121, 173
121, 179
121, 192
121, 195
121, 206
121, 210
121, 234
123, 1
123, 3
123, 4
123, 6
123, 8
123, 9
123, 10
123, 11
123, 14
123, 15
123, 16
123, 18
123, 21
123, 23
123, 24
123, 26
124, 28
125, 9
125, 23
125, 28
125, 40
125, 107
125, 108
125, 117
125, 135
125, 187
125, 189
125, 193
125, 194
125, 213
125, 253
130, 1
130, 3
130, 4
130, 6
130, 7
130, 8
130, 9
130, 10
130, 11
130, 12
130, 14
130, 15
130, 16
130, 18
130, 21
130, 23
137, 28
137, 40
137, 70
137, 75
137, 96
137, 104
137, 108
137, 111
137, 120
137, 122
137, 142
137, 167
137, 175
137, 177
137, 194
137, 205
138, 1
138, 2
138, 3
138, 4
138, 6
138, 8
138, 9
138, 10
138, 11
138, 12
138, 16
138, 18
138, 21
138, 23
138, 24
138, 26
139, 33
139, 225
141, 1
141, 3
141, 4
141, 6
141, 7
141, 8
141, 9
141, 10
141, 11
141, 16
141, 21
141, 23
141, 24
141, 26
141, 28
141, 30
149, 4
149, 6
149, 10
149, 11
149, 16
149, 23
149, 24
149, 26
149, 28
149, 30
149, 31
149, 32
149, 33
149, 34
149, 36
149, 37
150, 11
150, 16
150, 24
150, 31
150, 34
150, 36
150, 47
150, 50
150, 58
150, 61
150, 69
150, 72
150, 83
150, 85
150, 88
150, 95
151, 34
152, 59
152, 60
152, 81
152, 159
152, 168
152, 173
152, 179
152, 192
152, 195
152, 210
152, 227
152, 251
153, 1
153, 3
153, 4
153, 8
153, 10
153, 11
153, 12
153, 16
153, 24
153, 26
153, 28
153, 30
153, 31
153, 32
153, 33
153, 34
154, 26
154, 30
154, 33
154, 37
154, 45
154, 49
154, 71
154, 76
154, 80
154, 92
154, 100
154, 106
154, 110
154, 115
154, 118
154, 132
158, 26
158, 30
158, 37
158, 45
158, 49
158, 76
158, 80
158, 92
158, 100
158, 110
158, 115
158, 117
158, 118
158, 132
158, 182
158, 183
162, 56
162, 127
169, 32
169, 33
169, 44
169, 208
169, 225
169, 256
170, 1
170, 3
170, 4
170, 8
170, 26
170, 28
170, 30
170, 32
170, 33
170, 34
170, 37
170, 40
170, 42
170, 44
170, 45
170, 49
172, 16
172, 24
172, 28
172, 34
172, 36
172, 37
172, 40
172, 47
172, 49
172, 50
172, 58
172, 61
172, 70
172, 72
172, 75
172, 83
180, 26
180, 30
180, 32
180, 33
180, 37
180, 42
180, 44
180, 45
180, 49
180, 51
180, 56
180, 71
180, 74
180, 76
180, 80
180, 86
190, 2
190, 8
190, 12
190, 59
190, 60
190, 93
190, 140
190, 159
190, 160
190, 163
190, 164
190, 168
190, 173
190, 174
190, 179
190, 192
197, 93
197, 206
198, 24
198, 34
198, 36
198, 47
198, 50
198, 58
198, 83
198, 95
198, 131
198, 143
198, 144
198, 155
198, 156
198, 181
198, 186
198, 191
201, 3
201, 79
201, 84
201, 93
201, 97
201, 147
201, 163
201, 206
201, 212
209, 12
209, 59
209, 60
209, 79
209, 84
209, 86
209, 93
209, 97
209, 140
209, 147
209, 159
209, 163
209, 173
209, 179
209, 184
209, 192
214, 42
214, 56
214, 86
214, 127
214, 166
214, 176
214, 216
214, 235
215, 34
215, 47
215, 50
215, 95
215, 111
215, 122
215, 131
215, 143
215, 148
215, 155
215, 156
215, 186
215, 196
215, 217
215, 220
215, 237
222, 26
222, 33
222, 71
222, 80
222, 92
222, 100
222, 106
222, 110
222, 115
222, 118
222, 132
222, 133
222, 171
222, 182
222, 200
222, 203
224, 34
224, 36
224, 47
224, 50
224, 58
224, 70
224, 75
224, 95
224, 96
224, 111
224, 120
224, 122
224, 131
224, 142
224, 143
224, 144
229, 28
229, 37
229, 40
229, 49
229, 107
229, 108
229, 117
229, 135
229, 175
229, 187
229, 189
229, 193
229, 194
229, 199
229, 205
229, 213
240, 30
240, 37
240, 45
240, 49
240, 76
240, 80
240, 92
240, 100
240, 110
240, 115
240, 117
240, 118
240, 132
240, 182
240, 183
240, 188
242, 79
242, 93
242, 140
242, 163
242, 164
242, 168
242, 206
242, 227
242, 234
243, 34
243, 36
243, 47
243, 50
243, 58
243, 70
243, 75
243, 83
243, 85
243, 95
243, 96
243, 102
243, 104
243, 108
243, 111
243, 114
244, 134
244, 136
246, 2
246, 8
246, 10
246, 12
246, 16
246, 30
246, 31
246, 32
246, 33
246, 36
246, 37
246, 40
246, 42
246, 44
246, 45
246, 47
250, 10
250, 11
250, 30
250, 31
250, 33
250, 36
250, 40
250, 45
250, 47
250, 49
250, 50
250, 58
250, 61
250, 69
250, 70
250, 71
252, 32
252, 33
252, 44
252, 51
252, 56
252, 74
252, 112
252, 126
252, 127
252, 157
252, 161
252, 208
252, 225
252, 245
252, 256
257, 175
end