420
4
0, 0.6096700655653676, 0.8460171914255754
1, 0.8304436937785441, 0.2437781566905498
2, 0.19574584555383845, 0.6216800344371973
3, 0.16725173376866564, 0.49389860330981017
4, 0.984177202960577, 0.019803227358956788
5, 0.037215279535333545, 0.14390113649246905
6, 0.24866524955848635, 0.10258014319040032
7, 0.3079990531783824, 0.3139637357176097
8, 0.944188920286566, 0.5386885791528275
9, 0.36563031433846405, 0.2410743485567547
10, 0.9686505866552367, 0.06895892510966106
11, 0.3151712353488094, 0.4056274020302425
12, 0.9351625641799913, 0.5908159023165257
13, 0.494224580141177, 0.39026559576167397
14, 0.5020318548350718, 0.4369411527508843
15, 0.498637736307616, 0.3158968578756134
16, 0.8337432735797297, 0.9066043783713825
17, 0.4833049042177343, 0.26094950958185203
18, 0.05565882892533547, 0.9171990693514376
19, 0.7978439524996013, 0.726132097294346
20, 0.2490391327451682, 0.5318072115067638
21, 0.9316434293728538, 0.5337048236324095
22, 0.9308953100950791, 0.7054705074770693
23, 0.07860967813313124, 0.22160386708526414
24, 0.060106703174697906, 0.6538410980098901
25, 0.7002491345973147, 0.8881916031916878
26, 0.6917337405694675, 0.7878575109146813
27, 0.4748555270064636, 0.1764474932447082
28, 0.521678611148495, 0.04910061389791509
29, 0.9760477313245953, 0.760406343220968
30, 0.1093609547634472, 0.70128766667452
31, 0.1813224827820219, 0.6933630236577895
32, 0.5025244804963792, 0.4403208501419834
33, 0.2500086755576669, 0.06636113166102298
34, 0.5791764958933125, 0.8292339852275242
35, 0.28177569976972283, 0.8733253680325125
36, 0.686171465603593, 0.18469039612853755
37, 0.7076108567580234, 0.02396913801746614
38, 0.9582114981999283, 0.8860173221090263
39, 0.06763658272499973, 0.3964850846981667
40, 0.5058576634361965, 0.3537355189654504
41, 0.44345100173178376, 0.6652550897944057
42, 0.21785809992132565, 0.7819087251288445
43, 0.5664418731293895, 0.5564739641423551
44, 0.8478427722975785, 0.6652928495774839
45, 0.4332187509824157, 0.7562799742942293
46, 0.7229150543374898, 0.0838703172788684
47, 0.2910388800578988, 0.5574768487801205
48, 0.32138716497893716, 0.135924692628148
49, 0.7146683909591202, 0.8467049030471822
50, 0.612441480736958, 0.0012009488344315589
51, 0.019571394680626297, 0.6962396302266386
52, 0.41781143837606616, 0.7791391979735411
53, 0.8370954986713307, 0.12230543203315125
54, 0.9014038520914547, 0.9140935577082273
55, 0.12904195663545892, 0.6861474510359997
56, 0.033130147725316195, 0.0003425787561566196
57, 0.42590871433401534, 0.33944254331238355
58, 0.04180456429979096, 0.6334205452958872
59, 0.029019956701095695, 0.4608876308808002
60, 0.755204807616735, 0.30073731375927837
61, 0.2865660554571925, 0.11075250198788489
62, 0.8549882286853862, 0.7266397732085024
63, 0.9614932848055302, 0.9999574653550887
64, 0.9696051984809069, 0.8121871311473317
65, 0.7135431015593543, 0.3464733447670021
66, 0.7849686552963684, 0.5108379047071633
67, 0.6576728000481591, 0.5287255234066156
68, 0.06065993745000564, 0.7668594562937343
69, 0.10151163080837255, 0.8705250788665916
70, 0.717605385864137, 0.8993008816087521
71, 0.7713144308452101, 0.6642017566544781
72, 0.5967251941769006, 0.46327293909364853
73, 0.5065289321827938, 0.10473381411448257
74, 0.8967349078589211, 0.527430665842248
75, 0.6168727434542196, 0.7762874383699657
76, 0.40283591691391263, 0.23768760424839697
77, 0.7398564684915226, 0.3039077461830665
78, 0.7343153608552658, 0.5528436628416384
79, 0.2131472279428157, 0.8686830837469875
80, 0.6193313056968165, 0.25595997230360057
81, 0.3239066476696526, 0.5353988389373423
82, 0.49166761794593605, 0.6093019721595332
83, 0.7521570852508198, 0.14779830127540228
84, 0.2367991328799629, 0.5557301987503547
85, 0.8199998534120877, 0.6678702697606164
86, 0.6450915140520512, 0.806532654939066
87, 0.28198837078610717, 0.292251679382713
88, 0.054966808085972874, 0.9026231488512276
89, 0.9500835480330595, 0.6885892067176523
90, 0.26817959595012375, 0.08278155217096139
91, 0.07191398567332075, 0.10674292408615482
92, 0.6689919158821616, 0.5847661539197225
93, 0.9796914476875466, 0.9393864062696475
94, 0.038830516101424295, 0.16538321871402772
95, 0.45038742718607483, 0.14380368959904888
96, 0.6096279207924393, 0.7570497692079697
97, 0.06581332440179688, 0.5626248139832793
98, 0.03272674464107106, 0.12617887080275936
99, 0.3825369626385078, 0.021424186656913036
100, 0.19835518518142314, 0.4711422593169755
101, 0.8719732256539107, 0.2690195621232714
102, 0.7824691220508321, 0.25798649368550075
103, 0.691291917793819, 0.35800394125546753
104, 0.6359628662419455, 0.6791590651000521
105, 0.17152746765766635, 0.7831133905014308
106, 0.350685179110518, 0.6109560252495979
107, 0.5123259885490243, 0.42034364379454103
108, 0.8393549352615369, 0.49903391814211895
109, 0.4472598410983786, 0.5948390414888004
110, 0.222461964312217, 0.9248841908412744
111, 0.07929881936214078, 0.9519882178446819
112, 0.17735314732805407, 0.5391311452015944
113, 0.5113616918640005, 0.48270964875305633
114, 0.4301742841951387, 0.7392373051769795
115, 0.5882746641978979, 0.8999237752225072
116, 0.3060833002126091, 0.005429244916925313
117, 0.7665705338945863, 0.2597775535644674
118, 0.8995862751322865, 0.5991910003482456
119, 0.21530413425346817, 0.3159740572236539
120, 0.011597361725903421, 0.5444723860392695
121, 0.5268965103389793, 0.3646257246308625
122, 0.8569501305737044, 0.9454120113356044
123, 0.39025203149265564, 0.44963753335209933
124, 0.4824223633906318, 0.20992856680879157
125, 0.4721851332479273, 0.09817201429065003
126, 0.012261239030304072, 0.8584300276205602
127, 0.5208440650463692, 0.015589786392944283
128, 0.7448630543582766, 0.2017934047806964
129, 0.36985356047370044, 0.7669772653211484
130, 0.586402057554123, 0.6228929556879264
131, 0.09226437113891861, 0.8538798539943869
132, 0.9878014925411385, 0.9111485279070051
133, 0.5066433466502529, 0.5919648239244999
134, 0.3835394505378288, 0.5414618128904688
135, 0.8579412570581051, 0.569754566820045
136, 0.4042236676267881, 0.1479191911990052
137, 0.7057923809765665, 0.7573123616575054
138, 0.17323866854931347, 0.787963493998024
139, 0.333598134359105, 0.14590815574006777
140, 0.2690709228156857, 0.13890480074584988
141, 0.8737330073929592, 0.9193339463720545
142, 0.783462165381785, 0.8855065412062039
143, 0.47896233250277054, 0.9855639377421426
144, 0.9275034987604232, 0.2736629836833365
145, 0.5423381866678, 0.3543444200785424
146, 0.7399908123231855, 0.6477089482052848
147, 0.9628961567771981, 0.13957590175346268
148, 0.231981204826063, 0.3758971115450782
149, 0.8738832700359794, 0.864029160376103
150, 0.55492892777578, 0.38180202430870946
151, 0.7533027016189309, 0.14156149962627396
152, 0.6621983722292079, 0.3471521858114519
153, 0.6330096657678902, 0.6454444937119282
154, 0.4033326304273357, 0.2935974610610994
155, 0.9210724727046303, 0.7054742081881928
156, 0.22066720779026172, 0.7620194624749137
157, 0.25688614816218747, 0.12320207224904989
158, 0.4957122829048157, 0.5294035331684969
159, 0.9402418052471473, 0.15130108976411616
160, 0.8144457804687825, 0.7134931595168076
161, 0.22159495993690703, 0.8047664698325377
162, 0.3180574537851576, 0.9944125919995838
163, 0.42268249155151416, 0.3361976315250724
164, 0.24632345370865805, 0.14608759752463552
165, 0.3906002155959649, 0.5978569346673657
166, 0.5479585057978713, 0.4052570232996171
167, 0.8741862525895301, 0.747995251088371
168, 0.19510908221536738, 0.5746762301749394
169, 0.4267445814851324, 0.3407242194393978
170, 0.16960072704520857, 0.045503182374035056
171, 0.05956412103463227, 0.477675211807166
172, 0.39741629541578416, 0.10347241081032388
173, 0.09539146294505196, 0.5885353590038372
174, 0.7163740016361608, 0.18051363430222778
175, 0.004953888091214664, 0.8698157132997056
176, 0.5925728683538354, 0.23686299015708812
177, 0.44267566109233714, 0.10919583302993152
178, 0.7239312978757563, 0.1334998464153352
179, 0.6031432928616196, 0.4550739854352205
180, 0.7547283088146823, 0.9182943310241719
181, 0.9695387876208379, 0.9789276735224975
182, 0.2919797075260018, 0.7550447606068876
183, 0.3457662771721848, 0.37626298867861097
184, 0.0663072710666931, 0.28059341917822833
185, 0.5061143338665609, 0.2750519984594014
186, 0.4423900684088784, 0.5132090624910541
187, 0.4752025330147337, 0.2592026030461394
188, 0.13929417135506694, 0.4109871401130638
189, 0.5404687499601729, 0.9970694430784561
190, 0.9035745279880323, 0.3593774278715639
191, 0.6850938540557411, 0.5810847247426861
192, 0.4116512802819481, 0.4460617416367254
193, 0.374209217176406, 0.7720229868146333
194, 0.4505493789619702, 0.8221655915885632
195, 0.038675092796008004, 0.20761530069978673
196, 0.720248402328525, 0.09275258387705732
197, 0.7854648419488156, 0.8389467291234887
198, 0.6238236297936405, 0.6814345539426644
199, 0.9374749730799485, 0.6958886065709846
200, 0.4589306799327061, 0.47173842935481236
201, 0.9226473620564272, 0.6550039055425505
202, 0.15521444647271798, 0.409499315995262
203, 0.3581292776261804, 0.9387533217506221
204, 0.5204409559571858, 0.8295854476012229
205, 0.5720727350025471, 0.042220209993101054
206, 0.49756076803197336, 0.2496837925080686
207, 0.36945488957288974, 0.526200591980532
208, 0.9013007527221572, 0.3950132694814147
209, 0.5415718124038477, 0.555982453664025
210, 0.8337622922950317, 0.1923471839478954
211, 0.40492648615705995, 0.6843051074323059
212, 0.7935723299934065, 0.9996520262327552
213, 0.8334479901126263, 0.11683980632728574
214, 0.6185975775671997, 0.20574435762732146
215, 0.7490793456603775, 0.9321123678192722
216, 0.5225446367307153, 0.0847951128664175
217, 0.5377403698414319, 0.08956466689756049
218, 0.8522649873394444, 0.7445911348306311
219, 0.446021563497207, 0.025903400951211797
220, 0.127426129305931, 0.11542489476322615
221, 0.8512461804992828, 0.5727379732741983
222, 0.1443907563853698, 0.5447921743057945
223, 0.3730054483705565, 0.9378492096157874
224, 0.2182734248654865, 0.6023458840069336
225, 0.5351366068495437, 0.5690461430088902
226, 0.25558173845515986, 0.023226308091712333
227, 0.973459364828083, 0.778663181959551
228, 0.7407148429160616, 0.6622752162093765
229, 0.3238115609920327, 0.4561274233842244
230, 0.44695750125289, 0.994217114836965
231, 0.5704065889578963, 0.5838431790599868
232, 0.6739833226631737, 0.4790922555530803
233, 0.30782319431471306, 0.0859945101987325
234, 0.4821003935360383, 0.35808763910950103
235, 0.8506781658005498, 0.383511201160187
236, 0.6824327851420028, 0.0729145338894438
237, 0.426658283469485, 0.6839063827302906
238, 0.3976750660363394, 0.807046020718977
239, 0.5956835901509027, 0.02487207348054643
240, 0.7111836008250768, 0.7113648243284545
241, 0.1354999384957949, 0.7531386821676528
242, 0.24834769598633477, 0.27361409769626654
243, 0.26934945266388133, 0.688022074371403
244, 0.8579477601613035, 0.8107932032745154
245, 0.33299640909916006, 0.5172399547384754
246, 0.913589679208997, 0.015373818529259786
247, 0.7917403728632136, 0.4027124998422873
248, 0.06901878141852791, 0.48066509864952944
249, 0.754106729931781, 0.803460552601237
250, 0.49466565876213153, 0.26888192716397064
251, 0.8923785543413938, 0.9401664288243214
252, 0.6457407030887735, 0.5737738788106596
253, 0.9966557219415386, 0.9884455799598583
254, 0.6747186257120319, 0.14673216079216989
255, 0.03593116503249394, 0.8473645294003808
256, 0.6354652453825237, 0.44864005773459836
257, 0.3091214884018423, 0.18273178970970383
258, 0.2682770906208547, 0.4766524500461069
259, 0.12553587754897866, 0.9817284350340821
260, 0.23713566319918322, 0.5335392132099558
261, 0.4320036096842921, 0.31436370662516344
262, 0.8701419635864108, 0.26559276671815246
263, 0.731907933083947, 0.9167379557894229
264, 0.1889198711035679, 0.6171712037594622
265, 0.7203726993147309, 0.7576890579598712
266, 0.09633742791962696, 0.014543942006311483
267, 0.615117864478439, 0.7482422017151978
268, 0.47305895687590094, 0.48434834598339127
269, 0.6105338293845781, 0.026508923072867896
270, 0.8818793662397382, 0.5899692382631916
271, 0.9770916683419536, 0.2621409152995108
272, 0.510217674569549, 0.4537629093363815
273, 0.14379328639897682, 0.3656172406593945
274, 0.3832940874348092, 0.9006472319287991
275, 0.1512031604951387, 0.7434078614169037
276, 0.2902798682762464, 0.5300626151975046
277, 0.14060535391045537, 0.7170576201947756
278, 0.8926079628995297, 0.4858259834650063
279, 0.5844819429640637, 0.11772247224354304
280, 0.5765142852850914, 0.8655190457766346
281, 0.47115727451567524, 0.7909089362057247
282, 0.35341269903727124, 0.28738988862483683
283, 0.1622576553948265, 0.3555143102745102
284, 0.3700863810644539, 0.008699470718605662
285, 0.9599510239206968, 0.3176577036342002
286, 0.7790072072021127, 0.3091209408570893
287, 0.4544179714842119, 0.10239921102849914
288, 0.6117941288175159, 0.8651321171687003
289, 0.34334520579219674, 0.0019180075545019992
290, 0.7511120158991699, 0.09592353355193073
291, 0.7325557530010163, 0.5380048227372735
292, 0.22222419236883884, 0.4626029959420357
293, 0.10800813538793008, 0.9177323155887195
294, 0.8625210961628221, 0.7283722666610903
295, 0.43478376586549483, 0.9584519396164325
296, 0.6742798972868562, 0.019459728991399694
297, 0.42159072420625954, 0.04470829417404765
298, 0.15878793031843896, 0.5559516723326597
299, 0.560256943151071, 0.5263295790079026
300, 0.009867980510998131, 0.4858316703440376
301, 0.24148946622508627, 0.531920902152901
302, 0.9637796482129116, 0.8909899023187464
303, 0.6209793303383473, 0.8452364058994016
304, 0.9746354939270307, 0.20060452766879233
305, 0.6987673307503982, 0.21492708564861174
306, 0.5488189401469072, 0.8283260174724154
307, 0.14686597424499626, 0.2818742135086125
308, 0.1745906828926228, 0.5626575607152231
309, 0.7321051004230305, 0.9606680191246559
310, 0.9083912221090839, 0.5073184536451669
311, 0.3036075873020736, 0.8125823128991102
312, 0.4198783150472635, 0.6347839125045868
313, 0.12081394692451797, 0.9660545450516028
314, 0.23731356368229362, 0.8107201697634658
315, 0.6573347686962938, 0.04872004730099999
316, 0.2559853319289249, 0.3062579253176869
317, 0.7220082880462363, 0.5195914879461667
318, 0.16134894364442698, 0.1857291311135012
319, 0.9548592965454766, 0.7479148182048719
320, 0.3392489086673458, 0.42717559766183955
321, 0.30644588377223647, 0.13686848439346488
322, 0.6395678782666726, 0.3392450022406448
323, 0.11292182261067152, 0.4314727079167301
324, 0.7699239860962225, 0.7998132244930886
325, 0.4915640924165623, 0.08885146579740921
326, 0.22642613903778053, 0.8883094776692153
327, 0.8944357016409181, 0.6533266921364009
328, 0.5097628617485498, 0.6369609160201559
329, 0.502136587839056, 0.781704285336867
330, 0.38628495327370027, 0.38704697397404686
331, 0.5038328746374725, 0.6049473578439357
332, 0.05220032636797611, 0.07839057034686159
333, 0.04090859676703884, 0.9222452708138179
334, 0.5743481176983806, 0.4017960619082024
335, 0.8369826791017012, 0.7756953417254829
336, 0.8987959873422223, 0.16414238234837497
337, 0.7763874929052529, 0.4845544783115162
338, 0.652043207526051, 0.24180738956385128
339, 0.7192714462004615, 0.2790183546398818
340, 0.8240012787776999, 0.48020999883261684
341, 0.29156365281830976, 0.5511620284654717
342, 0.5195996614760792, 0.6721038620210165
343, 0.9918895667769829, 0.62250731041718
344, 0.2670991660975084, 0.2104981241997712
345, 0.2466134827593962, 0.8284763092630307
346, 0.8531651137382403, 0.006215120293947551
347, 0.05591801588646572, 0.7424833177595924
348, 0.7414850901631145, 0.5851086391779718
349, 0.5035677688052973, 0.3585289911548236
350, 0.4787311375051374, 0.06411383258291814
351, 0.6877510414793825, 0.5559464356770466
352, 0.8341300080359162, 0.8924579700840389
353, 0.9508165905041916, 0.5614251473394916
354, 0.011511238226638354, 0.0038265572365870915
355, 0.17848230751505045, 0.011431457738604989
356, 0.7228890251240047, 0.16051144410445128
357, 0.012373932008717947, 0.3504555237516116
358, 0.6225261055507623, 0.569332172550013
359, 0.6299270136658213, 0.3949850867746978
360, 0.6627474165930036, 0.30411842899585273
361, 0.5740569131774103, 0.25649408350683667
362, 0.18283686014562195, 0.25798797140105345
363, 0.6795788868356418, 0.3317469232451803
364, 0.7438651040347011, 0.8236125429282982
365, 0.44102596228513713, 0.9131791740031749
366, 0.6942638521890666, 0.06655272226453557
367, 0.2613171856480164, 0.763387551202066
368, 0.645817592899238, 0.9733683595992679
369, 0.4341112204860076, 0.8189468218175431
370, 0.1723506751106132, 0.5823952633102798
371, 0.903405541852107, 0.7662453985095866
372, 0.7916646832249502, 0.915842413047022
373, 0.6905097985915101, 0.08403182559753508
374, 0.06019465694743553, 0.9854845191992956
375, 0.17315278013525082, 0.27057233495402877
376, 0.7805751670813124, 0.4042057553350743
377, 0.18886079684067403, 0.995155942706796
378, 0.05708108097738107, 0.9434936181888494
379, 0.8842170100344338, 0.7477986288516187
380, 0.9592807725380437, 0.27896197804014355
381, 0.6936666423159643, 0.5281518274090125
382, 0.27674723982356464, 0.2959351263810346
383, 0.006192225648698035, 0.5197546303833513
384, 0.24915076489422527, 0.43169364651252873
385, 0.2650539591294102, 0.7027156760478819
386, 0.7239609371877519, 0.39811520885955665
387, 0.21110822483105685, 0.42272690352082976
388, 0.763771316540641, 0.8040542543654196
389, 0.4244032079891613, 0.7405270314202996
390, 0.03065131905645002, 0.6294742971049075
391, 0.15774378252080734, 0.7526586585825171
392, 0.9572157227424596, 0.8897240638860581
393, 0.919049039845274, 0.3350474720415252
394, 0.004578419307861625, 0.023090688205806065
395, 0.45153651315862664, 0.9878813992830474
396, 0.7778820931738955, 0.28111720369370774
397, 0.4595382120956907, 0.6841489020833507
398, 0.7453266402585924, 0.49191273613651676
399, 0.8014507914321048, 0.7507187165589669
400, 0.5598935956834123, 0.24642239497924323
401, 0.5131299173369123, 0.9009746075424916
402, 0.42870935141460287, 0.8833262913707501
403, 0.8555972245621004, 0.5314549292461858
404, 0.12533897195831, 0.25354717124320936
405, 0.6099855865318895, 0.9509845173279902
406, 0.5329239715758345, 0.7739966935466227
407, 0.9574023280756375, 0.5920718454991442
408, 0.9144570777705022, 0.5567108505961824
409, 0.5450031424976343, 0.45668842553677724
410, 0.8784657873099658, 0.5623400340018568
411, 0.5646880034911418, 0.7849985043309752
412, 0.23832450322191645, 0.9012885943148816
413, 0.19557826547135504, 0.3508770484106116
414, 0.2947488052074273, 0.4723504476463344
415, 0.7873023091173659, 0.8050591311961254
416, 0.23087770681653974, 0.20450437445358438
417, 0.7837510070195493, 0.04467285903942131
418, 0.9680633718405811, 0.5919992343207121
419, 0.6512550203069567, 0.5069062490309975
end_nodes
0, 1
0, 2
0, 3
0, 4
0, 5
0, 6
0, 7
0, 8
0, 9
0, 10
0, 11
0, 12
0, 13
0, 14
0, 15
0, 16
0, 17
0, 18
0, 19
0, 20
1, 4
1, 6
1, 9
1, 15
1, 17
1, 27
1, 28
1, 33
1, 36
1, 37
1, 43
1, 46
1, 48
1, 50
1, 53
1, 56
1, 60
1, 61
1, 65
2, 3
2, 5
2, 18
2, 23
2, 24
2, 30
2, 31
2, 34
2, 35
2, 39
2, 42
2, 45
2, 51
2, 52
2, 55
2, 58
2, 59
2, 68
2, 69
3, 20
3, 23
3, 34
3, 81
3, 84
3, 100
3, 112
3, 114
3, 168
3, 188
3, 202
3, 211
3, 224
3, 245
3, 258
3, 260
3, 273
3, 276
4, 8
4, 10
4, 21
4, 29
4, 37
4, 38
4, 50
4, 53
4, 63
4, 64
4, 74
4, 78
4, 89
4, 93
4, 101
4, 108
4, 132
4, 135
5, 6
5, 7
5, 11
5, 23
5, 39
5, 51
5, 56
5, 59
5, 87
5, 90
5, 91
5, 94
5, 98
5, 119
5, 120
5, 126
5, 134
5, 148
6, 7
6, 9
6, 48
6, 61
6, 76
6, 82
6, 87
6, 90
6, 95
6, 123
6, 124
6, 133
6, 136
6, 139
6, 140
6, 157
6, 164
7, 11
7, 87
7, 109
7, 123
7, 157
7, 183
7, 242
7, 316
7, 320
7, 342
7, 362
7, 375
7, 382
8, 12
8, 21
8, 22
8, 54
8, 63
8, 71
8, 74
8, 85
8, 86
8, 89
8, 118
8, 135
8, 137
8, 146
8, 155
8, 199
8, 221
8, 228
9, 13
9, 14
9, 17
9, 32
9, 57
9, 76
9, 113
9, 133
9, 140
9, 154
9, 158
9, 163
9, 169
9, 176
9, 187
9, 200
9, 206
10, 66
10, 86
10, 101
10, 108
10, 146
10, 159
10, 235
10, 240
10, 337
10, 340
10, 348
11, 109
11, 119
11, 134
11, 229
11, 316
11, 320
11, 375
11, 411
12, 16
12, 19
12, 26
12, 44
12, 49
12, 62
12, 85
12, 118
12, 122
12, 141
12, 142
12, 149
12, 155
12, 160
12, 167
12, 197
12, 201
12, 218
13, 14
13, 17
13, 107
13, 154
13, 209
13, 234
13, 261
13, 272
13, 349
14, 32
14, 113
14, 154
14, 225
14, 272
15, 17
15, 40
15, 43
15, 60
15, 65
15, 72
15, 75
15, 77
15, 80
15, 96
15, 102
15, 103
15, 117
15, 121
15, 145
15, 150
15, 152
15, 166
16, 18
16, 25
16, 70
16, 110
16, 111
16, 115
16, 122
16, 142
16, 143
16, 149
16, 162
16, 167
16, 180
16, 189
16, 203
16, 212
16, 215
16, 223
17, 40
17, 80
17, 185
17, 187
17, 206
17, 234
17, 250
17, 261
17, 349
17, 361
17, 400
18, 25
18, 35
18, 42
18, 51
18, 68
18, 69
18, 79
18, 88
18, 110
18, 111
18, 115
18, 126
18, 131
18, 161
18, 175
18, 204
18, 241
19, 26
19, 44
19, 49
19, 160
19, 303
20, 41
20, 47
20, 81
20, 106
20, 165
20, 237
20, 260
20, 276
20, 301
20, 312
20, 341
20, 397
20, 406
21, 74
21, 285
21, 310
21, 380
22, 54
22, 63
22, 199
22, 392
23, 100
23, 188
23, 245
23, 258
23, 273
23, 283
23, 292
23, 307
23, 384
23, 387
23, 404
23, 413
23, 414
24, 51
24, 58
24, 390
25, 70
25, 115
25, 274
25, 280
25, 288
25, 401
25, 402
25, 412
26, 44
27, 48
27, 124
27, 176
27, 214
27, 338
28, 33
28, 36
28, 50
28, 56
28, 73
28, 99
28, 116
28, 125
28, 127
28, 128
28, 172
28, 174
28, 177
28, 178
28, 205
28, 216
28, 217
28, 219
28, 226
29, 63
29, 64
29, 93
29, 181
29, 227
30, 51
30, 55
30, 68
30, 347
31, 42
31, 69
31, 105
31, 138
31, 275
31, 391
32, 113
32, 169
33, 36
33, 56
33, 172
33, 226
33, 266
33, 297
33, 350
34, 84
34, 114
34, 211
34, 329
34, 389
35, 42
35, 52
35, 79
35, 129
35, 156
35, 161
35, 182
35, 193
35, 194
35, 204
35, 238
35, 243
35, 281
35, 311
35, 314
35, 345
35, 367
35, 369
36, 73
36, 125
36, 128
36, 172
36, 177
36, 216
36, 217
36, 279
36, 287
37, 46
37, 50
37, 53
37, 196
37, 213
37, 236
37, 290
37, 296
37, 315
37, 366
37, 373
37, 417
38, 63
38, 89
38, 271
38, 302
38, 319
38, 407
38, 418
39, 59
39, 94
39, 171
39, 184
39, 195
39, 222
39, 248
39, 298
39, 308
39, 323
39, 370
41, 47
41, 245
41, 312
41, 397
42, 69
42, 138
42, 156
42, 161
42, 314
42, 345
43, 65
43, 67
43, 72
43, 75
43, 92
43, 103
43, 104
43, 130
43, 153
43, 166
43, 179
43, 191
43, 198
43, 231
43, 232
43, 252
43, 256
43, 267
45, 52
45, 204
45, 281
45, 306
46, 83
46, 151
46, 196
47, 312
48, 124
48, 136
48, 305
49, 142
49, 160
49, 197
49, 249
49, 303
49, 324
49, 327
49, 364
49, 388
49, 399
49, 415
50, 56
50, 116
50, 127
50, 178
50, 205
50, 219
50, 239
50, 246
50, 269
50, 284
50, 289
50, 296
50, 315
50, 346
50, 373
51, 59
51, 68
51, 88
51, 126
51, 255
51, 347
51, 390
52, 129
52, 193
52, 238
52, 243
52, 281
53, 210
53, 213
53, 290
54, 63
54, 122
54, 141
54, 155
54, 212
54, 251
54, 371
55, 68
56, 90
56, 91
56, 95
56, 98
56, 99
56, 116
56, 120
56, 170
56, 220
56, 226
56, 233
56, 266
56, 289
56, 300
56, 332
57, 113
57, 169
58, 59
58, 97
58, 173
58, 264
58, 390
59, 94
59, 97
59, 171
59, 173
59, 195
59, 222
59, 264
59, 370
59, 390
60, 65
60, 77
60, 102
60, 339
60, 360
60, 363
60, 396
61, 95
62, 142
62, 197
62, 218
62, 335
63, 64
63, 89
63, 181
63, 212
63, 251
63, 253
63, 271
63, 302
63, 392
64, 227
65, 103
65, 152
65, 256
65, 322
65, 363
66, 86
66, 240
67, 191
67, 232
67, 286
67, 317
67, 351
67, 381
67, 386
67, 419
68, 88
68, 277
68, 347
69, 105
69, 131
69, 138
69, 241
69, 275
69, 391
70, 115
71, 86
71, 228
71, 240
71, 270
72, 121
72, 145
72, 150
72, 166
72, 179
72, 334
72, 359
73, 125
73, 216
73, 325
74, 135
74, 144
74, 147
74, 208
74, 278
74, 310
74, 393
74, 410
75, 92
75, 96
75, 104
75, 191
75, 198
75, 231
75, 267
75, 317
76, 124
76, 139
76, 176
76, 321
77, 363
78, 247
78, 262
78, 291
78, 336
78, 376
78, 398
79, 161
80, 185
80, 361
81, 165
81, 245
81, 276
81, 341
82, 123
82, 186
82, 192
82, 330
82, 342
83, 151
83, 196
83, 373
84, 114
84, 329
85, 118
85, 265
86, 137
86, 240
86, 270
86, 348
87, 164
87, 242
87, 318
87, 344
87, 416
89, 304
89, 319
89, 353
89, 407
90, 95
90, 220
91, 220
91, 332
92, 104
92, 153
92, 191
92, 252
92, 358
93, 132
93, 181
93, 253
94, 195
95, 170
95, 233
97, 173
98, 120
99, 116
99, 355
100, 202
100, 258
100, 273
100, 292
101, 337
102, 117
102, 339
102, 396
103, 145
103, 152
103, 179
103, 256
103, 334
103, 359
104, 153
104, 198
105, 138
105, 391
106, 397
106, 406
107, 209
107, 349
108, 135
108, 146
108, 159
108, 190
108, 221
108, 340
108, 403
109, 320
110, 111
110, 293
110, 365
111, 162
111, 175
111, 203
111, 259
111, 295
111, 313
111, 333
111, 374
111, 377
111, 378
112, 168
113, 158
113, 163
113, 169
113, 225
114, 224
114, 329
114, 389
115, 401
116, 219
116, 284
116, 289
119, 134
119, 229
120, 126
120, 175
120, 300
120, 383
121, 166
122, 141
122, 149
122, 201
122, 212
123, 157
123, 183
123, 186
123, 192
123, 342
124, 139
124, 176
125, 287
125, 325
126, 175
126, 255
127, 219
128, 174
128, 254
129, 182
129, 193
129, 243
129, 311
130, 198
130, 267
131, 241
132, 253
132, 343
133, 140
133, 257
133, 282
133, 328
133, 331
134, 148
134, 207
134, 229
134, 411
135, 144
135, 190
135, 208
135, 221
135, 278
135, 403
135, 410
136, 305
139, 321
140, 257
140, 282
141, 201
141, 371
142, 167
142, 197
142, 218
142, 244
142, 294
142, 303
142, 335
142, 352
143, 162
143, 189
143, 215
143, 230
143, 372
143, 395
143, 405
144, 147
144, 208
144, 393
145, 150
145, 334
146, 221
146, 228
146, 235
146, 240
146, 340
146, 408
148, 207
148, 411
152, 322
155, 371
158, 163
158, 200
158, 225
158, 268
159, 340
161, 345
162, 180
162, 189
162, 230
162, 263
162, 295
162, 313
162, 372
162, 377
162, 395
162, 405
164, 318
164, 344
164, 416
165, 245
165, 312
165, 341
166, 299
166, 409
167, 244
167, 379
168, 224
170, 233
171, 222
171, 248
172, 177
172, 350
173, 264
174, 254
175, 333
175, 374
175, 383
175, 394
176, 338
177, 287
178, 205
178, 239
178, 269
178, 356
179, 359
180, 263
181, 253
182, 243
182, 311
183, 342
184, 308
184, 323
185, 250
186, 192
187, 206
189, 212
189, 215
189, 230
189, 309
189, 368
189, 377
190, 403
191, 252
191, 317
191, 351
191, 381
194, 204
194, 281
194, 369
196, 373
197, 327
197, 415
198, 267
199, 392
200, 268
202, 273
203, 223
203, 263
203, 295
204, 281
204, 306
204, 326
205, 239
206, 400
207, 411
208, 278
208, 393
209, 349
212, 251
212, 309
212, 377
213, 417
214, 338
216, 217
217, 279
218, 294
218, 335
219, 284
222, 248
222, 370
223, 263
224, 389
226, 266
226, 297
228, 240
228, 408
230, 395
232, 386
232, 419
234, 261
235, 340
236, 315
236, 366
236, 373
237, 406
238, 281
239, 269
243, 367
243, 385
244, 352
245, 258
245, 307
245, 312
245, 384
245, 397
245, 404
245, 406
245, 413
245, 414
246, 346
247, 336
247, 376
249, 327
249, 399
252, 358
253, 343
257, 282
258, 292
258, 384
258, 387
259, 374
259, 377
260, 301
263, 295
271, 302
271, 418
274, 412
280, 288
280, 402
280, 412
281, 369
283, 292
283, 387
285, 380
286, 317
286, 386
291, 398
292, 387
293, 365
296, 315
298, 308
299, 409
300, 354
300, 357
300, 383
300, 394
302, 418
304, 353
306, 326
307, 404
307, 413
308, 323
309, 368
313, 377
314, 345
315, 373
316, 375
317, 381
318, 416
319, 407
324, 327
324, 364
324, 388
324, 415
327, 388
327, 399
327, 415
328, 331
333, 374
333, 378
334, 359
336, 376
339, 360
351, 381
354, 357
354, 394
362, 375
362, 382
364, 415
366, 373
367, 385
372, 405
374, 377
374, 378
376, 398
383, 394
397, 406
402, 412
413, 414
end