140
4
0, 0.7375217109791347, 0.2974743931203332
1, 0.8080920773320903, 0.6683354808326187
2, 0.5153906847226395, 0.30474307185836913
3, 0.671079435043934, 0.2549383781347062
4, 0.05189601605145355, 0.921187174866184
5, 0.9860826077834887, 0.453820126638416
6, 0.02898600119904393, 0.13122302311090317
7, 0.5116921927602902, 0.9024548471615925
8, 0.2252769702491927, 0.5432112812917906
9, 0.01271096166472252, 0.8684917946682494
10, 0.851548490294762, 0.40921724683752425
11, 0.08848286120763504, 0.5207969543030695
12, 0.27763338270824456, 0.6080663559365573
13, 0.6254949978806119, 0.13998169306448138
14, 0.37069527428366644, 0.7711508999463873
15, 0.7418879888147023, 0.22978443308782426
16, 0.3167287236114662, 0.60284705740672
17, 0.14273154572184732, 0.9267797499115514
18, 0.9821129744880738, 0.8832200016800154
19, 0.6560521651758409, 0.9117084365428304
20, 0.9251252415692214, 0.8056415459689185
21, 0.11861097167609158, 0.7924900999733473
22, 0.044308338528489255, 0.9982423917813956
23, 0.7620965730069867, 0.22899937533554315
24, 0.667496587020531, 0.7478744867617058
25, 0.9108384652884108, 0.9237585406788944
26, 0.13446103130375464, 0.6276920854987181
27, 0.4396864567065323, 0.365053700141014
28, 0.3175541944635131, 0.7264874619991263
29, 0.8847340484398944, 0.3210995617635801
30, 0.95822549702215, 0.10603364849421226
31, 0.5132499622146548, 0.07108972255512169
32, 0.38600654444751237, 0.23188706104099965
33, 0.8778989459856106, 0.8321016626398176
34, 0.7828949033389904, 0.9930988994580703
35, 0.6312725678206134, 0.8191900014473916
36, 0.6464939354782977, 0.8951455788275589
37, 0.11214241804124236, 0.2106174366884167
38, 0.7711741426279678, 0.9369746123270895
39, 0.9847700596532734, 0.1876916643372626
40, 0.26688984305441366, 0.5235559401448903
41, 0.48833269267012036, 0.6185526988075714
42, 0.6120094074039751, 0.4129275970095291
43, 0.769276002926679, 0.7245955595230976
44, 0.39737137504071907, 0.4006044857100235
45, 0.6218218807842529, 0.39418007020476664
46, 0.6203166878100307, 0.31745540582110987
47, 0.8181663345559593, 0.4216534282663901
48, 0.7496652365724226, 0.7875282117059738
49, 0.08369409921630189, 0.7399062166620992
50, 0.33747974245984336, 0.5968593210598218
51, 0.0277174939354502, 0.9333225504860683
52, 0.5225933302521664, 0.3165489360399413
53, 0.967219808281876, 0.6478430949326055
54, 0.004070435752342116, 0.973533504892772
55, 0.9332843850534717, 0.19351114890151044
56, 0.021232501348633637, 0.1877245517689078
57, 0.9832909669156658, 0.17166573797694284
58, 0.4277410418006341, 0.00893349535067689
59, 0.8429546120157272, 0.41906282269115513
60, 0.5270487696036074, 0.18767111056738273
61, 0.6429932415569681, 0.33129880048808213
62, 0.20616692136594394, 0.4244644400352109
63, 0.8062479828884546, 0.05466249727649608
64, 0.8188695531862713, 0.8633708497330088
65, 0.9858210238294479, 0.13346924034999474
66, 0.09293696768553228, 0.8106371500351306
67, 0.6320318987868605, 0.5638912112555321
68, 0.3708502851716301, 0.2887650906372081
69, 0.12013197995374791, 0.2720853747595844
70, 0.9409687105659822, 0.535761004229425
71, 0.17804470680655338, 0.6706493370860852
72, 0.6895753551470246, 0.9618362646677268
73, 0.708963444994461, 0.7090787308175059
74, 0.2150883825206309, 0.4598505424200652
75, 0.3761396470805526, 0.5687290370167212
76, 0.333575512221033, 0.23094299517620942
77, 0.5743350214745647, 0.7219002441573573
78, 0.8942289631311997, 0.1520993819601858
79, 0.42074549047748255, 0.011533256408048365
80, 0.5815049177105123, 0.0391690912825291
81, 0.761933161441169, 0.12493939926271413
82, 0.5592952327738387, 0.4567594054895677
83, 0.7884115056645177, 0.43156903182418727
84, 0.7525005275557489, 0.356224073559267
85, 0.9951253678887755, 0.7440890778744323
86, 0.46727948335589453, 0.5221821592011049
87, 0.31378641877971125, 0.8670847139714183
88, 0.1840014714851228, 0.3280654975278463
89, 0.6521563065469196, 0.09019440387865141
90, 0.5998399019769649, 0.014213228439253767
91, 0.6325569632651646, 0.6318872761888322
92, 0.4860777278881002, 0.4614511424235841
93, 0.8425951144980222, 0.4450818753591882
94, 0.9238985512120431, 0.9447661179934019
95, 0.9578346191110305, 0.12239653042669285
96, 0.12650159851795906, 0.9872307496497577
97, 0.6445038465447285, 0.9814029441059909
98, 0.9268561820772234, 0.3081835844895673
99, 0.3971025095268893, 0.9099380264860396
100, 0.3493006581849112, 0.7059829527691002
101, 0.5931727185318717, 0.07547128053555507
102, 0.15181187975234667, 0.6003966040865815
103, 0.6339274799128857, 0.06988953911206086
104, 0.4236345560052237, 0.08880769186649828
105, 0.8712044437431029, 0.0406127999054795
106, 0.4116970076095501, 0.43651272254894125
107, 0.9056288229351865, 0.6057288745495389
108, 0.07132319844395507, 0.5639126450287522
109, 0.516803664407135, 0.877726731118752
110, 0.1915845652724456, 0.8435718453372173
111, 0.5279633926220179, 0.453963573536061
112, 0.4201036992552366, 0.4752321513104063
113, 0.4067105828354477, 0.8282783364891354
114, 0.6469370753104353, 0.36337053075542713
115, 0.723599334152421, 0.4353237090635492
116, 0.3304870229704575, 0.9778837401939524
117, 0.8045435400369408, 0.533403487137049
118, 0.9900158775575222, 0.7259519169684592
119, 0.8065560166099583, 0.015778024475980867
120, 0.18357555916084534, 0.8489542094400294
121, 0.22968231549738694, 0.3717710149255481
122, 0.25439941500007934, 0.721695477417469
123, 0.754562850952231, 0.5458616287434437
124, 0.48321838208558965, 0.44696388662561937
125, 0.48135123812378233, 0.15113500694286597
126, 0.923443612791455, 0.13692275864121828
127, 0.3560536211329901, 0.935923685787408
128, 0.4675276944104435, 0.44466922968523626
129, 0.9301891069783201, 0.10022414523521739
130, 0.2984070407525413, 0.7169438144316592
131, 0.5888924291853456, 0.1904717922428627
132, 0.19792953328630314, 0.7992081519590871
133, 0.4140753422738108, 0.7455558174372923
134, 0.162866099682911, 0.2501831007394957
135, 0.3558857465068126, 0.4637620978190049
136, 0.26614437768373056, 0.008899597570005469
137, 0.4978184082626368, 0.9353681403838268
138, 0.1734670871701598, 0.5917881082886547
139, 0.7753943823236458, 0.1700866259679007
end_nodes
0, 1
0, 2
0, 3
0, 4
0, 5
0, 6
0, 7
0, 8
0, 9
0, 10
0, 11
1, 5
1, 7
1, 10
1, 18
1, 19
1, 20
1, 24
1, 25
1, 33
1, 34
2, 6
2, 11
2, 27
2, 32
2, 37
2, 44
2, 46
2, 52
2, 56
2, 62
3, 5
3, 6
3, 13
3, 15
3, 23
3, 29
3, 30
3, 31
3, 39
3, 55
4, 7
4, 9
4, 14
4, 17
4, 19
4, 21
4, 22
4, 28
4, 34
4, 38
5, 10
5, 18
5, 20
5, 29
5, 39
5, 53
5, 65
5, 70
6, 31
6, 32
6, 56
6, 58
6, 60
6, 76
6, 79
6, 80
7, 14
7, 19
7, 24
7, 35
7, 36
7, 41
7, 42
7, 43
8, 9
8, 11
8, 12
8, 16
8, 26
8, 40
8, 49
8, 50
8, 61
8, 71
9, 11
9, 12
9, 16
9, 21
9, 22
9, 26
9, 37
9, 45
10, 47
10, 59
10, 83
10, 84
10, 93
10, 117
11, 26
11, 27
11, 37
11, 44
11, 46
11, 61
11, 62
12, 16
12, 71
13, 30
13, 31
13, 63
13, 80
13, 81
13, 89
13, 90
13, 101
13, 103
13, 105
14, 28
14, 41
14, 42
14, 87
14, 100
14, 110
14, 113
14, 120
14, 133
15, 23
15, 30
15, 55
15, 57
15, 65
15, 78
15, 95
15, 126
16, 50
17, 34
17, 38
17, 72
17, 127
17, 137
18, 20
18, 25
18, 33
18, 53
18, 85
18, 94
18, 118
19, 36
19, 38
19, 43
19, 48
19, 99
20, 53
20, 70
20, 107
21, 45
21, 66
21, 82
21, 86
21, 122
22, 34
22, 51
22, 54
22, 96
22, 97
22, 116
23, 55
24, 73
24, 91
24, 115
24, 123
25, 33
25, 34
25, 64
25, 94
26, 49
26, 102
26, 138
27, 44
27, 74
28, 42
28, 100
28, 110
28, 120
28, 130
28, 132
29, 39
29, 98
30, 65
30, 81
30, 95
30, 105
30, 126
30, 129
30, 139
31, 60
31, 80
31, 101
31, 104
31, 125
31, 131
32, 76
34, 38
34, 48
34, 64
34, 72
34, 94
34, 97
35, 43
36, 43
37, 56
37, 62
37, 68
37, 69
37, 88
37, 108
37, 121
37, 134
38, 48
38, 72
38, 127
38, 137
39, 55
39, 57
39, 65
39, 98
40, 50
40, 75
40, 92
40, 111
40, 112
40, 114
40, 124
40, 128
41, 42
41, 133
42, 67
42, 77
42, 100
42, 109
42, 130
42, 132
44, 46
44, 52
45, 66
45, 82
45, 86
46, 52
47, 59
47, 83
47, 117
49, 138
50, 75
51, 54
54, 56
55, 57
57, 65
58, 79
58, 80
58, 90
58, 119
58, 136
59, 117
60, 125
60, 131
61, 106
61, 135
62, 68
62, 69
62, 88
62, 121
63, 89
63, 90
63, 103
63, 105
63, 119
65, 85
65, 95
65, 118
67, 77
68, 121
68, 134
70, 107
72, 127
73, 123
75, 111
77, 109
78, 95
78, 126
79, 80
80, 90
80, 101
81, 105
81, 129
82, 86
82, 122
83, 84
83, 117
84, 117
85, 118
87, 113
88, 121
89, 103
90, 103
90, 119
91, 115
92, 111
92, 112
92, 114
92, 124
93, 117
95, 126
96, 116
97, 116
104, 125
105, 119
105, 129
106, 135
110, 120
111, 114
112, 124
114, 124
114, 128
115, 123
121, 134
124, 128
127, 137
130, 132
end