80
4
0, 0.0021893372091775776, 0.3763450786106737
1, 0.4402352507467375, 0.8584866219001651
2, 0.3008202002512458, 0.7434966804894497
3, 0.6531800988391123, 0.8108236537228865
4, 0.497884771896246, 0.7838293893194946
5, 0.17655537907893226, 0.46610979196185165
6, 0.6384735613863288, 0.44701040258584335
7, 0.9737665299438129, 0.07104333158248022
8, 0.9304100502340198, 0.2110581231411215
9, 0.7451847717524249, 0.8929699681711496
10, 0.8859073229157457, 0.15253888843792351
11, 0.5049488526446928, 0.119264045781728
12, 0.13501784201587086, 0.40346460637556913
13, 0.7972086696328985, 0.5522608067666541
14, 0.9924513737981484, 0.7085418331259722
15, 0.8029452660983851, 0.6612106761169274
16, 0.2556648900898504, 0.6883976687171943
17, 0.025596766982972086, 0.409008572934891
18, 0.903816375996873, 0.005734320644538937
19, 0.6481505165850742, 0.43708669228837627
20, 0.4340343370395259, 0.7461208306050904
21, 0.1486147176693713, 0.6615261276935305
22, 0.9993600071109505, 0.7359276875355922
23, 0.7534393553579706, 0.21416924762107914
24, 0.22146842459548222, 0.6682015835392255
25, 0.23283162724032247, 0.6547357407596631
26, 0.46705478341356754, 0.5116616241212334
27, 0.676283703297935, 0.14283682087873206
28, 0.13011962088788287, 0.5769990480622113
29, 0.30404042285212596, 0.670147990981544
30, 0.14255279842454782, 0.35604830378008334
31, 0.6458728593668044, 0.3920693015191844
32, 0.5027680150619681, 0.9819463356318141
33, 0.6992445614372385, 0.2930282346326082
34, 0.7716505781006615, 0.7324336007836455
35, 0.8736960212516499, 0.5147901241291735
36, 0.8729767034264259, 0.5701936875021907
37, 0.6288612722433027, 0.2385048385044961
38, 0.5936843898423927, 0.29241474902126163
39, 0.37869998979005737, 0.9622991703393964
40, 0.2900628282402822, 0.1433922159082076
41, 0.4657053700748418, 0.5597392088427225
42, 0.1898736961549996, 0.12046794348838952
43, 0.22104888073799756, 0.911845679566764
44, 0.256674636948905, 0.9871111643032556
45, 0.9120910577981883, 0.3748280257987825
46, 0.847287207702602, 0.6462062224309285
47, 0.928686625947601, 0.3932938501424432
48, 0.8269418355967756, 0.026102273116017316
49, 0.7157191803177806, 0.7455753474565671
50, 0.22674474813268208, 0.540934787870632
51, 0.17991021492753434, 0.430323973589416
52, 0.7891333483048876, 0.5044077964050475
53, 0.5855075688550627, 0.6215271433946142
54, 0.05034694859270572, 0.30949075652060665
55, 0.5888470765886002, 0.26311871214177374
56, 0.8280919270710245, 0.6625056922590018
57, 0.34319452934551287, 0.41805432298365586
58, 0.8682559612019272, 0.8575334428445542
59, 0.9377381420061249, 0.1601123899903253
60, 0.23477155294716234, 0.5367835540173732
61, 0.890759103401495, 0.0039471298659696785
62, 0.5873832626262977, 0.03684146264592281
63, 0.6495646782425541, 0.28405676312306294
64, 0.622988510811357, 0.179183882690651
65, 0.13022190137572798, 0.36531494522009544
66, 0.3351808821690494, 0.8338827300622015
67, 0.5372385378514509, 0.030721442578165004
68, 0.5621555840793436, 0.2846347555320238
69, 0.7024083997891553, 0.7445053789766602
70, 0.6348429331450631, 0.6678977349256032
71, 0.013109826256491486, 0.3298186295244213
72, 0.1442409947765918, 0.33055775262548925
73, 0.8400783610219555, 0.06529036126318521
74, 0.13175043669373965, 0.2630592165482566
75, 0.5992160372640641, 0.6871211393318749
76, 0.386669760973421, 0.5157204455276267
77, 0.2078928257222451, 0.4784450948807005
78, 0.45159316528359084, 0.924115397830996
79, 0.7579469910401565, 0.6594131340598502
end_nodes
0, 1
0, 2
0, 3
0, 4
0, 5
0, 6
0, 7
0, 8
1, 2
1, 3
1, 4
1, 9
1, 20
1, 21
1, 22
2, 16
2, 17
2, 21
2, 24
2, 25
2, 28
3, 4
3, 5
3, 6
3, 8
3, 12
3, 13
4, 20
4, 50
4, 60
5, 12
5, 77
6, 8
6, 12
6, 19
6, 26
6, 30
6, 31
7, 8
7, 10
7, 11
7, 14
7, 15
7, 18
7, 22
8, 10
8, 13
8, 15
8, 19
9, 22
9, 32
9, 39
9, 43
9, 44
9, 58
9, 78
10, 23
10, 37
10, 55
10, 59
11, 18
11, 27
11, 40
11, 42
11, 48
11, 54
11, 61
12, 26
12, 41
12, 51
12, 53
12, 57
13, 15
13, 34
13, 49
13, 69
13, 79
14, 15
14, 22
14, 34
14, 35
14, 36
14, 45
14, 46
15, 34
15, 35
15, 36
15, 45
16, 17
17, 21
17, 28
17, 43
18, 48
18, 61
18, 73
19, 31
19, 33
19, 63
20, 29
21, 24
21, 28
21, 43
21, 66
22, 34
22, 49
22, 58
23, 55
24, 28
26, 41
26, 53
26, 76
27, 54
27, 64
27, 71
27, 72
30, 31
30, 38
30, 63
30, 65
30, 68
31, 38
31, 63
32, 44
32, 58
33, 63
34, 49
34, 79
35, 36
35, 45
36, 46
36, 56
37, 55
38, 63
39, 43
39, 44
39, 78
40, 42
40, 54
40, 71
40, 74
41, 53
41, 76
42, 61
42, 62
42, 67
42, 71
43, 44
43, 66
43, 78
45, 47
46, 56
48, 61
49, 69
49, 79
50, 60
51, 53
51, 70
51, 75
53, 70
54, 71
54, 74
61, 62
61, 67
62, 67
63, 68
64, 72
70, 75
71, 72
end