100
4
0, 0.9797933771078818, 0.7978228419755751
1, 0.7429046545380115, 0.6327808644622128
2, 0.18228081539631213, 0.38267670777960916
3, 0.9642758373790753, 0.39785628846510446
4, 0.013123326985840844, 0.7856907451228119
5, 0.7408912503834397, 0.44850989731494706
6, 0.6460527353875037, 0.30616822997482385
7, 0.8286972618738174, 0.16321723829421786
8, 0.6066500597588479, 0.02196093605077798
9, 0.07065907374352376, 0.9285126307757504
10, 0.12145421060576889, 0.8716531503907167
11, 0.529773139451681, 0.16237365407613014
12, 0.8305800645506392, 0.5799599637322722
13, 0.7933517444835725, 0.16763766817162085
14, 0.9088018771856503, 0.10197883118822815
15, 0.6150253616793627, 0.15307772077266502
16, 0.13518946595226533, 0.7263213451029246
17, 0.24395304381762628, 0.4551969597348554
18, 0.05760627851113076, 0.06489515662338674
19, 0.8145905412857989, 0.9309339148185345
20, 0.8299441156426821, 0.9467800676180537
21, 0.8933554546029113, 0.8469589155711421
22, 0.2775778868388711, 0.6390006522345802
23, 0.3970724610199464, 0.7983934025902407
24, 0.977847745372658, 0.8746314385291709
25, 0.3689458423831532, 0.8612875484298941
26, 0.4694516147331409, 0.6695946999893188
27, 0.8161384106212382, 0.1328310893686636
28, 0.3650685927332744, 0.8365472886433347
29, 0.5317446632075121, 0.5033398209472962
30, 0.6893966198140058, 0.9547283786710191
31, 0.5215719274310752, 0.5587575668331144
32, 0.34558554457261215, 0.38430776157225477
33, 0.469438633683113, 0.9964424546973981
34, 0.41510567416352584, 0.5009717321705264
35, 0.6403826626477122, 0.4071076056823185
36, 0.23352190778908766, 0.1380704822620359
37, 0.926961244110884, 0.8607548199409885
38, 0.19066321167827383, 0.8137197146644486
39, 0.35117549708216633, 0.34833913711374453
40, 0.42637774506515, 0.983477273641847
41, 0.8312691021291475, 0.985152922094191
42, 0.8823093250638067, 0.9602434542904964
43, 0.9393569295061603, 0.41018414107959356
44, 0.49818959275032815, 0.6335622435186959
45, 0.07343752376188029, 0.05858298216562652
46, 0.3561434097258298, 0.5520522771355719
47, 0.15588159512763855, 0.8920934484458436
48, 0.8664458452477096, 0.00691042590855151
49, 0.9879109062880861, 0.32093891453681134
50, 0.6932877433863522, 0.8467188398806074
51, 0.15457080811803015, 0.19139534354947685
52, 0.40915540426888264, 0.1444847311621671
53, 0.16883186642192205, 0.13504730430428424
54, 0.4558892589018376, 0.35113722242161094
55, 0.013124076713831978, 0.9840277393286724
56, 0.7096951209167998, 0.5593805066271119
57, 0.5531109394489657, 0.3915371088233942
58, 0.8240642369399418, 0.676211449923473
59, 0.3621592284416907, 0.3610033949118584
60, 0.13293967839788912, 0.34124641893418717
61, 0.47666712059627747, 0.5677043678268803
62, 0.5484207342252548, 0.39686504222724317
63, 0.22994786777984344, 0.2522695161818507
64, 0.7372877650708743, 0.23698991046146345
65, 0.18962546099048005, 0.8072641902617186
66, 0.3604401058531119, 0.2213396647520698
67, 0.15480099784990564, 0.07642889723220803
68, 0.39267251798660896, 0.8155768753281258
69, 0.7971071368943146, 0.2239428524976752
70, 0.3581579404614007, 0.3703068751044041
71, 0.19732335219360808, 0.644599077451179
72, 0.0409370713849736, 0.28039076498174054
73, 0.8368173954694148, 0.15601212697691713
74, 0.439559022959388, 0.874067797017764
75, 0.712499859538535, 0.6665667034291834
76, 0.06217285068896716, 0.8865363485400656
77, 0.8768542317637027, 0.48170423336942014
78, 0.8862892160005105, 0.6459796639895429
79, 0.2037306748534079, 0.8081811706283124
80, 0.6769043336986166, 0.42863977756838545
81, 0.3780846965405533, 0.5893132945289669
82, 0.44644928790595984, 0.38333852712314775
83, 0.8977935664434111, 0.6994720719114299
84, 0.1608753552374823, 0.5783135025439361
85, 0.016918607273659125, 0.5259087180829138
86, 0.6466746702247448, 0.6564685987577352
87, 0.21541975323293983, 0.8189197511309525
88, 0.6767622222066306, 0.40232115009196623
89, 0.5030869898052145, 0.28889802842691314
90, 0.47480169046327203, 0.25958171516051354
91, 0.34129702811573304, 0.429612054589149
92, 0.9498045268108358, 0.303826679039209
93, 0.5364003274236679, 0.6270179788812065
94, 0.944668848309717, 0.24822745526755874
95, 0.6464873648717535, 0.27801633056268515
96, 0.2547696757771606, 0.07789059346756622
97, 0.11841128069360396, 0.5336701584320908
98, 0.2628533857963262, 0.3475859712897297
99, 0.839152609099947, 0.9632255501224657
end_nodes
0, 1
0, 2
0, 3
0, 4
0, 5
0, 6
0, 7
0, 8
0, 9
0, 10
1, 2
1, 5
1, 6
1, 11
1, 12
1, 18
1, 29
1, 31
1, 32
2, 4
2, 16
2, 17
2, 18
2, 22
2, 26
2, 29
2, 31
3, 7
3, 14
3, 27
3, 43
3, 48
3, 49
3, 73
3, 92
3, 94
4, 9
4, 10
4, 16
4, 18
4, 23
4, 26
4, 28
4, 38
5, 6
5, 12
5, 88
6, 8
6, 11
6, 15
6, 56
6, 78
6, 80
6, 88
7, 8
7, 13
7, 27
7, 43
7, 64
7, 69
7, 77
8, 11
8, 13
8, 15
8, 18
8, 27
8, 36
8, 45
9, 10
9, 19
9, 20
9, 21
9, 24
9, 25
9, 30
9, 33
10, 25
10, 28
10, 38
10, 47
10, 76
10, 87
11, 15
11, 35
11, 36
11, 52
11, 53
11, 54
11, 56
12, 58
12, 83
13, 64
14, 48
14, 49
14, 92
14, 94
16, 22
16, 26
16, 71
16, 81
16, 84
17, 22
17, 26
17, 81
18, 32
18, 36
18, 39
18, 45
18, 51
18, 53
19, 20
19, 24
19, 42
20, 30
20, 33
20, 40
20, 41
20, 42
20, 99
21, 24
21, 37
21, 50
22, 71
22, 81
22, 84
23, 28
23, 65
23, 68
23, 79
24, 37
24, 42
25, 47
25, 74
26, 44
26, 46
26, 61
26, 75
26, 81
26, 86
27, 48
27, 73
28, 38
28, 65
28, 68
28, 79
28, 87
29, 32
29, 91
29, 98
30, 40
31, 34
32, 39
32, 51
32, 59
32, 63
32, 70
32, 98
33, 40
33, 41
33, 55
35, 54
35, 57
35, 62
35, 82
35, 89
36, 52
36, 53
36, 67
36, 96
38, 87
39, 59
39, 63
41, 42
41, 99
42, 99
44, 61
44, 75
44, 86
44, 93
46, 61
48, 73
49, 94
51, 98
53, 54
53, 66
53, 82
53, 90
54, 57
54, 66
54, 82
54, 89
54, 90
56, 80
57, 82
58, 83
59, 70
60, 97
61, 75
61, 93
62, 82
64, 69
64, 77
65, 79
66, 90
67, 96
69, 77
71, 84
72, 85
75, 86
75, 93
78, 95
91, 98
92, 94
end