440
4
0, 0.7655127041269754, 0.13747838642425547
1, 0.07506837731140958, 0.5490964982779716
2, 0.9323916839145959, 0.4532142614165897
3, 0.1355216598391512, 0.4248232176555291
4, 0.8284846504841931, 0.7013312742574243
5, 0.06658428140208317, 0.9338048397123544
6, 0.7064353967055855, 0.30368572092619717
7, 0.020701566008405337, 0.41851553201824243
8, 0.5386000624779193, 0.910962765093988
9, 0.9723378012457802, 0.20124475914555884
10, 0.35033793713394046, 0.48286159754089963
11, 0.7731510766396017, 0.9386548486561196
12, 0.0916843655612537, 0.7014059156083771
13, 0.6308406681150399, 0.2822181093081467
14, 0.48273609845958854, 0.9841490646376969
15, 0.13938514683448977, 0.03375262718152128
16, 0.9850137627954866, 0.005838038433882864
17, 0.47241849128703084, 0.3057326834500246
18, 0.5171635937192638, 0.9596862014568518
19, 0.06892465145773685, 0.5951211409275091
20, 0.7266664507249551, 0.1399475660536269
21, 0.34918811280174344, 0.2833079743940301
22, 0.6253280735163584, 0.04024210318674404
23, 0.26604201394575144, 0.018594294365901765
24, 0.879664967321485, 0.804377222342715
25, 0.6334175324063173, 0.7445012431951171
26, 0.34509689744224026, 0.6835413848597619
27, 0.47266738037123335, 0.9501379979419333
28, 0.13829315541986786, 0.7450613385072344
29, 0.06500032713419623, 0.5569683438628935
30, 0.5051151995868354, 0.06403293104586105
31, 0.5738072075246813, 0.20102054079807297
32, 0.4044325233942052, 0.6759253825276759
33, 0.4792100399397521, 0.8172903670578584
34, 0.5897680227041838, 0.1681510644050801
35, 0.7583310993020785, 0.5494803073471846
36, 0.4477075735122832, 0.6186702984803323
37, 0.6210995859720767, 0.29024721815503296
38, 0.5528365247499141, 0.1614465783802188
39, 0.21491925688388025, 0.11038409172197572
40, 0.5708130695732437, 0.978913503046215
41, 0.38950474751970476, 0.9334245879117018
42, 0.12799547497369235, 0.4871207977022606
43, 0.8902285318313221, 0.23184147253104226
44, 0.6315127706883444, 0.4557263563339965
45, 0.6738995616401384, 0.1045094406343624
46, 0.8561479798229283, 0.9080000566748834
47, 0.6228485134246536, 0.9867467554797894
48, 0.762316397901907, 0.5187880011741495
49, 0.6091379867509789, 0.16431940885732765
50, 0.8834192194057123, 0.28049293405296527
51, 0.6910184818862809, 0.9950783240419027
52, 0.5060988753079012, 0.5631037417416132
53, 0.2852525119257575, 0.22292898008421924
54, 0.23431760558067294, 0.8147569229410034
55, 0.7250037322022854, 0.565115914161875
56, 0.5844525243562865, 0.3472672772295583
57, 0.8087774726561238, 0.6648851037771296
58, 0.9837144670649416, 0.2711203944789261
59, 0.7942574036562337, 0.6365707470120672
60, 0.9465666113308164, 0.31993202662857834
61, 0.4680959126418127, 0.25526828318883377
62, 0.34632034863944694, 0.8594515162785143
63, 0.35512620578013343, 0.959404926887283
64, 0.9418883736623452, 0.17382381899024946
65, 0.8186824111305975, 0.9604887769508295
66, 0.4401943677985616, 0.7658833614363539
67, 0.2049460007012216, 0.6055403989580496
68, 0.040707404323977014, 0.4406304388659664
69, 0.013153800935223336, 0.3014720544204911
70, 0.12221174989174477, 0.8739168134467568
71, 0.3328499927596066, 0.15542131009230375
72, 0.6401645503603993, 0.441316695192138
73, 0.16750912955830044, 0.5667338744749083
74, 0.9067649301614227, 0.8333962344090353
75, 0.49488335914262294, 0.8760979090738874
76, 0.3519974488497466, 0.08454349719391163
77, 0.43134799387857337, 0.2925447589744339
78, 0.17564545204808268, 0.17290463519085897
79, 0.3712347817704057, 0.21775225946482446
80, 0.8883716581088736, 0.4657381166642204
81, 0.49169259939750454, 0.30865839433245024
82, 0.8808565367409837, 0.811839022585189
83, 0.7015994991885487, 0.7138772674059066
84, 0.9109398322488789, 0.8087629104098953
85, 0.05121025972169946, 0.7496366141049906
86, 0.6504816721682636, 0.17947717518495943
87, 0.2700042367436055, 0.4343932975611047
88, 0.5361023131244391, 0.045037662485095886
89, 0.09947287978183394, 0.8554770128380923
90, 0.9860942885979043, 0.6372019735820174
91, 0.11708047006305955, 0.009065752350718936
92, 0.6740176477774046, 0.06726769754899464
93, 0.4232398177234812, 0.09112679733777229
94, 0.16209619390458108, 0.06877686063422483
95, 0.5904764998639876, 0.47220344246336343
96, 0.3680909384413039, 0.6079119943500747
97, 0.7769719148888857, 0.1982055881950895
98, 0.03715562894227753, 0.3753043546477054
99, 0.39418435405879315, 0.032866690012680055
100, 0.4882823151264103, 0.4605632975471199
101, 0.12804813339861254, 0.6621023322249537
102, 0.14876724576024114, 0.7656370986475386
103, 0.5177972755814947, 0.40009830177631933
104, 0.904667073912825, 0.9027915479038447
105, 0.7808893300370541, 0.47504458501156266
106, 0.6493249803720351, 0.19425537268857318
107, 0.5999765074712073, 0.9620723954787544
108, 0.40393102137795744, 0.06590320154370599
109, 0.671593906155046, 0.30527455984422536
110, 0.0734308499019043, 0.8439834691160305
111, 0.8776352015802866, 0.5445351917677926
112, 0.21987900248673764, 0.7109474635779192
113, 0.2622236731266071, 0.15364235670834747
114, 0.7942159626982024, 0.37051099582457914
115, 0.9703690473567739, 0.31246780931261564
116, 0.1526331724223594, 0.5870752495057977
117, 0.9161500921252013, 0.7811583218840135
118, 0.7236762445023068, 0.9408161191219371
119, 0.9651325927607313, 0.6675043574704483
120, 0.6432564253232111, 0.028849198692178613
121, 0.74503017897088, 0.16427732893249558
122, 0.7523389651398694, 0.8001352300875292
123, 0.0303619983118516, 0.44292222259046077
124, 0.580093146917106, 0.3568808816465552
125, 0.7799611634354364, 0.5448737542904258
126, 0.3660263095089137, 0.7274536146892395
127, 0.8065597573596557, 0.14462533347318962
128, 0.2576857250998763, 0.09473141503934401
129, 0.5590632493058293, 0.49783847696776184
130, 0.07028575014079697, 0.12592562617097147
131, 0.259988407850935, 0.0436386030849133
132, 0.18168273587645045, 0.8382756238120084
133, 0.4683260118562309, 0.0688204753220425
134, 0.5359434399990561, 0.937486402041339
135, 0.1946737479068852, 0.7171551681762924
136, 0.9515116017914492, 0.5334773499853613
137, 0.6138281116042424, 0.22555947944053367
138, 0.3257710669925914, 0.8276920474270489
139, 0.6199321861575791, 0.17208697263376538
140, 0.5140190273717279, 0.537344052039557
141, 0.7884945088507078, 0.11486055553408081
142, 0.17375344864346898, 0.9124807731832242
143, 0.04168336842274434, 0.6411400403476214
144, 0.06847477966155624, 0.06826454562458328
145, 0.6619959563076736, 0.9929965165281845
146, 0.5388820091308425, 0.8053580455515001
147, 0.3315240906730951, 0.389794640511156
148, 0.12537199444625846, 0.7192422893488668
149, 0.2732649924435534, 0.9694945081129034
150, 0.07428819551634791, 0.1000650246647723
151, 0.9381723427549462, 0.37737652802626953
152, 0.5450567062033889, 0.8211641923055272
153, 0.6714403999975727, 0.22421926599990727
154, 0.2522782632750864, 0.4242951615240682
155, 0.7998916892462724, 0.4455345164141873
156, 0.7943625857600329, 0.9233387999780459
157, 0.22630225087519262, 0.360881220276279
158, 0.6563269601510535, 0.09469570492407298
159, 0.9602384051838995, 0.19021851919531585
160, 0.0020783914460423825, 0.7174673505587216
161, 0.5226957339502328, 0.9004133928318887
162, 0.6376373694850125, 0.3562223781706493
163, 0.19703804042169226, 0.4179144869695669
164, 0.6821205134081846, 0.027393695944611607
165, 0.19990713439581875, 0.6264811130396537
166, 0.585229412263559, 0.6025627358720165
167, 0.807297476301172, 0.6043624019311383
168, 0.5153063720405149, 0.3951227770090243
169, 0.18887322908277837, 0.4421104911925752
170, 0.31176791880841326, 0.8465051214998564
171, 0.6402830294259227, 0.36307477635776697
172, 0.8536819840562363, 0.5366916429314373
173, 0.17187252010258147, 0.050940088282857565
174, 0.2969298591841004, 0.950878858701584
175, 0.0010240399251247867, 0.6181582500021575
176, 0.7335881860402209, 0.1610140242944924
177, 0.8511445180708144, 0.10345989911005371
178, 0.8210232758160086, 0.07957233006181885
179, 0.07082332645447231, 0.9448569126395027
180, 0.569215307797001, 0.2533719264726213
181, 0.6199255657485321, 0.1661436282091603
182, 0.788414555791673, 0.16249394373784443
183, 0.2756591041474641, 0.5964863403569074
184, 0.18188113390316152, 0.8696403619074177
185, 0.22039539008645637, 0.1202278860679028
186, 0.09829719336420051, 0.9060774500231833
187, 0.0160928373554714, 0.4366122180696139
188, 0.6114388209289061, 0.2362746202354521
189, 0.5587512573531127, 0.3059024914503742
190, 0.7327223916793372, 0.3900444770638012
191, 0.26352633751226784, 0.19305216771310996
192, 0.9914405587630687, 0.8138732915919751
193, 0.2850714256684058, 0.9852204120303041
194, 0.8970435750668195, 0.4100330803355148
195, 0.7593973378593243, 0.7127915162391988
196, 0.3489916314852346, 0.5002728607305562
197, 0.7326186575183103, 0.7406487794597381
198, 0.7893137952687663, 0.7340326135650738
199, 0.19697822209565263, 0.16231898359131414
200, 0.21728539039159322, 0.2738987931381549
201, 0.6676950509754537, 0.6910147061733524
202, 0.9866652118340432, 0.11250109702777578
203, 0.2123395888768823, 0.6998501881193364
204, 0.779892673816941, 0.3332912253296446
205, 0.5618262584073455, 0.3340766254885802
206, 0.31727617064705715, 0.23212954143208253
207, 0.10807849445796491, 0.973026387466803
208, 0.0627712252001813, 0.07548044129506781
209, 0.3370078940467437, 0.4353447438528666
210, 0.06479023863021016, 0.17099677996528206
211, 0.5905238039318066, 0.34523187341228645
212, 0.3329389583233058, 0.6228937029047996
213, 0.8338934043233013, 0.9179116845569485
214, 0.4900364417772288, 0.5340202314265301
215, 0.1971252396695946, 0.08478117159619913
216, 0.30199133860850513, 0.8358920526168311
217, 0.257500361455422, 0.5071685397641853
218, 0.5913753497569473, 0.752511906140226
219, 0.6849483042448915, 0.1750615156989992
220, 0.08077974438656099, 0.9646748902352239
221, 0.6523666120553009, 0.9366551056198396
222, 0.5941926267007397, 0.27008326922727854
223, 0.8883616649117021, 0.772503620024731
224, 0.5442593658524677, 0.43709942167813687
225, 0.8477408492561466, 0.6167779426094465
226, 0.7098600376366861, 0.08242212609008703
227, 0.907553127435436, 0.6287842708747231
228, 0.36390112757136195, 0.5961524140303843
229, 0.6264941298654719, 0.31147982362180215
230, 0.008934010738765208, 0.9260690522240604
231, 0.43116031571440516, 0.2885440785483726
232, 0.22433438236865455, 0.5517638136407615
233, 0.3931280995054849, 0.29560500407831414
234, 0.5475975566539144, 0.028920901658647802
235, 0.8509744135715047, 0.9665605625895958
236, 0.8816492842486046, 0.015755812021856497
237, 0.759290985721152, 0.9160835343636239
238, 0.29221507129901847, 0.07605871777713702
239, 0.12080455716584004, 0.7453423211295588
240, 0.39578803404872487, 0.8267495218668648
241, 0.856224242536227, 0.7196637747048116
242, 0.16663497809925976, 0.7207032863241739
243, 0.43768963559043883, 0.11503474949260994
244, 0.26139371381339316, 0.1871060930674857
245, 0.28018797503466275, 0.7217170812560371
246, 0.28884998071727697, 0.7603168964217589
247, 0.49195817246809825, 0.7536329454105265
248, 0.074900185595977, 0.02189166181967317
249, 0.687628779812849, 0.23531373467037353
250, 0.9304744643662919, 0.4444755444252585
251, 0.26699611877399265, 0.6483138263084489
252, 0.9177983817126335, 0.40185441683203404
253, 0.9144401889258841, 0.8470602598204826
254, 0.1431034549152621, 0.6134540410193425
255, 0.41711437518382044, 0.9104587819043641
256, 0.4589312911358394, 0.5024032518409378
257, 0.18360140557971483, 0.3911487651021871
258, 0.9806561019181872, 0.6508240136227655
259, 0.04756125198045247, 0.6656531858203311
260, 0.9610136302505111, 0.8578311591644148
261, 0.48139108407617304, 0.5530782864998273
262, 0.10808096804209189, 0.12386806837938491
263, 0.24740943333567567, 0.8777158073822977
264, 0.12908983118486883, 0.15316579657928697
265, 0.8296026495641451, 0.5012410854426957
266, 0.5620298683887054, 0.28129518175965373
267, 0.5505820237847051, 0.8986063993524782
268, 0.35635428559172344, 0.3997420374516546
269, 0.3998545985419598, 0.7028440472129168
270, 0.20338149485319068, 0.08841441770625358
271, 0.7796170983172436, 0.8555129818662051
272, 0.7649846819700972, 0.6534528550471718
273, 0.8512650835685684, 0.09387370244245086
274, 0.6482813979577094, 0.8475862292213083
275, 0.5796592069372489, 0.3067347392395945
276, 0.5328873259035842, 0.4427961621408124
277, 0.3395011644180137, 0.23498330869203243
278, 0.2851971615347526, 0.9868897229610126
279, 0.8396551567337921, 0.9986923216727608
280, 0.35043828437619395, 0.6431801578424804
281, 0.8468586367208435, 0.5637042480710659
282, 0.3307957756871922, 0.2905465316527144
283, 0.3739709624009019, 0.9258565994495004
284, 0.7455267904542432, 0.9290172131319869
285, 0.6418381358800553, 0.06328093523377587
286, 0.08432094186800942, 0.4789274873676993
287, 0.47348436982724296, 0.2931393753388388
288, 0.35459872752555777, 0.9016831756044581
289, 0.39504081733117913, 0.930070960710709
290, 0.9281534225234208, 0.8317210167423618
291, 0.5952772567054764, 0.24115808241455883
292, 0.283776519535235, 0.2168586366741898
293, 0.3775364048812754, 0.7807625617783368
294, 0.009813247449142803, 0.2792348161676693
295, 0.050512457662527877, 0.08816722846523195
296, 0.6358749324011512, 0.6003441368365022
297, 0.7249423277588991, 0.07423323287697892
298, 0.021900590442512025, 0.72691805623621
299, 0.4961808196921669, 0.6838172193866386
300, 0.9212053696087945, 0.12210664814410888
301, 0.4853558282710232, 0.58111940777302
302, 0.008397566304971571, 0.0856559954103927
303, 0.1750744145005989, 0.41062700439801747
304, 0.49394017906885035, 0.14992437893818333
305, 0.3971342372052691, 0.15504550761594904
306, 0.8400829079607011, 0.12990921078694717
307, 0.7903786580511162, 0.9774625802900195
308, 0.031223598000950203, 0.7493988802636767
309, 0.422069852230898, 0.8083015010179673
310, 0.45345224245405036, 0.9859527646071109
311, 0.41649172591600503, 0.7460105628622973
312, 0.880393075060919, 0.16237285462175532
313, 0.058598925791070844, 0.3078286895772946
314, 0.6543299295476946, 0.3041545163141245
315, 0.9387642598021684, 0.6998317599002819
316, 0.677507814321265, 0.3318408410239594
317, 0.41520270122502656, 0.269021781530808
318, 0.15871856468785084, 0.9157932380864799
319, 0.2772544826834127, 0.5307017874724453
320, 0.4715033326477399, 0.410542622375926
321, 0.6855532821539799, 0.9646428070827013
322, 0.08996369389072167, 0.2192183104939205
323, 0.9967689600618546, 0.21316038992287578
324, 0.5728661933169407, 0.4811175906103333
325, 0.6617185007947636, 0.5246108164112464
326, 0.4698159358964066, 0.5955303762171973
327, 0.5894399595697848, 0.6651508754595163
328, 0.0778130648601637, 0.00950418980061174
329, 0.15428052142485893, 0.691689357833074
330, 0.6885364748438538, 0.33803339592117054
331, 0.7315888747603112, 0.2552955765904764
332, 0.6330639739907953, 0.18407329078653367
333, 0.9577006886932236, 0.041745148369943696
334, 0.6818198771429422, 0.5196135207291764
335, 0.5774208471763241, 0.27489219713553115
336, 0.8296453271200941, 0.5004696645804598
337, 0.17058966647572604, 0.7798930518414663
338, 0.3494465220352623, 0.8781506645305667
339, 0.7061946754089199, 0.8834601004700446
340, 0.019544433285992757, 0.251979578404694
341, 0.8437160685312406, 0.9001536405868494
342, 0.4194187384785545, 0.9974538785007127
343, 0.3285164207379855, 0.7428158210293735
344, 0.8376749732265517, 0.09998159060691403
345, 0.1019802684653569, 0.722320870579682
346, 0.2012813633458529, 0.8679482383819841
347, 0.9811744725918745, 0.20023799204726267
348, 0.37058427974417685, 0.019109716507123342
349, 0.6883262343613512, 0.669924765705734
350, 0.430246546444936, 0.8167921722754873
351, 0.4102074528424513, 0.9613808913293307
352, 0.882972264452135, 0.23854425094150966
353, 0.4305307623971092, 0.46790870018414177
354, 0.8039389793788927, 0.5868876925399187
355, 0.6026497632591782, 0.8494279265727944
356, 0.09610610521380059, 0.3851973653732135
357, 0.6059419917297245, 0.7895113175214202
358, 0.006550521520405583, 0.9234743958682812
359, 0.330087563044406, 0.8626662716519709
360, 0.9173995319547642, 0.4315337146843655
361, 0.21069525315018822, 0.8872024259345359
362, 0.2605428997794821, 0.4151938578111448
363, 0.29456895551718965, 0.1839044122872796
364, 0.06888643656393523, 0.22337758150204745
365, 0.10589900109613282, 0.1153894670972645
366, 0.6561340517825702, 0.40065188241841776
367, 0.5700637272587357, 0.8395758854801711
368, 0.5105163550843065, 0.1425608490084488
369, 0.08834903552466267, 0.9493000307916335
370, 0.886595119591335, 0.2664874530255854
371, 0.157227285950578, 0.7478691152865246
372, 0.7383494143112544, 0.44686436616526193
373, 0.2518740394787534, 0.3967249386672248
374, 0.6092468446687486, 0.5142502338782516
375, 0.2452207600953733, 0.902079128210963
376, 0.3658657861285125, 0.22693924001633226
377, 0.112654461233337, 0.600683179990027
378, 0.9714321782371237, 0.7181335473947696
379, 0.8740332761015324, 0.5795025799887011
380, 0.341338359269609, 0.9373384318187302
381, 0.7745745009515941, 0.2500537721995004
382, 0.6704917633272981, 0.5687492773887807
383, 0.991785355636367, 0.8311125008305126
384, 0.5494571947262572, 0.10677943139196577
385, 0.05485224652099707, 0.22313832284360335
386, 0.2511600285368579, 0.42623910561366884
387, 0.002097047013571496, 0.7625878448482882
388, 0.37042518888009646, 0.819740104112414
389, 0.35604768710146917, 0.9208834639269072
390, 0.02555598359706479, 0.15339039618383354
391, 0.7352837768834363, 0.39574667789953766
392, 0.137390165119601, 0.7425971647008024
393, 0.27632748433646603, 0.2314978531799069
394, 0.4226629153253125, 0.31700163120395475
395, 0.34921226384154413, 0.03713639828277182
396, 0.8909336298879704, 0.05353993102694632
397, 0.21590592251874396, 0.926280570797643
398, 0.7787490681077572, 0.09991839727894147
399, 0.3108092058598415, 0.7078356025179147
400, 0.38974058348434604, 0.5738817998313369
401, 0.9118567654479577, 0.008816923511774877
402, 0.3567798484723287, 0.8888466933407252
403, 0.07131979399115917, 0.7552664189216616
404, 0.9823989752083644, 0.3734765762920509
405, 0.7879128021016092, 0.48284169761508855
406, 0.6303772555078895, 0.2519821141722143
407, 0.6665239560640576, 0.9819327484443228
408, 0.9433492201551712, 0.9427662475829001
409, 0.9610891551261974, 0.8055480778377434
410, 0.092094325190057, 0.8240439763363316
411, 0.705255773049066, 0.08654173791981401
412, 0.44815045182223423, 0.16691306051535693
413, 0.15103849538054437, 0.5910902768650179
414, 0.98586964161208, 0.6871281000594401
415, 0.21040958848997993, 0.13745237233081875
416, 0.8909972041636793, 0.5585298589335668
417, 0.2813485428392366, 0.3649838446042609
418, 0.7856672214580216, 0.8544562511164133
419, 0.45368586832847957, 0.9016212864101415
420, 0.9948742902124214, 0.39543342068175136
421, 0.5001775141322111, 0.36690619683188286
422, 0.25549286523100856, 0.5006221032676789
423, 0.6828564971310259, 0.3803865945847805
424, 0.17381595786063753, 0.15548909548602285
425, 0.04467631107470427, 0.4619961832848364
426, 0.6160472416466596, 0.7982895755481171
427, 0.6985986407570473, 0.6153693620586178
428, 0.6767504994614987, 0.7559660488776772
429, 0.4459911952054735, 0.3004181658962982
430, 0.5109354951904174, 0.756868810423056
431, 0.9866414888163485, 0.5122408564937937
432, 0.2479850452706417, 0.9053543872829745
433, 0.24929704593031077, 0.5457959290695624
434, 0.901584767857879, 0.9050531800948111
435, 0.995397455606846, 0.39015852140077545
436, 0.4987878857143042, 0.7557515660567109
437, 0.2892310832772146, 0.4109204935892161
438, 0.9963787977672706, 0.5779549475053962
439, 0.14639000487631204, 0.08786252796457905
end_nodes
0, 1
0, 2
0, 3
0, 4
0, 5
0, 6
0, 7
0, 8
0, 9
0, 10
0, 11
0, 12
0, 13
0, 14
0, 15
0, 16
0, 17
0, 18
0, 19
0, 20
1, 3
1, 7
1, 17
1, 19
1, 29
1, 42
1, 68
1, 77
1, 81
1, 87
1, 106
1, 123
1, 137
1, 143
1, 147
1, 154
1, 160
1, 163
1, 169
2, 4
2, 9
2, 11
2, 24
2, 43
2, 46
2, 50
2, 58
2, 60
2, 65
2, 74
2, 80
2, 82
2, 84
2, 90
2, 97
2, 104
2, 111
2, 114
3, 7
3, 42
3, 61
3, 68
3, 77
3, 106
3, 157
3, 163
3, 219
3, 231
3, 233
3, 257
3, 286
3, 303
3, 373
3, 417
4, 11
4, 57
4, 59
4, 80
4, 105
4, 111
4, 114
4, 125
4, 155
4, 167
4, 172
4, 198
4, 204
4, 225
4, 265
4, 271
4, 281
4, 336
5, 6
5, 12
5, 13
5, 14
5, 19
5, 26
5, 27
5, 28
5, 32
5, 33
5, 36
5, 37
5, 41
5, 44
5, 52
5, 54
5, 56
5, 62
5, 63
6, 14
6, 26
6, 27
6, 33
6, 44
6, 56
6, 70
6, 72
6, 75
6, 95
6, 96
6, 100
6, 109
6, 121
6, 124
6, 129
6, 140
6, 146
7, 15
7, 20
7, 21
7, 29
7, 31
7, 34
7, 38
7, 39
7, 49
7, 53
7, 61
7, 68
7, 69
7, 71
7, 76
7, 78
7, 79
8, 11
8, 18
8, 25
8, 35
8, 40
8, 47
8, 48
8, 51
8, 55
8, 65
8, 83
8, 107
8, 118
8, 122
8, 134
8, 145
8, 190
8, 195
8, 197
9, 16
9, 43
9, 58
9, 60
9, 64
9, 115
9, 127
9, 159
9, 177
9, 182
9, 202
9, 273
9, 300
9, 306
9, 312
9, 323
9, 333
9, 344
10, 12
10, 19
10, 67
10, 73
10, 101
10, 116
10, 176
10, 189
10, 209
10, 217
10, 222
10, 232
10, 254
10, 266
10, 319
10, 335
10, 377
10, 413
10, 422
11, 35
11, 48
11, 59
11, 65
11, 105
11, 118
11, 122
11, 125
11, 156
11, 195
11, 204
11, 237
11, 241
11, 271
11, 272
11, 284
12, 13
12, 19
12, 28
12, 37
12, 67
12, 101
12, 103
12, 110
12, 112
12, 116
12, 135
12, 148
12, 153
12, 165
12, 168
12, 183
12, 196
13, 37
13, 153
13, 196
13, 205
13, 275
13, 421
14, 18
14, 27
14, 40
14, 47
14, 51
14, 63
14, 145
14, 146
14, 149
14, 152
14, 161
14, 179
14, 193
14, 207
14, 220
14, 278
14, 310
15, 16
15, 20
15, 22
15, 23
15, 30
15, 39
15, 45
15, 69
15, 76
15, 88
15, 91
15, 92
15, 93
15, 94
15, 98
15, 99
15, 108
15, 113
16, 22
16, 23
16, 45
16, 91
16, 92
16, 99
16, 120
16, 141
16, 158
16, 164
16, 178
16, 202
16, 226
16, 234
16, 236
16, 273
16, 285
17, 106
17, 137
17, 219
18, 40
18, 134
18, 152
18, 161
18, 327
19, 73
19, 81
19, 85
19, 110
19, 143
19, 160
19, 176
19, 188
19, 209
19, 217
19, 230
19, 259
19, 266
19, 268
19, 291
20, 21
20, 31
20, 34
20, 38
20, 49
20, 71
20, 76
20, 86
20, 93
20, 139
20, 181
20, 243
20, 304
20, 305
20, 317
20, 332
20, 368
21, 49
21, 139
21, 181
21, 282
22, 88
22, 99
22, 120
22, 164
22, 234
22, 236
22, 285
22, 395
23, 91
23, 348
24, 46
24, 82
24, 235
24, 279
25, 48
25, 55
25, 357
25, 427
26, 44
26, 95
26, 140
26, 186
26, 214
26, 261
26, 399
27, 33
27, 41
27, 62
27, 63
27, 75
27, 146
27, 174
27, 255
27, 283
27, 288
27, 289
27, 338
27, 351
27, 375
27, 380
27, 389
27, 402
28, 89
28, 102
28, 112
28, 135
28, 148
28, 239
28, 242
28, 337
28, 345
28, 371
28, 392
28, 410
29, 123
29, 160
29, 175
29, 187
30, 45
30, 92
30, 108
30, 131
30, 133
30, 158
30, 297
31, 317
32, 33
32, 36
32, 44
32, 52
32, 54
32, 66
32, 126
32, 138
32, 170
32, 184
32, 216
32, 240
32, 246
32, 247
32, 263
32, 269
32, 293
32, 299
32, 301
33, 44
33, 62
33, 66
33, 72
33, 75
33, 166
33, 170
33, 240
33, 247
33, 263
33, 309
33, 311
33, 350
33, 359
33, 374
33, 419
34, 38
34, 49
34, 356
35, 48
35, 83
35, 195
35, 201
35, 272
35, 349
35, 426
36, 132
36, 246
36, 301
36, 326
37, 103
37, 168
37, 212
37, 320
37, 337
38, 53
38, 71
38, 79
38, 206
38, 292
38, 305
38, 356
38, 376
38, 393
38, 412
39, 78
39, 94
39, 98
39, 113
39, 185
39, 199
39, 264
39, 313
39, 322
39, 415
39, 424
39, 439
40, 47
40, 134
41, 142
41, 318
41, 375
41, 380
41, 397
41, 432
42, 163
43, 50
43, 60
43, 151
43, 182
43, 250
43, 352
43, 370
44, 52
44, 72
44, 95
44, 186
44, 247
44, 299
44, 330
44, 366
44, 436
45, 108
45, 133
45, 141
45, 158
45, 178
45, 226
45, 398
45, 411
46, 65
46, 213
46, 279
46, 341
47, 107
47, 145
48, 55
48, 190
48, 201
48, 272
48, 331
48, 372
48, 382
48, 391
49, 181
49, 282
50, 182
50, 250
50, 252
50, 352
50, 370
51, 65
51, 145
51, 221
51, 278
51, 279
51, 307
51, 310
51, 321
51, 342
51, 407
52, 132
52, 301
53, 200
53, 292
53, 393
54, 184
55, 357
55, 367
55, 382
55, 427
56, 70
56, 100
56, 109
56, 121
56, 124
56, 211
56, 228
56, 229
56, 249
56, 314
56, 400
57, 59
57, 198
58, 90
58, 115
58, 192
58, 323
58, 383
58, 404
58, 420
58, 431
58, 435
58, 438
59, 125
59, 198
59, 271
60, 151
61, 157
61, 231
61, 233
61, 257
62, 142
62, 255
62, 318
62, 338
62, 359
62, 375
62, 389
62, 419
63, 174
63, 351
64, 159
64, 273
64, 300
65, 118
65, 156
65, 213
65, 221
65, 241
65, 279
65, 307
65, 321
66, 311
67, 101
68, 286
68, 425
69, 91
69, 130
69, 144
69, 150
69, 175
69, 187
69, 208
69, 210
69, 248
69, 262
69, 294
69, 295
69, 302
69, 328
69, 340
69, 364
69, 365
69, 385
70, 96
70, 245
70, 256
70, 280
70, 316
70, 400
71, 76
71, 191
71, 243
71, 244
71, 292
71, 304
71, 305
71, 363
71, 368
71, 412
72, 374
73, 377
74, 82
74, 104
74, 223
74, 227
74, 235
74, 279
74, 434
75, 166
75, 430
76, 93
76, 113
76, 128
76, 173
76, 215
76, 238
76, 243
76, 244
76, 270
77, 106
77, 147
77, 154
77, 169
77, 287
77, 362
77, 373
77, 386
77, 394
77, 417
77, 429
77, 437
78, 113
78, 199
79, 200
79, 206
79, 277
79, 376
80, 111
80, 114
80, 172
80, 225
80, 336
81, 87
81, 268
81, 291
82, 223
82, 227
82, 235
83, 195
83, 267
83, 355
83, 426
83, 428
84, 90
84, 104
84, 117
84, 119
84, 136
84, 192
84, 253
84, 258
84, 260
84, 290
84, 315
84, 378
84, 383
84, 408
84, 409
84, 414
85, 230
86, 317
86, 332
87, 291
88, 285
88, 395
89, 102
89, 212
89, 337
90, 119
90, 136
90, 192
90, 258
90, 315
90, 404
90, 414
90, 431
91, 130
91, 144
91, 150
91, 210
91, 328
92, 131
92, 285
92, 297
94, 439
95, 129
95, 140
95, 324
95, 330
95, 366
96, 162
96, 171
96, 224
96, 256
96, 276
96, 280
96, 316
97, 114
97, 194
97, 360
98, 313
99, 234
99, 401
100, 124
100, 162
100, 224
100, 256
100, 276
100, 400
101, 254
101, 319
102, 337
103, 112
103, 165
103, 168
103, 183
103, 203
103, 251
103, 337
103, 353
104, 253
104, 279
104, 408
104, 434
105, 125
105, 167
105, 204
105, 354
105, 405
106, 147
106, 219
106, 287
107, 145
108, 133
109, 121
109, 249
109, 314
110, 403
111, 379
112, 135
112, 203
112, 251
112, 329
112, 337
112, 371
113, 128
113, 185
113, 199
113, 215
113, 270
113, 415
114, 194
114, 265
114, 336
114, 360
116, 377
116, 413
117, 136
117, 315
119, 315
120, 164
120, 234
121, 228
121, 249
122, 195
122, 197
122, 237
122, 274
122, 284
122, 339
124, 211
125, 167
126, 216
126, 263
127, 306
127, 312
127, 344
128, 270
129, 140
129, 324
130, 150
132, 301
132, 326
135, 148
135, 242
136, 315
137, 180
138, 170
138, 240
138, 293
138, 388
139, 181
140, 214
140, 261
141, 178
141, 396
141, 398
142, 318
142, 375
142, 432
143, 160
144, 150
144, 328
145, 407
147, 287
147, 394
147, 429
147, 437
148, 242
148, 392
149, 179
149, 220
149, 369
152, 161
152, 327
153, 275
153, 406
153, 421
154, 386
155, 204
155, 381
156, 241
157, 257
158, 226
158, 297
159, 300
160, 175
160, 230
160, 259
160, 298
160, 308
160, 358
160, 387
162, 171
162, 224
163, 169
163, 373
165, 183
165, 353
166, 430
167, 354
168, 320
169, 362
169, 373
170, 216
170, 240
170, 263
172, 225
172, 281
172, 336
173, 215
173, 238
175, 187
175, 294
175, 302
175, 387
176, 189
176, 222
176, 266
176, 335
177, 273
177, 344
178, 396
178, 398
179, 220
179, 230
179, 369
182, 252
182, 352
183, 203
183, 329
183, 353
184, 263
184, 343
184, 346
184, 361
185, 415
188, 291
189, 222
190, 218
190, 296
190, 325
190, 331
190, 334
190, 367
190, 372
190, 382
190, 391
191, 244
191, 363
192, 378
192, 383
192, 409
192, 414
192, 431
193, 207
193, 278
194, 360
195, 197
195, 267
195, 355
195, 428
196, 205
196, 421
197, 274
198, 271
199, 415
200, 206
200, 277
200, 393
202, 323
202, 347
203, 251
203, 329
204, 381
204, 405
205, 421
206, 393
207, 220
207, 278
207, 342
208, 248
208, 295
208, 302
209, 266
209, 422
212, 337
213, 341
214, 261
215, 238
215, 270
216, 263
217, 422
218, 296
218, 331
218, 334
220, 230
220, 369
221, 321
222, 335
223, 227
224, 276
226, 411
229, 249
229, 314
230, 259
230, 308
230, 358
231, 233
232, 254
232, 413
232, 433
235, 279
236, 285
237, 284
239, 345
239, 410
240, 269
240, 293
240, 309
240, 311
240, 350
240, 388
242, 392
243, 368
247, 299
247, 436
248, 302
248, 328
249, 314
250, 370
253, 408
254, 319
254, 413
254, 433
255, 338
256, 276
256, 400
258, 414
259, 298
259, 308
260, 290
260, 383
260, 408
262, 364
262, 365
262, 385
263, 343
263, 346
263, 361
264, 322
264, 439
265, 336
266, 335
267, 355
269, 293
271, 418
273, 300
273, 333
273, 344
275, 421
278, 310
278, 342
279, 307
279, 342
279, 408
279, 434
280, 316
281, 336
283, 375
283, 389
284, 339
287, 429
288, 289
288, 338
288, 389
288, 402
289, 389
290, 408
292, 412
293, 388
294, 302
295, 302
295, 340
295, 390
296, 325
296, 331
296, 334
298, 308
300, 333
301, 326
302, 328
302, 340
302, 390
303, 373
303, 417
304, 305
306, 312
306, 344
309, 311
309, 350
313, 322
313, 424
317, 332
318, 397
322, 424
322, 439
323, 347
323, 435
323, 438
325, 331
330, 366
331, 391
337, 371
338, 389
338, 402
340, 390
343, 346
345, 410
349, 426
355, 428
357, 427
358, 387
365, 385
367, 382
372, 382
373, 417
375, 389
375, 432
378, 409
378, 414
383, 408
383, 438
386, 437
394, 429
420, 435
420, 438
435, 438
end