160
4
0, 0.7326321313766336, 0.0965253705561544
1, 0.7541553783136301, 0.5393498060311009
2, 0.22663282968716103, 0.22372141243640076
3, 0.18712448476784982, 0.9010902637994117
4, 0.21504313633934236, 0.07020670897406511
5, 0.5900482039069646, 0.30566866528557346
6, 0.17758286076681562, 0.0007887514022517639
7, 0.9967865232332, 0.1616630323106406
8, 0.5902923191119117, 0.6736042759866889
9, 0.7680901528771791, 0.7159174995372772
10, 0.14054223901537788, 0.602571081443014
11, 0.8130968344505413, 0.6289182500680515
12, 0.009217710977157845, 0.7446922244170686
13, 0.8396799971430642, 0.6119397321406385
14, 0.5631979039371878, 0.9964651537919568
15, 0.9955712893760761, 0.5890778206964918
16, 0.40221499410356987, 0.32158402469633407
17, 0.7033204010719355, 0.947562498051704
18, 0.676813056226321, 0.0704793574807332
19, 0.5133704855906536, 0.4770970195670693
20, 0.10856042657514353, 0.6576572650664888
21, 0.8946908218830173, 0.003969396755203247
22, 0.6085930117894708, 0.6199338866103764
23, 0.8164190231398297, 0.33942971377872244
24, 0.6274508526208661, 0.7570499279566757
25, 0.9556105878104367, 0.3469509772108327
26, 0.10612338298447643, 0.8366520509688221
27, 0.22716033551660397, 0.214305964084193
28, 0.0755378832300776, 0.5027678001224128
29, 0.1235584666213092, 0.08067989691479405
30, 0.6066654953755036, 0.6578536697025616
31, 0.1730970270205927, 0.40633394477498186
32, 0.48105211084597954, 0.06113447957494056
33, 0.7512578280989141, 0.6215532591388571
34, 0.07481434018164523, 0.3499184039097314
35, 0.8086015052334061, 0.2705200599252068
36, 0.7560383852737768, 0.906777472332826
37, 0.6303585596327946, 0.0924052510809984
38, 0.07504281320634132, 0.29764442263836166
39, 0.80624082731709, 0.7622568819317512
40, 0.5838335001754, 0.3209975940384687
41, 0.4333601773821383, 0.5010039828938617
42, 0.15687169568247006, 0.14539242069761316
43, 0.46805055744137514, 0.32966764034193485
44, 0.00489187979299488, 0.689733074804546
45, 0.11264624800853329, 0.6593002283769889
46, 0.5496704425724478, 0.881879995955638
47, 0.6366795577882329, 0.963410137360118
48, 0.2601478492381448, 0.8775504115416707
49, 0.9204198904203248, 0.47062052663004794
50, 0.33655078600921573, 0.4916612420719775
51, 0.1532345646431008, 0.3916678701206572
52, 0.16892880643566832, 0.02320007922621703
53, 0.5678503660008115, 0.9746755180451109
54, 0.031932942340197945, 0.7947351800092698
55, 0.40022950465450624, 0.8639516759753174
56, 0.5008720798727938, 0.2621751894586306
57, 0.480604509042857, 0.24045193312824997
58, 0.7334821639490255, 0.3679134529646749
59, 0.7957808846428059, 0.030799616235869354
60, 0.8233132457515475, 0.7110262152025156
61, 0.11369593331763916, 0.8429029468369588
62, 0.047991025247835384, 0.832173184347894
63, 0.15208799384922655, 0.047153961229192465
64, 0.07643182197886655, 0.32106017100946826
65, 0.926662736291873, 0.617309911633886
66, 0.016585377777284527, 0.6155585109033053
67, 0.7120324348850503, 0.3798732894346504
68, 0.4926907371964244, 0.6389952763826355
69, 0.3524730086978519, 0.463033254839618
70, 0.3068844585859424, 0.05289084211666206
71, 0.8938873738552146, 0.06434914646852152
72, 0.5072352171710605, 0.24152809860960933
73, 0.2629946025896128, 0.013704778988449684
74, 0.23743742453965067, 0.26985442995452613
75, 0.5752150239436047, 0.9946491280529579
76, 0.12168566411982362, 0.9142265439569771
77, 0.7770240155235247, 0.9521220895405182
78, 0.6907176517849845, 0.6901180974517305
79, 0.5850812187845744, 0.8663053333727901
80, 0.6591547825326222, 0.7627010698259418
81, 0.4877085366269397, 0.22498289593268062
82, 0.9273470956025271, 0.5845842049290778
83, 0.43187905611732413, 0.29409591823846803
84, 0.5322458642217373, 0.7993206828200403
85, 0.3849813190331103, 0.1180666915671047
86, 0.843008726915737, 0.5734763863992933
87, 0.1069033582418365, 0.5202880212421659
88, 0.8556688605525619, 0.5901839046876183
89, 0.8795924600526203, 0.4770715782395274
90, 0.1791150519184912, 0.763803130568439
91, 0.7506336096406396, 0.38697913760211833
92, 0.6999781965587651, 0.5047303358191987
93, 0.7514098530168851, 0.6435834124282235
94, 0.33367965402319166, 0.5503024538418311
95, 0.8909847701414353, 0.9366244822908498
96, 0.41145083333226506, 0.6986574469980804
97, 0.10895330280601023, 0.9471220438356234
98, 0.19126587382809246, 0.021832197358713556
99, 0.061511355126657175, 0.10936814512767368
100, 0.3446604851051054, 0.4472793398201427
101, 0.8950627586953853, 0.5930687969594163
102, 0.18002738145736763, 0.24900661133390123
103, 0.16211243336844738, 0.7804226436592006
104, 0.8891072376067591, 0.3487058679214432
105, 0.8143524648313771, 0.2297961138518273
106, 0.17776305873413334, 0.1673552792722447
107, 0.6704461272472899, 0.9542320601440163
108, 0.3733677679917571, 0.47199829418352757
109, 0.7525026780855744, 0.7307802299387748
110, 0.8569676403208937, 0.3242075688921243
111, 0.7051654731918051, 0.9672869686502368
112, 0.0451319275611447, 0.9501646165074841
113, 0.7937924002555582, 0.35757349295854823
114, 0.8077931462302117, 0.766690122498744
115, 0.7875387165525723, 0.6642514321901006
116, 0.9404525153384974, 0.769703456078445
117, 0.010455526220310207, 0.1020240696256427
118, 0.006355419059870582, 0.6623193400087893
119, 0.6531761693655064, 0.05834065225099849
120, 0.7843212953064814, 0.9448784490364724
121, 0.1458660148772688, 0.5735690353538763
122, 0.32097432493719236, 0.07819776281926838
123, 0.9605306073219742, 0.21721907982584276
124, 0.46641460077594654, 0.3838116619847268
125, 0.8796960879370693, 0.9455375708441807
126, 0.9332952683899068, 0.45301807269774996
127, 0.6742884126546186, 0.1204602730371116
128, 0.28451709133886716, 0.8889598386375226
129, 0.9245928744504465, 0.14533745652237273
130, 0.5695261386609889, 0.4685081186629366
131, 0.6874687676233965, 0.1428975076171839
132, 0.9331093229776009, 0.9608680967954011
133, 0.07379947557733746, 0.47725843345828034
134, 0.7722837382337425, 0.5366599034560371
135, 0.6325084899300137, 0.7249636028615837
136, 0.16015311981730895, 0.24361123140671637
137, 0.7231190518503042, 0.18293109383698114
138, 0.16950106792342057, 0.06076730132527197
139, 0.050403428204086165, 0.055628425461196396
140, 0.4307378203270107, 0.15950047462153427
141, 0.8982747095627299, 0.06711622683506924
142, 0.5324603830873808, 0.6095239084019013
143, 0.7963382956250292, 0.3477429745608679
144, 0.0027449730110843396, 0.6633434838481107
145, 0.17651595431798672, 0.8539109473947559
146, 0.887862363638749, 0.9254606363180258
147, 0.39377517008473584, 0.3513921548964165
148, 0.6292642480586836, 0.3917771529139712
149, 0.12434101583743673, 0.21760137302670346
150, 0.700078755904696, 0.7980455532750493
151, 0.22579747069819267, 0.5555441713499063
152, 0.7466102417141998, 0.19336849457546001
153, 0.6245494673295293, 0.24672653796227728
154, 0.1812650770647336, 0.5246780862805188
155, 0.5199569292971608, 0.1241659268513794
156, 0.2073055406362636, 0.7211086069163345
157, 0.9688896705800321, 0.608792884945252
158, 0.822701221095421, 0.25715626429748306
159, 0.8566100999414514, 0.6201264789777358
end_nodes
0, 1
0, 2
0, 3
0, 4
0, 5
0, 6
0, 7
0, 8
0, 9
0, 10
0, 11
0, 12
13, 18
13, 36
13, 39
13, 60
13, 77
13, 95
13, 114
13, 116
13, 119
13, 120
13, 125
13, 132
16, 28
16, 31
16, 51
16, 66
16, 87
16, 118
16, 133
16, 144
19, 3
19, 26
19, 48
19, 54
19, 61
19, 62
19, 76
19, 90
19, 96
19, 97
19, 103
19, 112
20, 12
21, 1
21, 2
21, 3
21, 4
21, 5
21, 6
21, 8
21, 9
21, 10
21, 11
21, 12
21, 14
22, 8
22, 46
22, 84
23, 1
23, 8
23, 9
23, 11
23, 14
23, 15
23, 17
23, 24
23, 30
23, 33
23, 36
23, 39
25, 95
25, 125
25, 132
25, 146
32, 15
32, 49
32, 52
32, 65
32, 82
32, 88
32, 89
32, 98
32, 101
32, 116
32, 126
32, 157
35, 1
35, 3
35, 8
35, 9
35, 11
35, 12
35, 14
35, 17
35, 24
35, 26
35, 30
35, 33
37, 2
37, 4
37, 15
37, 27
37, 29
37, 34
37, 38
37, 42
37, 49
37, 52
37, 63
37, 64
40, 3
40, 10
40, 12
40, 26
40, 41
40, 44
40, 45
40, 48
40, 54
40, 61
40, 62
40, 66
43, 10
43, 12
43, 28
43, 44
43, 45
43, 50
43, 54
43, 62
43, 66
43, 69
43, 87
43, 118
56, 10
56, 12
56, 28
56, 31
56, 34
56, 44
56, 45
56, 51
56, 65
56, 66
56, 83
56, 87
57, 28
57, 31
57, 34
57, 51
57, 64
57, 65
57, 66
57, 87
57, 88
57, 101
57, 116
57, 133
58, 1
58, 3
58, 8
58, 9
58, 14
58, 15
58, 17
58, 24
58, 30
58, 33
58, 36
58, 39
59, 1
59, 2
59, 3
59, 4
59, 5
59, 6
59, 8
59, 9
59, 10
59, 11
59, 12
59, 14
67, 3
67, 8
67, 14
67, 15
67, 17
67, 24
67, 30
67, 36
67, 46
67, 47
67, 48
67, 53
68, 48
68, 55
68, 128
70, 15
70, 49
70, 65
70, 82
70, 88
70, 89
70, 101
70, 116
70, 126
70, 157
70, 159
71, 1
71, 2
71, 3
71, 4
71, 5
71, 6
71, 8
71, 9
71, 10
71, 11
71, 12
71, 14
72, 10
72, 28
72, 31
72, 34
72, 44
72, 51
72, 64
72, 65
72, 66
72, 82
72, 83
72, 87
73, 6
73, 7
73, 15
73, 49
73, 65
73, 82
73, 88
73, 89
73, 101
73, 116
73, 126
73, 157
74, 38
74, 64
78, 14
78, 47
78, 75
78, 107
80, 14
80, 47
80, 75
81, 28
81, 31
81, 34
81, 38
81, 51
81, 64
81, 65
81, 82
81, 87
81, 88
81, 101
81, 116
85, 15
85, 42
85, 49
85, 65
85, 82
85, 88
85, 89
85, 99
85, 101
85, 116
85, 117
85, 126
86, 17
86, 36
86, 39
86, 60
86, 77
86, 88
86, 95
86, 111
86, 114
86, 116
86, 120
86, 125
91, 1
91, 8
91, 9
91, 14
91, 15
91, 17
91, 24
91, 30
91, 33
91, 36
91, 39
91, 46
92, 8
92, 14
92, 17
92, 24
92, 30
92, 46
92, 47
92, 53
92, 55
92, 75
92, 79
92, 84
100, 10
100, 12
100, 44
100, 45
100, 54
100, 118
100, 121
100, 144
100, 151
104, 9
104, 11
104, 14
104, 17
104, 33
104, 36
104, 39
104, 47
104, 53
104, 60
104, 75
104, 77
105, 1
105, 3
105, 8
105, 9
105, 10
105, 11
105, 12
105, 17
105, 24
105, 26
105, 30
105, 33
108, 54
108, 62
110, 9
110, 11
110, 17
110, 24
110, 30
110, 33
110, 36
110, 39
110, 46
110, 47
110, 53
110, 55
113, 1
113, 9
113, 11
113, 15
113, 17
113, 24
113, 30
113, 33
113, 36
113, 39
113, 46
113, 47
115, 17
115, 36
115, 77
115, 107
115, 111
115, 120
122, 4
122, 15
122, 29
122, 49
122, 65
122, 82
122, 88
122, 89
122, 101
122, 116
122, 126
122, 138
123, 11
123, 24
123, 33
123, 36
123, 39
123, 46
123, 47
123, 53
123, 60
123, 75
123, 77
123, 79
124, 10
124, 12
124, 26
124, 44
124, 45
124, 50
124, 54
124, 61
124, 62
124, 90
124, 94
124, 103
127, 2
127, 3
127, 4
127, 5
127, 10
127, 15
127, 24
127, 26
127, 27
127, 28
127, 29
127, 30
129, 2
129, 3
129, 4
129, 6
129, 7
129, 11
129, 24
129, 26
129, 27
129, 28
129, 29
129, 30
130, 26
130, 48
130, 55
130, 61
130, 76
130, 90
130, 96
130, 97
130, 103
130, 112
130, 128
130, 145
131, 2
131, 5
131, 26
131, 27
131, 28
131, 30
131, 31
131, 33
131, 34
131, 36
131, 38
131, 41
134, 33
134, 39
134, 47
134, 53
134, 75
134, 77
134, 79
134, 93
134, 107
134, 109
134, 111
134, 114
135, 46
135, 53
135, 75
135, 79
137, 1
137, 2
137, 5
137, 26
137, 28
137, 31
137, 33
137, 34
137, 38
137, 39
137, 41
137, 44
140, 2
140, 27
140, 49
140, 65
140, 82
140, 88
140, 89
140, 101
140, 102
140, 106
140, 116
140, 136
141, 1
141, 2
141, 4
141, 5
141, 6
141, 26
141, 27
141, 28
141, 29
141, 31
141, 34
141, 38
142, 48
142, 55
142, 128
143, 39
143, 46
143, 47
143, 48
143, 49
143, 53
143, 55
143, 60
143, 75
143, 77
143, 79
143, 82
147, 28
147, 44
147, 66
147, 87
147, 118
147, 121
147, 133
147, 144
147, 154
148, 26
148, 46
148, 48
148, 54
148, 55
148, 61
148, 62
148, 76
148, 84
148, 90
148, 96
148, 97
152, 31
152, 34
152, 38
152, 41
152, 44
152, 45
152, 46
152, 47
152, 48
152, 51
152, 53
152, 54
153, 5
153, 31
153, 41
153, 44
153, 45
153, 48
153, 49
153, 50
153, 51
153, 54
153, 55
153, 61
155, 2
155, 27
155, 42
155, 49
155, 65
155, 82
155, 88
155, 89
155, 99
155, 101
155, 106
155, 116
158, 41
158, 45
158, 46
158, 47
158, 48
158, 53
158, 54
158, 55
158, 60
158, 61
158, 62
158, 75
end