320
4
0, 0.35236154601617087, 0.8266174329423145
1, 0.40845077207948133, 0.7830009883241505
2, 0.9366544831570536, 0.1974687941416292
3, 0.7155413254178759, 0.6778019387104659
4, 0.4079420328342175, 0.8092368672598935
5, 0.7369412236200585, 0.7032150481544577
6, 0.18832864274505556, 0.7549460575886382
7, 0.8689136706111331, 0.7331333616371514
8, 0.6687861054715528, 0.08880765527140233
9, 0.17630582011654583, 0.552345991937671
10, 0.8786619084764501, 0.7922970404778518
11, 0.9537071982272579, 0.3116711559776225
12, 0.38477128735871, 0.7875827902763989
13, 0.9157375656360794, 0.5124270148897072
14, 0.595777801512155, 0.8435098843884392
15, 0.8987259175626199, 0.8287961376939956
16, 0.3584760668320732, 0.10196449033527366
17, 0.9634134693161248, 0.1384980204729147
18, 0.1113891277710104, 0.9348235238165055
19, 0.7842667511987493, 0.08626409984032113
20, 0.8612723983410568, 0.6130030496264217
21, 0.1523826889489016, 0.0515504027979059
22, 0.5392365444238036, 0.5750829911555191
23, 0.0690693949328578, 0.06558870336923217
24, 0.5385929277081278, 0.5577487931353049
25, 0.8272385704541024, 0.34961798987406745
26, 0.21790281032550995, 0.9116145515910375
27, 0.009781955553013866, 0.20518029863780352
28, 0.9574234078240689, 0.30726988645979303
29, 0.16659293585936896, 0.2719150905332257
30, 0.17930153026573625, 0.42761505188283877
31, 0.8218029679751753, 0.642162892216003
32, 0.16667464800729692, 0.07771920994544823
33, 0.25225354089198593, 0.6772971732590187
34, 0.8858459688948038, 0.6748671302457124
35, 0.21082155493141863, 0.5231588427173217
36, 0.5004206682199457, 0.9990422754038725
37, 0.04780429563445854, 0.36595717942459793
38, 0.354818238108463, 0.8372018360221325
39, 0.3134268913114413, 0.14849464314918281
40, 0.485973660964097, 0.859043949277421
41, 0.6489925955039666, 0.030319656668723494
42, 0.8996954529745048, 0.9876437882173056
43, 0.6064543450026679, 0.02922538656287188
44, 0.13059776535974965, 0.49089505083904983
45, 0.8370963107326408, 0.4397076564080624
46, 0.6374939887301725, 0.7609197863302807
47, 0.09669088240709645, 0.20352188945785754
48, 0.1528859694826986, 0.8681422190203609
49, 0.158595762579675, 0.8444082220401864
50, 0.9566964441690863, 0.8187075148546704
51, 0.6479136840533437, 0.7939551756869736
52, 0.46281910270884885, 0.6340090208278781
53, 0.060047788463979956, 0.8090725049582868
54, 0.9145420692292117, 0.43870921986787104
55, 0.5024308818623833, 0.29639564637619265
56, 0.47833327287059857, 0.016383716662713987
57, 0.2636840138991461, 0.1094957529060705
58, 0.16896430182281874, 0.5140384428815552
59, 0.08470776133084312, 0.55099997776742
60, 0.09551759782721525, 0.44933116098008763
61, 0.6223067430433115, 0.8434410152224695
62, 0.26447908614767335, 0.4136956441729194
63, 0.32197575359597874, 0.03983037118338428
64, 0.5393547468474561, 0.5857677837810731
65, 0.5490020271062902, 0.9316939710464472
66, 0.2150260671403157, 0.25851850239244045
67, 0.9365483037476313, 0.8609859572170732
68, 0.9882087188201327, 0.3523089665235889
69, 0.19389805455884712, 0.6597581049680332
70, 0.05134876628354201, 0.7227702755732431
71, 0.961290246870169, 0.9535853105167085
72, 0.6077844035771135, 0.8280184549980214
73, 0.9175100531532521, 0.6115787010428344
74, 0.08180981718882785, 0.8262737174219483
75, 0.1702106051873996, 0.8531159602202047
76, 0.8349995203347891, 0.22129926608083894
77, 0.47195613913717227, 0.8741690734135148
78, 0.20570596617451697, 0.7680900249448461
79, 0.49299351135501623, 0.276956723413324
80, 0.7047460261276998, 0.3986319017735811
81, 0.6395410454319492, 0.29685826730405973
82, 0.21007338253972407, 0.32718620398472453
83, 0.48004800376619583, 0.7172484748801093
84, 0.37123438176047807, 0.26074979984411895
85, 0.5166205587002589, 0.8271932142513008
86, 0.2997821345486946, 0.6079688073091062
87, 0.7719571801784401, 0.8519116360351744
88, 0.30165729473617575, 0.053227286294961984
89, 0.7652201255024014, 0.1529857496888064
90, 0.696681200607172, 0.5946659076884099
91, 0.043978590080659186, 0.2054252797363354
92, 0.465246658639199, 0.04112139738069043
93, 0.014813735751893597, 0.6752683033375207
94, 0.3983233987356515, 0.836567822680636
95, 0.06965569012770556, 0.8797064872521498
96, 0.6386046417012032, 0.8506567789057072
97, 0.7899169650195139, 0.7644687134858568
98, 0.8824409945741499, 0.6857295227292447
99, 0.538111038963247, 0.5962519517821641
100, 0.8549019221715068, 0.22207606389392953
101, 0.05378675277307732, 0.8181083067028831
102, 0.8434748984875331, 0.8685719506815996
103, 0.7852238487150304, 0.3932605608620592
104, 0.588669791422514, 0.8370669545075036
105, 0.9803252887187665, 0.15669486928278997
106, 0.010260085247620343, 0.4494382449778167
107, 0.8769576711170224, 0.3433335115518569
108, 0.065411259685765, 0.9752514504083443
109, 0.7990009191264708, 0.0012884735930529523
110, 0.8387291689066843, 0.5149389763051768
111, 0.5784976135687023, 0.6354722564429204
112, 0.1250586409704828, 0.917704747552835
113, 0.1311031976224164, 0.4810354628069621
114, 0.4557357219721213, 0.8904061445226322
115, 0.4762546132694362, 0.02350437435244279
116, 0.753255026563233, 0.15961206273916562
117, 0.7754945215981881, 0.4824503610835028
118, 0.5790848632228983, 0.3123136408081827
119, 0.5189452342681927, 0.8393973368983149
120, 0.921282763164897, 0.2024748560594043
121, 0.8331654930444822, 0.20568575555616042
122, 0.011662578368140997, 0.20437134296801573
123, 0.02919700725844121, 0.5845574436290316
124, 0.9280773598672055, 0.6487598973022829
125, 0.5846644233592411, 0.9651436307333574
126, 0.7052742047332112, 0.12447951822491687
127, 0.628123238038328, 0.18863365567706125
128, 0.9985798793740456, 0.08715097755396883
129, 0.15788219148756188, 0.7891401613050624
130, 0.8793426664280302, 0.11903220762456923
131, 0.19422435661483062, 0.4671581951473457
132, 0.278137742010816, 0.7924429306421282
133, 0.1959918623717305, 0.7938529859113653
134, 0.6819796743762616, 0.6552839894464609
135, 0.3965424895461196, 0.490766248422534
136, 0.9761979253883206, 0.13791615177664784
137, 0.49099975256775297, 0.6006818392575962
138, 0.7970169823645374, 0.7483695245469032
139, 0.24273614425389622, 0.7639553096258744
140, 0.8219770796297218, 0.12827137557473578
141, 0.28013807823065273, 0.354119104819139
142, 0.7989320494558425, 0.5846398584093954
143, 0.19480654098932537, 0.29265047355212015
144, 0.30754988525478577, 0.6827949761789953
145, 0.7377046837689896, 0.24697291414707667
146, 0.9614675921256806, 0.3901255604400595
147, 0.6837026987146658, 0.928402741944023
148, 0.5696982377549314, 0.0238719129706344
149, 0.7456353438072588, 0.6666405524331502
150, 0.9164702139946524, 0.002835165221325875
151, 0.9475249557125773, 0.9663096717830023
152, 0.8436304718798167, 0.5927978456363242
153, 0.32378241157977494, 0.1986695669854781
154, 0.07264216623519859, 0.36583293326507227
155, 0.5067363387814331, 0.9234020438991333
156, 0.896957220895283, 0.8877605013467466
157, 0.03786269962808064, 0.9315488602446579
158, 0.7089749618943538, 0.05392516853726348
159, 0.4914027041639155, 0.7987843584022274
160, 0.6924117843356689, 0.6779317955416233
161, 0.7753544571467655, 0.007526878048514485
162, 0.4822456392908683, 0.40863374790687723
163, 0.44860708292640605, 0.8532380778827223
164, 0.11652620168076033, 0.8506072616226482
165, 0.31765729337903537, 0.9316931863195974
166, 0.5633542064027427, 0.5678064840344553
167, 0.6258088110909673, 0.33412077077131697
168, 0.836990856923208, 0.34735437355289334
169, 0.289798472496986, 0.7866664613790717
170, 0.5272105983197974, 0.3676666339024448
171, 0.06019879707064868, 0.5179896608963793
172, 0.9525480102285684, 0.13524286582997225
173, 0.21328150341996077, 0.4874895058727563
174, 0.3526366787185884, 0.5665220529640357
175, 0.745083108770865, 0.49506998327563245
176, 0.07345374212548494, 0.6009358684120127
177, 0.35485638675219366, 0.5109853991991118
178, 0.8917202199104406, 0.6547455488501909
179, 0.27845121950790475, 0.33247839385632794
180, 0.13660317309811132, 0.025041364988708126
181, 0.035315151679211065, 0.45995212483989834
182, 0.6687288763233397, 0.9853767891924123
183, 0.5863298470546715, 0.5701419794420858
184, 0.9633324853168702, 0.060305274029179845
185, 0.8932946113446988, 0.6565499073435851
186, 0.6573643446504853, 0.6595842581739235
187, 0.377764099649572, 0.7679664971800607
188, 0.9023922967950659, 0.9892976829749128
189, 0.4698857229605429, 0.2413907498208101
190, 0.33264147180227055, 0.8136903721926301
191, 0.33907082658604937, 0.4641903127923944
192, 0.603149577312482, 0.8904097408354686
193, 0.7169767404037266, 0.2699392883924203
194, 0.25025686219154275, 0.007427582679028433
195, 0.4329049473733979, 0.5395171978198847
196, 0.4023462387263941, 0.17104893748168526
197, 0.12709212565234307, 0.17092276278794116
198, 0.07474753030937564, 0.07377978827128229
199, 0.4856421498951946, 0.6169383707643322
200, 0.3915096111862739, 0.2566115416331858
201, 0.6551706255904701, 0.36897739306953614
202, 0.8268801446296064, 0.2782231074612108
203, 0.044301615756784485, 0.23203921803955718
204, 0.6111026662572709, 0.15288752791675475
205, 0.6859836339872953, 0.7869260450215119
206, 0.5782754834498872, 0.32824128844130807
207, 0.7344690190222904, 0.7208457608014386
208, 0.8009009249183396, 0.5357151722503236
209, 0.15242782523974285, 0.8124191415401586
210, 0.5574058687384472, 0.5312258161888632
211, 0.37974246618739504, 0.6597103656630905
212, 0.9875736618491623, 0.057085408070988275
213, 0.27841773008694015, 0.12428293353175712
214, 0.7738537230745455, 0.18673511390446473
215, 0.9440092782524558, 0.9032768804122265
216, 0.5889780709811542, 0.9619138339909531
217, 0.13603613862383745, 0.7556449231953082
218, 0.49892641472000243, 0.14326194528574632
219, 0.510038376053213, 0.07729067290234659
220, 0.37594268216602733, 0.3328049061275433
221, 0.8099714188235232, 0.5215831366291067
222, 0.6510645267855257, 0.471135545043707
223, 0.13750872815194182, 0.3448573012745303
224, 0.5179787278965439, 0.6337796233977105
225, 0.9207247156728081, 0.6768132096306805
226, 0.019127636579135188, 0.09272850680606426
227, 0.2651272758004195, 0.6135110202877953
228, 0.08647999053546851, 0.8707472914959554
229, 0.888997026528919, 0.600796763140165
230, 0.3966990476540898, 0.6759946548502005
231, 0.8658970013501965, 0.905530061177438
232, 0.1574696575588398, 0.6132855249946038
233, 0.4429526029980626, 0.5030995381628888
234, 0.8213114773797766, 0.18512645862800503
235, 0.09310353962254336, 0.2849640670067194
236, 0.6053458893291247, 0.12216630541423712
237, 0.4183117978703933, 0.9521136650670906
238, 0.5870865620684974, 0.5265068472913772
239, 0.44737245145075866, 0.6101795312265396
240, 0.05609114737394394, 0.2513382980212223
241, 0.05392783217428987, 0.9008791384683765
242, 0.2859893673974878, 0.5426423510117752
243, 0.8642621006550052, 0.5568556097071571
244, 0.9060203752937105, 0.45769241484574286
245, 0.4971359144491361, 0.5737136809565759
246, 0.2155858859212061, 0.18574123161420064
247, 0.7825571388214174, 0.10571971547469028
248, 0.9478145024540485, 0.21799418624881772
249, 0.9261699480923969, 0.014800037751153572
250, 0.5319604788572821, 0.9029611042484798
251, 0.31152636504308273, 0.6165027877649676
252, 0.33550015771966524, 0.5597410123947997
253, 0.1765606589912947, 0.6176817484917712
254, 0.03348725562229071, 0.5142921968348564
255, 0.1001306563902663, 0.864298896547962
256, 0.700423445898477, 0.12375021930579
257, 0.5968495755008759, 0.8546128936343291
258, 0.6383629631696707, 0.9561563667782924
259, 0.3312954142320732, 0.9395083376476043
260, 0.5649258129633206, 0.38270159776924695
261, 0.9340593650448911, 0.13496274618446724
262, 0.1268132823815804, 0.6241390571260395
263, 0.8719593926413856, 0.1702336615231549
264, 0.39153012085606176, 0.2939540599200753
265, 0.014234735802835075, 0.8866361797560588
266, 0.9697992299898054, 0.5508148436121203
267, 0.43934386381001533, 0.2418982675438347
268, 0.6364723256834138, 0.37358807281277595
269, 0.23947671888457156, 0.7717297191846443
270, 0.7080598930243657, 0.01593941335821558
271, 0.11805409928954069, 0.44428630290529614
272, 0.04550973663585234, 0.06947039460031701
273, 0.11230717413862346, 0.028021770742854613
274, 0.4213007412579124, 0.471789668880527
275, 0.7392816942553015, 0.8021636065792682
276, 0.07742524193928246, 0.30657156547
277, 0.3632385708554138, 0.973054021019948
278, 0.9097710724778412, 0.5815111466138314
279, 0.7257212616372263, 0.5649340609213208
280, 0.5754847720916884, 0.4138004967873128
281, 0.4542622900229778, 0.18888369963408136
282, 0.5006037583524001, 0.7378740787883898
283, 0.006107879663135196, 0.5083987442651798
284, 0.18829291733280773, 0.12004568998321397
285, 0.4365084247301665, 0.642234573711508
286, 0.15539029082544686, 0.3903928940742445
287, 0.6192978220329723, 0.43086387891900857
288, 0.7625630903784038, 0.4242245248352783
289, 0.7654226527158977, 0.5653370312659078
290, 0.6709452057820796, 0.8923812695341481
291, 0.08585524746115769, 0.8014253774450442
292, 0.5007029040698623, 0.20010098906727036
293, 0.363439938377074, 0.28533274147359433
294, 0.4690352811529631, 0.6519231091795243
295, 0.32638915765028187, 0.1112341567653834
296, 0.07886139739019926, 0.2778191547373957
297, 0.6104167333461102, 0.20515368603199757
298, 0.003981252747555675, 0.5062269303355983
299, 0.880575339278709, 0.08666562713742632
300, 0.10463914383690676, 0.16993356365749923
301, 0.5003087030448332, 0.4489065324187578
302, 0.41567402801346154, 0.08552442385357417
303, 0.355195500149565, 0.36325999858303915
304, 0.285665310525941, 0.4206306112623761
305, 0.9742944610767404, 0.3693950512795938
306, 0.10254915668964615, 0.07281338726474929
307, 0.12405606549713377, 0.8830372178197738
308, 0.26805925945722486, 0.635197696820949
309, 0.7832034728064434, 0.9551379712905673
310, 0.42457965141219967, 0.5143086373518083
311, 0.8895368406880064, 0.4105414305622217
312, 0.6635107680043373, 0.10014112306074485
313, 0.5300523141593861, 0.489193027188645
314, 0.7761065353530838, 0.1779833122539649
315, 0.6569286999729306, 0.1980382966535058
316, 0.5788927908552368, 0.9966303721007774
317, 0.24781596162472153, 0.7176494622864519
318, 0.4576873409354152, 0.5398375315327741
319, 0.5120055702149239, 0.33922286174378
end_nodes
0, 1
0, 2
0, 3
0, 4
0, 5
0, 6
0, 7
0, 8
0, 9
0, 10
0, 11
0, 12
0, 13
0, 14
0, 15
0, 16
0, 17
1, 11
1, 13
1, 45
1, 54
1, 68
1, 90
1, 110
1, 111
1, 117
1, 146
1, 175
1, 208
1, 221
1, 244
1, 279
1, 282
2, 11
2, 17
2, 25
2, 28
2, 68
2, 83
2, 103
2, 105
2, 107
2, 120
2, 128
2, 136
2, 168
2, 183
2, 248
2, 288
3, 5
3, 7
3, 13
3, 20
3, 31
3, 34
3, 73
3, 98
3, 124
3, 134
3, 142
3, 149
3, 152
3, 160
3, 178
3, 185
4, 5
4, 7
4, 46
4, 159
4, 207
5, 7
5, 207
6, 9
6, 18
6, 23
6, 26
6, 27
6, 33
6, 36
6, 37
6, 38
6, 44
6, 47
6, 48
6, 49
6, 53
6, 58
6, 59
7, 10
7, 15
7, 34
7, 46
7, 50
7, 51
7, 67
7, 71
7, 97
7, 98
7, 124
7, 138
7, 151
8, 12
8, 16
8, 17
8, 19
8, 21
8, 22
8, 23
8, 24
8, 32
8, 41
8, 43
8, 52
8, 55
8, 56
8, 63
8, 64
9, 16
9, 29
9, 30
9, 32
9, 33
9, 35
9, 39
9, 57
9, 58
9, 62
9, 66
9, 69
9, 82
9, 86
9, 131
10, 15
10, 51
10, 85
10, 97
10, 205
10, 275
11, 28
11, 45
11, 68
11, 83
11, 107
11, 111
11, 117
11, 175
11, 288
11, 311
12, 17
12, 22
12, 24
12, 52
12, 64
12, 76
12, 80
12, 99
12, 100
12, 118
12, 121
12, 127
12, 137
12, 166
12, 187
13, 20
13, 50
13, 54
13, 68
13, 73
13, 110
13, 124
13, 134
13, 142
13, 146
13, 152
13, 186
13, 229
13, 243
14, 15
14, 36
14, 38
14, 40
14, 42
14, 61
14, 65
14, 72
14, 77
14, 87
14, 94
14, 96
14, 102
14, 104
14, 114
14, 119
15, 42
15, 61
15, 72
15, 85
15, 87
15, 102
15, 151
15, 156
15, 188
15, 231
16, 32
16, 39
16, 55
16, 57
16, 62
16, 79
16, 84
16, 86
16, 135
16, 141
16, 144
16, 153
16, 162
16, 170
17, 19
17, 41
17, 76
17, 81
17, 89
17, 100
17, 109
17, 116
17, 120
17, 121
17, 126
17, 128
17, 130
18, 26
18, 36
18, 48
18, 49
18, 53
18, 74
18, 75
18, 95
18, 101
18, 108
18, 112
18, 129
18, 157
18, 164
18, 165
18, 209
19, 41
19, 130
19, 158
19, 172
19, 247
20, 31
20, 73
20, 149
20, 152
20, 229
21, 23
21, 56
21, 63
21, 88
21, 115
21, 180
21, 194
21, 219
21, 272
21, 273
22, 24
22, 64
23, 27
23, 29
23, 32
23, 44
23, 47
23, 58
23, 60
23, 91
23, 113
23, 122
23, 154
23, 197
23, 198
23, 203
24, 137
24, 199
24, 245
24, 260
24, 280
24, 294
24, 313
25, 107
25, 168
25, 288
26, 75
26, 112
26, 133
26, 165
27, 37
27, 53
27, 59
27, 60
27, 70
27, 91
27, 93
27, 101
27, 106
27, 122
27, 123
27, 154
27, 157
27, 171
27, 176
28, 68
29, 32
29, 58
29, 197
29, 223
29, 286
29, 300
29, 306
30, 32
30, 66
30, 143
30, 246
30, 284
31, 73
31, 149
32, 57
32, 284
32, 302
32, 306
33, 69
33, 132
33, 139
33, 169
33, 190
33, 269
33, 317
34, 98
34, 124
34, 185
35, 62
35, 86
35, 242
35, 304
36, 38
36, 42
36, 65
36, 78
36, 108
36, 114
36, 125
36, 133
36, 147
36, 155
36, 165
36, 182
36, 188
36, 192
37, 59
37, 262
38, 40
38, 77
38, 78
38, 94
38, 114
38, 163
39, 57
39, 131
39, 213
39, 295
40, 77
40, 163
41, 43
41, 56
41, 109
41, 148
41, 158
41, 161
41, 172
41, 270
41, 299
42, 96
42, 102
42, 147
42, 156
42, 182
42, 188
42, 192
42, 231
42, 257
42, 258
42, 290
42, 309
42, 316
43, 56
43, 148
44, 60
44, 113
44, 232
44, 235
44, 271
45, 117
45, 311
46, 207
47, 58
47, 253
48, 49
48, 75
50, 67
50, 68
50, 71
50, 124
50, 215
50, 225
50, 266
51, 97
51, 138
51, 205
52, 118
52, 137
52, 206
52, 245
52, 260
52, 313
53, 59
53, 70
53, 74
53, 101
53, 129
53, 164
53, 176
53, 181
53, 217
53, 228
53, 291
54, 146
54, 244
54, 279
55, 79
55, 170
55, 204
55, 218
55, 236
55, 281
55, 292
55, 297
55, 312
55, 319
56, 109
56, 115
56, 148
56, 194
56, 270
57, 66
57, 82
57, 131
57, 213
57, 246
57, 284
57, 295
58, 223
58, 253
58, 286
58, 300
59, 171
59, 176
59, 217
59, 262
60, 154
60, 235
60, 271
60, 276
60, 296
61, 87
62, 141
62, 173
62, 179
62, 304
63, 88
63, 92
63, 115
63, 219
64, 81
64, 121
64, 167
64, 193
64, 201
64, 210
64, 268
64, 287
64, 315
65, 192
65, 257
66, 82
66, 246
67, 215
68, 71
68, 105
68, 128
68, 146
68, 248
68, 266
68, 305
68, 311
70, 101
70, 254
71, 151
71, 215
72, 104
73, 124
73, 229
73, 278
74, 164
74, 228
74, 255
75, 112
76, 80
76, 99
76, 100
76, 121
76, 166
76, 238
77, 114
77, 163
79, 189
79, 281
80, 100
80, 166
81, 116
81, 121
81, 126
81, 145
81, 167
81, 193
81, 201
81, 214
81, 234
81, 256
81, 263
81, 268
81, 314
81, 315
83, 103
83, 288
84, 135
84, 211
84, 220
84, 230
84, 293
85, 275
86, 144
86, 227
86, 242
86, 251
86, 304
86, 308
87, 102
88, 219
89, 116
89, 126
90, 221
90, 244
91, 122
91, 203
92, 115
93, 106
93, 157
93, 265
93, 283
93, 298
94, 119
95, 101
95, 157
95, 241
96, 102
97, 205
99, 166
100, 202
100, 222
100, 224
101, 123
101, 157
101, 241
101, 254
102, 231
103, 288
105, 128
105, 136
105, 248
106, 283
106, 298
107, 168
107, 288
108, 157
109, 128
109, 150
109, 161
109, 184
109, 194
109, 212
109, 249
109, 270
109, 299
110, 208
110, 221
110, 244
110, 289
113, 232
114, 155
114, 250
116, 126
116, 234
116, 263
116, 314
117, 175
118, 206
120, 183
121, 193
121, 238
123, 157
124, 178
124, 185
124, 225
125, 147
125, 192
125, 216
126, 140
126, 256
126, 261
127, 187
127, 239
127, 285
128, 136
128, 184
128, 212
129, 164
129, 209
129, 291
129, 307
130, 247
131, 213
132, 139
132, 169
132, 190
132, 269
133, 165
133, 237
134, 142
134, 160
134, 186
135, 162
135, 170
135, 195
135, 200
135, 220
135, 230
135, 233
135, 264
135, 274
135, 301
135, 310
135, 318
137, 199
137, 245
137, 294
139, 269
139, 317
140, 256
140, 261
141, 153
141, 179
143, 246
143, 284
144, 174
144, 177
144, 191
144, 251
144, 252
144, 303
144, 308
145, 263
146, 279
146, 305
147, 192
147, 216
147, 258
147, 309
150, 212
150, 249
151, 188
152, 243
153, 173
153, 179
154, 203
154, 240
154, 276
154, 296
155, 250
156, 231
157, 241
157, 265
158, 172
160, 186
161, 299
162, 170
162, 196
162, 200
162, 267
164, 255
164, 307
165, 237
165, 259
165, 277
167, 210
167, 315
169, 190
170, 196
170, 267
170, 274
170, 297
170, 301
170, 319
171, 176
173, 179
174, 177
176, 181
177, 252
177, 303
178, 185
180, 194
180, 273
182, 258
182, 316
184, 212
187, 239
187, 285
189, 281
191, 303
192, 216
192, 257
192, 290
192, 309
193, 201
194, 273
195, 230
195, 310
195, 318
196, 267
197, 198
197, 306
198, 306
199, 294
200, 264
201, 268
201, 287
202, 224
203, 240
204, 236
208, 221
210, 315
211, 230
211, 293
212, 249
214, 234
214, 314
218, 236
218, 281
218, 292
220, 230
221, 244
222, 224
223, 286
223, 300
226, 272
227, 308
229, 278
230, 301
230, 312
230, 318
233, 301
233, 318
234, 263
234, 314
235, 271
236, 292
239, 285
242, 304
245, 313
246, 284
252, 303
256, 315
257, 290
259, 277
260, 280
260, 313
265, 298
268, 287
269, 317
272, 273
274, 301
276, 296
283, 298
297, 301
297, 312
301, 312
301, 318
310, 318
end