200
4
0, 0.7141107531654909, 0.6829653154532085
1, 0.014911900048976912, 0.7780579983529048
2, 0.08675635737834475, 0.36189420857349097
3, 0.2942004734748861, 0.7677418358915493
4, 0.25868989341592186, 0.4302150268716156
5, 0.20393235049984326, 0.5186983264296865
6, 0.5223358628175397, 0.11830208950514387
7, 0.8490258240616949, 0.0016974234398235977
8, 0.6435018673248851, 0.6460611809072929
9, 0.37216579630367685, 0.6328668469568285
10, 0.03656002153819038, 0.7946375031450409
11, 0.2796329845633956, 0.8672354396095601
12, 0.17112215833483613, 0.6575052136720254
13, 0.5938340899945295, 0.9555510567396845
14, 0.06422500694658406, 0.6574959372758105
15, 0.40740108151629395, 0.27666188209746556
16, 0.5869190441161648, 0.8391052193808642
17, 0.733634382732066, 0.7925962501799493
18, 0.2526051309757398, 0.47920356887851023
19, 0.0626988592499812, 0.3547491124129858
20, 0.07751135032491918, 0.6498228313859538
21, 0.5090571418296219, 0.6906766088215183
22, 0.08627478223236329, 0.6776381990354879
23, 0.9988439671210128, 0.8556894342344837
24, 0.3194877004840867, 0.11890456571506003
25, 0.4279550367352116, 0.5998122257361391
26, 0.8397293443562629, 0.7138053607318409
27, 0.3068549731456188, 0.22671464067864333
28, 0.21031139348159256, 0.17217202514247898
29, 0.22943211870977565, 0.1795920256602649
30, 0.256719099306961, 0.7369373855510521
31, 0.34728903775369124, 0.5179522352497147
32, 0.6774228108942063, 0.6444850918777278
33, 0.9875352214704197, 0.19403009312028907
34, 0.12843791506400126, 0.9959785997952959
35, 0.7878274640552241, 0.5980079034858399
36, 0.18162826368105922, 0.7702238353009587
37, 0.3191347690627675, 0.7561465555625224
38, 0.8441242420450097, 0.8935970698360548
39, 0.20256842154809895, 0.34908871353215
40, 0.3700911011243433, 0.03377400318450818
41, 0.43331755939460215, 0.09797375739194436
42, 0.7394443792768639, 0.185703177948619
43, 0.059475320659493236, 0.14948627289744698
44, 0.742447214829442, 0.7667491982698389
45, 0.6002275197069296, 0.5967310988336864
46, 0.216147549933551, 0.6620957370000953
47, 0.03926772368013509, 0.21926699376722947
48, 0.3472252500812757, 0.8403489603498379
49, 0.09177327389469103, 0.15276221832709946
50, 0.730170312422117, 0.5869571602745453
51, 0.8945862005959834, 0.7207522081702099
52, 0.05263046822587725, 0.512379769684249
53, 0.31656468675924665, 0.14227560358761226
54, 0.1572219061108019, 0.8971583296668701
55, 0.5826872337957191, 0.6061690653552262
56, 0.3994190698359985, 0.2153015512455897
57, 0.9934488836053044, 0.6314303383437627
58, 0.22173536032820407, 0.9588299361826386
59, 0.11584302880725283, 0.4065280779813072
60, 0.7682269772763806, 0.10790605016707766
61, 0.5791954666006778, 0.8526959621079363
62, 0.1452235408882654, 0.30050302189623157
63, 0.7541549064821953, 0.39702505268139354
64, 0.5946239634414695, 0.058230570193442466
65, 0.5814763458151198, 0.7840749727449109
66, 0.8125580246506009, 0.47625234922930415
67, 0.30703908890354636, 0.7370975713152567
68, 0.43152011785968025, 0.29564393807748746
69, 0.9479993883886457, 0.017122426115323774
70, 0.638215763882784, 0.23762144174279565
71, 0.29563550808395356, 0.6701374531765708
72, 0.9493144795727767, 0.6909807005329739
73, 0.8370629574151329, 0.8320350904161216
74, 0.37957381386145406, 0.41884171342475685
75, 0.2133986179543228, 0.1439783038824961
76, 0.13202106580129247, 0.313898469203474
77, 0.1595974073892129, 0.5025482972045051
78, 0.2664864944569, 0.01699229321767992
79, 0.05097446143321427, 0.8567899023821801
80, 0.5336403675728777, 0.21661087341984286
81, 0.30298839751355644, 0.2839712446765995
82, 0.318307887489203, 0.16101565831951992
83, 0.32872575549209126, 0.6433539916311423
84, 0.9191363800269079, 0.37904969255340426
85, 0.22422261065350202, 0.9245298442889336
86, 0.11305629603847056, 0.16220123031166334
87, 0.23989967290672976, 0.18458854876228958
88, 0.8492579332211068, 0.9780033745391725
89, 0.25582875745821165, 0.1621139153585316
90, 0.33264922686482146, 0.06146526193092183
91, 0.702193746612685, 0.5436409743845125
92, 0.8871200635465173, 0.8937817093270586
93, 0.028802165148357872, 0.5171953109172056
94, 0.7813832378687754, 0.6371729256261882
95, 0.49578946609094676, 0.5010124586143453
96, 0.7701462696068135, 0.9013131309146891
97, 0.11706057113478752, 0.3852887774307703
98, 0.8076853552758277, 0.9386149154809658
99, 0.9982580270638799, 0.3425291436384088
100, 0.62544543501129, 0.801100163218691
101, 0.8073507907584674, 0.7739269684053054
102, 0.5569537276303785, 0.9448584242579007
103, 0.831673639995233, 0.5156193024287743
104, 0.6024833334314699, 0.5259061388416936
105, 0.4950071628181635, 0.8726309594945323
106, 0.869518287124391, 0.22378787163142722
107, 0.7102465740354843, 0.18258535022303357
108, 0.5931803943775356, 0.05133039270722961
109, 0.35763155665911706, 0.6938265959852168
110, 0.17611706961277263, 0.38869839340841617
111, 0.10675621298968085, 0.9522066464076231
112, 0.11615245783546979, 0.12461656723161463
113, 0.43903566344396494, 0.5842438279053244
114, 0.7576325773405381, 0.2143610616352124
115, 0.36031896535708985, 0.9969794458890844
116, 0.6880717163330102, 0.6346729609293792
117, 0.2541145960620087, 0.11076327209029435
118, 0.36180725172788397, 0.9880389223151737
119, 0.6616208770353342, 0.2836637743014404
120, 0.6336462764849344, 0.6337580309807894
121, 0.36478346368695147, 0.3445242173908495
122, 0.1480287080341246, 0.9424109332843349
123, 0.8390183460625935, 0.8668357758146533
124, 0.7780653945328954, 0.16100355553503454
125, 0.4591863653668632, 0.8883201539218524
126, 0.7711208103925559, 0.04175676379876847
127, 0.2902720917402285, 0.3965497251535285
128, 0.5057457898508243, 0.4866360858565715
129, 0.7216441770773004, 0.3663248862171583
130, 0.48379077247509783, 0.5206432403474588
131, 0.44635675326735014, 0.310961536944536
132, 0.28575789942660945, 0.5161707794948321
133, 0.8148846261954448, 0.10128031950764316
134, 0.9567569762241767, 0.6480782679765817
135, 0.7781058814075329, 0.5664300549065657
136, 0.9571286012894863, 0.962966206865781
137, 0.26288397357420257, 0.8982512916297574
138, 0.24822920179139785, 0.27514754393679486
139, 0.5799592665530926, 0.8565856205090554
140, 0.231329529861089, 0.18455002096126272
141, 0.09344797787491055, 0.25065070886876795
142, 0.8762171192753099, 0.021787712280161076
143, 0.06176276731906327, 0.9270477338721048
144, 0.5705996852951378, 0.6625303271588766
145, 0.13148808341430607, 0.607768340096642
146, 0.024951486452954863, 0.7519259187153533
147, 0.5102778163387213, 0.29181094414796416
148, 0.4219527584875373, 0.3167746200556911
149, 0.9753088397906, 0.9347318486892624
150, 0.30628424431661017, 0.01630164821737834
151, 0.3038125932221899, 0.575005792160977
152, 0.3832496457942952, 0.08366278155204698
153, 0.7913616345811298, 0.7345881935264508
154, 0.6681024263236421, 0.5896123776465951
155, 0.8287565971888613, 0.5194028646214637
156, 0.7224479119377332, 0.04620702391085729
157, 0.09951398756123553, 0.4519967680805509
158, 0.11951347161603842, 0.6219234916375207
159, 0.8297709645042906, 0.3814074499805967
160, 0.5062286831073823, 0.8224369950364431
161, 0.8562912430553139, 0.2935057767720979
162, 0.7765875308183242, 0.335308268789556
163, 0.8932953020103558, 0.5380859882359479
164, 0.27781319512702063, 0.5129589156987904
165, 0.7501591646726328, 0.31200502224442783
166, 0.4585951779391252, 0.035063236467236525
167, 0.6155028861363996, 0.7543494132021021
168, 0.9900631107614275, 0.7832710799687967
169, 0.9254085074959422, 0.3118951484928094
170, 0.7393112351739229, 0.050505008482807145
171, 0.31970789016949297, 0.45676484240075566
172, 0.43612995594581283, 0.31465622515278924
173, 0.7056245802470936, 0.3112326248447168
174, 0.8811350170902901, 0.7968203172140303
175, 0.5559626459165146, 0.2223269429821545
176, 0.5892158663625715, 0.37985669726674864
177, 0.11651206756298005, 0.0741631820926354
178, 0.5772286652833224, 0.2705928887943767
179, 0.8703580752172893, 0.7506935913847858
180, 0.16577011538591802, 0.17976785074800627
181, 0.28908019215253455, 0.3526746713996406
182, 0.16881844916822486, 0.8927080681708812
183, 0.6182618854774459, 0.5670499933901332
184, 0.7955601428916566, 0.990310627635998
185, 0.6214564804791572, 0.8903776407700091
186, 0.20126253559346485, 0.811436096012711
187, 0.13056822302369608, 0.11615287350865322
188, 0.9069217763800917, 0.812332203516448
189, 0.11566855513136898, 0.9429014255452961
190, 0.6316384417845944, 0.5322705406729202
191, 0.2714220224109244, 0.021852133229482096
192, 0.7806991059226295, 0.09677222670152585
193, 0.8685830197704598, 0.17773568847121435
194, 0.3821559745609132, 0.814562777563742
195, 0.20055548810602242, 0.289874363087126
196, 0.9490096200240877, 0.3381205816360927
197, 0.3320913288252729, 0.24186240726209618
198, 0.9906799918476032, 0.5548121109329225
199, 0.6821845720879293, 0.9327199514227502
end_nodes
0, 1
0, 2
0, 3
0, 4
0, 5
0, 6
0, 7
0, 8
0, 9
0, 10
0, 11
0, 12
0, 13
0, 14
1, 2
1, 10
1, 14
1, 19
1, 21
1, 22
1, 30
1, 34
1, 36
1, 43
1, 47
1, 49
1, 52
2, 4
2, 5
2, 6
2, 8
2, 12
2, 14
2, 15
2, 18
2, 20
2, 24
2, 27
2, 28
3, 10
3, 11
3, 34
3, 37
3, 54
3, 58
3, 85
3, 111
3, 122
3, 137
3, 182
3, 186
3, 189
4, 8
4, 15
4, 32
4, 39
4, 45
4, 55
4, 68
4, 74
4, 80
4, 95
4, 104
4, 110
5, 9
5, 12
5, 18
5, 25
5, 31
5, 59
5, 77
5, 83
5, 97
5, 113
5, 132
5, 151
6, 7
6, 15
6, 24
6, 27
6, 32
6, 40
6, 41
6, 42
6, 50
6, 53
6, 56
6, 60
7, 17
7, 23
7, 26
7, 33
7, 35
7, 38
7, 40
7, 42
7, 44
7, 50
7, 51
7, 57
9, 25
9, 83
9, 144
9, 151
10, 36
10, 37
10, 54
10, 111
10, 186
10, 189
11, 13
11, 16
11, 48
11, 61
11, 65
11, 100
11, 102
11, 105
11, 115
11, 118
11, 125
11, 137
12, 14
12, 20
12, 46
12, 59
12, 77
12, 83
12, 144
12, 145
12, 157
12, 158
13, 16
13, 17
13, 23
13, 26
13, 38
13, 61
13, 73
13, 88
13, 92
13, 96
13, 98
13, 100
14, 20
14, 21
14, 22
14, 46
14, 71
14, 109
14, 146
15, 39
15, 56
15, 68
15, 80
15, 81
15, 121
15, 127
15, 138
15, 181
15, 197
16, 61
16, 100
16, 139
17, 26
17, 44
17, 103
17, 153
17, 155
18, 31
18, 97
18, 132
18, 164
19, 43
19, 49
20, 145
20, 157
20, 158
21, 30
21, 67
21, 71
21, 109
22, 109
23, 33
23, 38
23, 51
23, 57
23, 72
23, 84
23, 88
23, 92
23, 98
23, 99
23, 106
23, 134
24, 28
24, 29
24, 40
24, 41
24, 43
24, 49
24, 53
24, 62
24, 75
24, 76
24, 78
24, 86
25, 151
26, 38
26, 73
26, 101
26, 103
26, 123
26, 153
26, 159
27, 53
27, 82
27, 195
28, 29
28, 75
28, 76
28, 86
28, 87
28, 140
28, 141
28, 180
29, 87
29, 89
30, 67
31, 113
31, 132
32, 45
32, 55
32, 80
32, 95
32, 104
32, 116
32, 120
32, 130
32, 147
32, 154
32, 175
32, 176
33, 57
33, 69
33, 99
33, 142
33, 169
33, 196
33, 198
34, 58
34, 79
34, 85
34, 111
34, 115
34, 122
34, 143
35, 44
35, 66
35, 94
35, 135
35, 155
35, 159
38, 51
38, 96
38, 123
38, 161
38, 174
38, 179
38, 188
38, 199
39, 110
39, 127
39, 181
40, 41
40, 64
40, 78
40, 90
40, 108
40, 150
40, 152
40, 156
40, 166
40, 191
41, 152
42, 50
42, 60
42, 63
42, 70
42, 107
42, 114
42, 119
42, 124
42, 129
42, 133
42, 162
42, 165
43, 47
43, 49
43, 78
43, 93
43, 112
43, 117
43, 177
43, 187
44, 94
44, 135
44, 155
45, 130
45, 171
47, 93
48, 65
48, 167
49, 52
49, 86
49, 141
50, 63
50, 70
50, 91
50, 119
50, 129
50, 162
50, 173
50, 178
51, 72
51, 106
51, 161
51, 163
51, 174
51, 179
51, 188
52, 141
53, 82
53, 195
54, 186
54, 189
55, 120
56, 197
57, 84
57, 168
57, 169
57, 196
57, 198
58, 85
58, 115
58, 137
59, 77
60, 126
60, 170
60, 192
61, 102
61, 105
61, 125
61, 139
62, 76
63, 162
63, 165
64, 108
64, 156
65, 100
65, 160
65, 167
66, 103
66, 155
66, 159
68, 80
68, 121
69, 142
70, 107
70, 119
72, 106
72, 163
73, 96
73, 101
73, 123
74, 80
74, 104
74, 128
74, 131
74, 147
74, 148
74, 172
75, 86
76, 87
76, 140
78, 117
78, 150
78, 177
78, 187
78, 191
79, 143
80, 131
80, 147
80, 148
80, 172
80, 176
80, 190
81, 138
83, 144
84, 168
86, 141
86, 180
87, 89
87, 140
88, 98
88, 115
88, 118
88, 136
88, 149
88, 184
90, 191
91, 178
92, 98
94, 155
95, 104
95, 130
95, 171
95, 183
96, 123
96, 199
100, 160
100, 167
100, 185
102, 125
103, 153
103, 155
103, 159
104, 128
104, 147
104, 183
105, 125
106, 134
106, 163
106, 193
108, 156
111, 122
111, 182
111, 189
112, 117
112, 187
114, 124
114, 133
114, 162
115, 118
115, 137
115, 184
116, 154
116, 175
117, 187
119, 173
122, 182
124, 133
126, 170
126, 192
127, 181
129, 173
130, 171
131, 172
132, 164
133, 162
134, 193
136, 149
136, 184
138, 197
141, 180
145, 157
145, 158
147, 190
148, 172
154, 175
156, 166
161, 179
162, 165
169, 196
174, 188
196, 198
end