200
4
0, 0.004264390944274443, 0.15016290549378852
1, 0.20999560872407963, 0.5982420710195894
2, 0.9954094753871937, 0.023156345928370792
3, 0.47037766651905366, 0.3337301678623221
4, 0.9896055431766411, 0.45070977504617715
5, 0.9778061593933044, 0.07079384959709967
6, 0.16818124476946406, 0.5835303072562645
7, 0.26274298776184757, 0.2423298561194801
8, 0.4640314692065066, 0.279060597907397
9, 0.1463821939549772, 0.2246364673068988
10, 0.12545915679292174, 0.8810429208619341
11, 0.250885462957246, 0.1554123219606307
12, 0.46256655919298917, 0.6667438978035811
13, 0.824624026210269, 0.7823856705159612
14, 0.0683127625572556, 0.736448032798434
15, 0.5102752701207744, 0.9623685299334573
16, 0.620316257151763, 0.04663984604796301
17, 0.07850853198928298, 0.6401919024123008
18, 0.07574445615077074, 0.9185078774081021
19, 0.04050026296014686, 0.5626607963951258
20, 0.4941800774201015, 0.9149627618215496
21, 0.29891158193355793, 0.4485140235041519
22, 0.04453135615446813, 0.4238857082222893
23, 0.6522813708228711, 0.2003800571363158
24, 0.8087357566240165, 0.24506172587775432
25, 0.9132180777132918, 0.29024571628931584
26, 0.07989890334494731, 0.5072596430269795
27, 0.1826641074224572, 0.23439193081739484
28, 0.07219718976709166, 0.7884986920463535
29, 0.9620795206674647, 0.48919111960360484
30, 0.6851506738031294, 0.6624037231834163
31, 0.779910619155177, 0.637973123997076
32, 0.17132379174874457, 0.9271203001017128
33, 0.5441054636344361, 0.3277276567257892
34, 0.5434745367235922, 0.6475155169352045
35, 0.6784267491041667, 0.16412422507867697
36, 0.1521749914734204, 0.03186224056368314
37, 0.7418326372268679, 0.30079777677179886
38, 0.17255908921605956, 0.8739908646972235
39, 0.5733518417901224, 0.5868713966804019
40, 0.4344668472767014, 0.2592826606276001
41, 0.07820604694190525, 0.8105750178605723
42, 0.571659504780457, 0.17045628479000663
43, 0.24196660595318797, 0.7060419466448498
44, 0.35135950096353386, 0.9582311994986424
45, 0.2313921879607974, 0.2163289186333155
46, 0.7165097129196396, 0.572881691852723
47, 0.29902001395542555, 0.06554526389406434
48, 0.38583559056281735, 0.13370693081650886
49, 0.3239865443817085, 0.7829209765803202
50, 0.6998197533896368, 0.0514087855070674
51, 0.24518202099914688, 0.08466566586386826
52, 0.6973282872257766, 0.1341797040435062
53, 0.9100228219361413, 0.7469187739949834
54, 0.6696916758998083, 0.623768804426459
55, 0.6935901454140241, 0.25558414073857394
56, 0.9507755386054593, 0.5299855580740145
57, 0.09680381836464558, 0.016113339997141374
58, 0.635949789768609, 0.7359750670335572
59, 0.7489018460690445, 0.1409105076786512
60, 0.7806853828409269, 0.9689890049446678
61, 0.11082273724268521, 0.0825144600311134
62, 0.15240913519759947, 0.9275104012081473
63, 0.1805017334049107, 0.12162926829112553
64, 0.18676017422661906, 0.6162768013721386
65, 0.10062927013804623, 0.10072031161578665
66, 0.15384908762294802, 0.3714395572202813
67, 0.42938840174327386, 0.8245730531627262
68, 0.9682093925846431, 0.16124329350528332
69, 0.4973187820131002, 0.9735197403518412
70, 0.5393441246642895, 0.4607006064028878
71, 0.22344212123250629, 0.27116743533474286
72, 0.39324694504592694, 0.3925138139548595
73, 0.003953582344945028, 0.3015516089036402
74, 0.12434115142718372, 0.22559795346105127
75, 0.715690474976954, 0.8029641927694259
76, 0.38380354879534817, 0.04205907078520521
77, 0.32645062106772915, 0.6036264404305136
78, 0.4464232748249457, 0.5406583921437664
79, 0.4357398372456128, 0.831458775507709
80, 0.5674383792572936, 0.46668718360596007
81, 0.4856396675116834, 0.036340759697090164
82, 0.7105525711370639, 0.869657248660438
83, 0.4706068436775417, 0.7134937246353648
84, 0.8231462930666315, 0.801964730678214
85, 0.9899628733697646, 0.8959990672960886
86, 0.17818141939908827, 0.46757715822194035
87, 0.7408918139963666, 0.6460517770168211
88, 0.37965635888290783, 0.7825429745810242
89, 0.3377736737662099, 0.5600441097536877
90, 0.9199965872841637, 0.1087385944212218
91, 0.9633445201690639, 0.7065670589186813
92, 0.6884608569331127, 0.2746111927583893
93, 0.018346934131289516, 0.7200585119834404
94, 0.5202925518630398, 0.42503066893435104
95, 0.5937170229351395, 0.413487829943897
96, 0.8516611968607289, 0.020648972206207317
97, 0.14114367554882323, 0.21653441729173528
98, 0.7567338402710608, 0.4825361025132333
99, 0.49617772301172314, 0.19144727078823298
100, 0.8087702779449072, 0.03666907651326523
101, 0.630904947326642, 0.0930836168786574
102, 0.5130434320517395, 0.6389911390696732
103, 0.9420551272025153, 0.6456589066422558
104, 0.11875970135297498, 0.2663119987673872
105, 0.2028094881260063, 0.7193445862947208
106, 0.19302621305447887, 0.6969733863267684
107, 0.9329502808266875, 0.09045466712509243
108, 0.08777624013748486, 0.4281567008560263
109, 0.8464042909140188, 0.2870205817715258
110, 0.956361070349875, 0.5622775637549992
111, 0.4171670564087362, 0.6180105335942193
112, 0.8941881552000546, 0.2969421879824524
113, 0.9984620632168014, 0.8185211402812493
114, 0.11694702691933767, 0.3844191277246972
115, 0.6479682623985452, 0.2121285284292208
116, 0.20687885255078253, 0.5325168635068378
117, 0.5054257611366817, 0.7135427655612786
118, 0.21655292960413697, 0.1795262031116731
119, 0.5542035851691802, 0.9297726622225877
120, 0.2669185224434555, 0.25069632861020064
121, 0.20998004454647412, 0.9305944398047532
122, 0.3452469562792928, 0.5550537861332491
123, 0.4022500233320163, 0.2691850953371573
124, 0.000594350501786467, 0.8783189386697249
125, 0.6080318772826552, 0.9085154946523003
126, 0.6621825121790241, 0.7148012778010003
127, 0.9184146870003635, 0.9018428854510453
128, 0.9378437352578517, 0.9206148247673931
129, 0.35879338342928335, 0.0476370657038484
130, 0.38855540335719774, 0.5414322383277352
131, 0.29745137245503195, 0.37496371398309847
132, 0.25252408986445385, 0.9275836367113501
133, 0.11495262039582843, 0.33241363599659934
134, 0.3012370510233604, 0.33114670581940286
135, 0.15361938353325466, 0.012590411671165147
136, 0.4857421786164533, 0.3382001115754103
137, 0.7097736842076491, 0.32845577716949514
138, 0.7889725441993645, 0.29527470903630526
139, 0.8676749626972748, 0.5691744221723875
140, 0.5057081536686269, 0.512799853155359
141, 0.7015939545855701, 0.5297070712408487
142, 0.7781253862290233, 0.3454532705509359
143, 0.3550657350444347, 0.9489965768727469
144, 0.4840019874168564, 0.6372522955029737
145, 0.14425867955122662, 0.1549680395305172
146, 0.37989999329570867, 0.8601892835863908
147, 0.47489519940170943, 0.8608919370771254
148, 0.8114790195517219, 0.3364641591425235
149, 0.23861232009145739, 0.7169414285658735
150, 0.8800705509567442, 0.44451509523514243
151, 0.6923737279462626, 0.8740026436228041
152, 0.0892724783497757, 0.3675381630909932
153, 0.41669606924699665, 0.9765473224003736
154, 0.10087431667495095, 0.4488884067604072
155, 0.8434487895551173, 0.534234745446932
156, 0.2074813075942199, 0.3547350116232928
157, 0.21096829390183325, 0.9682658781066854
158, 0.772369082634247, 0.41529840286225006
159, 0.284311199644807, 0.33167003588541943
160, 0.5723170284251922, 0.16967984823876037
161, 0.8372649582408521, 0.7427773771621785
162, 0.6247435717401362, 0.714211734812808
163, 0.9555150696698965, 0.44845097608547224
164, 0.38036188755035516, 0.4036018393856944
165, 0.9247366488452393, 0.21528013892949516
166, 0.22721760216192288, 0.48911731056210017
167, 0.4380574633593869, 0.23673797213771064
168, 0.11828236907356615, 0.9457614698902302
169, 0.5765573029560841, 0.07006715466207658
170, 0.8451314829318863, 0.18822630065123847
171, 0.7667505961484231, 0.15028997894879703
172, 0.5777470982738286, 0.25166886472529193
173, 0.4366838176667118, 0.2683770229868958
174, 0.27523956536101946, 0.4652950369957708
175, 0.060084798240308546, 0.6117710137502614
176, 0.27956135837058027, 0.32651007808012733
177, 0.9889671449988907, 0.6499539176152692
178, 0.8686997976858322, 0.3976874252944099
179, 0.8694116952223431, 0.02466403632185865
180, 0.8560802492987025, 0.7804368376267332
181, 0.6928845727006497, 0.09085181592874692
182, 0.3902925086798956, 0.0863821039469348
183, 0.586296954839575, 0.5809839397868887
184, 0.7774604072136997, 0.17336086954365026
185, 0.806251111114268, 0.9735524062262427
186, 0.16940414334791387, 0.15210294466556107
187, 0.8032567553222755, 0.5443282835145453
188, 0.03754567367418182, 0.760804012282344
189, 0.3088158584702807, 0.3585231308083664
190, 0.9792499412505729, 0.5638056424800155
191, 0.3660937592588315, 0.03671389744265474
192, 0.3761377282963425, 0.03313615792474334
193, 0.031644729616456035, 0.8076389100460863
194, 0.5663131537494, 0.8113797720463074
195, 0.5080040490845664, 0.17585720236524383
196, 0.16411103675611705, 0.7793306350237428
197, 0.8872412761207246, 0.27560172793076676
198, 0.7566938284682273, 0.5687238584105917
199, 0.36295724923531814, 0.985279210731513
end_nodes
0, 1
0, 2
0, 3
0, 4
0, 5
0, 6
0, 7
0, 8
0, 9
0, 10
0, 11
0, 12
0, 13
0, 14
1, 6
1, 10
1, 12
1, 13
1, 15
1, 20
1, 32
1, 38
1, 43
1, 44
1, 49
1, 58
1, 60
2, 4
2, 5
2, 16
2, 25
2, 36
2, 47
2, 50
2, 51
2, 57
2, 61
2, 63
2, 65
2, 68
3, 4
3, 7
3, 9
3, 13
3, 27
3, 29
3, 30
3, 31
3, 33
3, 39
3, 46
3, 53
3, 54
4, 7
4, 8
4, 11
4, 23
4, 24
4, 25
4, 29
4, 33
4, 35
4, 37
4, 40
5, 11
5, 24
5, 25
5, 35
5, 42
5, 48
5, 52
5, 59
5, 90
5, 99
5, 101
5, 107
6, 10
6, 26
6, 64
6, 108
6, 152
6, 154
7, 33
7, 120
8, 11
8, 40
8, 45
8, 118
8, 123
8, 145
8, 173
9, 27
9, 39
9, 71
9, 72
9, 74
9, 97
9, 131
9, 134
9, 140
9, 159
9, 164
9, 176
10, 14
10, 17
10, 18
10, 22
10, 26
10, 28
10, 32
10, 38
10, 41
10, 62
10, 64
11, 37
11, 40
11, 42
11, 48
11, 52
11, 55
11, 92
11, 99
11, 118
11, 137
12, 13
12, 21
12, 34
12, 66
12, 77
12, 78
12, 86
12, 89
12, 102
12, 104
12, 111
12, 114
13, 30
13, 31
13, 34
13, 39
13, 53
13, 54
13, 58
13, 60
13, 75
13, 78
14, 17
14, 18
14, 19
14, 22
14, 28
14, 73
14, 93
14, 124
14, 175
14, 188
14, 193
15, 20
15, 44
15, 49
15, 60
15, 69
15, 119
15, 125
15, 143
15, 146
15, 153
15, 157
15, 185
15, 199
16, 47
16, 61
17, 22
17, 175
18, 28
18, 41
18, 44
18, 62
18, 124
18, 157
18, 168
19, 73
19, 93
20, 67
20, 79
20, 88
20, 119
20, 125
20, 147
21, 78
21, 104
21, 130
21, 156
22, 175
23, 35
23, 37
23, 55
23, 99
23, 115
23, 138
23, 148
24, 25
24, 35
24, 90
24, 107
24, 109
24, 112
24, 165
24, 170
24, 171
24, 184
24, 197
25, 68
25, 112
25, 165
25, 197
26, 108
27, 97
28, 41
29, 53
29, 56
29, 85
29, 91
29, 95
29, 98
29, 103
29, 110
29, 113
29, 127
29, 128
29, 136
30, 39
30, 54
30, 70
30, 94
30, 183
31, 46
31, 53
31, 87
31, 161
32, 38
32, 43
32, 44
32, 62
32, 105
32, 121
32, 132
32, 149
34, 78
34, 102
34, 126
34, 162
35, 59
35, 99
35, 107
35, 138
35, 171
36, 47
36, 57
36, 61
36, 76
36, 81
36, 129
36, 179
36, 191
36, 192
37, 55
37, 92
37, 137
37, 142
37, 148
37, 172
37, 178
38, 106
38, 196
39, 70
39, 94
39, 131
39, 140
39, 183
39, 189
40, 167
42, 52
42, 99
42, 160
42, 195
43, 44
43, 105
43, 132
43, 149
44, 49
44, 62
44, 121
44, 132
44, 143
44, 146
44, 157
45, 123
46, 53
47, 61
47, 76
47, 81
47, 129
47, 179
48, 186
49, 146
50, 63
50, 65
50, 169
50, 182
51, 61
51, 65
51, 100
52, 160
53, 56
53, 60
53, 84
53, 95
53, 98
53, 103
53, 127
53, 139
53, 141
54, 80
55, 92
55, 99
55, 115
56, 98
56, 139
56, 155
56, 187
57, 61
57, 65
57, 96
57, 135
58, 60
58, 75
58, 82
58, 83
58, 117
58, 151
58, 194
59, 99
60, 67
60, 75
60, 79
60, 82
60, 84
60, 88
60, 125
60, 127
60, 128
61, 65
61, 100
63, 65
63, 169
63, 182
65, 182
66, 89
66, 111
66, 114
66, 122
66, 133
66, 174
67, 79
67, 88
69, 185
69, 199
70, 94
70, 183
71, 72
72, 134
72, 140
72, 164
73, 93
73, 124
74, 131
76, 81
76, 129
76, 191
77, 86
77, 116
78, 102
78, 104
78, 130
78, 144
78, 156
79, 125
79, 147
81, 179
81, 191
81, 192
82, 151
83, 117
83, 194
84, 180
85, 91
85, 113
85, 128
86, 114
86, 116
86, 166
89, 114
89, 122
90, 107
91, 128
92, 172
93, 124
93, 188
93, 193
95, 98
95, 141
95, 198
96, 135
98, 155
98, 187
98, 198
99, 115
99, 195
101, 181
102, 144
103, 127
104, 156
106, 196
107, 170
107, 171
107, 184
108, 154
109, 112
110, 127
110, 128
111, 174
113, 177
113, 190
114, 116
114, 133
114, 166
118, 145
118, 173
119, 125
121, 132
124, 168
124, 193
125, 147
126, 162
127, 128
128, 185
132, 149
133, 174
134, 164
136, 150
136, 158
136, 163
137, 142
137, 178
139, 187
140, 159
140, 164
140, 176
140, 189
142, 178
143, 146
145, 173
150, 158
150, 163
151, 194
153, 157
153, 199
155, 187
157, 168
157, 199
158, 163
159, 176
164, 176
165, 197
170, 184
171, 184
177, 190
179, 192
185, 199
188, 193
end