180
4
0, 0.4544626894696906, 0.8776397950011346
1, 0.3127572288362527, 0.7489514979111584
2, 0.245022724550234, 0.47921356168214646
3, 0.4029242429116139, 0.40238478596691873
4, 0.08671630467679636, 0.773271613765218
5, 0.6598519347722142, 0.3457594637586775
6, 0.06278621838664755, 0.26997336501752645
7, 0.08147498082325344, 0.5314701254937353
8, 0.4450585316130752, 0.5091368427161391
9, 0.4409648610419179, 0.27068386743270845
10, 0.7798039547810895, 0.9991590248224997
11, 0.8346663609385099, 0.3761476509825801
12, 0.016640954827843113, 0.5680820792781118
13, 0.9949196128150586, 0.4239120679921554
14, 0.7295307354044701, 0.6648695053647649
15, 0.9162616233715596, 0.17434559363538404
16, 0.6264824739807304, 0.055796101176824764
17, 0.6032459564237521, 0.7342448440930772
18, 0.11007056443460084, 0.6893892125353771
19, 0.05267088713487045, 0.7382680022644807
20, 0.9488479991579187, 0.7883062017942953
21, 0.335152201817136, 0.7291747698092287
22, 0.22802594660764353, 0.16740580896492285
23, 0.5302258620717409, 0.3577836872818255
24, 0.23310848040722765, 0.36931100116897597
25, 0.03524921939163139, 0.8700338948556002
26, 0.5515462304076425, 0.7799170123818091
27, 0.6381148629529529, 0.3272215425940157
28, 0.040974524157633585, 0.16668789921358307
29, 0.8459278440239855, 0.23254500443233894
30, 0.3536939499134347, 0.7694810705063053
31, 0.8315569874531105, 0.8209803103090065
32, 0.6304401845351687, 0.5395887321437891
33, 0.2786114657251736, 0.49482287294498306
34, 0.053634340000241476, 0.7973269900626466
35, 0.9525242872956088, 0.3993991631345276
36, 0.7848685278565861, 0.8096062508966068
37, 0.6425518417454502, 0.23104893768061097
38, 0.5017851444594353, 0.3542177829843717
39, 0.6793660234115872, 0.16205479444381565
40, 0.41361537929032544, 0.5365004057419389
41, 0.5090732526401923, 0.6858991646882069
42, 0.6774710369959661, 0.8389111952783574
43, 0.7367308176459335, 0.916265182795654
44, 0.8317314651100258, 0.3180245522068921
45, 0.28330328140233485, 0.6127552511104465
46, 0.4832180101251351, 0.8095057196022115
47, 0.8735451844042456, 0.11221907672426057
48, 0.477856859812713, 0.2233821719643706
49, 0.71303144725505, 0.26435317739243547
50, 0.06822210891392111, 0.9037211150820784
51, 0.6083787323214762, 0.9694799310082741
52, 0.7056509960288554, 0.962453754244116
53, 0.12837848834217502, 0.30770479002093143
54, 0.4285612489847669, 0.708501302274298
55, 0.16324110293475758, 0.1790318926719351
56, 0.7040059133544434, 0.8302561223214019
57, 0.8340808100059016, 0.7782708822760566
58, 0.7881996356150198, 0.24057878803702448
59, 0.373489879410994, 0.03471025473098277
60, 0.5044148337812068, 0.531776159664895
61, 0.9073758824311985, 0.2776063513329743
62, 0.6386858725170235, 0.7319067715758284
63, 0.2394169131216476, 0.9488272318559235
64, 0.6728907996682095, 0.48804125916269747
65, 0.1695374128890902, 0.967591836911063
66, 0.7034058043120532, 0.7772913608707983
67, 0.5328268048668657, 0.5356566223693421
68, 0.7097133565608591, 0.7787091880700221
69, 0.014540852535184112, 0.15357920051510265
70, 0.7240677760804402, 0.2821937640563791
71, 0.670505548482181, 0.7671873503964973
72, 0.7293221334518554, 0.1751062504856411
73, 0.7363194402163842, 0.3469268163914665
74, 0.138834280381258, 0.3282783184047021
75, 0.019010061605447603, 0.20430228891995672
76, 0.16521449122913, 0.7673673300418551
77, 0.13449968492375186, 0.26862637502996034
78, 0.07079804728150152, 0.1085957095278628
79, 0.8240933835252438, 0.43353691894695023
80, 0.8841187535256543, 0.26937887320455156
81, 0.34007397861586675, 0.5848008504338144
82, 0.4709148327948387, 0.5602128845220498
83, 0.7784695962519557, 0.12286425381189703
84, 0.781583266236999, 0.8004583762997023
85, 0.2569837169194361, 0.6769283828565048
86, 0.7823887106985334, 0.02028330104775855
87, 0.4620049355607264, 0.7463262781270243
88, 0.14431724773883448, 0.23702446164236168
89, 0.6220722996719955, 0.1970817745274771
90, 0.16015565448167635, 0.2107139583684
91, 0.6132521389729056, 0.43358167014310245
92, 0.7283335551879012, 0.9511237314010083
93, 0.5327973489306412, 0.18631565325778665
94, 0.3302012805443454, 0.9296687376265669
95, 0.7328901602883277, 0.5111406797937732
96, 0.963230118701268, 0.7544125975486887
97, 0.11536568570517858, 0.14534019207643023
98, 0.7228470700449522, 0.8634864444455882
99, 0.510050497239426, 0.15278482722846887
100, 0.11328852891362684, 0.28348829746238335
101, 0.9210836116523032, 0.795802697731829
102, 0.5307065565894432, 0.0002857126414095301
103, 0.8001213299016005, 0.06477176372542226
104, 0.9191192071636105, 0.23554141605960133
105, 0.18837491635599457, 0.1328092945216196
106, 0.6881312009087924, 0.8054643769564624
107, 0.17165701977868064, 0.2753027595456773
108, 0.2863838285286343, 0.21360065991690635
109, 0.25539227382011176, 0.17882291699517072
110, 0.20722377214391186, 0.8594411689219881
111, 0.459268270441609, 0.7778182772047856
112, 0.23468972971889213, 0.881299207565888
113, 0.6606776772568714, 0.5298140659598091
114, 0.4362059525942791, 0.9847652589885596
115, 0.027528248240656028, 0.6743090427809599
116, 0.7455998453479593, 0.6054445219762234
117, 0.6072344498037437, 0.7044663394414608
118, 0.01595836977413556, 0.8593273500809221
119, 0.2393169724593055, 0.8274549596674535
120, 0.11830133272997712, 0.9880988149812585
121, 0.6514849698292591, 0.9754230626886731
122, 0.7572755648183882, 0.9223592058384618
123, 0.29060006829564555, 0.5708660162646876
124, 0.3445807615309415, 0.6042029887467484
125, 0.333417902323087, 0.8611680611529453
126, 0.9622607202269964, 0.703314435367689
127, 0.16990904792115624, 0.6278227390059457
128, 0.44990399380614954, 0.8703208369461671
129, 0.9130396436889939, 0.17325691181416625
130, 0.2599898821396399, 0.25754518633368884
131, 0.22356373430443088, 0.2504794375329056
132, 0.6328381483088164, 0.7003705616898379
133, 0.5588045828292414, 0.9205735210623162
134, 0.78297395420764, 0.19901574093429109
135, 0.28359809910059464, 0.22211745611465283
136, 0.7583649801110564, 0.7585042880269752
137, 0.4067112660720411, 0.0676870923566748
138, 0.21942643497264558, 0.624839945288184
139, 0.7751638509679798, 0.15520598814587094
140, 0.20895146785692853, 0.5899063035795671
141, 0.7058656659353232, 0.5373584332613521
142, 0.35976195813777956, 0.8298552797217625
143, 0.37259337964552397, 0.04023484748728712
144, 0.8340349912446532, 0.45510546134294727
145, 0.3820776663298133, 0.6606644110113618
146, 0.5783111948723437, 0.8025419803154478
147, 0.20641642592388576, 0.4539322300142361
148, 0.01333931076554351, 0.9937138781687979
149, 0.01832238653408136, 0.11201616338600062
150, 0.5980541832357907, 0.841211260231934
151, 0.2793962974306612, 0.4437958536390346
152, 0.7450087093768032, 0.14399508100930836
153, 0.5155746131697397, 0.3444230144270932
154, 0.9694797256307556, 0.09116797326762827
155, 0.0824669141033626, 0.34041997355675924
156, 0.5636176069624055, 0.9973242960131162
157, 0.8012607307963707, 0.4575700681463982
158, 0.22288179227760196, 0.9937790588781189
159, 0.09328515120541014, 0.4689875491815182
160, 0.10331890779685127, 0.21927152327865795
161, 0.230743555349452, 0.5419567232793716
162, 0.9414418331821617, 0.43019518519273403
163, 0.1881736126735346, 0.3360446153471519
164, 0.7788777928545403, 0.009052885966428614
165, 0.7946077559331037, 0.35000786902809533
166, 0.1090938209843827, 0.8437641061495683
167, 0.3416002633069729, 0.9125433183986016
168, 0.06654275041073943, 0.3290488951803575
169, 0.5686915741361741, 0.8166952630828601
170, 0.7864656168010078, 0.35647379349419606
171, 0.8177406909546173, 0.07387514578519927
172, 0.8809509604951457, 0.37911126672077955
173, 0.31714370353959687, 0.4215895663984831
174, 0.5318931913395262, 0.38608585698688347
175, 0.09492115138348889, 0.9976272080200016
176, 0.9903585954131616, 0.6561850595149695
177, 0.4222926954457312, 0.7274929373525431
178, 0.22884443961455025, 0.3247055845053676
179, 0.6284324184770946, 0.5779852420493049
end_nodes
0, 1
0, 2
0, 3
0, 4
0, 5
0, 6
0, 7
0, 8
0, 9
0, 10
0, 11
0, 12
0, 13
1, 7
1, 12
1, 127
2, 3
2, 6
2, 9
2, 16
2, 22
2, 24
2, 28
2, 33
2, 40
2, 48
2, 53
2, 54
3, 8
3, 9
3, 40
3, 54
3, 151
3, 173
4, 10
4, 12
4, 18
4, 19
4, 25
4, 34
4, 50
4, 51
4, 63
4, 65
4, 76
4, 94
5, 9
5, 11
5, 15
5, 16
5, 23
5, 27
5, 29
5, 32
5, 37
5, 38
5, 39
5, 41
6, 7
6, 12
6, 21
6, 28
6, 30
6, 45
6, 53
6, 69
6, 74
6, 75
6, 85
7, 12
7, 30
7, 85
7, 127
7, 138
7, 140
7, 155
7, 159
7, 168
8, 9
9, 16
9, 27
9, 37
9, 38
9, 41
9, 48
9, 60
9, 67
10, 13
10, 14
10, 20
10, 31
10, 36
10, 42
10, 43
10, 51
10, 52
10, 56
10, 57
11, 13
11, 15
11, 17
11, 26
11, 29
11, 32
11, 35
11, 44
11, 46
11, 61
11, 64
12, 18
12, 19
12, 25
12, 34
12, 69
12, 75
12, 115
12, 118
13, 14
13, 15
13, 17
13, 20
13, 26
13, 31
13, 35
13, 36
13, 57
13, 61
14, 36
14, 42
14, 56
14, 62
14, 66
14, 68
14, 71
14, 84
14, 98
14, 106
14, 122
15, 16
15, 29
15, 39
15, 47
15, 49
15, 58
15, 61
15, 70
15, 72
15, 80
16, 22
16, 28
16, 37
16, 39
16, 47
16, 48
16, 55
16, 59
16, 69
17, 26
17, 79
17, 116
17, 117
17, 132
17, 144
17, 157
17, 162
18, 76
18, 142
19, 34
20, 96
20, 101
20, 126
20, 176
21, 30
21, 45
21, 161
22, 24
22, 55
22, 77
22, 88
22, 90
22, 99
22, 107
22, 108
22, 109
22, 130
22, 131
23, 38
23, 67
23, 91
23, 174
24, 77
24, 107
24, 131
24, 163
24, 178
25, 34
25, 50
25, 115
25, 118
25, 120
25, 148
25, 175
26, 95
26, 117
27, 37
28, 53
28, 55
28, 69
28, 77
28, 88
28, 90
28, 97
28, 100
28, 105
28, 160
29, 44
29, 73
29, 165
29, 170
30, 45
30, 85
31, 57
32, 46
32, 64
32, 113
32, 179
33, 40
33, 54
33, 81
34, 115
35, 61
35, 172
36, 57
36, 84
36, 136
37, 89
37, 93
38, 67
38, 153
39, 49
39, 72
39, 83
39, 129
39, 134
39, 139
39, 152
40, 54
41, 60
41, 67
41, 82
41, 87
41, 91
41, 111
42, 43
42, 52
42, 56
42, 62
42, 66
42, 68
42, 71
42, 92
42, 106
42, 146
42, 150
43, 56
44, 165
45, 161
46, 113
46, 141
46, 179
47, 86
47, 102
47, 103
47, 154
47, 164
47, 171
49, 58
49, 70
49, 134
50, 65
50, 120
50, 166
51, 63
51, 65
51, 94
51, 114
51, 119
51, 120
51, 121
51, 125
51, 156
51, 158
51, 167
52, 92
52, 150
52, 169
53, 74
53, 100
54, 81
54, 124
54, 145
54, 177
55, 90
56, 68
56, 98
58, 70
59, 69
59, 78
59, 102
59, 137
59, 143
59, 149
60, 67
61, 80
61, 104
61, 172
62, 71
62, 146
63, 65
63, 94
63, 110
63, 112
65, 120
65, 166
66, 68
66, 106
67, 91
67, 174
69, 75
69, 78
69, 97
69, 105
69, 118
69, 137
69, 143
69, 148
72, 134
73, 170
76, 142
77, 88
77, 107
77, 160
77, 163
78, 149
79, 144
79, 157
79, 162
82, 87
82, 111
83, 129
83, 139
83, 152
85, 138
85, 140
85, 155
86, 102
86, 103
86, 164
86, 171
87, 111
88, 90
88, 160
89, 93
91, 174
94, 110
94, 112
94, 167
96, 176
97, 105
98, 122
99, 108
99, 109
99, 130
99, 135
102, 103
102, 149
102, 164
103, 171
107, 131
107, 178
108, 109
108, 130
108, 135
110, 112
113, 179
114, 156
114, 158
116, 132
116, 144
116, 162
118, 148
119, 125
120, 158
120, 175
121, 125
123, 128
123, 147
124, 145
124, 177
126, 176
128, 147
129, 139
130, 135
131, 178
132, 144
137, 143
138, 140
139, 152
140, 155
140, 159
144, 162
145, 177
146, 150
146, 169
148, 175
150, 169
151, 173
154, 164
155, 159
156, 158
156, 175
158, 175
165, 170
end