320
4
0, 0.2096448863450523, 0.9646597422417056
1, 0.08343328105146319, 0.8432537830853675
2, 0.28099368069993147, 0.8294226889426471
3, 0.4166521101518038, 0.4773902669181823
4, 0.01964186108680699, 0.0516199965896702
5, 0.6737366752396813, 0.9213397046186416
6, 0.3922224116474752, 0.6106656037498059
7, 0.38567783341984474, 0.7309611290935276
8, 0.4659086520058091, 0.2634922936079376
9, 0.5292022300093249, 0.9074349552190998
10, 0.4631334853828176, 0.22461448003306095
11, 0.8354603682684426, 0.950150190337738
12, 0.0848431537359371, 0.6766698374952314
13, 0.8933570940042472, 0.7764862376822039
14, 0.34570758122299106, 0.7600743357123676
15, 0.8713651108609797, 0.16799907221187604
16, 0.18293288526252793, 0.632785526629183
17, 0.944915994921777, 0.8291785711019939
18, 0.0677630331757384, 0.8423987186382212
19, 0.7895176470195132, 0.3273220266099367
20, 0.15662264271680848, 0.7883937499609207
21, 0.28448235934800015, 0.6956244694514077
22, 0.7168864604191496, 0.3218729584703862
23, 0.48708198976780526, 0.9564488067356764
24, 0.8372898022638331, 0.724128291589791
25, 0.7246129881086689, 0.904049873024148
26, 0.5472850034331214, 0.6301050943582089
27, 0.34044080752892325, 0.8974743252938883
28, 0.26122633131513484, 0.879050008648532
29, 0.9208558013946887, 0.39884906089782457
30, 0.9550315418644386, 0.2513059832499517
31, 0.8674635393223118, 0.41786016940891646
32, 0.8687383131521307, 0.884690619497031
33, 0.29934046087625865, 0.4386492619399601
34, 0.006198441941897115, 0.354323332100677
35, 0.20888903630742928, 0.3257235014773662
36, 0.45847063234875407, 0.23202000293227476
37, 0.18081791345345288, 0.0866210206708834
38, 0.2527837773679553, 0.2141022695803496
39, 0.4968970797598167, 0.6475095337168872
40, 0.09194352351027335, 0.4348042806593073
41, 0.5812601699229112, 0.6150229337675148
42, 0.36028148079949396, 0.11761817344084236
43, 0.07396146149045368, 0.021737719186649684
44, 0.26358436681447706, 0.8539378653911981
45, 0.04374842369206233, 0.2599582783115455
46, 0.5381296722200274, 0.02436444685380923
47, 0.5214870471551164, 0.6216152385803585
48, 0.05110081447679615, 0.4606287137011903
49, 0.7529918801831605, 0.47019215485818155
50, 0.237397457619534, 0.8635620884152556
51, 0.546745397633936, 0.11705033396982101
52, 0.1809482455532866, 0.732795034423394
53, 0.3073448441769401, 0.8872515496990981
54, 0.3063970106563211, 0.7358363894993096
55, 0.7108992967823399, 0.44022670150620613
56, 0.7457147462185316, 0.35838292840331065
57, 0.028427718200550456, 0.6303819438889634
58, 0.04743302958705198, 0.7393974219979481
59, 0.2975055703263757, 0.04994605026784105
60, 0.8908489455041059, 0.6771295662858733
61, 0.13146769960878957, 0.11929280935135234
62, 0.6934274718004777, 0.8605054934828194
63, 0.9235676332399778, 0.8029800962665419
64, 0.9725206122688248, 0.44529089922964293
65, 0.4378226814705425, 0.031704884526099764
66, 0.03285857795467517, 0.8187820489150405
67, 0.4893295506677572, 0.9814172364760254
68, 0.2689888205595894, 0.9686949527163101
69, 0.9698753613972806, 0.29142474507049443
70, 0.6980826000452462, 0.463391149557158
71, 0.24796936335919484, 0.6505551180781005
72, 0.10656355127702455, 0.6946048069680085
73, 0.47571617012247125, 0.7239461571018555
74, 0.5631875511228556, 0.14639580630470883
75, 0.9257749163013123, 0.5153181086163724
76, 0.7001531215026768, 0.78133096053561
77, 0.025991565373325254, 0.4051860262528276
78, 0.34339501188619526, 0.031001371449401294
79, 0.8018572729058692, 0.2875504667906419
80, 0.38597237205708745, 0.4679046922347425
81, 0.21388013501947134, 0.6931592282631953
82, 0.24426611076741422, 0.2274979778577776
83, 0.8870941736488823, 0.7160368426075215
84, 0.5499297736296067, 0.40459565827942523
85, 0.9696518537229223, 0.8079395698204143
86, 0.3097183057747115, 0.1627994029289711
87, 0.7232885968784292, 0.24173843310845355
88, 0.13313026801999617, 0.27588155731223274
89, 0.2545559789544911, 0.06816575650892964
90, 0.8594185447214886, 0.7275601587444461
91, 0.2732880782210445, 0.654484513775856
92, 0.11166569022232464, 0.8839527351025975
93, 0.09150949246911777, 0.01645251978415785
94, 0.49892537230353473, 0.08501561519982759
95, 0.853040828425502, 0.10886169163453552
96, 0.23989985434275352, 0.8320646485700552
97, 0.15077568364743354, 0.6092931806505237
98, 0.6627890680586501, 0.14765513708821343
99, 0.4325180888189205, 0.036698271264848925
100, 0.16874732662995007, 0.9823075664162562
101, 0.33427727706676724, 0.025468814072924784
102, 0.8224136851407797, 0.8640275997410456
103, 0.9095530753039253, 0.8023212160028741
104, 0.8057956259892172, 0.4817677961489494
105, 0.4116940324292969, 0.8382144400731737
106, 0.3218010995157403, 0.7534156485846051
107, 0.08605582702012426, 0.05952510488392415
108, 0.5788714332521517, 0.6706557330677094
109, 0.34630211979323167, 0.2995903484121656
110, 0.6783882717452373, 0.16948566977781787
111, 0.8475353537650399, 0.9760020141724104
112, 0.9078213251502428, 0.8021921423612001
113, 0.038593128087987205, 0.1480961744117214
114, 0.939253024683175, 0.9482348043353915
115, 0.9338272826556615, 0.5987586967799688
116, 0.3569923525938663, 0.0006889152673134058
117, 0.6179927862082052, 0.7929135796353564
118, 0.9720525236834879, 0.04556057634578081
119, 0.4608854160734893, 0.25998517151786615
120, 0.8112672782736945, 0.3885280539830652
121, 0.7583324510017507, 0.5283795240719654
122, 0.39852143983629473, 0.5229650674933582
123, 0.43358123218291666, 0.28753929972524317
124, 0.35323079563913884, 0.4956355204259243
125, 0.25148651403680955, 0.1774066294411487
126, 0.5175710822215821, 0.9647107684211141
127, 0.3245981761014245, 0.7305189962272963
128, 0.8606361318891615, 0.3411922614800461
129, 0.3016647317562936, 0.10879807546999032
130, 0.8516170388783246, 0.6454203064992102
131, 0.333613243821826, 0.28602020684885754
132, 0.14690694054262698, 0.6615702133903355
133, 0.4829378855299502, 0.32602370140460746
134, 0.07878762844035891, 0.5739076328646402
135, 0.41699623553863396, 0.864836387502483
136, 0.05241726360152821, 0.17531223578838362
137, 0.2001935148958781, 0.19912029714418378
138, 0.5344543548131592, 0.8871440510927079
139, 0.957275428288374, 0.5000468602823783
140, 0.7087822326956684, 0.7061341951564368
141, 0.551328028271602, 0.8799058292726654
142, 0.00545001535237899, 0.7134596144161491
143, 0.5463962703990783, 0.23712662701376774
144, 0.24581472992831355, 0.5936813317117153
145, 0.14710334643727896, 0.09616824654440315
146, 0.9486914630272771, 0.31196534127038766
147, 0.44098562656294027, 0.5944969933762004
148, 0.42940846399925736, 0.7905284755153359
149, 0.8650862450698743, 0.5779325725269086
150, 0.6479524194021425, 0.7772291569673513
151, 0.8180730480129813, 0.1692414669292217
152, 0.9234495682134571, 0.7092264939563484
153, 0.6505170050619351, 0.49327011367887574
154, 0.9075109324549567, 0.7134644074367282
155, 0.8357848273927831, 0.6763225475111837
156, 0.3499800068293144, 0.3123660831694549
157, 0.09213746679657842, 0.4465927434346645
158, 0.05313249777970375, 0.44363262273137594
159, 0.9542467664993266, 0.3594537841755613
160, 0.4248697962947955, 0.7345141968126468
161, 0.5911395944482091, 0.20244559181387756
162, 0.7990251608038169, 0.1851158445691231
163, 0.769774224617875, 0.4264524015361195
164, 0.4389576033689425, 0.26090951007271
165, 0.8304428156234402, 0.2332949200460801
166, 0.28785004108299406, 0.8015009005377572
167, 0.09290172443332878, 0.7693720305277123
168, 0.30197904981479484, 0.6552540889266533
169, 0.8222185893874439, 0.574610513970473
170, 0.5678749120434977, 0.8834227000716568
171, 0.8530901134879055, 0.24989943015688454
172, 0.088669099143035, 0.1842610575913164
173, 0.20100316640699156, 0.853179806571326
174, 0.21231024785368313, 0.6802569708833799
175, 0.013520637531617696, 0.8044968694886037
176, 0.6084558869522724, 0.5574395756138425
177, 0.08582068959288858, 0.7883773550152602
178, 0.6114104779719368, 0.5346343248368092
179, 0.006124203456838506, 0.29276545589350444
180, 0.9368454293004566, 0.3908866467834904
181, 0.8545510267343986, 0.27707830571708425
182, 0.6537831334685112, 0.6370283833071448
183, 0.7476100587168258, 0.2634829399497416
184, 0.015270340685514139, 0.5047209125140375
185, 0.8250389570281704, 0.45453050662661265
186, 0.5851837431521119, 0.5967521083843748
187, 0.5049981642896574, 0.41655739082627286
188, 0.5382528045669799, 0.8010261827884477
189, 0.4422772621438321, 0.4222319362986465
190, 0.4427188808967195, 0.08755538110360017
191, 0.3960365857126893, 0.6686893581882182
192, 0.10992850886115679, 0.9037072015609202
193, 0.5942111969737638, 0.03428317750503507
194, 0.976636822763988, 0.34117043614850273
195, 0.9114734091174038, 0.5883454901415143
196, 0.8562783814081351, 0.8243297780964323
197, 0.6748380927821569, 0.007272417568539802
198, 0.9086546403075756, 0.23953680560589907
199, 0.4977908482139314, 0.13266570837356817
200, 0.24996382183249533, 0.7061354052400284
201, 0.2172408910254009, 0.646472931420216
202, 0.818406532903842, 0.3703890720399807
203, 0.6543878976284427, 0.5857436985336459
204, 0.28912604693195987, 0.24542047843320225
205, 0.10861029253099819, 0.7317653968236889
206, 0.7689028880717336, 0.1586989772377222
207, 0.1615019094161142, 0.9121857294504074
208, 0.35540133031810395, 0.06643238720411349
209, 0.2720046031070811, 0.46226209970268317
210, 0.5896237153529805, 0.059904498882605184
211, 0.8969507176595061, 0.0819900410190777
212, 0.2872205283735586, 0.6508366711488821
213, 0.3952835294674677, 0.4633769118057316
214, 0.7537947771471838, 0.9441510716446363
215, 0.2812203660167415, 0.6089741289815696
216, 0.5774123480010142, 0.6447868563132305
217, 0.14419278305419603, 0.20843510423119804
218, 0.30003817522845644, 0.21278200623038734
219, 0.5667131656408005, 0.9346079968869707
220, 0.6697565319356114, 0.8051277961322654
221, 0.9820638027173977, 0.3932667390904745
222, 0.4107862397240116, 0.049292588208325494
223, 0.8715458695714934, 0.6789618183556029
224, 0.22265507692610764, 0.7910489288352338
225, 0.26144790830147857, 0.44915044503466817
226, 0.31830676737024843, 0.35459081234738166
227, 0.5551687819610467, 0.48218002257389847
228, 0.4150547621326909, 0.09284802391012659
229, 0.6629806796247177, 0.8351701995406835
230, 0.11475271370196927, 0.4618662517504937
231, 0.09784390913035701, 0.0896815991454134
232, 0.9492676315850287, 0.5487623180864382
233, 0.21587226146259997, 0.9046779915022845
234, 0.9103690404031743, 0.15231065172682445
235, 0.8008787282663397, 0.3799733758118562
236, 0.01488340923271958, 0.917208508390399
237, 0.3393349327702032, 0.8985555159638209
238, 0.8524471581804464, 0.3765937487694573
239, 0.07307037930754967, 0.9430964746336566
240, 0.5765032661224725, 0.04399636852969102
241, 0.42436722340136857, 0.49650282260477985
242, 0.4261596199625849, 0.6247061225904514
243, 0.7987335828938632, 0.5619710833272249
244, 0.11165651321950121, 0.07840711026285796
245, 0.6350836997609312, 0.48561866729074543
246, 0.7347305891787062, 0.724815327556354
247, 0.9872547489170008, 0.5924873493704296
248, 0.8869790409146399, 0.3935721524574609
249, 0.34037093550039343, 0.2842098527542519
250, 0.09379495185046716, 0.22824545965632426
251, 0.4258567188012147, 0.8650121037074567
252, 0.6828395154322773, 0.3653127928216787
253, 0.9846848266654818, 0.44239639744695003
254, 0.7436051229963971, 0.06667825566007912
255, 0.18156270309735367, 0.6943514012544161
256, 0.4077024303410216, 0.9456691849914561
257, 0.34732027184043857, 0.5814204630098625
258, 0.8617951774834748, 0.016928389193598847
259, 0.09417864982447166, 0.9791545143710358
260, 0.4560638897733098, 0.13491225613414326
261, 0.557758737022036, 0.5556230778127118
262, 0.506887323907032, 0.4215397315862255
263, 0.7884161595549046, 0.9223696810416016
264, 0.49973129358011126, 0.8178169526282109
265, 0.6261822018797494, 0.8447109054079578
266, 0.7119651698197053, 0.4054179645310976
267, 0.10946300328221104, 0.7507778245563786
268, 0.15442384801259101, 0.039255318936028294
269, 0.31456280642701406, 0.2566713450322735
270, 0.20835690247147898, 0.616280437207869
271, 0.29457765530170554, 0.4298250168638186
272, 0.36294618931296474, 0.7944805567701261
273, 0.9182587573454882, 0.5958212072656276
274, 0.5186867979035369, 0.6062338647198577
275, 0.06797838547386148, 0.6385694278336319
276, 0.552870085185928, 0.8348044751851942
277, 0.21804518509363735, 0.7366512327848551
278, 0.8812319660193336, 0.18735207089138373
279, 0.4277835323778776, 0.820141060519115
280, 0.6143222389484618, 0.1391580599579596
281, 0.6637007571138739, 0.7868281790315099
282, 0.848109138584334, 0.8927243648895787
283, 0.7083168411503317, 0.6798267932190033
284, 0.07235010831805189, 0.5885909985049061
285, 0.935921206931098, 0.31542212307903716
286, 0.6179293994776587, 0.9527639627991266
287, 0.1991888619142267, 0.5797661729148269
288, 0.410554945968584, 0.39190752138010876
289, 0.2546740342500404, 0.48474566161384147
290, 0.8245111289190958, 0.9826937724792132
291, 0.2613081054969868, 0.7859017494061008
292, 0.08269077493360033, 0.2966845139162534
293, 0.47234367164889146, 0.766656566081158
294, 0.7388560808124317, 0.7282795911750857
295, 0.42233403891179244, 0.25794519090681023
296, 0.43409146830262135, 0.8233664188798439
297, 0.1992391621621089, 0.5845406261670443
298, 0.14975004295286543, 0.672864448751899
299, 0.026810628495806954, 0.7616703331485355
300, 0.7294411957041206, 0.5633600413234991
301, 0.7787846146480758, 0.9793944302847493
302, 0.2489046690490343, 0.2137131882668526
303, 0.21683038818251044, 0.6994336252904527
304, 0.11886197591271475, 0.7681513990922445
305, 0.6282882372454679, 0.1859458830279317
306, 0.09569942995689884, 0.26005146789093514
307, 0.12649690858357732, 0.8364217414450623
308, 0.0496763230261128, 0.034631545806430464
309, 0.24452732339552297, 0.45939498604220586
310, 0.5766783272291918, 0.5692984542242266
311, 0.8443771260667304, 0.2257338993279001
312, 0.26952658662977236, 0.1661506037453826
313, 0.391971103418023, 0.3233553273933062
314, 0.5984551624618631, 0.7697495697670832
315, 0.33859987194990326, 0.7770009711001262
316, 0.2783724695510109, 0.9579071805878032
317, 0.4856086524529575, 0.8970488826095194
318, 0.25351365312099916, 0.40900136768868023
319, 0.5852877523008551, 0.8893795904424908
end_nodes
0, 1
0, 2
0, 3
0, 4
0, 5
0, 6
0, 7
0, 8
0, 9
0, 10
0, 11
0, 12
0, 13
0, 14
0, 15
0, 16
0, 17
1, 4
1, 12
1, 18
1, 34
1, 45
1, 48
1, 57
1, 58
1, 66
1, 77
1, 92
1, 100
1, 113
1, 134
1, 142
1, 158
2, 6
2, 14
2, 15
2, 22
2, 28
2, 84
2, 87
2, 95
2, 98
2, 106
2, 110
2, 118
2, 147
2, 151
2, 162
2, 183
3, 6
3, 8
3, 44
3, 46
3, 51
3, 54
3, 74
3, 98
3, 122
3, 127
3, 133
3, 143
3, 161
3, 166
3, 187
3, 189
4, 10
4, 16
4, 21
4, 33
4, 34
4, 35
4, 36
4, 37
4, 38
4, 42
4, 43
4, 45
4, 46
4, 48
4, 52
5, 9
5, 11
5, 17
5, 23
5, 25
5, 32
5, 102
5, 114
5, 214
5, 219
5, 256
5, 263
5, 282
5, 286
5, 316
6, 44
6, 98
6, 106
6, 127
6, 166
6, 187
6, 241
6, 262
7, 14
7, 15
7, 315
8, 10
8, 46
8, 54
8, 80
8, 94
8, 119
8, 199
8, 213
8, 257
8, 288
9, 17
9, 102
9, 256
9, 316
10, 21
10, 36
10, 37
10, 42
10, 50
10, 59
10, 65
10, 80
10, 86
10, 91
10, 94
10, 96
10, 99
10, 119
11, 23
11, 67
11, 68
11, 100
11, 111
11, 114
11, 126
11, 214
11, 286
11, 290
11, 301
12, 20
12, 40
12, 72
12, 134
12, 157
12, 167
12, 177
12, 205
12, 207
12, 267
12, 304
12, 307
13, 15
13, 17
13, 19
13, 24
13, 26
13, 27
13, 29
13, 30
13, 31
13, 39
13, 41
13, 47
13, 49
13, 53
13, 55
13, 56
14, 15
14, 28
14, 315
15, 19
15, 26
15, 29
15, 30
15, 31
15, 39
15, 47
15, 53
15, 56
15, 60
15, 79
15, 118
16, 21
16, 50
16, 52
16, 71
16, 81
16, 96
16, 136
16, 173
16, 174
16, 200
16, 201
16, 224
16, 233
16, 255
16, 270
17, 25
17, 30
17, 32
17, 62
17, 63
17, 64
17, 69
17, 75
17, 85
17, 102
17, 103
17, 112
17, 114
18, 66
18, 100
18, 192
18, 236
18, 239
18, 259
19, 31
19, 56
19, 79
19, 83
19, 104
19, 120
19, 128
19, 130
19, 149
19, 163
19, 169
19, 171
19, 181
19, 185
19, 202
20, 40
20, 72
20, 157
21, 71
21, 88
21, 91
21, 96
21, 124
21, 144
21, 168
21, 172
21, 200
21, 201
21, 212
21, 250
21, 277
21, 287
22, 118
22, 151
22, 183
22, 211
22, 252
23, 219
23, 286
24, 41
24, 55
24, 70
24, 90
24, 121
24, 153
24, 155
24, 176
24, 182
24, 186
24, 203
24, 283
24, 300
25, 32
26, 41
26, 47
26, 56
26, 153
26, 176
26, 178
26, 186
26, 216
26, 245
26, 266
26, 310
27, 53
27, 229
27, 237
27, 251
27, 265
29, 30
29, 60
29, 180
29, 195
29, 198
29, 248
29, 278
29, 285
30, 69
30, 75
30, 115
30, 118
30, 139
30, 146
30, 159
30, 180
30, 195
30, 198
30, 232
30, 234
30, 278
31, 83
31, 120
31, 128
31, 149
31, 171
31, 202
31, 238
32, 114
32, 263
32, 282
33, 35
33, 36
33, 38
33, 82
33, 88
33, 91
33, 109
33, 123
33, 125
33, 131
33, 137
33, 156
33, 164
33, 172
33, 204
33, 209
34, 48
34, 57
34, 77
34, 142
34, 179
34, 184
35, 172
36, 61
36, 91
36, 109
36, 123
36, 125
36, 131
36, 156
36, 164
36, 204
36, 218
36, 231
36, 249
36, 269
36, 295
37, 42
37, 86
37, 129
37, 145
37, 244
38, 61
38, 82
38, 125
38, 137
38, 302
39, 47
39, 53
39, 73
39, 76
39, 105
39, 108
39, 117
39, 135
39, 140
39, 148
39, 150
39, 188
39, 220
39, 246
39, 264
40, 113
40, 134
40, 157
40, 284
41, 182
41, 186
41, 283
42, 59
42, 89
42, 107
42, 129
43, 46
43, 78
43, 93
43, 101
43, 116
43, 197
43, 258
43, 268
43, 308
44, 122
44, 166
45, 113
45, 158
45, 275
46, 51
46, 65
46, 74
46, 78
46, 94
46, 95
46, 98
46, 101
46, 118
46, 161
46, 193
46, 199
46, 206
47, 140
47, 216
47, 245
47, 310
48, 77
49, 55
49, 56
49, 243
49, 266
50, 96
50, 224
50, 233
50, 291
51, 74
51, 133
52, 97
52, 132
52, 136
52, 230
52, 255
52, 292
52, 298
53, 105
53, 135
53, 148
53, 160
53, 237
53, 251
53, 261
53, 272
53, 274
54, 213
55, 70
55, 121
55, 153
55, 266
56, 79
56, 163
56, 165
56, 243
56, 266
57, 58
57, 142
57, 184
58, 142
59, 65
59, 89
59, 99
59, 107
59, 208
59, 222
59, 228
60, 248
61, 125
61, 231
61, 312
62, 112
62, 138
62, 141
62, 170
62, 196
62, 317
62, 319
63, 75
63, 152
63, 154
63, 273
64, 69
64, 85
64, 118
64, 194
64, 221
64, 247
64, 253
65, 94
65, 99
65, 107
65, 190
65, 260
66, 142
66, 175
66, 236
66, 299
67, 100
67, 290
67, 301
68, 100
68, 126
69, 118
69, 139
70, 153
70, 300
71, 201
71, 270
71, 287
71, 297
72, 157
73, 135
73, 264
73, 293
73, 296
74, 133
74, 143
74, 161
74, 189
75, 115
75, 146
75, 152
75, 273
76, 150
76, 220
76, 281
76, 294
78, 101
78, 268
79, 165
80, 257
80, 288
81, 174
81, 200
81, 277
81, 303
82, 137
82, 302
83, 149
83, 185
83, 223
84, 87
84, 95
84, 110
84, 147
84, 206
84, 242
85, 114
85, 247
86, 145
87, 95
87, 191
87, 227
87, 242
88, 91
88, 144
88, 172
88, 209
88, 225
88, 289
88, 309
88, 318
89, 107
90, 155
91, 123
91, 124
91, 209
91, 212
91, 215
91, 225
91, 289
92, 100
93, 116
94, 199
94, 260
95, 151
95, 162
95, 193
95, 206
95, 211
95, 227
95, 240
95, 254
96, 168
96, 224
96, 277
96, 291
97, 230
98, 106
98, 110
98, 161
98, 187
98, 206
98, 210
98, 262
98, 280
98, 305
99, 190
99, 222
99, 228
100, 126
100, 192
100, 259
100, 290
103, 112
104, 163
104, 169
105, 135
105, 148
105, 279
106, 262
108, 140
108, 246
109, 131
109, 156
109, 226
109, 249
109, 295
110, 206
111, 114
111, 290
112, 141
112, 196
113, 284
114, 263
115, 146
115, 232
116, 197
117, 135
117, 188
117, 220
117, 264
117, 276
117, 314
118, 193
118, 194
118, 211
118, 221
118, 234
118, 252
118, 253
118, 254
118, 258
119, 288
120, 149
120, 202
121, 155
122, 166
123, 164
123, 215
123, 313
124, 212
125, 204
125, 218
127, 166
128, 171
128, 181
128, 238
130, 169
130, 235
131, 204
131, 226
131, 249
131, 269
132, 230
132, 298
134, 284
135, 264
135, 276
135, 279
135, 293
135, 296
136, 292
137, 217
137, 271
137, 302
138, 141
138, 317
139, 159
140, 246
141, 317
142, 175
142, 179
142, 184
142, 236
142, 299
143, 161
143, 189
144, 172
145, 244
147, 191
147, 242
149, 185
150, 220
150, 281
151, 162
151, 183
151, 211
152, 273
153, 176
153, 203
153, 266
153, 300
154, 273
156, 295
158, 275
160, 261
161, 280
161, 305
163, 169
164, 313
167, 177
167, 207
167, 307
170, 317
170, 319
171, 181
171, 311
172, 250
173, 233
174, 200
175, 236
176, 186
176, 203
177, 207
178, 245
180, 195
182, 186
187, 241
188, 264
188, 314
191, 242
192, 259
193, 254
194, 221
197, 258
198, 278
198, 285
200, 277
200, 303
204, 218
204, 269
205, 207
205, 304
206, 210
206, 240
207, 267
207, 304
207, 307
208, 222
208, 228
209, 225
209, 318
211, 254
214, 286
217, 271
220, 276
220, 281
221, 253
222, 228
225, 289
225, 309
229, 265
231, 312
236, 239
236, 259
237, 265
239, 259
245, 310
247, 253
255, 292
256, 316
261, 272
261, 274
263, 282
264, 293
267, 304
270, 297
270, 306
272, 274
277, 303
287, 297
287, 306
289, 309
290, 301
297, 306
317, 319
end