540
4
0, 0.5205741283249781, 0.5143204129440389
1, 0.9260468397226197, 0.998363512665252
2, 0.44980013591168666, 0.6336850994605815
3, 0.6673332269874809, 0.6898130260139936
4, 0.9379949741523058, 0.8306170272385619
5, 0.8907017238592096, 0.804860572531839
6, 0.8106181471094347, 0.38333498575350067
7, 0.5401403253458548, 0.5125544453103774
8, 0.5078788032451124, 0.08036913985342631
9, 0.9301809617689947, 0.6444754224707072
10, 0.029491299688166328, 0.7506690385877375
11, 0.1928854873662692, 0.8583050364563122
12, 0.04845705964584113, 0.5459377372320526
13, 0.7277059648397659, 0.9303821915717116
14, 0.6647102008749091, 0.8232333411112449
15, 0.16553770492604014, 0.3174128222651833
16, 0.23878842551493995, 0.3829380426973611
17, 0.2425667703800718, 0.7471168035599635
18, 0.026397959083666045, 0.8413035783570305
19, 0.003131795451088659, 0.5376820707443978
20, 0.4111069194745618, 0.8736562407327525
21, 0.31221699478063225, 0.959735862639689
22, 0.972367396908039, 0.897938270569225
23, 0.03742914415774701, 0.1511157431034128
24, 0.3842352942682701, 0.05900545827580794
25, 0.4283272257548305, 0.1416214175497934
26, 0.17201824729217408, 0.7121743919497221
27, 0.6963597065054938, 0.4068979264579482
28, 0.7846852651930025, 0.27463479293937365
29, 0.7878443797511652, 0.47828180270327203
30, 0.06978000442685595, 0.28826812163267024
31, 0.32704895757682084, 0.5191388750162287
32, 0.7775856601659576, 0.4604544707283126
33, 0.5420666133491864, 0.5271113840471113
34, 0.390592536191807, 0.17516100618981933
35, 0.8275549185940357, 0.5183717920140163
36, 0.6608311160952409, 0.8400592664470982
37, 0.03923064285275202, 0.908240267861492
38, 0.5940773369194097, 0.15768205886597464
39, 0.3298973823634418, 0.25666645858170545
40, 0.06767718571292103, 0.17384431964735292
41, 0.5150849294223153, 0.3210621503679063
42, 0.5139651193392367, 0.4381032803002498
43, 0.907031764167509, 0.617107494049933
44, 0.5341121874522728, 0.5749900315911285
45, 0.7207222452571912, 0.38411190233502446
46, 0.5553619097345756, 0.8418305893570046
47, 0.5722046732048587, 0.32011813516232046
48, 0.6060850326294083, 0.12979809563154732
49, 0.694595525018493, 0.9274711067154146
50, 0.4127908463971349, 0.14058981687614025
51, 0.7689963116877224, 0.17909094044238516
52, 0.6317380775202179, 0.9766669231031962
53, 0.8862592022832128, 0.8517386073996265
54, 0.5504826674418659, 0.6627444041402469
55, 0.9369325735211174, 0.7059062028277064
56, 0.6009985316625746, 0.8165380080753579
57, 0.7714568891674083, 0.511743583250363
58, 0.7747876162309362, 0.29724705199464785
59, 0.2104465901060898, 0.2563843735366962
60, 0.9144604043763085, 0.5778540190406585
61, 0.6390610115302309, 0.6543617987085644
62, 0.574512913491332, 0.5204511242684993
63, 0.7173846018934955, 0.6443929807358836
64, 0.6316671909986231, 0.6921855496190613
65, 0.8745065060247581, 0.3713308867252991
66, 0.3774861268222621, 0.34625624128825194
67, 0.981810035985388, 0.46390873890279494
68, 0.7735125554530435, 0.36310725746787964
69, 0.7390363204021732, 0.3844693722906207
70, 0.6888047705878747, 0.37661292103788635
71, 0.6702991709740882, 0.9345672651273284
72, 0.8401405352812921, 0.350076830284454
73, 0.07183398479168002, 0.19432513261208684
74, 0.8516708381116842, 0.14908963203181846
75, 0.4824653605110921, 0.12537073636937002
76, 0.3800796681416112, 0.3287467940274872
77, 0.24470455591295315, 0.08220932138831782
78, 0.32503561133831216, 0.26773950067505703
79, 0.9431888422052017, 0.1132536963548062
80, 0.028816921091042502, 0.12651782479897045
81, 0.9204884582172312, 0.9473009623559093
82, 0.7987543951806177, 0.7672718124927677
83, 0.43090889675012456, 0.3402470294223149
84, 0.8737920642978428, 0.9405417654110982
85, 0.41979583435311096, 0.8804098283978049
86, 0.9303238255076289, 0.9316069370453521
87, 0.7345554485141681, 0.2124687506429016
88, 0.9569229593600773, 0.8778343230641426
89, 0.6645531469788212, 0.06179373374966268
90, 0.22077590196263064, 0.30587244661018187
91, 0.38577737055947126, 0.3378916787506856
92, 0.07682450592335177, 0.15181328631892732
93, 0.6584017853934228, 0.9516914288236057
94, 0.5011136004323018, 0.4752459989836434
95, 0.7240679615494507, 0.5765880408030081
96, 0.6916351791647467, 0.662545483410888
97, 0.17988765899440673, 0.9367205228259443
98, 0.508036078998214, 0.8228766536810865
99, 0.3128210849023919, 0.9214912811080905
100, 0.8884664910957241, 0.8877237431540602
101, 0.5600569553474444, 0.8912761264495488
102, 0.03953073320445932, 0.48969054193583417
103, 0.3667709133420801, 0.4791535873353838
104, 0.6378562813497215, 0.33587416250567814
105, 0.5042670342422434, 0.9242167605123773
106, 0.19494221171883375, 0.46235639373572823
107, 0.08328484906566003, 0.6352096946488858
108, 0.5932223917949037, 0.43005037381024125
109, 0.42288522488070635, 0.777268436281944
110, 0.15717330097149806, 0.3472840837473531
111, 0.4756791665435365, 0.9693646023582349
112, 0.47487553450162623, 0.473313528395347
113, 0.9004685716359552, 0.2843564012332951
114, 0.7700821964823674, 0.4465093579053161
115, 0.614435675884434, 0.01749971694644792
116, 0.10699855288689031, 0.1541744068410038
117, 0.6796080257035614, 0.1494622875860252
118, 0.3696085105959922, 0.5131913367618477
119, 0.16846132718484164, 0.0803799122862433
120, 0.16840870837468158, 0.20514336629194618
121, 0.08591546559512653, 0.43167393501602913
122, 0.8057790155171938, 0.6866871756017657
123, 0.9181610650118941, 0.5579067075487968
124, 0.3925286072925448, 0.0968458119851876
125, 0.4863562259116134, 0.005888217893972758
126, 0.2873301299778408, 0.273822728731396
127, 0.6845011327434513, 0.12135683372586437
128, 0.5051838349856297, 0.995020804557854
129, 0.9651607084034566, 0.5452976490951031
130, 0.659292656396327, 0.7163681231170856
131, 0.5721275062544825, 0.5104504595093513
132, 0.44351818055909087, 0.3865441173019555
133, 0.8813703513726588, 0.25851633844501243
134, 0.582627016660786, 0.30986191912424865
135, 0.4074149392945028, 0.8882856450049371
136, 0.9771745042297296, 0.04092114172140915
137, 0.9337603050677467, 0.8121242227565756
138, 0.5291247059952916, 0.7957500466749805
139, 0.49508238003590854, 0.8112402757577416
140, 0.2256859193931744, 0.6350779406836157
141, 0.3409302493272358, 0.690891558679875
142, 0.28146711932940827, 0.19132444394080406
143, 0.8749184531226, 0.507076923380318
144, 0.0431812239332775, 0.5880951628578933
145, 0.17755470766233994, 0.7509183718826051
146, 0.6480369332610375, 0.3525705229024978
147, 0.025357055717109, 0.32123282429322264
148, 0.7862784931955317, 0.29379643018550694
149, 0.23060626792957917, 0.32305672997541535
150, 0.1974472066480577, 0.48161492808146
151, 0.0432411953184928, 0.8625544400200845
152, 0.640153871727591, 0.16819185119296187
153, 0.6809972722381734, 0.8412811498307174
154, 0.9357263848885562, 0.5935418857603113
155, 0.7839434829937522, 0.9321777998276767
156, 0.7957627097739104, 0.5381574319277495
157, 0.46465875429590475, 0.7066627585779695
158, 0.5014292999614629, 0.40329354605568435
159, 0.5395556551121347, 0.9027856198441039
160, 0.8159736246571447, 0.9214078943137947
161, 0.9214157362051021, 0.7224131499150218
162, 0.3382985460411936, 0.2698999561891853
163, 0.11464308842383641, 0.014226317885361328
164, 0.48065087928604877, 0.3657590162548523
165, 0.41126495975153454, 0.5112606723338998
166, 0.5515102022807318, 0.43552540337137524
167, 0.6866695870354117, 0.2748471417867645
168, 0.607875584278359, 0.7348482705895015
169, 0.6686273676754859, 0.6633953798261716
170, 0.9601851602443054, 0.368164553485281
171, 0.20807537037068746, 0.8023036607612033
172, 0.3151676796650117, 0.91763842293406
173, 0.5483544198799951, 0.5339652487144512
174, 0.49850637575640266, 0.026083535583547923
175, 0.21340320623217846, 0.4297895378197011
176, 0.16888972364667887, 0.9459515252358908
177, 0.31768999167105216, 0.32919971974134377
178, 0.9010936397587658, 0.3430425504364043
179, 0.23570989909121265, 0.7577220220185845
180, 0.5035044343711061, 0.8036034861465914
181, 0.8696369830840216, 0.0820976254254373
182, 0.10864287417547736, 0.7296766084443473
183, 0.2771334526856639, 0.138842621108328
184, 0.44757466687111624, 0.496373116827181
185, 0.6529954695455785, 0.9535978388587985
186, 0.8335844055177115, 0.021058865756737766
187, 0.4194388277108967, 0.8100047837248817
188, 0.8841083825566849, 0.7403819210598889
189, 0.8575222263650587, 0.9597880793608256
190, 0.11535633331479722, 0.1381201875405138
191, 0.5632254643037325, 0.4255728329766717
192, 0.9807848056141961, 0.3946537080159128
193, 0.4639879703297959, 0.3084944632928328
194, 0.2662930518723535, 0.37578308492705004
195, 0.9676016414433841, 0.9595411465904631
196, 0.08971526333345559, 0.3747006943636155
197, 0.24403877784463812, 0.9550439395905879
198, 0.14549196244136897, 0.6435389907696878
199, 0.7976326192377682, 0.9689134314588856
200, 0.4528711633219029, 0.35634992889201045
201, 0.9245163940316656, 0.96856744371788
202, 0.17899288709272176, 0.2413790433679205
203, 0.758022845678602, 0.5575371586510953
204, 0.26179443660074264, 0.43136627123484994
205, 0.514003739872503, 0.823191740177883
206, 0.1789046957835022, 0.9774016154205256
207, 0.2705141744760682, 0.04317637812992581
208, 0.6515862805166103, 0.17850206241698263
209, 0.9224551391161679, 0.8816245897273214
210, 0.46181227064211294, 0.9853710425143222
211, 0.1355350496900407, 0.006801433377174759
212, 0.4020326370920948, 0.712274136312359
213, 0.15176521794405284, 0.3473297188214749
214, 0.131200021797655, 0.7466356086485334
215, 0.02150750026761339, 0.8208406536131373
216, 0.18663810690251115, 0.06884477266007072
217, 0.9269268586140683, 0.3247162831999051
218, 0.6878471200401169, 0.42959030203536364
219, 0.970436954603896, 0.8767753079814904
220, 0.7419476664403962, 0.6194427746673499
221, 0.43202532252145787, 0.19743846328288972
222, 0.2747608970904172, 0.6291902106416377
223, 0.635495596523349, 0.7342102625341245
224, 0.5120849626741357, 0.5985881554870218
225, 0.9879321700078385, 0.8609914694070592
226, 0.5582933998963933, 0.7079765853458969
227, 0.75961864985387, 0.24103598805175075
228, 0.973174675982654, 0.15273697969698397
229, 0.16528888228741012, 0.20027758037623322
230, 0.5623238755294921, 0.5554642679381687
231, 0.5709316823296282, 0.757142590864181
232, 0.5988422395105232, 0.9377430678187001
233, 0.30937164414344664, 0.8546939346190594
234, 0.2786333114896562, 0.11190970232719377
235, 0.3212282874407356, 0.5991583811634207
236, 0.3650060852720858, 0.2835675747301518
237, 0.7644878021745803, 0.5773860295473447
238, 0.6261627819658485, 0.4475600236740944
239, 0.1781342628967406, 0.7477748545410375
240, 0.8739965289985745, 0.7718781654757326
241, 0.9076113726978925, 0.7182689673436057
242, 0.11541052426795018, 0.5925896718692708
243, 0.203629553986576, 0.13454383673230785
244, 0.4748660185038519, 0.4024870389430881
245, 0.8270000146976839, 0.511866796391259
246, 0.37906219233582383, 0.5798586201781565
247, 0.985079532812835, 0.4421772175606209
248, 0.501700629666112, 0.7318073568353538
249, 0.698422369768515, 0.3716453532426911
250, 0.7092012533796077, 0.051845069072605665
251, 0.9217664939575582, 0.21958178882140844
252, 0.8188465631973016, 0.9492975954960069
253, 0.18894721201312137, 0.06757938154616616
254, 0.5927067708715403, 0.38427134466547674
255, 0.9753143250929662, 0.6332627701146973
256, 0.42601472308179833, 0.20036514006288775
257, 0.36935843570252513, 0.4465052260675102
258, 0.3468834675147662, 0.0007492242213239519
259, 0.8237457115034655, 0.31403745918539205
260, 0.9282783223082938, 0.11113097400199445
261, 0.24998225708136335, 0.3948105479055438
262, 0.6267859585673472, 0.6923090326473152
263, 0.3307573740192591, 0.8080280588066592
264, 0.14506112699995988, 0.7461528811618532
265, 0.19302534258061066, 0.9301079793813756
266, 0.6167888034886894, 0.5153323592036966
267, 0.9755926427336643, 0.5669083902315912
268, 0.3151043569372891, 0.5460210210116951
269, 0.29451490298898786, 0.4591475404911237
270, 0.7743780705949566, 0.5625722216604063
271, 0.39031411564163876, 0.3190985253878813
272, 0.6196968882171177, 0.03356180669622755
273, 0.1356003046766191, 0.6519451031849058
274, 0.9615166267375658, 0.9106339930578369
275, 0.03504611774584854, 0.08982893427097915
276, 0.9434813456854226, 0.011681170934430773
277, 0.23678095801236843, 0.7711433707759987
278, 0.3873093282000891, 0.42166228553797114
279, 0.6138925160887462, 0.5380520230294932
280, 0.4185137383534553, 0.42215856265010787
281, 0.8940499521675522, 0.5144051163177308
282, 0.36834404528319087, 0.7474211052348059
283, 0.28308518931389104, 0.8686668637511247
284, 0.22562373496611132, 0.8163733886034846
285, 0.9772223741260051, 0.4963331700836613
286, 0.49873826842790026, 0.6164922562857976
287, 0.654689969664335, 0.1277740916982999
288, 0.12790151526684435, 0.5341715881631949
289, 0.6229907796943991, 0.7426294569156324
290, 0.4170619240036332, 0.4460445642676515
291, 0.6481142742074586, 0.795881487360873
292, 0.20935594420409098, 0.5532986152434437
293, 0.24770319157602905, 0.3411003053863829
294, 0.6192060130379702, 0.3703724939644738
295, 0.19045867259284455, 0.32286898038135103
296, 0.009018500798056106, 0.007293145170126247
297, 0.6445305147004525, 0.5079474984489429
298, 0.2888306362546563, 0.9296243647566931
299, 0.9348977378213708, 0.5993045613947768
300, 0.7450003267784779, 0.34860155680096694
301, 0.5179713687592761, 0.15938601107661332
302, 0.7755120482808258, 0.6211106706771905
303, 0.40405672822276495, 0.36872479838155203
304, 0.35851348393391913, 0.13454818808103886
305, 0.5054804161668874, 0.05481021902412764
306, 0.754696672079497, 0.5126034923575994
307, 0.9541806538092215, 0.3039434310949335
308, 0.6753000350134324, 0.1735138897025219
309, 0.7514435781107619, 0.05581668324793598
310, 0.13819594575765592, 0.6593146724991887
311, 0.8500291039953862, 0.6927918982887113
312, 0.14499585832009487, 0.5239098824207548
313, 0.5141693051830079, 0.4909292495470663
314, 0.5031902393708674, 0.8414630566413787
315, 0.09560200226298432, 0.6933302034602369
316, 0.36141616547434685, 0.2678285584021698
317, 0.4701561924895691, 0.040005976866797854
318, 0.5078691437567268, 0.36147947148840953
319, 0.5198558884317483, 0.7543387218924908
320, 0.7632288975764381, 0.8324906444394885
321, 0.11554882316829074, 0.7396888470732387
322, 0.14607140022464138, 0.44788083295657977
323, 0.43978388515958644, 0.31672951520092507
324, 0.8313477514156872, 0.5274962011529087
325, 0.7544434094400714, 0.7877980771817187
326, 0.877399600949254, 0.734368100103127
327, 0.8817527914068966, 0.07200693998334817
328, 0.43649282106074927, 0.3067389422159752
329, 0.5815204637903674, 0.7960658466215306
330, 0.8545953103999105, 0.11289198197593697
331, 0.4395010255671187, 0.9434834047377325
332, 0.28406211014652616, 0.8014229722063777
333, 0.23765764120278443, 0.7782252961071806
334, 0.8019045231193133, 0.7754664676878286
335, 0.7167630335923096, 0.8288015601899584
336, 0.3864955473138144, 0.5775169968424072
337, 0.6212567793540463, 0.6614043360126004
338, 0.2723638297901313, 0.6881670257033471
339, 0.7191601085873722, 0.6293567350943142
340, 0.6442896040527522, 0.28721547994231167
341, 0.9811453854677262, 0.22368262312386744
342, 0.8154007706386319, 0.20608298987714446
343, 0.8094751342735442, 0.2551033397025837
344, 0.0031941143861058396, 0.6500647696039132
345, 0.4165617329026603, 0.17512384696080918
346, 0.6893334614863964, 0.8593472539995333
347, 0.7314742025203024, 0.5522073401402461
348, 0.2147489992496071, 0.4371341017899659
349, 0.4691821945141115, 0.36746334973199224
350, 0.7709841110094318, 0.6823575062587917
351, 0.5718951243428146, 0.2366149468925277
352, 0.49344053104119456, 0.0014781468285686161
353, 0.18992383311300065, 0.15437805669532922
354, 0.9014123365418609, 0.5877024093760639
355, 0.8261773070455734, 0.2518074148253452
356, 0.08387222825027318, 0.34621839577914804
357, 0.7230510048454134, 0.181924374765996
358, 0.2739397680528919, 0.6232382576864193
359, 0.40501083535533067, 0.826855043131279
360, 0.8418851992680096, 0.479349054512317
361, 0.8364418924629505, 0.5805296111436884
362, 0.9101958309415129, 0.1634598871504841
363, 0.854770489361219, 0.11780793143795665
364, 0.32738518655035453, 0.21864146050715894
365, 0.3592099610070143, 0.0474284354547001
366, 0.7606509457931669, 0.2224652182381851
367, 0.04885349831345687, 0.5430482292489535
368, 0.5692489568214351, 0.6055131157910723
369, 0.32661854622417275, 0.7723194503815694
370, 0.1850505319681458, 0.18308994860435845
371, 0.44701699357513625, 0.18051298075424815
372, 0.8382439384504808, 0.9757693752666453
373, 0.14776641446458794, 0.6744533895565722
374, 0.9872241383246514, 0.06767225384248654
375, 0.801037300642315, 0.35092284566596943
376, 0.35384538203110016, 0.7236065023420116
377, 0.5806812344404596, 0.4849363487617625
378, 0.397828928609372, 0.33966268122671994
379, 0.7019949042877595, 0.0857930994663475
380, 0.36367468518863233, 0.5080522895282585
381, 0.019385658609828882, 0.3629575287216721
382, 0.4319115331774872, 0.16011418667270905
383, 0.1730934834165141, 0.5105540190259138
384, 0.9499487953050675, 0.33859795693471295
385, 0.09765466495035258, 0.7408326059675464
386, 0.020415281362815563, 0.45216516184353495
387, 0.18088486191554876, 0.8913819478525016
388, 0.39182703310428146, 0.29552072051735745
389, 0.4199898001834753, 0.839062360098227
390, 0.5327456728466493, 0.03377665748800318
391, 0.0661281938907543, 0.37852492282782124
392, 0.10994341867902735, 0.7754038156097264
393, 0.10166064364361649, 0.5721754402161058
394, 0.9911631696637796, 0.8117670577826663
395, 0.8062375005803073, 0.3255949935287762
396, 0.8915670652078115, 0.5799385719520299
397, 0.3444855146589073, 0.7129613827964577
398, 0.2724891512016048, 0.5200848519223754
399, 0.4731050871570093, 0.17232017465584204
400, 0.026179106404694008, 0.7365968457773033
401, 0.3652419244988414, 0.13439640709534262
402, 0.8757263798412248, 0.9637874910310601
403, 0.019177390138368056, 0.2868141384635793
404, 0.4702634334725583, 0.2852733848544451
405, 0.2635014319553848, 0.989448891048
406, 0.2516055019774256, 0.9711101062886438
407, 0.8407238454319781, 0.6078620397858906
408, 0.25429329630681374, 0.9873241995263151
409, 0.44515557255363924, 0.6890230965557135
410, 0.7345631271163953, 0.22973367977162706
411, 0.9907453743182462, 0.8618328181652355
412, 0.42726302533850313, 0.7589692448682454
413, 0.12140396968184464, 0.12940338230083903
414, 0.37924906476807085, 0.5977477297311838
415, 0.05593310101174287, 0.9277420974226337
416, 0.7732451308184115, 0.5958308576860972
417, 0.38342640511159576, 0.9057927613047003
418, 0.0715252588860209, 0.9030643153127045
419, 0.27996227393838435, 0.029654320898142017
420, 0.033449183521741976, 0.644377132311072
421, 0.620788644656438, 0.2061793463100915
422, 0.3023341013788383, 0.22503921207860922
423, 0.24804335651923415, 0.7577305375468146
424, 0.15045120086631947, 0.30714608296442625
425, 0.5953089700338566, 0.20789573361296587
426, 0.485696537235471, 0.19532169694665769
427, 0.38021738298173413, 0.015974879567784983
428, 0.9068062520004074, 0.47661877297479116
429, 0.26087892191116513, 0.5711526425806658
430, 0.20152394033200083, 0.2339322719925615
431, 0.547361268308178, 0.2403508343097821
432, 0.6549231125554229, 0.24857808447229612
433, 0.14801671190310361, 0.8486225214270554
434, 0.8577713396705682, 0.9249015198604281
435, 0.40098831874154595, 0.2762909270734867
436, 0.7155426876500085, 0.43856480041541235
437, 0.592260987360308, 0.18889248311116114
438, 0.21972422802381253, 0.14776754843289108
439, 0.836307497925805, 0.7556759830237106
440, 0.6587619907971123, 0.08119219350790974
441, 0.37185876989224464, 0.7126859425404036
442, 0.3050499899613893, 0.17149012286858722
443, 0.47811504091891277, 0.5861485592700791
444, 0.6559818092335757, 0.8106886873501181
445, 0.8399916428322673, 0.6570988978070841
446, 0.19863891150488167, 0.5859196755530536
447, 0.08216666854599697, 0.6117830150570829
448, 0.24751560695108132, 0.4954163007084572
449, 0.0021090160654736456, 0.16553107010719736
450, 0.12869655905054977, 0.4774588782212055
451, 0.11077713690372737, 0.5762967160822323
452, 0.10369219095332405, 0.903475434710387
453, 0.2573386730242353, 0.3574643113844149
454, 0.07737788176564708, 0.38323756394306774
455, 0.6264269918477084, 0.7368997905049736
456, 0.37890810815845266, 0.2214302517511748
457, 0.3089703585997222, 0.42798487104488225
458, 0.6968752657479277, 0.24481935200076377
459, 0.4129126239825779, 0.8727345455849717
460, 0.13548803356472117, 0.9684291771871549
461, 0.3577072183271399, 0.9463324559771643
462, 0.051025672108957476, 0.8232651962231515
463, 0.8603462354327204, 0.145172245487033
464, 0.6796381480789777, 0.10756665008690802
465, 0.13966056377014902, 0.267527828895897
466, 0.22099309031349645, 0.43838477444080537
467, 0.41419309976515684, 0.4916047362936734
468, 0.07549904592368539, 0.8889908144158405
469, 0.21848338793627686, 0.45290541893136116
470, 0.9085992759993831, 0.3150547761538929
471, 0.9658022129691561, 0.7411116787523518
472, 0.3786449635563758, 0.566353057663241
473, 0.4128027388406189, 0.372010594020348
474, 0.11814301520700099, 0.08603968074573032
475, 0.035860435029416715, 0.8034802039843377
476, 0.356796452012343, 0.40795495990601005
477, 0.4229860079690059, 0.7183964923372597
478, 0.9620081029710602, 0.8884960087235155
479, 0.8259992544997422, 0.07598959661638227
480, 0.6449974969528274, 0.2885465252505105
481, 0.6151374712895156, 0.6629139473234743
482, 0.5993106389602968, 0.6796711584950883
483, 0.3453281169918624, 0.7445634605630567
484, 0.3725954044094675, 0.4299593015746619
485, 0.29327677242973293, 0.8385603449615179
486, 0.3574428850367739, 0.5389453455844817
487, 0.974480989078728, 0.5344038519048767
488, 0.018761163818350357, 0.3123614232079508
489, 0.7793637925659654, 0.39047241507493446
490, 0.9128447056848044, 0.1340886146100888
491, 0.6588092324422966, 0.5178645315818542
492, 0.8653357722983609, 0.3570199970559276
493, 0.4702951947911538, 0.6224701418765511
494, 0.2189454638810956, 0.7912528720443446
495, 0.8935918886283704, 0.7422399256856639
496, 0.6066180900314105, 0.9125150206467207
497, 0.3296120274920775, 0.5486024271551708
498, 0.8956601875785019, 0.6202863876714116
499, 0.17926413968681276, 0.3810438853038126
500, 0.13946354403000172, 0.3266272558803762
501, 0.21640896334139237, 0.29715711676973666
502, 0.9428938420289206, 0.0810322901176963
503, 0.15781316894523423, 0.8690972237886314
504, 0.2854156952529363, 0.8478742524348072
505, 0.9169495787520424, 0.3435584120626316
506, 0.8767451211651045, 0.7478744114492204
507, 0.019774883469069415, 0.06101640847206047
508, 0.5292772983605333, 0.8597688950087092
509, 0.8947583353257254, 0.18308564696386254
510, 0.2646906247753843, 0.5012051730991985
511, 0.8821268018779761, 0.8439744482260914
512, 0.06260025585341766, 0.7866555280877324
513, 0.028617143296443714, 0.7409941187483667
514, 0.8727077993499149, 0.6070936294615075
515, 0.6834953997461591, 0.4567698844280621
516, 0.41011273570872375, 0.8208086881141659
517, 0.9350995458193796, 0.149930297003394
518, 0.32534497623109737, 0.014568347465417686
519, 0.6980693095912452, 0.4417709259996563
520, 0.45258059029625985, 0.21538236644540498
521, 0.5446175594116434, 0.15343984227347496
522, 0.17665684192755804, 0.5403110301273015
523, 0.2259604352982303, 0.05565730405119873
524, 0.003600313877391348, 0.813478769481545
525, 0.8792067424794775, 0.22538439173587255
526, 0.032826291891090875, 0.17578055871262088
527, 0.004130276745451633, 0.09858738715370419
528, 0.6555306493023695, 0.5765547913701893
529, 0.1808374575508256, 0.7735826755365935
530, 0.16111402344240322, 0.10323130928419799
531, 0.4844158193284017, 0.4657804818035789
532, 0.8089763814644015, 0.7176469662057849
533, 0.5417649362755055, 0.785411303079188
534, 0.6191142149370302, 0.9640691458139191
535, 0.9531146700000898, 0.23876988023257806
536, 0.45431803655761416, 0.5100545409260921
537, 0.6100547958338709, 0.3218835642463109
538, 0.6460026341180702, 0.06340074500655346
539, 0.0034605312102599095, 0.7074021372878564
end_nodes
0, 1
0, 2
0, 3
0, 4
0, 5
0, 6
0, 7
0, 8
0, 9
0, 10
0, 11
0, 12
0, 13
0, 14
0, 15
0, 16
0, 17
0, 18
0, 19
0, 20
0, 21
0, 22
0, 23
24, 1
24, 3
24, 4
24, 5
24, 13
24, 14
24, 22
24, 36
24, 44
24, 46
24, 49
24, 52
24, 53
24, 54
24, 56
24, 61
24, 64
24, 71
24, 81
24, 82
24, 84
24, 86
24, 88
25, 1
25, 3
25, 4
25, 5
25, 13
25, 14
25, 22
25, 36
25, 44
25, 46
25, 49
25, 52
25, 53
25, 54
25, 56
25, 61
25, 64
25, 71
25, 81
25, 82
25, 84
25, 86
25, 88
26, 18
26, 27
26, 37
26, 45
26, 68
26, 69
26, 72
26, 113
26, 151
26, 214
26, 215
26, 218
26, 238
26, 259
26, 264
26, 307
26, 341
26, 375
26, 377
26, 392
26, 395
26, 415
26, 462
28, 2
28, 11
28, 17
28, 18
28, 20
28, 21
28, 37
28, 85
28, 97
28, 98
28, 99
28, 105
28, 109
28, 111
28, 128
28, 135
28, 139
28, 141
28, 145
28, 151
28, 157
28, 171
28, 172
29, 107
29, 144
29, 198
29, 242
29, 273
29, 292
29, 310
29, 315
29, 344
29, 373
29, 393
29, 400
29, 420
29, 446
29, 447
29, 451
29, 539
30, 161
30, 220
30, 241
30, 311
30, 471
31, 9
31, 18
31, 35
31, 37
31, 43
31, 55
31, 57
31, 60
31, 62
31, 95
31, 101
31, 102
31, 123
31, 129
31, 143
31, 145
31, 151
31, 154
31, 156
31, 159
31, 171
31, 203
31, 214
32, 107
32, 144
32, 198
32, 242
32, 273
32, 292
32, 310
32, 315
32, 344
32, 373
32, 393
32, 400
32, 420
32, 446
32, 447
32, 451
32, 539
33, 1
33, 3
33, 4
33, 5
33, 9
33, 13
33, 14
33, 15
33, 22
33, 23
33, 36
33, 40
33, 43
33, 49
33, 52
33, 53
33, 55
33, 56
33, 61
33, 63
33, 64
33, 71
33, 73
34, 1
34, 3
34, 4
34, 5
34, 13
34, 14
34, 22
34, 36
34, 44
34, 46
34, 49
34, 52
34, 53
34, 54
34, 56
34, 61
34, 64
34, 71
34, 81
34, 82
34, 84
34, 86
34, 88
38, 2
38, 11
38, 17
38, 18
38, 20
38, 21
38, 37
38, 85
38, 97
38, 98
38, 99
38, 105
38, 109
38, 111
38, 128
38, 135
38, 139
38, 141
38, 145
38, 151
38, 157
38, 171
38, 172
39, 1
39, 3
39, 4
39, 5
39, 13
39, 14
39, 22
39, 36
39, 44
39, 46
39, 49
39, 52
39, 53
39, 54
39, 56
39, 61
39, 64
39, 71
39, 81
39, 82
39, 84
39, 86
39, 88
41, 1
41, 2
41, 3
41, 4
41, 5
41, 8
41, 11
41, 13
41, 14
41, 17
41, 18
41, 20
41, 21
41, 22
41, 36
41, 37
41, 44
41, 46
41, 49
41, 52
41, 53
41, 54
41, 56
42, 1
42, 2
42, 3
42, 4
42, 5
42, 8
42, 11
42, 13
42, 14
42, 17
42, 18
42, 20
42, 21
42, 22
42, 36
42, 37
42, 44
42, 46
42, 49
42, 52
42, 53
42, 54
42, 56
47, 1
47, 2
47, 4
47, 5
47, 11
47, 17
47, 18
47, 20
47, 21
47, 22
47, 37
47, 53
47, 81
47, 82
47, 84
47, 85
47, 86
47, 88
47, 96
47, 97
47, 98
47, 99
47, 100
48, 2
48, 11
48, 17
48, 18
48, 20
48, 21
48, 37
48, 85
48, 97
48, 98
48, 99
48, 105
48, 109
48, 111
48, 128
48, 135
48, 139
48, 141
48, 145
48, 151
48, 157
48, 171
48, 172
50, 1
50, 3
50, 4
50, 5
50, 13
50, 14
50, 22
50, 36
50, 44
50, 46
50, 49
50, 52
50, 53
50, 54
50, 56
50, 61
50, 64
50, 71
50, 81
50, 82
50, 84
50, 86
50, 88
51, 2
51, 11
51, 17
51, 18
51, 20
51, 21
51, 37
51, 85
51, 97
51, 98
51, 99
51, 105
51, 109
51, 111
51, 128
51, 135
51, 139
51, 141
51, 145
51, 151
51, 157
51, 171
51, 172
58, 2
58, 11
58, 17
58, 18
58, 20
58, 21
58, 37
58, 85
58, 97
58, 98
58, 99
58, 105
58, 109
58, 111
58, 128
58, 135
58, 139
58, 141
58, 145
58, 151
58, 157
58, 171
58, 172
59, 1
59, 3
59, 4
59, 5
59, 13
59, 14
59, 22
59, 36
59, 44
59, 46
59, 49
59, 52
59, 53
59, 54
59, 56
59, 61
59, 64
59, 71
59, 81
59, 82
59, 84
59, 86
59, 88
65, 107
65, 144
65, 198
65, 242
65, 273
65, 292
65, 310
65, 315
65, 344
65, 373
65, 393
65, 400
65, 420
65, 446
65, 447
65, 451
65, 539
66, 1
66, 3
66, 4
66, 5
66, 13
66, 14
66, 18
66, 22
66, 36
66, 37
66, 44
66, 46
66, 49
66, 52
66, 53
66, 54
66, 56
66, 61
66, 64
66, 71
66, 81
66, 82
66, 84
67, 107
67, 144
67, 198
67, 242
67, 273
67, 292
67, 310
67, 315
67, 344
67, 373
67, 393
67, 400
67, 420
67, 446
67, 447
67, 451
67, 539
70, 2
70, 11
70, 17
70, 18
70, 20
70, 21
70, 37
70, 85
70, 97
70, 98
70, 99
70, 105
70, 109
70, 111
70, 128
70, 135
70, 139
70, 141
70, 145
70, 151
70, 157
70, 171
70, 172
74, 2
74, 11
74, 17
74, 18
74, 20
74, 21
74, 37
74, 85
74, 97
74, 98
74, 99
74, 105
74, 109
74, 111
74, 128
74, 135
74, 139
74, 141
74, 145
74, 151
74, 157
74, 171
74, 172
75, 1
75, 3
75, 4
75, 5
75, 13
75, 14
75, 18
75, 22
75, 36
75, 37
75, 44
75, 46
75, 49
75, 52
75, 53
75, 54
75, 56
75, 61
75, 64
75, 71
75, 81
75, 82
75, 84
76, 1
76, 3
76, 4
76, 5
76, 13
76, 14
76, 18
76, 22
76, 36
76, 37
76, 44
76, 46
76, 49
76, 52
76, 53
76, 54
76, 56
76, 61
76, 64
76, 71
76, 81
76, 82
76, 84
77, 1
77, 3
77, 4
77, 5
77, 13
77, 14
77, 22
77, 36
77, 44
77, 46
77, 49
77, 52
77, 53
77, 54
77, 56
77, 61
77, 64
77, 71
77, 81
77, 82
77, 84
77, 86
77, 88
78, 1
78, 3
78, 4
78, 5
78, 13
78, 14
78, 22
78, 36
78, 44
78, 46
78, 49
78, 52
78, 53
78, 54
78, 56
78, 61
78, 64
78, 71
78, 81
78, 82
78, 84
78, 86
78, 88
79, 2
79, 11
79, 17
79, 18
79, 20
79, 21
79, 37
79, 85
79, 97
79, 98
79, 99
79, 105
79, 109
79, 111
79, 128
79, 135
79, 139
79, 141
79, 145
79, 151
79, 157
79, 171
79, 172
80, 1
80, 3
80, 4
80, 5
80, 13
80, 14
80, 22
80, 36
80, 44
80, 46
80, 49
80, 52
80, 53
80, 54
80, 56
80, 61
80, 64
80, 71
80, 81
80, 82
80, 84
80, 86
80, 88
83, 1
83, 3
83, 4
83, 5
83, 11
83, 13
83, 14
83, 17
83, 18
83, 22
83, 36
83, 37
83, 44
83, 46
83, 49
83, 52
83, 53
83, 54
83, 56
83, 61
83, 64
83, 71
83, 81
87, 2
87, 11
87, 17
87, 18
87, 20
87, 21
87, 37
87, 85
87, 97
87, 98
87, 99
87, 105
87, 109
87, 111
87, 128
87, 135
87, 139
87, 141
87, 145
87, 151
87, 157
87, 171
87, 172
89, 2
89, 11
89, 17
89, 18
89, 20
89, 21
89, 37
89, 85
89, 97
89, 98
89, 99
89, 105
89, 109
89, 111
89, 128
89, 135
89, 139
89, 141
89, 145
89, 151
89, 157
89, 171
89, 172
90, 1
90, 13
90, 14
90, 36
90, 46
90, 49
90, 52
90, 54
90, 56
90, 63
90, 64
90, 71
90, 81
90, 84
90, 86
90, 93
90, 100
90, 101
90, 122
90, 130
90, 153
90, 155
90, 159
91, 1
91, 3
91, 4
91, 5
91, 13
91, 14
91, 18
91, 22
91, 36
91, 37
91, 44
91, 46
91, 49
91, 52
91, 53
91, 54
91, 56
91, 61
91, 64
91, 71
91, 81
91, 82
91, 84
92, 1
92, 3
92, 4
92, 5
92, 13
92, 14
92, 22
92, 36
92, 44
92, 46
92, 49
92, 52
92, 53
92, 54
92, 56
92, 61
92, 64
92, 71
92, 81
92, 82
92, 84
92, 86
92, 88
94, 1
94, 2
94, 3
94, 4
94, 5
94, 11
94, 13
94, 14
94, 17
94, 18
94, 20
94, 21
94, 22
94, 36
94, 37
94, 43
94, 44
94, 46
94, 49
94, 52
94, 53
94, 54
94, 56
103, 9
103, 11
103, 13
103, 14
103, 17
103, 18
103, 36
103, 37
103, 43
103, 46
103, 49
103, 52
103, 55
103, 56
103, 71
103, 93
103, 95
103, 97
103, 101
103, 145
103, 151
103, 153
103, 154
104, 2
104, 4
104, 5
104, 11
104, 17
104, 20
104, 21
104, 22
104, 37
104, 85
104, 88
104, 97
104, 98
104, 99
104, 105
104, 109
104, 111
104, 128
104, 135
104, 139
104, 141
104, 145
104, 151
106, 9
106, 43
106, 55
106, 95
106, 154
106, 237
106, 255
106, 299
106, 302
106, 354
106, 361
106, 396
106, 407
106, 416
106, 445
106, 498
106, 514
106, 528
108, 1
108, 2
108, 3
108, 4
108, 5
108, 11
108, 13
108, 17
108, 20
108, 21
108, 22
108, 53
108, 81
108, 82
108, 84
108, 85
108, 86
108, 88
108, 96
108, 97
108, 98
108, 99
108, 100
110, 9
110, 43
110, 55
110, 95
110, 154
110, 237
110, 255
110, 299
110, 302
110, 354
110, 361
110, 396
110, 407
110, 416
110, 445
110, 498
110, 514
110, 528
112, 2
112, 3
112, 9
112, 11
112, 14
112, 17
112, 20
112, 21
112, 23
112, 36
112, 40
112, 43
112, 44
112, 46
112, 49
112, 52
112, 53
112, 54
112, 56
112, 61
112, 64
112, 71
112, 81
114, 107
114, 144
114, 198
114, 242
114, 273
114, 292
114, 310
114, 315
114, 344
114, 373
114, 393
114, 400
114, 420
114, 446
114, 447
114, 451
114, 539
115, 2
115, 11
115, 17
115, 20
115, 21
115, 85
115, 97
115, 98
115, 99
115, 105
115, 109
115, 111
115, 128
115, 135
115, 139
115, 141
115, 145
115, 151
115, 157
115, 171
115, 172
115, 176
115, 179
116, 3
116, 36
116, 44
116, 46
116, 49
116, 52
116, 53
116, 54
116, 56
116, 61
116, 64
116, 71
116, 81
116, 82
116, 84
116, 86
116, 88
116, 93
116, 96
116, 100
116, 101
116, 130
116, 153
117, 2
117, 11
117, 17
117, 20
117, 21
117, 85
117, 97
117, 98
117, 99
117, 105
117, 109
117, 111
117, 128
117, 135
117, 139
117, 141
117, 145
117, 151
117, 157
117, 171
117, 172
117, 176
117, 179
118, 9
118, 11
118, 17
118, 35
118, 43
118, 46
118, 55
118, 57
118, 62
118, 71
118, 93
118, 95
118, 97
118, 101
118, 129
118, 143
118, 145
118, 151
118, 154
118, 156
118, 159
118, 171
118, 176
119, 44
119, 54
119, 61
119, 64
119, 71
119, 81
119, 82
119, 84
119, 86
119, 88
119, 93
119, 96
119, 100
119, 101
119, 130
119, 153
119, 155
119, 159
119, 160
119, 168
119, 169
119, 185
119, 189
120, 44
120, 54
120, 61
120, 64
120, 71
120, 81
120, 82
120, 84
120, 86
120, 88
120, 93
120, 96
120, 100
120, 101
120, 130
120, 153
120, 155
120, 159
120, 160
120, 168
120, 169
120, 185
120, 189
121, 9
121, 43
121, 55
121, 95
121, 154
121, 237
121, 255
121, 299
121, 302
121, 354
121, 361
121, 396
121, 407
121, 416
121, 445
121, 498
121, 514
121, 528
124, 44
124, 61
124, 64
124, 81
124, 82
124, 84
124, 86
124, 88
124, 93
124, 96
124, 100
124, 101
124, 130
124, 153
124, 155
124, 159
124, 160
124, 168
124, 169
124, 185
124, 189
124, 195
124, 199
125, 61
125, 64
125, 82
125, 84
125, 86
125, 88
125, 93
125, 96
125, 100
125, 101
125, 130
125, 153
125, 155
125, 159
125, 160
125, 168
125, 169
125, 185
125, 189
125, 195
125, 199
125, 201
125, 209
126, 61
126, 82
126, 84
126, 86
126, 88
126, 93
126, 96
126, 100
126, 101
126, 130
126, 153
126, 155
126, 159
126, 160
126, 168
126, 169
126, 185
126, 189
126, 195
126, 199
126, 201
126, 209
126, 219
127, 2
127, 20
127, 21
127, 85
127, 97
127, 98
127, 99
127, 105
127, 109
127, 111
127, 128
127, 135
127, 139
127, 141
127, 145
127, 151
127, 157
127, 171
127, 172
127, 176
127, 179
127, 180
127, 187
131, 12
131, 19
131, 288
131, 312
131, 367
131, 428
131, 522
132, 21
132, 82
132, 86
132, 88
132, 93
132, 96
132, 97
132, 99
132, 100
132, 101
132, 130
132, 141
132, 145
132, 151
132, 153
132, 155
132, 159
132, 160
132, 168
132, 169
132, 171
132, 172
132, 176
133, 2
133, 20
133, 21
133, 85
133, 97
133, 98
133, 99
133, 105
133, 109
133, 111
133, 128
133, 135
133, 139
133, 141
133, 145
133, 151
133, 157
133, 171
133, 172
133, 176
133, 179
133, 180
133, 187
134, 2
134, 20
134, 85
134, 86
134, 88
134, 97
134, 98
134, 99
134, 100
134, 105
134, 109
134, 111
134, 128
134, 135
134, 139
134, 141
134, 145
134, 151
134, 157
134, 160
134, 171
134, 172
134, 176
136, 85
136, 97
136, 98
136, 99
136, 105
136, 109
136, 111
136, 128
136, 135
136, 139
136, 141
136, 145
136, 151
136, 157
136, 171
136, 172
136, 176
136, 179
136, 180
136, 187
136, 197
136, 205
136, 206
137, 23
137, 40
137, 73
137, 526
138, 8
138, 101
138, 159
138, 174
138, 305
138, 352
140, 151
140, 214
140, 215
140, 264
140, 392
140, 415
140, 418
140, 462
140, 468
140, 475
140, 512
142, 86
142, 88
142, 93
142, 96
142, 100
142, 101
142, 130
142, 153
142, 155
142, 159
142, 160
142, 168
142, 169
142, 185
142, 189
142, 195
142, 199
142, 201
142, 209
142, 219
142, 223
142, 226
142, 230
146, 85
146, 88
146, 97
146, 98
146, 99
146, 105
146, 109
146, 111
146, 128
146, 135
146, 139
146, 141
146, 145
146, 157
146, 171
146, 172
146, 176
146, 179
146, 180
146, 187
146, 195
146, 197
146, 205
147, 9
147, 43
147, 55
147, 95
147, 154
147, 237
147, 255
147, 299
147, 302
147, 354
147, 361
147, 396
147, 407
147, 416
147, 445
147, 498
147, 514
147, 528
148, 85
148, 98
148, 99
148, 105
148, 109
148, 111
148, 128
148, 135
148, 139
148, 141
148, 145
148, 157
148, 171
148, 172
148, 176
148, 179
148, 180
148, 187
148, 197
148, 205
148, 206
148, 210
148, 212
149, 63
149, 93
149, 101
149, 122
149, 130
149, 153
149, 155
149, 159
149, 160
149, 168
149, 185
149, 188
149, 189
149, 199
149, 201
149, 223
149, 226
149, 231
149, 232
149, 252
149, 262
149, 289
149, 291
150, 9
150, 43
150, 55
150, 95
150, 154
150, 237
150, 255
150, 299
150, 302
150, 354
150, 361
150, 396
150, 407
150, 416
150, 445
150, 498
150, 514
150, 528
152, 85
152, 98
152, 99
152, 105
152, 109
152, 111
152, 128
152, 135
152, 139
152, 141
152, 157
152, 171
152, 172
152, 176
152, 179
152, 180
152, 187
152, 197
152, 205
152, 206
152, 210
152, 212
152, 214
158, 85
158, 86
158, 93
158, 96
158, 100
158, 101
158, 109
158, 111
158, 130
158, 135
158, 141
158, 153
158, 155
158, 157
158, 159
158, 160
158, 168
158, 169
158, 171
158, 172
158, 176
158, 179
158, 185
162, 93
162, 96
162, 100
162, 101
162, 130
162, 153
162, 155
162, 159
162, 160
162, 168
162, 169
162, 185
162, 189
162, 195
162, 199
162, 201
162, 209
162, 219
162, 223
162, 226
162, 230
162, 231
162, 232
163, 93
163, 96
163, 100
163, 101
163, 130
163, 153
163, 155
163, 159
163, 160
163, 168
163, 169
163, 185
163, 189
163, 195
163, 199
163, 201
163, 209
163, 219
163, 223
163, 226
163, 230
163, 231
163, 232
164, 93
164, 96
164, 100
164, 101
164, 109
164, 130
164, 135
164, 141
164, 153
164, 155
164, 159
164, 160
164, 168
164, 169
164, 172
164, 176
164, 179
164, 185
164, 187
164, 189
164, 195
164, 197
164, 199
165, 9
165, 35
165, 43
165, 55
165, 57
165, 62
165, 93
165, 95
165, 101
165, 143
165, 153
165, 154
165, 155
165, 159
165, 160
165, 168
165, 172
165, 176
165, 179
165, 185
165, 189
165, 197
165, 199
166, 93
166, 96
166, 98
166, 100
166, 105
166, 109
166, 111
166, 128
166, 130
166, 135
166, 139
166, 153
166, 155
166, 157
166, 160
166, 168
166, 169
166, 176
166, 179
166, 180
166, 185
166, 187
166, 189
167, 105
167, 111
167, 128
167, 139
167, 157
167, 176
167, 179
167, 180
167, 187
167, 197
167, 205
167, 206
167, 210
167, 212
167, 214
167, 215
167, 233
167, 239
167, 246
167, 248
167, 263
167, 264
167, 265
170, 107
170, 144
170, 198
170, 242
170, 273
170, 292
170, 310
170, 315
170, 344
170, 373
170, 393
170, 400
170, 420
170, 446
170, 447
170, 451
170, 539
173, 9
173, 15
173, 23
173, 40
173, 43
173, 55
173, 63
173, 73
173, 95
173, 96
173, 100
173, 122
173, 123
173, 129
173, 130
173, 153
173, 154
173, 155
173, 160
173, 161
173, 169
173, 188
173, 189
175, 9
175, 43
175, 55
175, 95
175, 154
175, 237
175, 255
175, 299
175, 302
175, 354
175, 361
175, 396
175, 407
175, 416
175, 445
175, 498
175, 514
175, 528
177, 93
177, 96
177, 100
177, 101
177, 130
177, 153
177, 155
177, 159
177, 160
177, 168
177, 169
177, 185
177, 189
177, 195
177, 199
177, 201
177, 209
177, 219
177, 223
177, 226
177, 230
177, 231
177, 232
178, 107
178, 144
178, 198
178, 242
178, 273
178, 292
178, 310
178, 315
178, 344
178, 373
178, 393
178, 400
178, 420
178, 446
178, 447
178, 451
178, 539
181, 105
181, 128
181, 139
181, 157
181, 176
181, 179
181, 180
181, 187
181, 197
181, 205
181, 206
181, 210
181, 212
181, 214
181, 215
181, 233
181, 239
181, 246
181, 248
181, 263
181, 264
181, 265
181, 277
182, 27
182, 45
182, 68
182, 69
182, 72
182, 113
182, 215
182, 218
182, 238
182, 259
182, 307
182, 341
182, 375
182, 377
182, 395
182, 470
182, 475
182, 512
182, 535
183, 93
183, 96
183, 100
183, 101
183, 130
183, 153
183, 155
183, 159
183, 160
183, 168
183, 169
183, 185
183, 189
183, 195
183, 199
183, 201
183, 209
183, 219
183, 223
183, 226
183, 230
183, 231
183, 232
184, 9
184, 43
184, 55
184, 93
184, 95
184, 100
184, 101
184, 130
184, 153
184, 154
184, 155
184, 159
184, 160
184, 168
184, 176
184, 179
184, 185
184, 189
184, 195
184, 197
184, 199
184, 201
184, 206
186, 176
186, 179
186, 180
186, 187
186, 197
186, 205
186, 206
186, 210
186, 212
186, 214
186, 215
186, 233
186, 239
186, 246
186, 248
186, 263
186, 264
186, 265
186, 277
186, 282
186, 283
186, 284
186, 298
190, 93
190, 96
190, 100
190, 101
190, 130
190, 153
190, 155
190, 159
190, 160
190, 168
190, 169
190, 185
190, 189
190, 195
190, 199
190, 201
190, 209
190, 219
190, 223
190, 226
190, 230
190, 231
190, 232
191, 93
191, 96
191, 100
191, 130
191, 153
191, 155
191, 160
191, 169
191, 176
191, 179
191, 180
191, 185
191, 187
191, 189
191, 195
191, 197
191, 199
191, 201
191, 205
191, 206
191, 209
191, 210
191, 212
192, 107
192, 144
192, 198
192, 242
192, 273
192, 292
192, 310
192, 315
192, 344
192, 373
192, 393
192, 400
192, 420
192, 446
192, 447
192, 451
192, 539
193, 96
193, 130
193, 155
193, 159
193, 160
193, 168
193, 169
193, 176
193, 179
193, 185
193, 189
193, 195
193, 197
193, 199
193, 201
193, 206
193, 209
193, 214
193, 215
193, 219
193, 223
193, 226
193, 230
194, 63
194, 155
194, 159
194, 161
194, 168
194, 185
194, 188
194, 199
194, 220
194, 226
194, 231
194, 232
194, 241
194, 252
194, 289
194, 291
194, 311
194, 326
194, 329
194, 346
194, 350
194, 372
194, 394
196, 9
196, 43
196, 55
196, 95
196, 154
196, 237
196, 255
196, 299
196, 302
196, 354
196, 361
196, 396
196, 407
196, 416
196, 445
196, 498
196, 514
196, 528
200, 96
200, 130
200, 160
200, 168
200, 169
200, 176
200, 179
200, 185
200, 189
200, 195
200, 197
200, 199
200, 201
200, 206
200, 209
200, 214
200, 215
200, 219
200, 223
200, 226
200, 230
200, 231
200, 232
202, 96
202, 168
202, 169
202, 185
202, 189
202, 195
202, 199
202, 201
202, 209
202, 219
202, 223
202, 226
202, 230
202, 231
202, 232
202, 252
202, 262
202, 274
202, 289
202, 291
202, 320
202, 325
202, 329
204, 9
204, 43
204, 55
204, 95
204, 154
204, 237
204, 255
204, 299
204, 302
204, 354
204, 361
204, 396
204, 407
204, 416
204, 445
204, 498
204, 514
204, 528
207, 168
207, 169
207, 185
207, 189
207, 195
207, 199
207, 201
207, 209
207, 219
207, 223
207, 226
207, 230
207, 231
207, 232
207, 252
207, 262
207, 274
207, 289
207, 291
207, 320
207, 325
207, 329
207, 334
208, 176
208, 179
208, 180
208, 187
208, 197
208, 205
208, 206
208, 210
208, 212
208, 214
208, 215
208, 233
208, 239
208, 246
208, 248
208, 263
208, 264
208, 265
208, 277
208, 282
208, 283
208, 284
208, 298
211, 169
211, 189
211, 195
211, 199
211, 201
211, 209
211, 219
211, 223
211, 226
211, 230
211, 231
211, 232
211, 252
211, 262
211, 274
211, 289
211, 291
211, 320
211, 325
211, 329
211, 334
211, 335
211, 337
213, 9
213, 43
213, 55
213, 95
213, 154
213, 237
213, 255
213, 299
213, 302
213, 354
213, 361
213, 396
213, 407
213, 416
213, 445
213, 498
213, 514
213, 528
216, 169
216, 195
216, 199
216, 201
216, 209
216, 219
216, 223
216, 226
216, 230
216, 231
216, 232
216, 252
216, 262
216, 274
216, 289
216, 291
216, 320
216, 325
216, 329
216, 334
216, 335
216, 337
216, 346
217, 10
217, 513
221, 195
221, 199
221, 201
221, 209
221, 215
221, 219
221, 223
221, 226
221, 230
221, 231
221, 232
221, 252
221, 262
221, 274
221, 289
221, 291
221, 320
221, 325
221, 329
221, 334
221, 335
221, 337
221, 346
222, 27
222, 45
222, 68
222, 69
222, 113
222, 214
222, 215
222, 238
222, 239
222, 259
222, 264
222, 341
222, 375
222, 392
222, 395
222, 415
222, 418
222, 433
222, 452
222, 462
222, 468
222, 470
222, 475
224, 55
224, 174
224, 180
224, 199
224, 210
224, 223
224, 226
224, 231
224, 232
224, 248
224, 252
224, 289
224, 291
224, 305
224, 314
224, 329
224, 331
224, 335
224, 346
224, 352
224, 372
224, 402
224, 444
225, 23
225, 40
225, 73
225, 526
227, 179
227, 180
227, 187
227, 197
227, 205
227, 206
227, 210
227, 212
227, 214
227, 215
227, 233
227, 239
227, 246
227, 248
227, 263
227, 264
227, 265
227, 277
227, 282
227, 283
227, 284
227, 298
227, 314
228, 179
228, 180
228, 187
228, 197
228, 205
228, 206
228, 210
228, 212
228, 214
228, 215
228, 233
228, 239
228, 246
228, 248
228, 263
228, 264
228, 265
228, 277
228, 282
228, 283
228, 284
228, 298
228, 314
229, 195
229, 201
229, 209
229, 219
229, 223
229, 226
229, 230
229, 231
229, 232
229, 252
229, 262
229, 274
229, 289
229, 291
229, 320
229, 325
229, 329
229, 334
229, 335
229, 337
229, 346
229, 368
229, 372
234, 195
234, 201
234, 209
234, 219
234, 223
234, 226
234, 230
234, 231
234, 232
234, 252
234, 262
234, 274
234, 289
234, 291
234, 320
234, 325
234, 329
234, 334
234, 335
234, 337
234, 346
234, 368
234, 372
235, 45
235, 68
235, 113
235, 179
235, 206
235, 214
235, 215
235, 239
235, 259
235, 264
235, 265
235, 277
235, 284
235, 315
235, 333
235, 338
235, 341
235, 373
235, 387
235, 392
235, 395
235, 415
235, 418
236, 195
236, 201
236, 209
236, 219
236, 223
236, 226
236, 230
236, 231
236, 232
236, 252
236, 262
236, 274
236, 289
236, 291
236, 320
236, 325
236, 329
236, 334
236, 335
236, 337
236, 346
236, 368
236, 372
240, 23
240, 40
240, 73
240, 526
243, 201
243, 209
243, 219
243, 223
243, 226
243, 230
243, 231
243, 232
243, 252
243, 262
243, 274
243, 289
243, 291
243, 320
243, 325
243, 329
243, 334
243, 335
243, 337
243, 346
243, 368
243, 372
243, 402
244, 187
244, 197
244, 201
244, 206
244, 209
244, 212
244, 214
244, 215
244, 219
244, 223
244, 226
244, 230
244, 231
244, 232
244, 233
244, 239
244, 246
244, 252
244, 262
244, 263
244, 264
244, 265
244, 274
247, 107
247, 144
247, 198
247, 242
247, 273
247, 292
247, 310
247, 315
247, 344
247, 373
247, 393
247, 400
247, 420
247, 446
247, 447
247, 451
247, 539
249, 180
249, 187
249, 197
249, 205
249, 206
249, 210
249, 212
249, 214
249, 215
249, 233
249, 239
249, 246
249, 248
249, 263
249, 264
249, 265
249, 277
249, 282
249, 283
249, 284
249, 298
249, 314
249, 331
250, 180
250, 187
250, 197
250, 205
250, 206
250, 210
250, 212
250, 214
250, 215
250, 233
250, 239
250, 246
250, 248
250, 263
250, 264
250, 265
250, 277
250, 282
250, 283
250, 284
250, 298
250, 314
250, 331
251, 180
251, 187
251, 197
251, 205
251, 206
251, 210
251, 212
251, 214
251, 215
251, 233
251, 239
251, 246
251, 248
251, 263
251, 264
251, 265
251, 277
251, 282
251, 283
251, 284
251, 298
251, 314
251, 331
253, 209
253, 219
253, 223
253, 226
253, 230
253, 231
253, 232
253, 252
253, 262
253, 274
253, 289
253, 291
253, 320
253, 325
253, 329
253, 334
253, 335
253, 337
253, 346
253, 368
253, 372
253, 402
253, 434
254, 180
254, 187
254, 197
254, 205
254, 206
254, 209
254, 210
254, 212
254, 214
254, 215
254, 219
254, 233
254, 239
254, 246
254, 248
254, 252
254, 263
254, 264
254, 265
254, 274
254, 277
254, 282
254, 283
256, 219
256, 223
256, 226
256, 230
256, 231
256, 232
256, 252
256, 262
256, 274
256, 289
256, 291
256, 320
256, 325
256, 329
256, 334
256, 335
256, 337
256, 346
256, 368
256, 372
256, 402
256, 434
256, 439
257, 9
257, 43
257, 55
257, 95
257, 154
257, 161
257, 214
257, 215
257, 223
257, 231
257, 232
257, 237
257, 239
257, 241
257, 252
257, 255
257, 262
257, 264
257, 277
257, 284
257, 289
257, 291
257, 299
258, 219
258, 230
258, 231
258, 232
258, 252
258, 262
258, 274
258, 289
258, 291
258, 320
258, 325
258, 329
258, 334
258, 335
258, 337
258, 346
258, 368
258, 372
258, 402
258, 434
258, 439
258, 444
258, 455
260, 180
260, 187
260, 197
260, 205
260, 206
260, 210
260, 212
260, 214
260, 215
260, 233
260, 239
260, 246
260, 248
260, 263
260, 264
260, 265
260, 277
260, 282
260, 283
260, 284
260, 298
260, 314
260, 331
261, 9
261, 43
261, 55
261, 95
261, 154
261, 237
261, 255
261, 299
261, 302
261, 354
261, 361
261, 396
261, 407
261, 416
261, 445
261, 496
261, 498
261, 514
261, 528
261, 533
261, 534
266, 12
266, 19
266, 35
266, 245
266, 281
266, 288
266, 367
266, 522
268, 55
268, 144
268, 214
268, 215
268, 239
268, 264
268, 392
268, 415
268, 418
268, 433
268, 445
268, 452
268, 460
268, 462
268, 468
268, 475
268, 503
268, 512
268, 529
269, 9
269, 43
269, 55
269, 95
269, 154
269, 214
269, 215
269, 237
269, 255
269, 299
269, 302
269, 354
269, 361
269, 392
269, 396
269, 407
269, 416
269, 445
269, 462
269, 475
269, 496
269, 498
269, 512
270, 154
270, 354
270, 396
271, 230
271, 239
271, 252
271, 262
271, 264
271, 274
271, 289
271, 291
271, 320
271, 325
271, 329
271, 334
271, 335
271, 337
271, 346
271, 368
271, 372
271, 392
271, 402
271, 415
271, 418
271, 434
271, 439
272, 180
272, 187
272, 197
272, 205
272, 206
272, 210
272, 212
272, 233
272, 239
272, 246
272, 248
272, 263
272, 264
272, 265
272, 277
272, 282
272, 283
272, 284
272, 298
272, 314
272, 331
272, 332
272, 333
275, 230
275, 252
275, 262
275, 274
275, 289
275, 291
275, 320
275, 325
275, 329
275, 334
275, 335
275, 337
275, 346
275, 368
275, 372
275, 402
275, 434
275, 439
275, 444
275, 455
275, 478
275, 481
275, 482
276, 180
276, 187
276, 205
276, 206
276, 210
276, 212
276, 233
276, 239
276, 246
276, 248
276, 263
276, 264
276, 265
276, 277
276, 282
276, 283
276, 284
276, 298
276, 314
276, 331
276, 332
276, 333
276, 336
278, 63
278, 73
278, 122
278, 188
278, 206
278, 239
278, 252
278, 262
278, 264
278, 265
278, 274
278, 277
278, 284
278, 289
278, 291
278, 320
278, 325
278, 326
278, 329
278, 333
278, 334
278, 335
278, 337
279, 9
279, 43
279, 123
279, 154
279, 237
279, 255
279, 267
279, 299
279, 354
279, 361
279, 396
279, 407
279, 498
279, 514
280, 239
280, 252
280, 262
280, 264
280, 265
280, 274
280, 277
280, 283
280, 284
280, 289
280, 291
280, 320
280, 325
280, 329
280, 332
280, 333
280, 334
280, 335
280, 337
280, 338
280, 346
280, 368
280, 369
285, 12
285, 19
285, 288
285, 312
285, 367
285, 522
286, 210
286, 252
286, 291
286, 329
286, 331
286, 346
286, 372
286, 389
286, 444
286, 459
286, 496
286, 533
286, 534
287, 180
287, 205
287, 210
287, 212
287, 233
287, 239
287, 246
287, 248
287, 263
287, 265
287, 277
287, 282
287, 283
287, 284
287, 298
287, 314
287, 331
287, 332
287, 333
287, 336
287, 338
287, 359
287, 369
290, 43
290, 63
290, 73
290, 122
290, 154
290, 188
290, 233
290, 239
290, 246
290, 255
290, 262
290, 265
290, 274
290, 277
290, 283
290, 284
290, 289
290, 291
290, 298
290, 299
290, 320
290, 325
290, 326
293, 63
293, 122
293, 188
293, 289
293, 291
293, 320
293, 326
293, 329
293, 335
293, 346
293, 350
293, 372
293, 394
293, 402
293, 434
293, 444
293, 455
293, 482
293, 495
293, 496
293, 506
293, 533
293, 534
294, 205
294, 210
294, 212
294, 233
294, 246
294, 248
294, 263
294, 265
294, 274
294, 277
294, 282
294, 283
294, 284
294, 298
294, 314
294, 331
294, 332
294, 333
294, 334
294, 336
294, 338
294, 359
294, 369
295, 63
295, 122
295, 188
295, 326
295, 350
295, 394
295, 495
295, 496
295, 506
295, 533
295, 534
296, 262
296, 274
296, 289
296, 320
296, 325
296, 329
296, 334
296, 335
296, 337
296, 346
296, 368
296, 372
296, 402
296, 434
296, 439
296, 444
296, 455
296, 478
296, 481
296, 482
296, 496
296, 511
296, 533
297, 12
297, 19
297, 288
297, 312
297, 367
297, 522
300, 205
300, 210
300, 212
300, 233
300, 248
300, 263
300, 265
300, 277
300, 282
300, 283
300, 284
300, 298
300, 314
300, 331
300, 332
300, 333
300, 336
300, 338
300, 359
300, 369
300, 376
300, 387
300, 389
301, 205
301, 210
301, 212
301, 233
301, 246
301, 248
301, 262
301, 263
301, 265
301, 274
301, 277
301, 282
301, 283
301, 284
301, 298
301, 314
301, 320
301, 325
301, 331
301, 332
301, 333
301, 334
301, 335
303, 262
303, 265
303, 274
303, 277
303, 284
303, 320
303, 325
303, 329
303, 333
303, 334
303, 335
303, 337
303, 338
303, 346
303, 368
303, 372
303, 387
303, 392
303, 402
303, 415
303, 418
303, 423
303, 433
304, 320
304, 325
304, 329
304, 334
304, 335
304, 337
304, 346
304, 368
304, 372
304, 402
304, 434
304, 439
304, 444
304, 455
304, 478
304, 481
304, 482
304, 496
304, 511
304, 533
304, 534
306, 245
308, 205
308, 210
308, 212
308, 233
308, 246
308, 248
308, 263
308, 277
308, 282
308, 283
308, 284
308, 298
308, 314
308, 331
308, 332
308, 333
308, 336
308, 338
308, 359
308, 369
308, 376
308, 387
308, 389
309, 212
309, 233
309, 246
309, 248
309, 263
309, 282
309, 283
309, 284
309, 298
309, 314
309, 331
309, 332
309, 333
309, 336
309, 338
309, 359
309, 369
309, 376
309, 387
309, 389
309, 392
309, 397
309, 405
313, 8
313, 9
313, 154
313, 174
313, 233
313, 237
313, 246
313, 248
313, 255
313, 259
313, 263
313, 282
313, 283
313, 284
313, 298
313, 299
313, 305
313, 314
313, 320
313, 325
313, 331
313, 332
313, 333
316, 325
316, 334
316, 335
316, 337
316, 346
316, 368
316, 372
316, 402
316, 434
316, 439
316, 444
316, 455
316, 478
316, 481
316, 482
316, 496
316, 511
316, 533
316, 534
317, 334
317, 335
317, 337
317, 346
317, 368
317, 372
317, 402
317, 434
317, 439
317, 444
317, 455
317, 478
317, 481
317, 482
317, 496
317, 511
317, 533
317, 534
318, 174
318, 233
318, 246
318, 248
318, 263
318, 282
318, 283
318, 298
318, 314
318, 331
318, 332
318, 333
318, 334
318, 335
318, 336
318, 337
318, 338
318, 346
318, 352
318, 359
318, 368
318, 369
318, 372
319, 8
319, 174
319, 305
319, 352
319, 496
319, 534
321, 27
321, 45
321, 68
321, 69
321, 72
321, 113
321, 218
321, 238
321, 259
321, 307
321, 341
321, 375
321, 377
321, 395
321, 462
321, 470
321, 475
321, 512
321, 535
322, 55
322, 95
322, 154
322, 237
322, 255
322, 299
322, 302
322, 354
322, 361
322, 396
322, 407
322, 416
322, 445
322, 498
322, 514
322, 528
323, 332
323, 333
323, 337
323, 338
323, 346
323, 368
323, 372
323, 387
323, 392
323, 402
323, 415
323, 418
323, 423
323, 433
323, 434
323, 439
323, 444
323, 452
323, 455
323, 460
323, 462
323, 468
323, 475
327, 246
327, 248
327, 263
327, 282
327, 283
327, 298
327, 314
327, 331
327, 332
327, 333
327, 336
327, 338
327, 359
327, 369
327, 376
327, 387
327, 389
327, 392
327, 397
327, 405
327, 406
327, 408
327, 409
328, 333
328, 337
328, 338
328, 368
328, 372
328, 387
328, 392
328, 402
328, 415
328, 418
328, 423
328, 433
328, 434
328, 439
328, 444
328, 452
328, 455
328, 460
328, 462
328, 468
328, 475
328, 478
328, 481
330, 282
330, 283
330, 298
330, 314
330, 331
330, 332
330, 333
330, 336
330, 338
330, 359
330, 369
330, 376
330, 387
330, 389
330, 392
330, 397
330, 405
330, 406
330, 408
330, 409
330, 412
330, 414
330, 415
339, 15
339, 495
340, 282
340, 298
340, 314
340, 331
340, 332
340, 333
340, 336
340, 338
340, 359
340, 369
340, 376
340, 387
340, 389
340, 392
340, 397
340, 405
340, 406
340, 408
340, 409
340, 412
340, 414
340, 415
340, 417
342, 282
342, 298
342, 314
342, 331
342, 332
342, 333
342, 336
342, 338
342, 359
342, 369
342, 376
342, 387
342, 389
342, 392
342, 397
342, 405
342, 406
342, 408
342, 409
342, 412
342, 414
342, 415
342, 417
343, 314
343, 331
343, 332
343, 333
343, 336
343, 338
343, 359
343, 369
343, 376
343, 387
343, 389
343, 392
343, 397
343, 405
343, 406
343, 408
343, 409
343, 412
343, 414
343, 415
343, 417
343, 418
343, 423
345, 337
345, 368
345, 372
345, 402
345, 434
345, 439
345, 444
345, 455
345, 478
345, 481
345, 482
345, 496
345, 511
345, 533
345, 534
347, 267
347, 396
348, 55
348, 95
348, 237
348, 255
348, 299
348, 302
348, 354
348, 361
348, 396
348, 407
348, 416
348, 445
348, 498
348, 514
348, 528
349, 332
349, 333
349, 336
349, 338
349, 359
349, 368
349, 369
349, 372
349, 376
349, 387
349, 392
349, 397
349, 402
349, 405
349, 406
349, 408
349, 414
349, 415
349, 417
349, 418
349, 423
349, 433
349, 434
351, 314
351, 331
351, 332
351, 333
351, 336
351, 338
351, 359
351, 369
351, 376
351, 387
351, 389
351, 392
351, 397
351, 402
351, 405
351, 406
351, 408
351, 409
351, 412
351, 414
351, 415
351, 417
351, 418
353, 368
353, 402
353, 434
353, 439
353, 444
353, 455
353, 478
353, 481
353, 482
353, 496
353, 511
353, 533
353, 534
355, 331
355, 332
355, 336
355, 338
355, 359
355, 369
355, 376
355, 387
355, 389
355, 392
355, 397
355, 405
355, 406
355, 408
355, 409
355, 412
355, 414
355, 415
355, 417
355, 418
355, 423
355, 433
355, 441
356, 95
356, 237
356, 255
356, 299
356, 302
356, 354
356, 361
356, 396
356, 407
356, 416
356, 445
356, 498
356, 514
356, 528
357, 332
357, 336
357, 338
357, 359
357, 369
357, 376
357, 387
357, 389
357, 392
357, 397
357, 405
357, 406
357, 408
357, 409
357, 412
357, 414
357, 415
357, 417
357, 418
357, 423
357, 433
357, 441
357, 452
358, 45
358, 113
358, 259
358, 341
358, 392
358, 395
358, 415
358, 418
358, 433
358, 452
358, 462
358, 468
358, 475
358, 503
358, 512
358, 529
358, 535
360, 107
360, 144
360, 198
360, 242
360, 273
360, 292
360, 310
360, 315
360, 344
360, 373
360, 393
360, 400
360, 420
360, 446
360, 447
360, 451
360, 539
362, 332
362, 336
362, 338
362, 359
362, 369
362, 376
362, 387
362, 389
362, 392
362, 397
362, 405
362, 406
362, 408
362, 409
362, 412
362, 414
362, 415
362, 417
362, 418
362, 423
362, 433
362, 441
362, 452
363, 332
363, 336
363, 338
363, 359
363, 369
363, 376
363, 387
363, 389
363, 392
363, 397
363, 405
363, 406
363, 408
363, 409
363, 412
363, 414
363, 415
363, 417
363, 418
363, 423
363, 433
363, 441
363, 452
364, 368
364, 402
364, 434
364, 439
364, 444
364, 455
364, 478
364, 481
364, 482
364, 496
364, 511
364, 533
364, 534
365, 368
365, 402
365, 434
365, 439
365, 444
365, 455
365, 478
365, 481
365, 482
365, 496
365, 511
365, 533
365, 534
366, 336
366, 338
366, 359
366, 369
366, 376
366, 387
366, 389
366, 397
366, 405
366, 406
366, 408
366, 409
366, 412
366, 414
366, 415
366, 417
366, 418
366, 423
366, 433
366, 441
366, 452
366, 459
366, 460
370, 402
370, 434
370, 439
370, 444
370, 455
370, 478
370, 481
370, 482
370, 496
370, 511
370, 533
370, 534
371, 402
371, 434
371, 439
371, 444
371, 455
371, 462
371, 475
371, 478
371, 481
371, 482
371, 496
371, 511
371, 512
371, 533
371, 534
374, 336
374, 359
374, 369
374, 376
374, 387
374, 389
374, 397
374, 405
374, 406
374, 408
374, 409
374, 412
374, 414
374, 415
374, 417
374, 418
374, 423
374, 433
374, 441
374, 452
374, 459
374, 460
374, 461
378, 415
378, 418
378, 433
378, 434
378, 439
378, 444
378, 452
378, 455
378, 462
378, 468
378, 475
378, 478
378, 481
378, 482
378, 496
378, 503
378, 511
378, 512
378, 529
378, 533
378, 534
379, 336
379, 359
379, 369
379, 376
379, 387
379, 389
379, 397
379, 405
379, 406
379, 408
379, 409
379, 412
379, 414
379, 417
379, 418
379, 423
379, 433
379, 441
379, 452
379, 459
379, 460
379, 461
379, 462
380, 35
380, 57
380, 95
380, 143
380, 237
380, 245
380, 255
380, 281
380, 299
380, 302
380, 324
380, 354
380, 361
380, 387
380, 396
380, 407
380, 416
380, 418
380, 423
380, 433
380, 445
380, 452
380, 460
381, 95
381, 237
381, 255
381, 299
381, 302
381, 354
381, 361
381, 396
381, 407
381, 416
381, 445
381, 498
381, 514
381, 528
382, 434
382, 439
382, 444
382, 455
382, 478
382, 481
382, 482
382, 496
382, 511
382, 533
382, 534
383, 35
383, 57
383, 60
383, 62
383, 123
383, 129
383, 143
383, 156
383, 203
383, 245
383, 267
383, 281
383, 302
383, 324
383, 445
383, 487
383, 491
384, 107
384, 144
384, 198
384, 242
384, 273
384, 292
384, 310
384, 315
384, 344
384, 373
384, 393
384, 400
384, 420
384, 446
384, 447
384, 451
384, 539
385, 27
385, 45
385, 68
385, 69
385, 72
385, 113
385, 218
385, 238
385, 259
385, 307
385, 341
385, 375
385, 377
385, 395
385, 470
385, 475
385, 512
385, 535
386, 237
386, 255
386, 299
386, 302
386, 354
386, 361
386, 396
386, 407
386, 416
386, 445
386, 498
386, 514
386, 528
388, 434
388, 439
388, 444
388, 455
388, 462
388, 475
388, 478
388, 481
388, 482
388, 496
388, 511
388, 512
388, 533
388, 534
390, 336
390, 359
390, 369
390, 376
390, 387
390, 389
390, 397
390, 405
390, 406
390, 408
390, 409
390, 412
390, 414
390, 417
390, 418
390, 423
390, 433
390, 441
390, 452
390, 459
390, 460
390, 461
390, 462
391, 237
391, 255
391, 299
391, 302
391, 354
391, 361
391, 396
391, 407
391, 416
391, 445
391, 498
391, 514
391, 528
398, 35
398, 57
398, 60
398, 62
398, 123
398, 129
398, 143
398, 156
398, 203
398, 245
398, 255
398, 267
398, 281
398, 302
398, 324
398, 407
398, 416
398, 445
398, 462
398, 475
398, 487
398, 491
398, 498
399, 418
399, 423
399, 433
399, 434
399, 439
399, 444
399, 452
399, 455
399, 460
399, 462
399, 468
399, 475
399, 478
399, 481
399, 482
399, 494
399, 496
399, 503
399, 511
399, 512
399, 529
399, 533
399, 534
401, 439
401, 444
401, 455
401, 478
401, 481
401, 482
401, 496
401, 511
401, 533
401, 534
403, 237
403, 299
403, 302
403, 354
403, 361
403, 396
403, 407
403, 416
403, 445
403, 498
403, 514
403, 528
404, 336
404, 369
404, 376
404, 397
404, 405
404, 406
404, 408
404, 414
404, 423
404, 433
404, 439
404, 441
404, 444
404, 452
404, 455
404, 460
404, 462
404, 468
404, 475
404, 478
404, 481
404, 482
404, 483
410, 359
410, 376
410, 389
410, 397
410, 405
410, 406
410, 408
410, 409
410, 412
410, 414
410, 417
410, 423
410, 433
410, 441
410, 452
410, 459
410, 460
410, 461
410, 462
410, 468
410, 475
410, 477
410, 483
411, 23
411, 40
411, 73
411, 526
413, 439
413, 455
413, 478
413, 481
413, 482
413, 496
413, 511
413, 533
413, 534
419, 455
419, 478
419, 481
419, 482
419, 496
419, 511
419, 533
419, 534
421, 359
421, 376
421, 389
421, 397
421, 405
421, 406
421, 408
421, 409
421, 412
421, 414
421, 417
421, 423
421, 433
421, 441
421, 452
421, 459
421, 460
421, 461
421, 462
421, 468
421, 475
421, 477
421, 483
422, 478
422, 481
422, 482
422, 511
422, 533
422, 534
424, 63
424, 122
424, 188
424, 326
424, 350
424, 394
424, 495
424, 506
425, 376
425, 389
425, 397
425, 405
425, 406
425, 408
425, 409
425, 412
425, 414
425, 417
425, 423
425, 433
425, 441
425, 452
425, 459
425, 460
425, 461
425, 462
425, 468
425, 475
425, 477
425, 483
425, 485
426, 376
426, 397
426, 405
426, 406
426, 408
426, 414
426, 423
426, 433
426, 441
426, 452
426, 460
426, 462
426, 468
426, 475
426, 478
426, 481
426, 482
426, 483
426, 485
426, 494
426, 503
426, 504
426, 511
427, 478
427, 481
427, 482
427, 511
427, 533
427, 534
429, 446
429, 447
429, 462
429, 468
429, 475
429, 512
430, 511
431, 389
431, 397
431, 405
431, 406
431, 408
431, 409
431, 412
431, 414
431, 417
431, 423
431, 441
431, 452
431, 459
431, 460
431, 461
431, 462
431, 468
431, 475
431, 477
431, 483
431, 485
431, 494
431, 503
432, 389
432, 397
432, 405
432, 406
432, 408
432, 409
432, 412
432, 414
432, 417
432, 423
432, 441
432, 452
432, 459
432, 460
432, 461
432, 468
432, 475
432, 477
432, 483
432, 485
432, 494
432, 503
432, 504
435, 511
435, 512
436, 107
436, 144
436, 198
436, 242
436, 273
436, 292
436, 310
436, 315
436, 344
436, 373
436, 393
436, 400
436, 420
436, 446
436, 447
436, 451
436, 539
437, 406
437, 408
437, 409
437, 412
437, 414
437, 417
437, 423
437, 441
437, 452
437, 459
437, 460
437, 461
437, 468
437, 477
437, 483
437, 485
437, 494
437, 503
437, 504
437, 512
437, 516
437, 529
438, 511
440, 409
440, 412
440, 414
440, 417
440, 441
440, 459
440, 460
440, 461
440, 468
440, 477
440, 483
440, 485
440, 494
440, 503
440, 504
440, 512
440, 516
440, 529
443, 409
443, 412
443, 417
443, 441
443, 459
443, 461
443, 477
443, 483
443, 485
443, 504
443, 516
448, 143
448, 237
448, 302
448, 354
448, 361
448, 396
448, 407
448, 416
448, 445
448, 498
448, 512
448, 514
448, 528
449, 63
449, 122
449, 188
449, 326
449, 350
449, 394
449, 495
449, 506
450, 302
450, 354
450, 361
450, 407
450, 416
450, 498
450, 514
450, 528
453, 63
453, 122
453, 188
453, 326
453, 350
453, 394
453, 495
453, 506
454, 361
454, 416
454, 498
454, 514
454, 528
457, 512
457, 514
457, 528
458, 409
458, 412
458, 417
458, 441
458, 459
458, 460
458, 461
458, 468
458, 477
458, 483
458, 485
458, 494
458, 503
458, 504
458, 512
458, 516
458, 529
463, 412
463, 417
463, 441
463, 459
463, 460
463, 461
463, 468
463, 477
463, 483
463, 485
463, 494
463, 503
463, 504
463, 512
463, 516
463, 529
464, 441
464, 459
464, 460
464, 461
464, 468
464, 477
464, 483
464, 485
464, 494
464, 503
464, 504
464, 512
464, 516
464, 529
465, 63
465, 122
465, 188
465, 326
465, 350
465, 394
465, 495
465, 506
466, 514
466, 528
467, 460
467, 468
467, 483
467, 485
467, 494
467, 503
467, 504
467, 512
467, 528
467, 529
472, 45
472, 113
472, 259
472, 273
472, 310
472, 341
472, 395
472, 460
472, 468
472, 485
472, 494
472, 503
472, 504
472, 512
472, 529
472, 535
472, 539
473, 494
473, 503
473, 512
473, 529
476, 63
476, 122
476, 188
476, 326
476, 350
476, 394
476, 495
476, 506
476, 526
476, 529
479, 441
479, 459
479, 461
479, 477
479, 483
479, 485
479, 494
479, 503
479, 504
479, 516
479, 529
480, 441
480, 459
480, 461
480, 477
480, 483
480, 485
480, 494
480, 503
480, 504
480, 516
480, 529
484, 63
484, 122
484, 161
484, 188
484, 220
484, 241
484, 326
484, 350
484, 394
484, 471
484, 494
484, 495
484, 503
484, 506
484, 529
486, 144
486, 242
486, 451
486, 494
486, 503
486, 529
489, 10
489, 513
490, 459
490, 461
490, 477
490, 483
490, 485
490, 494
490, 503
490, 504
490, 516
490, 529
492, 10
492, 513
493, 459
493, 461
493, 477
493, 516
497, 242
497, 494
497, 503
497, 529
500, 161
500, 220
500, 241
500, 311
500, 471
501, 73
501, 122
501, 495
502, 459
502, 461
502, 477
502, 483
502, 485
502, 494
502, 503
502, 504
502, 516
502, 529
505, 107
505, 144
505, 198
505, 242
505, 273
505, 292
505, 310
505, 315
505, 344
505, 373
505, 393
505, 400
505, 420
505, 446
505, 447
505, 451
505, 539
508, 8
508, 174
508, 305
508, 352
509, 459
509, 461
509, 477
509, 483
509, 485
509, 494
509, 503
509, 504
509, 516
509, 529
510, 35
510, 57
510, 143
510, 245
510, 281
510, 324
510, 487
510, 491
515, 107
515, 144
515, 198
515, 242
515, 273
515, 292
515, 310
515, 315
515, 344
515, 373
515, 393
515, 400
515, 420
515, 446
515, 447
515, 451
515, 539
517, 459
517, 461
517, 477
517, 483
517, 485
517, 494
517, 504
517, 516
517, 529
519, 107
519, 144
519, 198
519, 242
519, 273
519, 292
519, 310
519, 315
519, 344
519, 373
519, 393
519, 400
519, 420
519, 446
519, 447
519, 451
519, 539
520, 529
521, 461
521, 477
521, 483
521, 485
521, 494
521, 504
521, 516
524, 27
524, 45
524, 68
524, 69
524, 72
524, 113
524, 218
524, 238
524, 259
524, 307
524, 341
524, 375
524, 377
524, 395
524, 470
524, 535
525, 461
525, 477
525, 483
525, 485
525, 494
525, 504
525, 516
531, 477
531, 483
531, 485
531, 504
531, 516
532, 23
532, 40
532, 73
532, 526
536, 35
536, 57
536, 143
536, 144
536, 245
536, 281
536, 292
536, 324
536, 393
536, 451
536, 477
536, 485
536, 487
536, 491
536, 504
536, 516
537, 477
537, 485
537, 504
537, 516
538, 504
538, 516
end