520
4
0, 0.3996379639065071, 0.074172474734719
1, 0.3556896943266379, 0.48414998979626844
2, 0.4580016246628753, 0.689087914195088
3, 0.5076917688552772, 0.49329116543575446
4, 0.9454681389577337, 0.8810712289257253
5, 0.8300706274737912, 0.9088370465371002
6, 0.16709873339295567, 0.9223530362453234
7, 0.1726860509065089, 0.4987071305716294
8, 0.8629182456407488, 0.3030741037588718
9, 0.7271002234145323, 0.13632276544891297
10, 0.7267108129049766, 0.40920420096446775
11, 0.9037273635699992, 0.7802964591258367
12, 0.30346361487060913, 0.4378376016566541
13, 0.4321143980989649, 0.9015732539999147
14, 0.684117734283331, 0.15139095973808014
15, 0.20206264393676, 0.610588435121928
16, 0.3637019685260031, 0.22670698288756397
17, 0.8068731849853886, 0.8508829296162913
18, 0.1696738151684445, 0.9592329522948341
19, 0.9509299802230359, 0.5813355392671885
20, 0.8816322561704855, 0.8826655478095545
21, 0.3415993410664334, 0.37143405360332304
22, 0.11565336525601144, 0.9152067522035814
23, 0.9529888894374393, 0.25003924826639456
24, 0.048358816053533316, 0.568623286479523
25, 0.6293149910855623, 0.3694035813593358
26, 0.02186725720658589, 0.2807708726458985
27, 0.9139214565062932, 0.19212325847736045
28, 0.0380919537294383, 0.7649225368945332
29, 0.455724046951005, 0.6757401137077185
30, 0.8612598040256211, 0.5567915001226224
31, 0.3987271690525185, 0.054880676054706035
32, 0.8252409601511951, 0.4006378732886011
33, 0.5188224161908287, 0.6245168657726643
34, 0.5043151032325282, 0.3441487938833919
35, 0.4181565227037537, 0.6460471133969813
36, 0.43642132382961185, 0.9031916908445122
37, 0.3769315224501104, 0.7860051794257199
38, 0.9824975753761128, 0.06916625256872777
39, 0.9454730280506783, 0.8946109362806639
40, 0.695153657130025, 0.6411970792899584
41, 0.8866784158916878, 0.5572267289616166
42, 0.7595379444872222, 0.43973544842567236
43, 0.8555419927442961, 0.07688479357122091
44, 0.6907197165819383, 0.19926005606549302
45, 0.09073758338547289, 0.04869074812087426
46, 0.19929348099454325, 0.9100469984646301
47, 0.42931730532888446, 0.6349195989080881
48, 0.03454572302678782, 0.491869577879276
49, 0.6026836146484655, 0.9449902358316818
50, 0.5272757464884898, 0.4363400542370982
51, 0.5400612556451514, 0.4231580920398391
52, 0.1898220174437133, 0.50151624706246
53, 0.1894845704927257, 0.891092267390087
54, 0.23208219012606002, 0.9820682308500424
55, 0.9450037599851691, 0.5266644400291715
56, 0.11567425066255044, 0.1688422484012978
57, 0.6254737442871802, 0.3094296934562828
58, 0.9050514647974004, 0.009095849143308299
59, 0.40783104692807226, 0.9059274716945297
60, 0.579708811913352, 0.9883514713985705
61, 0.753879128990584, 0.9126288460049037
62, 0.8753444288115471, 0.4888032097961642
63, 0.049674995267217636, 0.5241623509894693
64, 0.33130142915119276, 0.2134214596557097
65, 0.5980668365184202, 0.5170260071984087
66, 0.138764895109167, 0.36378284559409124
67, 0.22742681132228781, 0.482132628152239
68, 0.5634969677099093, 0.9133120749102861
69, 0.20066407385373275, 0.7224052255897329
70, 0.998340243685621, 0.8633758332487154
71, 0.3863374840788317, 0.2515549501152168
72, 0.3186314113036648, 0.6598283145846174
73, 0.5923536923898172, 0.3133418939031255
74, 0.3528130564133246, 0.6847895785650217
75, 0.9502207280832248, 0.7857967136240159
76, 0.4759828590298203, 0.41737976162166435
77, 0.3994189060748409, 0.0448449467327412
78, 0.20179565387028087, 0.8140243494872963
79, 0.820927267912031, 0.9628595741054278
80, 0.5317846248752433, 0.07410709671950466
81, 0.7907856616349055, 0.020366738792965022
82, 0.2139376588670573, 0.9046765831952847
83, 0.4383099587378284, 0.8971003985996108
84, 0.9710752952724176, 0.5871555769590905
85, 0.08438836919381432, 0.4986658907915118
86, 0.968938711728549, 0.9961582376832798
87, 0.8289008784282962, 0.45609567009074636
88, 0.08621231140839947, 0.6173887972396312
89, 0.5080997045464327, 0.6105384731222895
90, 0.5678376849573956, 0.907013160760152
91, 0.05738942436453931, 0.5354638800061412
92, 0.23329037525455965, 0.44698176528918143
93, 0.2842689410260747, 0.32224319593247597
94, 0.7646824532413212, 0.17677279400539414
95, 0.639824174931443, 0.9458572114108368
96, 0.0786053100141415, 0.022505949920498147
97, 0.21066477431893027, 0.697327290876041
98, 0.7500132516371011, 0.139967461909011
99, 0.885410063835243, 0.17478056725349478
100, 0.4571234448432301, 0.7507186563504887
101, 0.33288831126504226, 0.329163165330456
102, 0.43466091129151796, 0.14019766325583682
103, 0.9794349243329424, 0.7074297685092736
104, 0.952485927459704, 0.12850015950763571
105, 0.19891675821427812, 0.3710400040674361
106, 0.11819368767435368, 0.3421655562425966
107, 0.5927025125330111, 0.8340283199063853
108, 0.3925399210204319, 0.8265727715525658
109, 0.23763484303262494, 0.4928877252967131
110, 0.5919205703095746, 0.6360752539270627
111, 0.2307722003562681, 0.3683487309405986
112, 0.3325005449482199, 0.8986149881690553
113, 0.5437001556296926, 0.9453842406928136
114, 0.3449101802649631, 0.02207720401885005
115, 0.20050467677309136, 0.9999774158903181
116, 0.5947181289888923, 0.5948624137111918
117, 0.9112566523678788, 0.2663866616242858
118, 0.45961073501939265, 0.32641961147107035
119, 0.4245510107189949, 0.5299747348433972
120, 0.2237900357525412, 0.7457764905919547
121, 0.20900388509597712, 0.6897278432999537
122, 0.9066810418471548, 0.1953243062960056
123, 0.7332939847454052, 0.5130807194378081
124, 0.6973985233809924, 0.30717528466828536
125, 0.8983820460031683, 0.4434879512847075
126, 0.23508038896712402, 0.012109031836618378
127, 0.8166593588309089, 0.12082817937594481
128, 0.5265843007079413, 0.04160642608989473
129, 0.5373884499946646, 0.285541259026591
130, 0.4418713638017978, 0.7365537578959482
131, 0.8733099937280598, 0.13297343350748836
132, 0.8197943173762655, 0.5664323106420195
133, 0.8083237267162626, 0.7450425108489072
134, 0.6470840350563535, 0.4873163432211288
135, 0.22344775880501844, 0.3176647184823974
136, 0.1504988071218707, 0.21993331682425477
137, 0.6453902693553101, 0.09223314964068374
138, 0.33193260199840546, 0.8779009435571852
139, 0.30977049685490743, 0.9762628946716188
140, 0.37471675017381034, 0.9324630662186195
141, 0.8281142519233631, 0.047038914808174015
142, 0.24067241490304359, 0.8641890860251039
143, 0.29718030141199614, 0.8127879266219212
144, 0.4669947018279753, 0.7370433641740008
145, 0.40691665000457555, 0.9627830840296184
146, 0.5602049317311585, 0.8166703301823496
147, 0.12397800919991098, 0.8981842572830879
148, 0.41810665635794697, 0.11098315644240886
149, 0.5499349024483589, 0.1192307258309836
150, 0.09573095510563168, 0.811844294292679
151, 0.28587095586503, 0.8847106400932964
152, 0.233518067331147, 0.8090693950793113
153, 0.0235222905238488, 0.02420116639068559
154, 0.2795002797284353, 0.9558542119408548
155, 0.4322310557283098, 0.16522659389236682
156, 0.8160160198876271, 0.8514580819042956
157, 0.37168161563769686, 0.27000551689157504
158, 0.7444335299686695, 0.1028339903317732
159, 0.10116735364072249, 0.6027975868424529
160, 0.30525841432231093, 0.2298266748649207
161, 0.04588840121378501, 0.7472622390460945
162, 0.5821345163784909, 0.3968551177179861
163, 0.030560949313405472, 0.6795523206671511
164, 0.8087441119698596, 0.5358138542558593
165, 0.5314304032164403, 0.12571685379514363
166, 0.32771071752182346, 0.4356312279615382
167, 0.15374998074953816, 0.2477625176847419
168, 0.8741052125647111, 0.02991249434354326
169, 0.6900818339673305, 0.5284907938825292
170, 0.12177096575227886, 0.2151522165170029
171, 0.9553792330246544, 0.5618075264130769
172, 0.4558867806861422, 0.8145361392425665
173, 0.41308453996331185, 0.11819194265049293
174, 0.8239471877429477, 0.26126495342331857
175, 0.36063638497793993, 0.9663343836262972
176, 0.45263386050563026, 0.26979062721395153
177, 0.03555615380195465, 0.6977115094516798
178, 0.7442865930269282, 0.7389783907218865
179, 0.6710385726877681, 0.578371336364867
180, 0.3395724787110862, 0.025420572691542853
181, 0.15504916316987283, 0.9017302804444604
182, 0.6067889216821813, 0.519516726977811
183, 0.5798962611432376, 0.7423971113345932
184, 0.7003913171616492, 0.47819229094471527
185, 0.690472831693899, 0.6074148425829505
186, 0.5932200495822999, 0.632057962456754
187, 0.05445691083877713, 0.11393839561811026
188, 0.4837467608518846, 0.766763814884495
189, 0.6447418787896837, 0.8082388020930358
190, 0.9067754108861881, 0.8205629264302351
191, 0.9527891534616459, 0.4170764443243753
192, 0.7147158043973305, 0.44437720480185106
193, 0.5616068875203543, 0.11581048604286714
194, 0.26464115885724715, 0.8837445291701005
195, 0.15486499002453447, 0.602139090015768
196, 0.4891360837583614, 0.2909253212330226
197, 0.4261377020240884, 0.9089171997833172
198, 0.8455925147747874, 0.5855151466669496
199, 0.6974633976959804, 0.14686950254314468
200, 0.5528015943071065, 0.12480588795940262
201, 0.8006134868899769, 0.3904088993445315
202, 0.9223748345525419, 0.860617586080666
203, 0.3043992833020276, 0.9363263562891843
204, 0.3997799170542463, 0.7108951839501407
205, 0.9809974489148138, 0.4575097913318198
206, 0.6564377535623719, 0.7549241204339247
207, 0.7502359422904463, 0.7748076803268514
208, 0.15772478929616685, 0.40630675240179404
209, 0.43730339404151375, 0.8441653827300168
210, 0.6635590117358856, 0.07903750048063873
211, 0.5163899447184443, 0.13133017085667686
212, 0.9474860748776149, 0.10648018837389472
213, 0.9006842994064096, 0.4047922624580246
214, 0.6795762861034683, 0.44297277984825256
215, 0.6867155115110782, 0.10705843359894207
216, 0.9194547815127287, 0.3406162309316024
217, 0.5474876139051725, 0.6751895463801354
218, 0.41031414996681836, 0.8595139344089913
219, 0.016809454396812473, 0.0440353163088778
220, 0.06758608910110964, 0.43385369265529417
221, 0.18845213200042676, 0.7757930899540708
222, 0.30663369854626765, 0.3054149542158081
223, 0.19698976339162233, 0.5751974631709245
224, 0.14084683516892182, 0.04916249704795639
225, 0.10292128540534606, 0.34179830587943416
226, 0.7527202394668789, 0.4074487595344817
227, 0.7971114417931073, 0.015529729604451759
228, 0.3513599205701976, 0.07114362396285034
229, 0.894909105143961, 0.659317201081993
230, 0.1089005128714633, 0.7786045638745451
231, 0.31298322514636956, 0.47323366350509644
232, 0.3749649288137211, 0.9153459844097745
233, 0.12545130052275522, 0.5660509152021305
234, 0.8919506115500923, 0.9051851900714482
235, 0.10835417977799666, 0.7180524269468695
236, 0.8007948618480352, 0.9177297866603878
237, 0.7010351336612393, 0.852504091935132
238, 0.32943383930454384, 0.46684874027995527
239, 0.2135927777473975, 0.2648562489727785
240, 0.5591916166382267, 0.4385985809094678
241, 0.43447731197868245, 0.19863575275930367
242, 0.058166728311143445, 0.5805953622088018
243, 0.877641839352696, 0.17405589971084867
244, 0.8652066699727919, 0.6429449318969306
245, 0.11907449919230118, 0.48009518733491463
246, 0.10822935606255624, 0.7191049362515253
247, 0.9512062260267775, 0.3265551518249806
248, 0.5681826955884018, 0.6537528075257462
249, 0.1741348722140058, 0.03571684872095604
250, 0.8252186401480611, 0.8180371492799619
251, 0.24342626985492632, 0.04382482076173444
252, 0.1948425686536459, 0.7731695129336488
253, 0.5752574474373923, 0.21340402476063125
254, 0.30953911216810204, 0.9524660445293066
255, 0.8120716946262307, 0.46181499589525543
256, 0.982159138987958, 0.20670112502721916
257, 0.161699273142487, 0.27355710944491285
258, 0.0570338418415568, 0.5298855961552139
259, 0.6558440673490213, 0.5743309393426355
260, 0.04294091525531263, 0.9219690179174446
261, 0.822743109709936, 0.8582806618959883
262, 0.6881444324573562, 0.8860097752326088
263, 0.2002991382237279, 0.2762596459864587
264, 0.40322394914364523, 0.9795246352636616
265, 0.9156113454803612, 0.11151196256194196
266, 0.4349416524655386, 0.41126006905286205
267, 0.47146206829169746, 0.15532873575359385
268, 0.3294601914573424, 0.9388404794805695
269, 0.3545193728772744, 0.7957842968347812
270, 0.23573466479461702, 0.039693008174976674
271, 0.08545581958199222, 0.5389876709566314
272, 0.25871347607302486, 0.9756593946790231
273, 0.5866576125300889, 0.8754929841410536
274, 0.3413555070708353, 0.7262869115168776
275, 0.707407296681651, 0.6804407990652146
276, 0.49995961303857295, 0.7081303938983851
277, 0.02984961783813922, 0.09720848360563028
278, 0.8428369584753209, 0.6115883236196282
279, 0.7043755845715073, 0.30605735044357707
280, 0.9132500772948384, 0.9969075024293388
281, 0.5661099219078817, 0.6210445064288456
282, 0.2889302897287336, 0.28297233494528107
283, 0.24615616566627696, 0.8274610752174413
284, 0.8741156487467195, 0.6411804411832969
285, 0.056842343013439045, 0.7340836757796885
286, 0.09231555918775203, 0.3426675384646293
287, 0.44821634160596446, 0.14184477264511264
288, 0.8794969256650377, 0.12304781566028866
289, 0.10042003776144937, 0.2521191588004573
290, 0.8925905338718318, 0.0798526913702361
291, 0.10495853811604994, 0.7397430120374782
292, 0.5938980513714569, 0.10087737682328912
293, 0.8845295630954707, 0.774278506266968
294, 0.5018126899391525, 0.06261933629014182
295, 0.2626156759128869, 0.3115486136889244
296, 0.015513646456376984, 0.1610491276959355
297, 0.0507336194343847, 0.9011191423856693
298, 0.11387406271094325, 0.38242205948853536
299, 0.6893042142880017, 0.979608856892352
300, 0.8403639140393101, 0.15722215146488827
301, 0.44789448438261137, 0.09412749204985882
302, 0.7537841113226191, 0.564840569507017
303, 0.8022236771998732, 0.2791831444338072
304, 0.05944562332093406, 0.4732424878416799
305, 0.6584650803384245, 0.8099398682180468
306, 0.23555838937157492, 0.3535031586507208
307, 0.16329143392109502, 0.6728557339705918
308, 0.6713308455084465, 0.9442454936393755
309, 0.1278563063533551, 0.17317339998770154
310, 0.6368091525185128, 0.1586191691408868
311, 0.3862988354258111, 0.1434484587676096
312, 0.3051683770401006, 0.10923826521674929
313, 0.9934507861191296, 0.047339657485272135
314, 0.5710702026119978, 0.9089932650328933
315, 0.2174968239065137, 0.28592977757528504
316, 0.0024175481393274856, 0.29848696622329396
317, 0.391854774854958, 0.7105851974203521
318, 0.7617522993209334, 0.5894993896115927
319, 0.6953427136595096, 0.44175282789734127
320, 0.6599155915276133, 0.3551872833524251
321, 0.875543012720789, 0.018712772356522245
322, 0.46052219747321355, 0.7722521931830298
323, 0.9877209020511525, 0.9890282612327529
324, 0.20366468268037607, 0.5236313170818532
325, 0.601333643501996, 0.7998729147748228
326, 0.5595635732987001, 0.3460056473734281
327, 0.6973557243484714, 0.48658721922928394
328, 0.174842282424452, 0.28614702660595637
329, 0.005770476462797491, 0.819928718781891
330, 0.4664938224036317, 0.18012679497120454
331, 0.606818994405266, 0.8734557549144849
332, 0.05401191894489099, 0.37661120734824505
333, 0.40680533148557696, 0.14798885754483015
334, 0.2944968124945624, 0.8538636832556903
335, 0.34732309980456877, 0.5414082532131191
336, 0.02045048824306317, 0.5824847442684624
337, 0.33901013826000215, 0.13155756534978058
338, 0.9591587396143862, 0.8435761789429708
339, 0.6217436457769302, 0.21517761427476312
340, 0.9481926620989476, 0.6117741804841668
341, 0.9819295941298957, 0.5102643197223833
342, 0.7418658741826516, 0.2918783414784871
343, 0.041603230482963216, 0.8664351688168725
344, 0.1868786808298496, 0.0503516215526878
345, 0.47773093184810467, 0.738551191143547
346, 0.2830956729563505, 0.9683061060772754
347, 0.9853850478886761, 0.5264417192292471
348, 0.9299937755597072, 0.27244880319261855
349, 0.5197894901091368, 0.25169577924840636
350, 0.36257719108804176, 0.7241163499862047
351, 0.12534356390706858, 0.3470864210502379
352, 0.17874778291018456, 0.9225990566312345
353, 0.2633873651014008, 0.4718566118878823
354, 0.3837030247908888, 0.6965046414155419
355, 0.19610058713135758, 0.8528886415530326
356, 0.08381557730421674, 0.8356747115037172
357, 0.43561309547869353, 0.20691996417617153
358, 0.14567290469551264, 0.8029736936203054
359, 0.022117839248824378, 0.09505481654071246
360, 0.937047676346469, 0.5026560768005178
361, 0.6595231047565068, 0.9613723932240548
362, 0.5341323842299313, 0.6843288577543744
363, 0.7439097372970384, 0.4777704792138824
364, 0.029919109574446878, 0.23001802823581952
365, 0.8745738025035402, 0.6276996228252381
366, 0.9722335899755336, 0.15165341309183356
367, 0.24501268160533618, 0.5139037205714605
368, 0.3925966515569528, 0.7294419953889227
369, 0.13422590614357088, 0.5822236525279859
370, 0.9871733907516728, 0.20228768819898268
371, 0.488966797089489, 0.37896978456935426
372, 0.39887341165452395, 0.5020435034873113
373, 0.03321764406978589, 0.6981238096349384
374, 0.34154253873043483, 0.27535702263788664
375, 0.7275004497433202, 0.9508360197121082
376, 0.20714569178371778, 0.2749858373331219
377, 0.15331048068970898, 0.6431362714635656
378, 0.3634678531343539, 0.1998767073877683
379, 0.3410240336645094, 0.8485786564877786
380, 0.09421776967022133, 0.31978351376186964
381, 0.82757748605856, 0.21997221481981055
382, 0.27242093955866653, 0.3494773154338209
383, 0.7701786828483145, 0.08118367285546257
384, 0.2026896981218107, 0.8970202392564268
385, 0.19881270344566904, 0.1856256756158392
386, 0.5650063807035043, 0.1267808567820744
387, 0.32730162977199406, 0.6007868935803854
388, 0.7086894664254954, 0.19841782124502927
389, 0.9208360330414957, 0.921048930074855
390, 0.7769732177408413, 0.7521491958983479
391, 0.3030331835320397, 0.4611261173365768
392, 0.7002405988749542, 0.9259194146542051
393, 0.7631965037733409, 0.6800175013672496
394, 0.6345806419139114, 0.13913301103968045
395, 0.3407587337009774, 0.3850407492619272
396, 0.8307055655125564, 0.9776604672821229
397, 0.8818746113205488, 0.7489513467355341
398, 0.24822380758810259, 0.713267994042131
399, 0.8651935995086438, 0.867478960910219
400, 0.15526725811408026, 0.07517605201452104
401, 0.49013410058956264, 0.811512324030273
402, 0.6228733406518139, 0.6151102783219382
403, 0.8136272166696664, 0.0657628439080904
404, 0.043891376663541815, 0.7918168627683627
405, 0.40395922714688026, 0.5459629315340118
406, 0.1951503892304356, 0.556495107448847
407, 0.7899345035101938, 0.3003454437277189
408, 0.5264934138704545, 0.7775606145977048
409, 0.44986157386020875, 0.22533909724145507
410, 0.3473691847274115, 0.5794467834593034
411, 0.7562291565894856, 0.24112406485882065
412, 0.2731386481794923, 0.13368729362864107
413, 0.7935823686088607, 0.5616404800271835
414, 0.8737471074029118, 0.26113331687230246
415, 0.6346834359841504, 0.9401468566128599
416, 0.6620317760485195, 0.7315255092220058
417, 0.3043863954391298, 0.40548550178616083
418, 0.7843873731816177, 0.5279349644473349
419, 0.48093008146285576, 0.5675078941330655
420, 0.676579257067141, 0.713523323198543
421, 0.6353604430402117, 0.5704850307293493
422, 0.009812563848329514, 0.8543262748485846
423, 0.29137556169815537, 0.24408265391735606
424, 0.24578004904114026, 0.8335417574985536
425, 0.15158843572561698, 0.0295105808158862
426, 0.06890748683145376, 0.7936875356387025
427, 0.9170061997968454, 0.632720902982097
428, 0.8470134989870145, 0.13655257260471954
429, 0.08754495202836376, 0.9531791234124575
430, 0.8507479050151407, 0.6189114022813318
431, 0.6930881157492458, 0.8662336669203495
432, 0.950075461026764, 0.06869256357247866
433, 0.8524101312724874, 0.5366579038621271
434, 0.31659996946709745, 0.7175682871843693
435, 0.014332192674534117, 0.46514339260413984
436, 0.36784604315272185, 0.5760119704531262
437, 0.4829690707704367, 0.44384522349764943
438, 0.1064147137210345, 0.5045888126187779
439, 0.6181989830636173, 0.014697125665929511
440, 0.8109679805987627, 0.6538960785799832
441, 0.759492137050368, 0.7391450618001552
442, 0.09613889967037881, 0.5972872592764572
443, 0.631674119604088, 0.9724972931159989
444, 0.45474561723290396, 0.18699267084072213
445, 0.05618926337380903, 0.3421970558504347
446, 0.12837839010406582, 0.2692772451288066
447, 0.27693565334669246, 0.15352602314952468
448, 0.9834237130355034, 0.3574173336694294
449, 0.6184132712376645, 0.03067938462608577
450, 0.9871429189348264, 0.9847596675193573
451, 0.33930774463503577, 0.8770467819693731
452, 0.8375352098951611, 0.3928253866278141
453, 0.8137234583868583, 0.0058674337878750205
454, 0.7933832006037718, 0.4924316538104856
455, 0.8031594763006079, 0.2895225631562991
456, 0.672039948362305, 0.285506917657257
457, 0.6290556826224076, 0.22313622737765448
458, 0.5775472758223456, 0.33101032264072583
459, 0.6125325090220681, 0.654610732454145
460, 0.0492910953357264, 0.2925746737922946
461, 0.48422489688434234, 0.7558812837984221
462, 0.23056277403494896, 0.8053143384874718
463, 0.1369771321154275, 0.47086191258224486
464, 0.7100404881433341, 0.2531813289074444
465, 0.8475964037065363, 0.22427346389565717
466, 0.421275304649805, 0.4689750553575943
467, 0.5894457781875956, 0.14793906868635198
468, 0.6304233128409308, 0.6061043371169584
469, 0.5405261504434589, 0.6654671380861137
470, 0.6662842638011864, 0.2596100461430574
471, 0.8299351302203628, 0.9374832432460113
472, 0.5118756510097301, 0.5225176575086352
473, 0.9322782911867582, 0.09775984159643625
474, 0.7522027061328245, 0.36214246744187073
475, 0.659475011269798, 0.48220258719802456
476, 0.8916542215472079, 0.3956426749679538
477, 0.6654988534095545, 0.5127647518013292
478, 0.5743822419219115, 0.551255183021002
479, 0.5670734306528384, 0.4122886168224116
480, 0.05725888521139777, 0.2678668251905839
481, 0.8229941373064923, 0.014762377108703428
482, 0.09685570687684886, 0.5851428788013551
483, 0.6426883222222721, 0.8934143576139303
484, 0.4926701396519293, 0.3012545601394495
485, 0.9785115192045225, 0.6173505520811526
486, 0.3233414217922488, 0.2612267611141472
487, 0.15586059607056701, 0.7133150104426899
488, 0.8269848640483053, 0.05798874997117809
489, 0.5902088777166353, 0.059106972595066365
490, 0.036343885386215136, 0.7869640070227101
491, 0.022994142139985185, 0.10355689064976159
492, 0.6845454359841953, 0.9923853785496658
493, 0.20680433389952158, 0.8537852527513605
494, 0.7462005111021233, 0.8768024261555121
495, 0.45108745189401245, 0.2619029224321727
496, 0.9689647583932696, 0.15170524903880034
497, 0.7691599195909234, 0.013885257372530435
498, 0.5543854632360774, 0.9936015436410374
499, 0.8269237786915171, 0.16803456680772488
500, 0.2582797959536154, 0.09833853639509937
501, 0.6613551879066498, 0.884688290228891
502, 0.6170919538347125, 0.6120115636471546
503, 0.41207669470912145, 0.09019292896394104
504, 0.4452150923933327, 0.6943694582736865
505, 0.8990329740573834, 0.9576226497561522
506, 0.21112306017604476, 0.5710869586482412
507, 0.3229242473444074, 0.2022263101227635
508, 0.2703350248696823, 0.7445529455009234
509, 0.5138481613913528, 0.24002995944817684
510, 0.2837378440724052, 0.007778610793785168
511, 0.25437443985885266, 0.7292287580725173
512, 0.2812471157527915, 0.8113296436644897
513, 0.3797244694618732, 0.005900659532072083
514, 0.3192513572398321, 0.08321202550084872
515, 0.4012740502999236, 0.744747416751905
516, 0.983566359847496, 0.3034373146510295
517, 0.5344689747795403, 0.35010353954844764
518, 0.3252529220174767, 0.28408502662774904
519, 0.6478017452062119, 0.19400593167238522
end_nodes
0, 1
0, 2
0, 3
0, 4
0, 5
0, 6
0, 7
0, 8
0, 9
0, 10
0, 11
0, 12
0, 13
0, 14
0, 15
0, 16
0, 17
0, 18
0, 19
0, 20
0, 21
0, 22
23, 126
24, 7
24, 9
24, 12
24, 14
24, 16
24, 21
24, 27
24, 34
24, 38
24, 43
24, 44
24, 52
24, 57
24, 58
24, 64
24, 67
24, 71
24, 73
24, 76
24, 80
24, 81
24, 92
26, 9
26, 14
26, 16
26, 27
26, 38
26, 43
26, 44
26, 58
26, 64
26, 71
26, 80
26, 81
26, 94
26, 98
26, 99
26, 102
26, 104
26, 122
26, 127
26, 128
26, 131
26, 136
29, 31
32, 180
32, 510
35, 77
36, 31
37, 77
40, 513
41, 114
42, 114
45, 9
45, 14
45, 27
45, 38
45, 43
45, 58
45, 80
45, 81
45, 94
45, 98
45, 99
45, 104
45, 122
45, 127
45, 128
45, 131
45, 137
45, 141
45, 148
45, 149
45, 158
45, 165
47, 31
48, 9
48, 14
48, 16
48, 21
48, 27
48, 34
48, 38
48, 43
48, 44
48, 57
48, 58
48, 64
48, 71
48, 73
48, 80
48, 81
48, 93
48, 94
48, 98
48, 99
48, 101
48, 102
50, 513
51, 513
55, 180
55, 510
56, 9
56, 14
56, 27
56, 38
56, 43
56, 44
56, 58
56, 80
56, 81
56, 94
56, 98
56, 99
56, 102
56, 104
56, 122
56, 127
56, 128
56, 131
56, 137
56, 141
56, 148
56, 149
59, 77
61, 513
62, 180
62, 510
63, 9
63, 12
63, 14
63, 16
63, 21
63, 27
63, 34
63, 38
63, 43
63, 44
63, 57
63, 58
63, 64
63, 71
63, 73
63, 80
63, 81
63, 85
63, 92
63, 93
63, 94
63, 98
65, 513
66, 9
66, 14
66, 16
66, 27
66, 38
66, 43
66, 44
66, 58
66, 64
66, 71
66, 80
66, 81
66, 93
66, 94
66, 98
66, 99
66, 101
66, 102
66, 104
66, 122
66, 127
66, 128
74, 77
79, 513
83, 31
84, 180
84, 510
87, 180
87, 510
88, 1
88, 7
88, 9
88, 12
88, 14
88, 16
88, 21
88, 25
88, 27
88, 34
88, 38
88, 43
88, 44
88, 52
88, 57
88, 58
88, 64
88, 67
88, 71
88, 73
88, 76
88, 80
91, 7
91, 9
91, 12
91, 14
91, 16
91, 21
91, 27
91, 34
91, 38
91, 43
91, 44
91, 57
91, 58
91, 64
91, 71
91, 73
91, 80
91, 81
91, 92
91, 93
91, 94
91, 98
95, 513
96, 9
96, 14
96, 27
96, 38
96, 43
96, 58
96, 80
96, 81
96, 94
96, 98
96, 99
96, 104
96, 122
96, 127
96, 128
96, 131
96, 137
96, 141
96, 149
96, 158
96, 165
96, 168
100, 31
105, 9
105, 14
105, 16
105, 27
105, 38
105, 43
105, 44
105, 58
105, 71
105, 80
105, 81
105, 93
105, 94
105, 98
105, 99
105, 101
105, 102
105, 104
105, 118
105, 122
105, 127
105, 128
106, 9
106, 14
106, 16
106, 27
106, 38
106, 43
106, 44
106, 58
106, 64
106, 71
106, 80
106, 81
106, 93
106, 94
106, 98
106, 99
106, 102
106, 104
106, 122
106, 127
106, 128
106, 129
108, 77
110, 513
111, 9
111, 14
111, 27
111, 38
111, 43
111, 44
111, 58
111, 71
111, 81
111, 93
111, 94
111, 98
111, 99
111, 101
111, 104
111, 118
111, 122
111, 127
111, 129
111, 131
111, 137
111, 141
112, 77
116, 513
117, 126
119, 31
125, 180
125, 510
130, 31
135, 9
135, 14
135, 16
135, 27
135, 38
135, 43
135, 44
135, 58
135, 64
135, 71
135, 80
135, 81
135, 94
135, 98
135, 99
135, 102
135, 104
135, 122
135, 127
135, 128
135, 129
135, 131
138, 77
139, 77
140, 77
145, 77
153, 9
153, 14
153, 27
153, 38
153, 43
153, 58
153, 80
153, 81
153, 94
153, 98
153, 99
153, 104
153, 122
153, 127
153, 128
153, 131
153, 137
153, 141
153, 148
153, 149
153, 158
153, 165
159, 1
159, 7
159, 9
159, 12
159, 14
159, 16
159, 21
159, 25
159, 27
159, 34
159, 38
159, 43
159, 44
159, 52
159, 57
159, 58
159, 64
159, 67
159, 71
159, 73
159, 76
159, 80
160, 9
160, 14
160, 16
160, 27
160, 38
160, 43
160, 44
160, 58
160, 64
160, 80
160, 81
160, 94
160, 98
160, 99
160, 102
160, 104
160, 122
160, 127
160, 128
160, 131
160, 137
160, 141
163, 1
163, 7
163, 9
163, 12
163, 14
163, 16
163, 21
163, 25
163, 27
163, 34
163, 38
163, 43
163, 44
163, 52
163, 57
163, 58
163, 64
163, 67
163, 71
163, 73
163, 76
163, 80
167, 9
167, 14
167, 16
167, 27
167, 38
167, 43
167, 44
167, 58
167, 64
167, 80
167, 81
167, 94
167, 98
167, 99
167, 102
167, 104
167, 122
167, 127
167, 128
167, 131
167, 137
167, 141
170, 9
170, 14
170, 27
170, 38
170, 43
170, 44
170, 58
170, 64
170, 80
170, 81
170, 94
170, 98
170, 99
170, 102
170, 104
170, 122
170, 127
170, 128
170, 131
170, 137
170, 141
170, 148
171, 180
171, 510
172, 31
175, 77
177, 1
177, 7
177, 9
177, 12
177, 14
177, 16
177, 21
177, 25
177, 27
177, 34
177, 38
177, 43
177, 44
177, 52
177, 57
177, 58
177, 64
177, 67
177, 71
177, 73
177, 76
177, 80
178, 513
182, 513
183, 513
186, 513
187, 27
187, 38
187, 43
187, 44
187, 58
187, 80
187, 81
187, 94
187, 98
187, 99
187, 102
187, 104
187, 122
187, 127
187, 128
187, 131
187, 137
187, 141
187, 148
187, 149
187, 155
187, 158
189, 513
191, 180
191, 510
197, 77
201, 180
201, 510
204, 77
205, 180
205, 510
206, 513
207, 513
208, 16
208, 44
208, 57
208, 64
208, 71
208, 73
208, 80
208, 81
208, 93
208, 94
208, 98
208, 99
208, 101
208, 102
208, 104
208, 118
208, 122
208, 127
208, 128
208, 129
208, 131
208, 137
209, 31
213, 180
213, 510
216, 180
216, 510
218, 77
219, 81
219, 94
219, 98
219, 99
219, 104
219, 122
219, 127
219, 128
219, 131
219, 137
219, 141
219, 148
219, 149
219, 158
219, 165
219, 168
219, 173
219, 193
219, 199
219, 200
219, 210
219, 211
220, 16
220, 21
220, 44
220, 57
220, 64
220, 71
220, 73
220, 81
220, 93
220, 94
220, 98
220, 99
220, 101
220, 102
220, 104
220, 118
220, 122
220, 127
220, 128
220, 129
220, 131
220, 137
224, 81
224, 94
224, 98
224, 99
224, 104
224, 122
224, 127
224, 128
224, 131
224, 137
224, 141
224, 148
224, 149
224, 158
224, 165
224, 168
224, 193
224, 199
224, 200
224, 210
224, 211
224, 212
225, 16
225, 44
225, 64
225, 71
225, 94
225, 98
225, 99
225, 102
225, 104
225, 122
225, 127
225, 128
225, 129
225, 131
225, 137
225, 141
225, 148
225, 149
225, 155
225, 157
225, 158
225, 165
226, 114
226, 510
228, 99
228, 104
228, 122
228, 127
228, 128
228, 131
228, 137
228, 141
228, 149
228, 158
228, 168
228, 193
228, 199
228, 200
228, 210
228, 212
228, 215
228, 227
228, 243
228, 256
228, 265
228, 288
232, 77
233, 7
233, 12
233, 16
233, 21
233, 25
233, 34
233, 52
233, 57
233, 64
233, 67
233, 71
233, 73
233, 76
233, 92
233, 93
233, 99
233, 101
233, 102
233, 104
233, 109
233, 118
233, 122
236, 513
237, 513
239, 16
239, 64
239, 71
239, 102
239, 104
239, 122
239, 127
239, 128
239, 131
239, 137
239, 141
239, 148
239, 149
239, 155
239, 158
239, 165
239, 168
239, 173
239, 193
239, 199
239, 200
239, 210
240, 513
242, 7
242, 12
242, 16
242, 21
242, 25
242, 34
242, 52
242, 57
242, 64
242, 67
242, 71
242, 73
242, 76
242, 92
242, 93
242, 101
242, 102
242, 109
242, 118
242, 124
242, 127
242, 128
245, 64
245, 71
245, 93
245, 101
245, 102
245, 128
245, 137
245, 141
245, 148
245, 149
245, 155
245, 157
245, 158
245, 165
245, 168
245, 173
245, 176
245, 193
245, 199
245, 200
245, 210
245, 211
247, 126
248, 513
249, 131
249, 137
249, 141
249, 149
249, 158
249, 165
249, 168
249, 193
249, 199
249, 200
249, 210
249, 212
249, 215
249, 227
249, 243
249, 256
249, 265
249, 288
249, 290
249, 292
249, 294
249, 300
251, 131
251, 137
251, 141
251, 149
251, 158
251, 165
251, 168
251, 193
251, 199
251, 200
251, 210
251, 212
251, 215
251, 227
251, 243
251, 256
251, 265
251, 288
251, 290
251, 292
251, 294
251, 300
254, 77
255, 114
255, 510
257, 71
257, 102
257, 131
257, 137
257, 141
257, 148
257, 149
257, 155
257, 158
257, 165
257, 168
257, 173
257, 193
257, 199
257, 200
257, 210
257, 211
257, 212
257, 215
257, 227
257, 241
257, 243
258, 12
258, 21
258, 34
258, 57
258, 73
258, 92
258, 93
258, 101
258, 102
258, 118
258, 124
258, 129
258, 131
258, 137
258, 141
258, 148
258, 149
258, 155
258, 157
258, 158
258, 165
258, 166
259, 513
262, 513
263, 102
263, 137
263, 141
263, 148
263, 149
263, 155
263, 157
263, 158
263, 165
263, 168
263, 173
263, 193
263, 199
263, 200
263, 210
263, 211
263, 212
263, 215
263, 227
263, 241
263, 243
263, 253
264, 77
268, 77
269, 77
270, 141
270, 149
270, 158
270, 165
270, 168
270, 193
270, 199
270, 200
270, 210
270, 212
270, 215
270, 227
270, 243
270, 256
270, 265
270, 288
270, 290
270, 292
270, 294
270, 300
270, 301
270, 313
271, 7
271, 12
271, 21
271, 34
271, 52
271, 57
271, 67
271, 73
271, 92
271, 93
271, 101
271, 102
271, 118
271, 124
271, 129
271, 141
271, 148
271, 149
271, 155
271, 157
271, 158
271, 165
274, 77
277, 148
277, 149
277, 158
277, 165
277, 168
277, 173
277, 193
277, 199
277, 200
277, 210
277, 211
277, 212
277, 215
277, 227
277, 243
277, 256
277, 265
277, 267
277, 287
277, 288
277, 290
277, 292
282, 149
282, 155
282, 157
282, 158
282, 165
282, 168
282, 176
282, 193
282, 199
282, 200
282, 210
282, 211
282, 212
282, 215
282, 227
282, 241
282, 243
282, 253
282, 256
282, 265
282, 267
282, 287
286, 129
286, 148
286, 149
286, 155
286, 157
286, 158
286, 165
286, 168
286, 173
286, 174
286, 176
286, 193
286, 196
286, 199
286, 200
286, 210
286, 211
286, 212
286, 215
286, 222
286, 227
286, 241
289, 148
289, 149
289, 155
289, 158
289, 165
289, 168
289, 173
289, 193
289, 199
289, 200
289, 210
289, 211
289, 212
289, 215
289, 227
289, 241
289, 243
289, 253
289, 256
289, 265
289, 267
289, 287
295, 129
295, 155
295, 157
295, 158
295, 165
295, 168
295, 174
295, 176
295, 193
295, 196
295, 199
295, 200
295, 210
295, 211
295, 212
295, 215
295, 222
295, 227
295, 241
295, 243
295, 253
295, 256
296, 148
296, 155
296, 165
296, 168
296, 173
296, 193
296, 199
296, 200
296, 210
296, 211
296, 212
296, 215
296, 227
296, 241
296, 243
296, 253
296, 256
296, 265
296, 267
296, 287
296, 288
296, 290
298, 93
298, 101
298, 118
298, 129
298, 148
298, 155
298, 157
298, 165
298, 168
298, 173
298, 174
298, 176
298, 193
298, 196
298, 199
298, 200
298, 210
298, 211
298, 212
298, 215
298, 222
298, 227
304, 21
304, 34
304, 57
304, 73
304, 93
304, 101
304, 118
304, 124
304, 129
304, 148
304, 155
304, 157
304, 168
304, 173
304, 174
304, 176
304, 193
304, 196
304, 199
304, 200
304, 210
304, 211
306, 93
306, 101
306, 129
306, 155
306, 157
306, 168
306, 174
306, 176
306, 193
306, 196
306, 199
306, 200
306, 210
306, 211
306, 212
306, 215
306, 222
306, 227
306, 241
306, 243
306, 253
306, 256
309, 148
309, 155
309, 168
309, 173
309, 193
309, 199
309, 200
309, 210
309, 211
309, 212
309, 215
309, 227
309, 241
309, 243
309, 253
309, 256
309, 265
309, 267
309, 287
309, 288
309, 290
309, 292
312, 148
312, 168
312, 173
312, 193
312, 199
312, 200
312, 210
312, 211
312, 212
312, 215
312, 227
312, 243
312, 256
312, 265
312, 288
312, 290
312, 292
312, 294
312, 300
312, 301
312, 310
312, 313
315, 155
315, 157
315, 173
315, 176
315, 193
315, 199
315, 200
315, 210
315, 211
315, 212
315, 215
315, 227
315, 241
315, 243
315, 253
315, 256
315, 265
315, 267
315, 287
315, 288
315, 290
315, 292
316, 136
316, 155
316, 157
316, 173
316, 176
316, 211
316, 212
316, 215
316, 227
316, 241
316, 243
316, 253
316, 256
316, 265
316, 267
316, 287
316, 288
316, 290
316, 292
316, 294
316, 300
316, 301
317, 77
322, 31
328, 155
328, 157
328, 173
328, 176
328, 211
328, 212
328, 215
328, 227
328, 241
328, 243
328, 253
328, 256
328, 265
328, 267
328, 287
328, 288
328, 290
328, 292
328, 294
328, 300
328, 301
328, 310
332, 93
332, 101
332, 129
332, 155
332, 157
332, 173
332, 174
332, 176
332, 196
332, 211
332, 212
332, 215
332, 222
332, 227
332, 241
332, 243
332, 253
332, 256
332, 265
332, 267
332, 287
332, 288
336, 7
336, 12
336, 21
336, 34
336, 52
336, 57
336, 67
336, 73
336, 76
336, 92
336, 93
336, 101
336, 109
336, 118
336, 124
336, 129
336, 155
336, 157
336, 166
336, 173
336, 174
336, 176
337, 503
340, 114
341, 180
341, 510
344, 211
344, 212
344, 215
344, 227
344, 243
344, 256
344, 265
344, 288
344, 290
344, 292
344, 294
344, 300
344, 301
344, 310
344, 313
344, 321
344, 366
344, 370
344, 383
344, 386
344, 394
344, 403
347, 180
347, 510
348, 126
350, 77
351, 93
351, 129
351, 157
351, 173
351, 174
351, 176
351, 196
351, 211
351, 215
351, 222
351, 227
351, 241
351, 243
351, 253
351, 256
351, 265
351, 267
351, 287
351, 288
351, 290
351, 292
351, 294
359, 173
359, 243
359, 256
359, 265
359, 267
359, 287
359, 288
359, 290
359, 292
359, 294
359, 300
359, 301
359, 310
359, 311
359, 313
359, 321
359, 333
359, 366
359, 370
359, 381
359, 383
359, 386
360, 180
360, 510
364, 173
364, 241
364, 243
364, 253
364, 256
364, 265
364, 267
364, 287
364, 288
364, 290
364, 292
364, 294
364, 300
364, 301
364, 310
364, 311
364, 313
364, 321
364, 330
364, 333
364, 339
364, 357
373, 1
373, 7
373, 12
373, 21
373, 25
373, 34
373, 52
373, 57
373, 67
373, 73
373, 76
373, 92
373, 93
373, 101
373, 109
373, 118
373, 124
373, 129
373, 157
373, 162
373, 166
373, 173
376, 241
376, 253
376, 256
376, 265
376, 267
376, 287
376, 288
376, 290
376, 292
376, 294
376, 300
376, 301
376, 310
376, 311
376, 313
376, 321
376, 330
376, 333
376, 339
376, 349
376, 357
376, 366
380, 157
380, 176
380, 241
380, 253
380, 256
380, 265
380, 267
380, 287
380, 288
380, 290
380, 292
380, 294
380, 300
380, 301
380, 310
380, 311
380, 313
380, 321
380, 330
380, 333
380, 339
380, 349
382, 101
382, 129
382, 174
382, 176
382, 196
382, 253
382, 265
382, 288
382, 290
382, 292
382, 300
382, 310
382, 313
382, 321
382, 339
382, 349
382, 366
382, 370
382, 381
382, 383
382, 386
382, 388
385, 241
385, 253
385, 265
385, 267
385, 287
385, 288
385, 290
385, 292
385, 294
385, 300
385, 301
385, 310
385, 311
385, 313
385, 321
385, 330
385, 333
385, 339
385, 366
385, 370
385, 381
385, 383
400, 288
400, 290
400, 292
400, 294
400, 300
400, 301
400, 310
400, 313
400, 321
400, 366
400, 370
400, 381
400, 383
400, 386
400, 394
400, 403
400, 428
400, 432
400, 439
400, 449
400, 453
400, 465
412, 267
412, 287
412, 288
412, 290
412, 292
412, 294
412, 300
412, 301
412, 310
412, 311
412, 313
412, 321
412, 333
412, 366
412, 370
412, 381
412, 383
412, 386
412, 388
412, 394
412, 403
412, 428
423, 241
423, 253
423, 267
423, 287
423, 290
423, 292
423, 294
423, 300
423, 301
423, 310
423, 311
423, 313
423, 321
423, 330
423, 333
423, 339
423, 357
423, 366
423, 370
423, 378
423, 381
423, 383
425, 290
425, 292
425, 294
425, 300
425, 301
425, 310
425, 313
425, 321
425, 366
425, 370
425, 383
425, 386
425, 394
425, 403
425, 428
425, 432
425, 439
425, 449
425, 453
425, 467
425, 473
425, 481
433, 114
435, 21
435, 34
435, 57
435, 73
435, 93
435, 101
435, 118
435, 124
435, 129
435, 157
435, 174
435, 176
435, 196
435, 222
435, 241
435, 253
435, 267
435, 279
435, 287
435, 292
435, 294
435, 300
438, 12
438, 21
438, 34
438, 57
438, 73
438, 92
438, 101
438, 118
438, 124
438, 129
438, 157
438, 166
438, 174
438, 176
438, 196
438, 222
438, 241
438, 253
438, 267
438, 279
438, 287
438, 294
442, 1
442, 7
442, 12
442, 21
442, 25
442, 34
442, 52
442, 57
442, 67
442, 73
442, 76
442, 92
442, 101
442, 109
442, 118
442, 124
442, 129
442, 157
442, 162
442, 166
442, 174
442, 176
445, 129
445, 174
445, 176
445, 196
445, 222
445, 241
445, 253
445, 267
445, 287
445, 294
445, 300
445, 301
445, 310
445, 311
445, 313
445, 321
445, 330
445, 333
445, 339
445, 349
445, 357
445, 366
446, 253
446, 267
446, 287
446, 294
446, 300
446, 301
446, 310
446, 311
446, 313
446, 321
446, 330
446, 333
446, 339
446, 349
446, 357
446, 366
446, 370
446, 378
446, 381
446, 383
446, 386
446, 388
448, 126
452, 180
452, 510
460, 176
460, 267
460, 287
460, 294
460, 300
460, 301
460, 310
460, 311
460, 313
460, 321
460, 330
460, 333
460, 339
460, 349
460, 357
460, 366
460, 370
460, 374
460, 378
460, 381
460, 383
460, 386
463, 101
463, 176
463, 222
463, 301
463, 310
463, 311
463, 321
463, 330
463, 333
463, 349
463, 357
463, 374
463, 378
463, 383
463, 386
463, 394
463, 403
463, 409
463, 439
463, 444
463, 449
463, 453
466, 31
474, 180
474, 510
476, 180
476, 510
480, 136
480, 300
480, 301
480, 310
480, 311
480, 313
480, 321
480, 330
480, 333
480, 339
480, 349
480, 357
480, 366
480, 370
480, 378
480, 381
480, 383
480, 386
480, 388
480, 394
480, 403
480, 409
482, 7
482, 12
482, 21
482, 25
482, 34
482, 52
482, 57
482, 67
482, 73
482, 76
482, 92
482, 109
482, 118
482, 124
482, 166
482, 174
482, 176
482, 196
482, 222
482, 231
482, 238
482, 266
485, 114
486, 310
486, 313
486, 321
486, 330
486, 339
486, 349
486, 357
486, 366
486, 370
486, 381
486, 383
486, 386
486, 388
486, 394
486, 403
486, 409
486, 411
486, 428
486, 432
486, 439
486, 444
486, 449
491, 301
491, 310
491, 311
491, 313
491, 321
491, 333
491, 366
491, 370
491, 381
491, 383
491, 386
491, 388
491, 394
491, 403
491, 428
491, 432
491, 439
491, 449
491, 453
491, 465
491, 467
491, 473
500, 301
500, 310
500, 313
500, 321
500, 366
500, 370
500, 381
500, 383
500, 386
500, 394
500, 403
500, 428
500, 432
500, 439
500, 449
500, 453
500, 465
500, 467
500, 473
500, 481
500, 488
500, 489
504, 31
507, 301
507, 310
507, 311
507, 313
507, 321
507, 330
507, 333
507, 383
507, 386
507, 394
507, 403
507, 428
507, 432
507, 439
507, 444
507, 449
507, 453
507, 467
507, 473
507, 481
507, 488
507, 489
514, 313
514, 321
514, 366
514, 370
514, 383
514, 386
514, 394
514, 403
514, 428
514, 432
514, 439
514, 449
514, 453
514, 467
514, 473
514, 481
514, 488
514, 489
514, 496
514, 497
514, 499
514, 503
516, 126
end