320
4
0, 0.32361956928018154, 0.44535507970166843
1, 0.15735133949007263, 0.4117565896822215
2, 0.052221443186500016, 0.8826974020446704
3, 0.03432697083008063, 0.1981456309456403
4, 0.3672975113472182, 0.580629800261814
5, 0.5565611454135243, 0.5314751657746468
6, 0.4599740324753494, 0.759347202924419
7, 0.5241646625499314, 0.6473602701223274
8, 0.08277606571935103, 0.31160644854956
9, 0.6260540824597018, 0.8686511041018796
10, 0.7205423993227538, 0.3400849109753856
11, 0.8571595108875122, 0.12533436888542804
12, 0.2293130209492391, 0.5734603432258433
13, 0.5650654712169518, 0.30096689249382547
14, 0.2264906857948359, 0.7453733863072852
15, 0.07956689399434924, 0.3385501820110337
16, 0.9817299763031562, 0.43427363629117655
17, 0.6090786905802129, 0.3109814756325535
18, 0.7551430731169432, 0.1872668962035987
19, 0.43734441367260257, 0.6043296394285248
20, 0.16360346768103262, 0.21501985336667617
21, 0.911194040370459, 0.4028635703812694
22, 0.4911900045159794, 0.16607938456473237
23, 0.7228326948965623, 0.08469041958205714
24, 0.2302981827736431, 0.7839532130252226
25, 0.5324410771071153, 0.17104519940828888
26, 0.502831295577534, 0.9278473754940132
27, 0.9564692127795995, 0.9057382690494862
28, 0.5254065445478531, 0.9713293836966077
29, 0.7296227528764175, 0.1987420550086043
30, 0.09301953634923243, 0.9126024273808927
31, 0.9152968750631154, 0.09460234567702819
32, 0.5564307245358181, 0.7568671326394031
33, 0.296718152734019, 0.11653835631158149
34, 0.4156420112814696, 0.2637410089688439
35, 0.030798776992895016, 0.533051127385695
36, 0.883487586244383, 0.14171279849719864
37, 0.07575778520960119, 0.4028898323826364
38, 0.5681950339824462, 0.37694177984487687
39, 0.5537317097262611, 0.4595155100062198
40, 0.9562005469379775, 0.9910706544006433
41, 0.5368754208014093, 0.988487964945757
42, 0.5036418176156492, 0.16990652142988616
43, 0.2944207834158922, 0.4253662840688843
44, 0.7973321773405637, 0.4217871860651984
45, 0.6282293552333515, 0.018621257455800122
46, 0.35788051998882586, 0.8915011831524323
47, 0.6213051168285234, 0.4767982367427124
48, 0.027156223856857786, 0.8571102919433017
49, 0.08630643861227916, 0.07197822682639476
50, 0.38502408721135983, 0.8278750853474045
51, 0.4353331433196931, 0.6920334499278001
52, 0.7793978223322177, 0.09365112580955126
53, 0.24203622259617508, 0.4419392627907265
54, 0.7970934692426943, 0.38528506112967664
55, 0.6683902583318011, 0.3957066375167172
56, 0.4656975698195023, 0.49392067632940395
57, 0.15778484689745553, 0.053962088653813356
58, 0.9534508999386917, 0.7548109715379551
59, 0.38470222514755403, 0.023763519920928844
60, 0.6858092727652882, 0.5348520470357396
61, 0.10666981730751335, 0.8635676276132751
62, 0.023229546575811222, 0.645267986840709
63, 0.13476070942778517, 0.7113239768885874
64, 0.7437847728130803, 0.8829825420575529
65, 0.5483088570846998, 0.8439710653288441
66, 0.775411689026456, 0.05348913919581544
67, 0.6969080459301482, 0.3414888943951765
68, 0.43935889384619975, 0.33888083075867836
69, 0.8259018845209153, 0.15987794817058942
70, 0.14325449334800144, 0.7700798322182608
71, 0.48763973205197275, 0.7849287263102696
72, 0.3117152239696719, 0.8846649678546213
73, 0.7183242077811711, 0.956445076163993
74, 0.6808478595207333, 0.443900626808025
75, 0.44598238597130424, 0.20020983051417662
76, 0.9986279137479985, 0.03212404589643769
77, 0.11770370694752463, 0.28675422514788196
78, 0.9844360571414699, 0.3375733805591067
79, 0.9921904867124486, 0.7121007406687325
80, 0.17103761581626054, 0.14744932946927758
81, 0.37016754972767507, 0.9262232559039549
82, 0.8399288527442809, 0.34845742413474645
83, 0.4444270685751782, 0.07782068447253254
84, 0.6521667505395283, 0.27881794572963803
85, 0.2293523635307092, 0.3574833034863445
86, 0.5264795646565831, 0.8600002573870447
87, 0.7606429444280657, 0.2698858269283939
88, 0.9466220741200747, 0.7517959081776222
89, 0.3715458738973084, 0.8788605452903168
90, 0.5973434377698643, 0.7658363405393642
91, 0.6171985473969976, 0.8379313136455061
92, 0.610967828483729, 0.8038149903956388
93, 0.5701553288992459, 0.018213728317561517
94, 0.7583860278942005, 0.7026458379834081
95, 0.8109996014651952, 0.9648984127861132
96, 0.5017952657468858, 0.5487013409622429
97, 0.3078686958108242, 0.28446033558710004
98, 0.8031465325544689, 0.1559672214265001
99, 0.5489807858146138, 0.057181601404958426
100, 0.8260429035653596, 0.5287407950282048
101, 0.9213055264930073, 0.14744071775957557
102, 0.9627455396699404, 0.06603971375209827
103, 0.9139374002135556, 0.7141148446297347
104, 0.07000991458095096, 0.6522876542794672
105, 0.7383194983754086, 0.761391717082897
106, 0.9853045788528386, 0.8751892825309612
107, 0.7007422464835495, 0.9036263250827888
108, 0.3498209162827155, 0.32069994117727574
109, 0.5538961708237898, 0.3462848844430977
110, 0.8935409198005457, 0.9705234594138015
111, 0.6766964626985265, 0.40238177210891724
112, 0.3459657820671813, 0.15315102725110286
113, 0.09422277989337347, 0.7157367386511269
114, 0.6998005591220563, 0.5930772212693294
115, 0.23412024746057103, 0.2850471641103811
116, 0.464892672522611, 0.8620419540880638
117, 0.7123637847416077, 0.5240339930860877
118, 0.03618881595951706, 0.7784754623746124
119, 0.540359644506148, 0.8107687200622185
120, 0.3743969930365292, 0.11246873864913931
121, 0.17531523543332728, 0.6761437390640458
122, 0.05672500233348399, 0.6319653721451013
123, 0.14525773059131553, 0.13846239039632657
124, 0.0566851290845829, 0.8346016160327708
125, 0.1377281447730656, 0.0412889283543878
126, 0.46775196967244415, 0.9315675143755886
127, 0.2614777667644411, 0.3152669219041583
128, 0.11401333603012054, 0.1659432666989451
129, 0.00875588540655814, 0.24586475277479114
130, 0.35403656041189024, 0.4583712716259719
131, 0.32365967919925165, 0.3635000780601415
132, 0.4150908388945349, 0.27473868966290516
133, 0.6453945878093718, 0.09055274397031732
134, 0.5796401290969274, 0.9691240052835424
135, 0.5445516723812306, 0.04288156583352998
136, 0.19510218390661727, 0.34937343316578406
137, 0.6621311136227889, 0.2824066848023612
138, 0.749300061583349, 0.7099058232481988
139, 0.4913704302300571, 0.695279374906643
140, 0.4127630201695386, 0.08137539841658847
141, 0.896819933415877, 0.5428733523283609
142, 0.4816679147390802, 0.9909472266785218
143, 0.9088609968999548, 0.7954887109593882
144, 0.10070841228862892, 0.36240893768191373
145, 0.2161429231394706, 0.6846282270487094
146, 0.1296052619736513, 0.25065085272627996
147, 0.6291337225038198, 0.6594333881398274
148, 0.18032357058758053, 0.04271390175171341
149, 0.45965905915369853, 0.5360928276092952
150, 0.11954958628758061, 0.0013033946294370713
151, 0.23814495417717296, 0.39213548331804904
152, 0.30862687270735356, 0.10856968960547408
153, 0.5317077164103902, 0.5024996825368753
154, 0.803101829721589, 0.5149093817405064
155, 0.21679975756856207, 0.6182722114572251
156, 0.3040276076415186, 0.5828395390129796
157, 0.42161569795604903, 0.10964443725946138
158, 0.6920588017230225, 0.5915337127700253
159, 0.8271232615004364, 0.4365237135054272
160, 0.21543525023081056, 0.40284995913442356
161, 0.9946645848072657, 0.812117100689986
162, 0.7350971301062815, 0.5026492417322332
163, 0.214167031804533, 0.9008372725354892
164, 0.7910867251834807, 0.9072282777718422
165, 0.011574719608037687, 0.32138010108301307
166, 0.5480951099067716, 0.6419731130609452
167, 0.9035212959914267, 0.377297213695453
168, 0.9902879115352966, 0.383872680403616
169, 0.6036098268540773, 0.2907086362008616
170, 0.2907898548824617, 0.24872974160716343
171, 0.15802133234916393, 0.4838150984549746
172, 0.19530513643270053, 0.41880217297879563
173, 0.471278820500315, 0.9991722847680694
174, 0.9924717774783126, 0.35171999551134525
175, 0.15236497193331033, 0.5915333557905909
176, 0.6395880002213687, 0.06388101656146716
177, 0.809999592963667, 0.482931615170887
178, 0.9710691491090356, 0.3096706726058175
179, 0.007935021058461444, 0.6139714913823343
180, 0.1067011360274761, 0.771177621166897
181, 0.7927538418544493, 0.5180379954509485
182, 0.9396919440909727, 0.4790755784249856
183, 0.0019541341537673285, 0.258661807421914
184, 0.06643358068847449, 0.8780377928339188
185, 0.041258898886562645, 0.9423122857414629
186, 0.7841398112620016, 0.6858915811858249
187, 0.6121540150068511, 0.5537389852264377
188, 0.7455547994295563, 0.7564778633480621
189, 0.6306317948678961, 0.10004527541331565
190, 0.6887380076442864, 0.8502409862347409
191, 0.33469200422440504, 0.1477322666428985
192, 0.4870210402258791, 0.9217804146308554
193, 0.1598902702351851, 0.678574769883762
194, 0.06551918229639009, 0.6634668499975854
195, 0.02341206794502526, 0.14857424692669052
196, 0.8476705387389539, 0.718901137583361
197, 0.6090239773760311, 0.23143562851717114
198, 0.29248528190632817, 0.7889719476740569
199, 0.27743344821539007, 0.6441851145529641
200, 0.6664833264671807, 0.7335623209842749
201, 0.7185260306679697, 0.7905347804352167
202, 0.05295029708752963, 0.3934408542314035
203, 0.1518319756882327, 0.07065688608577791
204, 0.1945424719189408, 0.5201874047262802
205, 0.6264973616981876, 0.48156924346093555
206, 0.2332481573619265, 0.5885388897271923
207, 0.8557707105685514, 0.2633924736007428
208, 0.6101841189745169, 0.32941480401121714
209, 0.965594785277432, 0.4529619084727242
210, 0.6610914782572712, 0.0645116325825229
211, 0.4462570399872867, 0.9952557103813129
212, 0.49022696351516215, 0.9700253512503841
213, 0.1683796120690979, 0.6516391757858714
214, 0.2909591908070276, 0.39894966706446455
215, 0.5869310684618384, 0.9723171290331389
216, 0.7016932888622046, 0.8030422510698513
217, 0.9133571026378707, 0.4780766922204138
218, 0.21363107014990157, 0.030001436095735246
219, 0.5927193329488797, 0.49096569835331083
220, 0.15464439530571383, 0.21590130843421695
221, 0.9239838964691818, 0.9077432540515515
222, 0.9236603771686241, 0.598403982995094
223, 0.12639941341502225, 0.4729528649480179
224, 0.2654381015702978, 0.2758179346718218
225, 0.06279950646187626, 0.26332475282732015
226, 0.26391503851218623, 0.7605089323086738
227, 0.9057660206571598, 0.5152368868188516
228, 0.5494960028189967, 0.7345441823847415
229, 0.4226167826812709, 0.008768616631793957
230, 0.30825185007854417, 0.8517152102761817
231, 0.22977973636038773, 0.4059137073822815
232, 0.009282946526904201, 0.17905012407046805
233, 0.12548321552145825, 0.09686780395001882
234, 0.9674999716527001, 0.37514920875773183
235, 0.17196645807241917, 0.24463236155352064
236, 0.8934348266482983, 0.7179156664475259
237, 0.267455717450801, 0.22921603665908274
238, 0.5594023983835296, 0.01688259038638862
239, 0.9107780254852634, 0.5942147529652372
240, 0.052632187934981256, 0.8669127893903471
241, 0.548355108004546, 0.9169651949231773
242, 0.20888209030892513, 0.06525849202228828
243, 0.5682464330728043, 0.5020430656154995
244, 0.010683232533443832, 0.3338930275093007
245, 0.816843300623834, 0.9503136226193001
246, 0.915757108212385, 0.550544739629064
247, 0.3515315620774516, 0.7849507323795362
248, 0.26857077760299075, 0.32082256630167605
249, 0.9462050681082955, 0.5428717775209173
250, 0.9409773530931428, 0.28523743058257744
251, 0.9583007394760403, 0.20652617615564595
252, 0.009229959494484907, 0.8587167751303713
253, 0.8793988777299351, 0.9627639745246024
254, 0.24522164179782047, 0.5688279158183303
255, 0.4921379305050012, 0.35209366556091004
256, 0.03900501249654742, 0.914986302575756
257, 0.45694466241893483, 0.601246694037578
258, 0.371176044303943, 0.533476882740993
259, 0.30872462892886854, 0.1800096662088625
260, 0.773820190660469, 0.18635222489170655
261, 0.16298003327508892, 0.49738550281183214
262, 0.505593999730135, 0.5035507831503381
263, 0.30218435064250404, 0.9709441638908317
264, 0.5793843297597091, 0.6802223431628817
265, 0.9888369124249416, 0.11819331305529379
266, 0.41357770689435447, 0.9999477913573901
267, 0.5352904481496995, 0.43359039524861
268, 0.6811955717049902, 0.001749531605627519
269, 0.7461048806572852, 0.9847891334937482
270, 0.9471046029358954, 0.5918954551829729
271, 0.19489750833013852, 0.3564045599014033
272, 0.3056452205231741, 0.8122715911783388
273, 0.8945700831367984, 0.8294029035017058
274, 0.6513447886101523, 0.8180997448909937
275, 0.8790029757758138, 0.39339945786598784
276, 0.44668129202546714, 0.7022980054553428
277, 0.20484796628469837, 0.3588310847677557
278, 0.9550721050159964, 0.5401966895460235
279, 0.660415910075181, 0.3392938571404861
280, 0.7349627511566096, 0.9078248475883778
281, 0.4853236704620395, 0.9074699090918826
282, 0.7179993261876443, 0.18041101127587167
283, 0.5902329804069102, 0.3261166114852141
284, 0.0238512215775184, 0.1979213627601527
285, 0.1721950537749849, 0.5077870607909843
286, 0.6676342753499539, 0.9315182157436002
287, 0.3530095285700755, 0.5123697816129247
288, 0.018312543533062553, 0.06462729148363344
289, 0.9366308515841919, 0.6864376195250304
290, 0.8435779246741651, 0.966154410491358
291, 0.4318698599891274, 0.6139209534301858
292, 0.014718855021533361, 0.6415337157899823
293, 0.07807466812620412, 0.091003213596478
294, 0.3888223621750132, 0.44131769560578826
295, 0.7151785071071731, 0.7533618337717021
296, 0.7061617316009855, 0.48985510464793913
297, 0.9548286520390196, 0.9725978350148043
298, 0.49501138321620075, 0.8720030849996991
299, 0.055472020675001454, 0.48385898655176773
300, 0.18163842384244, 0.8792674126259481
301, 0.8769730030239864, 0.4887379745625715
302, 0.31473178828129844, 0.5019160168394943
303, 0.5755499099027367, 0.9503570448693169
304, 0.7156207922228337, 0.09496165972873027
305, 0.40843345549815324, 0.5682205054308783
306, 0.4688387182913739, 0.8764220975597709
307, 0.3132289769984261, 0.425179518106108
308, 0.08921211846803434, 0.2788008735504539
309, 0.4690856185357498, 0.2883256058495368
310, 0.31593091937607864, 0.07198832079911766
311, 0.9980113804788879, 0.4136381646699123
312, 0.8231995622844503, 0.8121127167849237
313, 0.94665496050741, 0.5380536483653492
314, 0.6854056696085219, 0.05146107062625438
315, 0.8272188400281509, 0.022227963112416815
316, 0.5262373483873468, 0.8192467110640705
317, 0.8870102629468822, 0.4462011464536876
318, 0.1044135665015854, 0.5590571492698748
319, 0.7500783359046143, 0.8946987065182548
end_nodes
0, 1
0, 2
0, 3
0, 4
0, 5
0, 6
0, 7
0, 8
0, 9
0, 10
0, 11
0, 12
0, 13
0, 14
0, 15
0, 16
0, 17
1, 2
1, 12
1, 15
1, 35
1, 37
1, 48
1, 53
1, 62
1, 63
1, 104
1, 113
1, 118
1, 121
1, 122
1, 124
1, 144
2, 6
2, 9
2, 14
2, 24
2, 26
2, 27
2, 28
2, 30
2, 40
2, 41
2, 46
2, 48
2, 50
2, 61
2, 63
3, 8
3, 11
3, 15
3, 20
3, 22
3, 23
3, 25
3, 29
3, 31
3, 33
3, 34
3, 35
3, 37
3, 42
3, 43
3, 45
4, 6
4, 14
4, 24
4, 156
4, 198
4, 199
4, 226
4, 247
4, 302
5, 7
5, 9
5, 16
5, 27
5, 32
5, 39
5, 47
5, 56
5, 58
5, 60
5, 64
5, 74
5, 79
5, 88
5, 90
5, 91
6, 9
6, 50
6, 51
6, 61
6, 65
6, 71
6, 86
6, 116
6, 119
6, 139
6, 184
6, 247
6, 258
6, 272
7, 19
7, 32
7, 96
7, 130
7, 149
7, 166
7, 228
7, 257
8, 15
8, 43
8, 77
8, 136
8, 151
8, 225
8, 271
8, 277
8, 308
9, 19
9, 32
9, 64
9, 65
9, 71
9, 72
9, 86
9, 89
9, 91
9, 92
9, 116
9, 119
9, 139
10, 11
10, 16
10, 17
10, 18
10, 21
10, 31
10, 36
10, 38
10, 44
10, 54
10, 55
10, 67
10, 69
10, 76
10, 78
10, 82
11, 13
11, 18
11, 22
11, 25
11, 29
11, 31
11, 42
11, 69
11, 98
11, 260
11, 282
12, 53
12, 121
12, 204
12, 206
12, 254
12, 285
13, 17
13, 18
13, 84
13, 137
13, 169
13, 255
14, 24
14, 70
14, 145
14, 155
14, 156
14, 199
14, 302
15, 37
15, 144
15, 160
15, 172
15, 231
16, 21
16, 44
16, 54
16, 60
16, 74
16, 76
16, 78
16, 79
16, 82
16, 100
16, 117
16, 141
16, 154
16, 159
17, 38
17, 67
17, 109
17, 137
17, 208
17, 255
17, 279
17, 283
18, 84
18, 87
18, 137
18, 169
18, 260
19, 32
19, 228
19, 257
20, 29
20, 34
20, 75
20, 197
20, 220
20, 237
21, 82
21, 275
22, 42
22, 259
23, 31
23, 45
23, 52
23, 66
23, 76
23, 83
23, 99
23, 102
23, 112
23, 120
23, 133
23, 157
23, 176
23, 189
23, 191
23, 210
24, 61
24, 198
24, 226
25, 29
25, 42
25, 282
26, 27
26, 40
26, 46
26, 73
26, 95
26, 107
26, 110
26, 126
26, 163
26, 164
26, 192
26, 221
26, 241
26, 245
26, 253
26, 280
27, 40
27, 46
27, 58
27, 64
27, 72
27, 79
27, 88
27, 94
27, 105
27, 106
27, 107
27, 110
27, 138
27, 143
28, 40
28, 41
28, 81
28, 134
28, 212
28, 215
28, 269
28, 303
29, 68
29, 75
29, 85
29, 98
29, 108
29, 131
29, 197
29, 214
29, 282
29, 307
29, 309
30, 41
30, 142
30, 173
30, 185
30, 211
30, 252
30, 256
30, 263
30, 266
31, 36
31, 52
31, 102
31, 112
31, 304
32, 90
32, 91
32, 166
32, 228
32, 264
33, 45
33, 49
33, 57
33, 59
33, 80
33, 93
33, 123
33, 125
33, 128
33, 135
33, 140
33, 148
33, 150
33, 152
33, 195
33, 203
34, 85
34, 97
34, 115
34, 127
34, 132
34, 146
34, 170
34, 197
34, 220
34, 224
34, 235
34, 237
34, 248
35, 37
35, 62
35, 129
35, 165
35, 179
35, 183
35, 195
35, 202
35, 232
35, 244
35, 284
35, 288
35, 292
35, 299
36, 76
36, 102
37, 144
37, 202
37, 299
38, 67
38, 109
38, 208
38, 279
38, 283
39, 47
39, 56
39, 74
39, 153
39, 219
39, 243
39, 262
40, 41
40, 73
40, 81
40, 95
40, 106
40, 110
40, 126
40, 134
40, 142
40, 163
40, 173
40, 215
40, 269
41, 142
41, 212
41, 269
42, 259
43, 77
43, 136
43, 151
43, 271
43, 277
44, 54
44, 55
44, 111
44, 159
44, 267
44, 294
45, 66
45, 76
45, 83
45, 93
45, 99
45, 135
45, 150
45, 176
45, 210
45, 229
45, 238
45, 268
45, 314
45, 315
46, 107
46, 192
46, 241
46, 281
47, 74
47, 205
47, 219
48, 62
48, 118
48, 124
48, 179
48, 240
48, 252
48, 292
49, 57
49, 125
49, 150
49, 195
49, 203
49, 233
49, 288
49, 293
50, 116
50, 230
50, 272
50, 300
51, 139
51, 258
51, 276
51, 291
51, 305
52, 304
55, 111
55, 267
55, 294
56, 262
57, 125
57, 203
58, 79
58, 88
58, 103
58, 114
58, 158
58, 236
59, 93
59, 150
59, 152
59, 218
59, 238
59, 310
60, 79
60, 100
60, 117
60, 141
60, 154
60, 162
60, 177
60, 181
60, 187
60, 222
60, 239
60, 246
60, 270
60, 289
61, 184
61, 198
61, 247
62, 104
62, 118
62, 122
62, 194
62, 223
62, 292
63, 113
63, 121
63, 171
63, 175
63, 180
63, 193
63, 213
63, 261
64, 72
64, 105
64, 147
64, 190
64, 200
64, 201
64, 216
64, 274
64, 295
64, 319
65, 71
65, 86
65, 316
66, 76
66, 314
67, 279
68, 214
68, 307
69, 87
69, 260
70, 145
70, 155
71, 316
72, 89
72, 306
72, 319
73, 95
74, 205
74, 296
74, 317
76, 78
76, 79
76, 101
76, 102
76, 161
76, 168
76, 174
76, 178
76, 207
76, 250
76, 251
77, 136
77, 225
77, 308
78, 82
78, 167
78, 178
78, 207
78, 234
78, 250
79, 103
79, 106
79, 114
79, 161
79, 168
79, 174
79, 187
79, 222
79, 249
79, 270
79, 278
80, 123
80, 128
80, 195
81, 303
82, 167
83, 99
83, 120
83, 133
84, 137
84, 169
85, 108
85, 115
85, 127
85, 131
85, 132
85, 146
85, 197
85, 214
85, 248
85, 307
85, 309
86, 116
87, 260
88, 94
88, 143
88, 186
88, 196
89, 298
89, 306
90, 91
90, 264
91, 92
93, 135
93, 140
93, 152
93, 238
94, 138
94, 143
94, 186
94, 196
94, 273
95, 110
95, 290
96, 130
96, 149
97, 115
97, 127
98, 282
99, 176
100, 141
100, 154
100, 181
100, 182
100, 209
100, 217
100, 227
100, 301
101, 207
103, 114
104, 118
104, 122
104, 194
104, 318
105, 147
105, 188
105, 295
105, 312
106, 161
107, 164
107, 241
107, 280
107, 281
108, 309
109, 283
110, 221
110, 253
110, 290
110, 297
111, 267
112, 189
112, 304
114, 158
115, 127
115, 146
115, 224
116, 230
116, 300
117, 177
118, 194
118, 318
119, 139
120, 133
120, 157
120, 191
121, 175
121, 180
121, 193
121, 206
121, 213
121, 261
121, 285
122, 223
123, 195
124, 240
125, 148
125, 150
125, 242
126, 163
127, 248
128, 195
129, 165
129, 183
129, 232
129, 244
130, 149
131, 214
131, 309
132, 197
134, 215
134, 303
135, 140
136, 277
139, 276
139, 291
139, 305
141, 182
141, 209
141, 227
141, 246
141, 249
141, 278
141, 313
142, 173
143, 273
145, 155
146, 224
146, 235
147, 188
147, 200
147, 201
147, 295
147, 312
148, 150
148, 242
150, 218
150, 229
150, 238
150, 268
150, 288
150, 310
151, 271
153, 262
154, 181
154, 301
156, 199
156, 302
157, 191
158, 236
159, 294
160, 172
160, 231
161, 311
162, 177
164, 280
165, 244
167, 234
168, 174
170, 235
171, 261
172, 231
173, 211
173, 266
175, 213
175, 261
176, 210
178, 250
178, 265
179, 183
179, 252
179, 292
182, 209
182, 227
183, 232
183, 244
183, 252
183, 288
185, 252
185, 256
185, 263
185, 266
186, 196
187, 289
188, 312
190, 274
192, 241
193, 213
195, 233
195, 284
195, 288
195, 293
197, 237
198, 226
198, 247
200, 216
201, 295
204, 285
206, 254
207, 250
207, 251
208, 279
209, 217
211, 266
214, 307
218, 310
219, 243
221, 245
221, 253
221, 286
222, 239
222, 270
225, 308
229, 268
230, 300
232, 288
233, 293
239, 270
241, 281
245, 253
245, 286
246, 249
246, 270
249, 270
249, 278
250, 251
250, 265
252, 256
258, 287
258, 305
263, 266
267, 294
268, 315
271, 277
278, 313
284, 288
287, 305
291, 305
296, 317
end