400
4
0, 0.3678090633971225, 0.8495848471701046
1, 0.4468274247410313, 0.47304257093673174
2, 0.1861955089615751, 0.4633659327273081
3, 0.9170232855344747, 0.22870947509508077
4, 0.30233653835791796, 0.1942293344861843
5, 0.3341643202760268, 0.9434465242935329
6, 0.14011580576221583, 0.5142954221765274
7, 0.8468563082719706, 0.6056268978436441
8, 0.9114720740404775, 0.35997419738877634
9, 0.39030517051242664, 0.6154982909761072
10, 0.4377598539871024, 0.1726231750262014
11, 0.5328978893082054, 0.5863231932067008
12, 0.15775973124331888, 0.600182797662332
13, 0.9476900748953581, 0.17530585119385722
14, 0.6351969586647669, 0.9334321104801014
15, 0.22221590119426515, 0.6559066493785608
16, 0.3893073136195686, 0.4401406805077095
17, 0.16676016346984945, 0.3005665924926245
18, 0.1362735849454002, 0.4948214879816504
19, 0.2804736270687981, 0.7445533006690102
20, 0.5747357920189308, 0.8172761769918875
21, 0.40831314891055936, 0.1494492103279419
22, 0.9060569448304993, 0.8613952241263253
23, 0.01332612637781172, 0.6167983583354174
24, 0.28775745438192246, 0.832870992939085
25, 0.8835292664160768, 0.6828118722763327
26, 0.80371462980777, 0.14984131427157776
27, 0.7158234119924716, 0.2817761783932483
28, 0.5769100980794397, 0.3008353277980348
29, 0.10399411458913432, 0.8398995351956414
30, 0.5294005873292935, 0.9106790741341259
31, 0.827932341234746, 0.6534717098599571
32, 0.16806807647198452, 0.5611683454451445
33, 0.19135864674290126, 0.5898568989871925
34, 0.7286613505943121, 0.5932898943681958
35, 0.6769465877831256, 0.7720321073130405
36, 0.5517023208752208, 0.1892057772499559
37, 0.530610312088889, 0.000779927710035544
38, 0.2643021448565188, 0.9964777279611747
39, 0.001347512361073, 0.3352862197216684
40, 0.8560655180822855, 0.23495081913492377
41, 0.5442346617104036, 0.476890534187418
42, 0.26759949086803947, 0.5380589675260301
43, 0.6449127293298273, 0.0346247233829039
44, 0.058693432938850765, 0.5262306765211537
45, 0.42900246463045055, 0.031517255197505256
46, 0.35223454265282406, 0.836629416996364
47, 0.43815945663606715, 0.5713543565616339
48, 0.2335549077933794, 0.25185683222943556
49, 0.5170101571670439, 0.29130186420241433
50, 0.3644451004165872, 0.49513148123735007
51, 0.6524485157871206, 0.4347864296566686
52, 0.21044726458337315, 0.9755124381535395
53, 0.9957671216859254, 0.32574360893960674
54, 0.4616963572474373, 0.7564352924395621
55, 0.3411086183553431, 0.5171575790805443
56, 0.13002844156092375, 0.48967401841987657
57, 0.8492852700658434, 0.5684522527367909
58, 0.3215321321056226, 0.933175384330114
59, 0.8720884910587382, 0.3488074073165667
60, 0.5364256950722993, 0.2967886311346126
61, 0.924738509995866, 0.4331041539011199
62, 0.9334696190813788, 0.532456600404798
63, 0.6532342464130707, 0.863324520072121
64, 0.9788755279291136, 0.792548280276714
65, 0.6572031694340819, 0.47371279459127846
66, 0.6564010073841556, 0.6702298729127331
67, 0.9512426116056117, 0.7992526726796905
68, 0.9564029499348338, 0.19242057251710598
69, 0.520417964607301, 0.7040764598316198
70, 0.3716885173414195, 0.7479706943200091
71, 0.7703626269780531, 0.3497934079985777
72, 0.6418092900942215, 0.8527096637215297
73, 0.3914312273465559, 0.9382665381206611
74, 0.6920776470603545, 0.889625933983935
75, 0.3045470572332396, 0.40386203911507423
76, 0.5420634290332517, 0.4019878542634131
77, 0.8674985386475998, 0.10484552911446265
78, 0.24908047318193272, 0.19940146725542662
79, 0.8924630676848132, 0.9598601891175961
80, 0.9513615820903593, 0.062757504002101
81, 0.1654596708624183, 0.2872943382045273
82, 0.40969764869424563, 0.0028443597735156034
83, 0.008051844362675364, 0.6122414405875105
84, 0.6497017600735743, 0.29296539864669924
85, 0.9712747734419309, 0.9968848478007752
86, 0.9011975213460074, 0.07995370108680311
87, 0.17427739146301813, 0.25964822461072357
88, 0.9419843126080412, 0.23285536910819327
89, 0.9727464487805484, 0.9265130959070607
90, 0.6726140798374914, 0.3910170430140679
91, 0.23855209390894583, 0.17286425510978853
92, 0.9184450486135629, 0.3109648168228243
93, 0.8210571267292374, 0.7493592033089452
94, 0.7219552036333643, 0.7083419759070158
95, 0.9101965391136492, 0.9622427846292134
96, 0.454686312386927, 0.8565258712128133
97, 0.5898392058248738, 0.2280358085553491
98, 0.15938329622701364, 0.1518201985190034
99, 0.6650909691514226, 0.049170089177832166
100, 0.984000710008359, 0.34744448710338516
101, 0.38198857068512415, 0.2816009110765709
102, 0.33722221337529845, 0.403345196728381
103, 0.31533312941859026, 0.019665347177718284
104, 0.6252306377497304, 0.3747945916828981
105, 0.8292710694312, 0.23795687199739424
106, 0.7681612821745757, 0.7748594572023509
107, 0.7211356346665174, 0.4245361159652913
108, 0.3935715237976354, 0.8997850442652283
109, 0.44135448297654245, 0.7733462203128566
110, 0.6309320160122324, 0.8390626758947337
111, 0.4643414804355993, 0.5905881354352627
112, 0.2363540839046664, 0.07311517295354941
113, 0.5947619608053354, 0.6966735858441104
114, 0.6402389815815714, 0.9049083248682597
115, 0.24518253854538463, 0.14889684557839755
116, 0.5176838892797875, 0.15067772376003963
117, 0.12623118267919464, 0.622078511871522
118, 0.9030801053081149, 0.005382702649001869
119, 0.3122195108863166, 0.14939896147199638
120, 0.7944916060343936, 0.5349380556554414
121, 0.13372390672818746, 0.03263278234500777
122, 0.4512859303592618, 0.38756627612790717
123, 0.06584745217371857, 0.2322301152331785
124, 0.33246684495113066, 0.07238348761616087
125, 0.8473348364581306, 0.29941462853786127
126, 0.1774211342253843, 0.04842762893320762
127, 0.12735835858052813, 0.9464323608348225
128, 0.8898712587071447, 0.0383487778115732
129, 0.8782699797069007, 0.26165712491501725
130, 0.27194958325587903, 0.41661493933144067
131, 0.08288140827014245, 0.8571116643783834
132, 0.8478374926464893, 0.4017545353585159
133, 0.5270373775904986, 0.6876325607184832
134, 0.09462164034034803, 0.9870189495871198
135, 0.37130705562653343, 0.9442133143497389
136, 0.08609792828636065, 0.19873694758071392
137, 0.060179306382301734, 0.32081413797166836
138, 0.7839434349109046, 0.7961900230399306
139, 0.18007610999090007, 0.4103831689089018
140, 0.1448376393485984, 0.17392237344837147
141, 0.7892070270171755, 0.5331731474420269
142, 0.7459750548384961, 0.5457805971504517
143, 0.7247525484002283, 0.7926991415738726
144, 0.7475845071576863, 0.4466677989370825
145, 0.6431389359204529, 0.3228059271464986
146, 0.41914764821208306, 0.21849731726194055
147, 0.9546335305988375, 0.4948946922578099
148, 0.46569032715860714, 0.9435555947587566
149, 0.5486307444767582, 0.44678767450667756
150, 0.9565827828753929, 0.5300045925975365
151, 0.02082221177811927, 0.9936792473777443
152, 0.46353337124278093, 0.6215900790955201
153, 0.8445108330857234, 0.40032573699932095
154, 0.6374665287593296, 0.9394336447396412
155, 0.5263532311087958, 0.5308639650047098
156, 0.6153035173452283, 0.15476922625942313
157, 0.594061393943878, 0.8064074201543029
158, 0.6815087646078563, 0.33126320220996
159, 0.14952326689135853, 0.925627339710857
160, 0.1652820296877715, 0.02919250483007363
161, 0.5005100625292569, 0.24538284620733353
162, 0.7390638099966824, 0.6396978895412105
163, 0.16572886807845555, 0.5159615227605583
164, 0.4650053879092506, 0.730939499030404
165, 0.5674726971901695, 0.02402636402341185
166, 0.7817795054044248, 0.2670970783775519
167, 0.7143578403737346, 0.4198344185151669
168, 0.11293231005574966, 0.502582196801194
169, 0.1722924719119503, 0.8194975903184851
170, 0.32884879742184603, 0.19650372387922388
171, 0.610716257073097, 0.9001475275548189
172, 0.7322358455798014, 0.06634681678542942
173, 0.7322571072719951, 0.8727138131859438
174, 0.19279880233628743, 0.461761351583587
175, 0.06691264120712825, 0.23810997870957706
176, 0.9358078067386115, 0.5571298379762901
177, 0.5324741683753719, 0.5980133991805654
178, 0.08328614859483408, 0.9731687960482536
179, 0.8155914445618008, 0.46970571580863163
180, 0.704230681864882, 0.13896428206696
181, 0.6094659123987644, 0.4462773015662568
182, 0.8452832027662713, 0.13757298066501378
183, 0.6867793590747053, 0.423155919072874
184, 0.39454156849268174, 0.02501935602815797
185, 0.9979981250932923, 0.10637534217865208
186, 0.9851471702075284, 0.8466263306246083
187, 0.48343891283763396, 0.7851908343259234
188, 0.3035292851640602, 0.8751175728331309
189, 0.8661741754824276, 0.0478729203107523
190, 0.08995151618885455, 0.3848591264635619
191, 0.013450764404019933, 0.9480405212259296
192, 0.10203953889594441, 0.12932598005128348
193, 0.6976189514944429, 0.5311822082609833
194, 0.4257844431718967, 0.02042246800194869
195, 0.06058736067605208, 0.38320419056866617
196, 0.2288947400397332, 0.7011721175503622
197, 0.8084903122251118, 0.3226521749257457
198, 0.10807406004739839, 0.7866017748060575
199, 0.03392698503976577, 0.8101172003036236
200, 0.09448530353698459, 0.5543915101911729
201, 0.5526657071047193, 0.7804363500411318
202, 0.5077223992657875, 0.2424896591511806
203, 0.06180746452842634, 0.5254284838512749
204, 0.9290631641267307, 0.7301026714032962
205, 0.5621805738506429, 0.13508104318631575
206, 0.7927860063251543, 0.20580326982089325
207, 0.004127205606033302, 0.7247988232509583
208, 0.693271197847077, 0.4847624460542409
209, 0.27023438556042123, 0.6724797623332949
210, 0.9627457149503484, 0.6871274235945821
211, 0.4732344310545116, 0.8503162458556818
212, 0.9632820687314323, 0.49788243683188804
213, 0.0686090844557059, 0.9303243427474838
214, 0.8651341408090851, 0.5241235219378352
215, 0.653492468589161, 0.07731772231861644
216, 0.4773121124759172, 0.1339999396907119
217, 0.6168785222316499, 0.41947041901054827
218, 0.496269012289709, 0.7089007239941525
219, 0.6530533919452974, 0.05103409437267803
220, 0.7110599482529888, 0.7975544239216242
221, 0.5279813172249765, 0.01202777402529076
222, 0.1568717035263424, 0.3381005753505024
223, 0.815125609187452, 0.9076114036397419
224, 0.25797868710503946, 0.7042022577739705
225, 0.6041733009857, 0.6370176341702658
226, 0.018820899923851053, 0.3183651116835249
227, 0.7364483989280548, 0.07112801122334911
228, 0.1441533898314752, 0.6555977913523088
229, 0.30756571060706417, 0.1696063830442165
230, 0.9339730407128516, 0.24436160373298055
231, 0.6907194962880602, 0.999573109301881
232, 0.8860270100442754, 0.36933666961516143
233, 0.7572637160096031, 0.4381988490365095
234, 0.01818574655830385, 0.3411526955988221
235, 0.16766403463032342, 0.2511915955506667
236, 0.2408521076148331, 0.6098125357908002
237, 0.37840680336538524, 0.06500438488538474
238, 0.8817708465408094, 0.17078879635141253
239, 0.8290664084538126, 0.5534917050773492
240, 0.8337208602397751, 0.7561200307169509
241, 0.02548884103850979, 0.41624146529302364
242, 0.8075955298148523, 0.8009551688808293
243, 0.39220365614058283, 0.12747572782090177
244, 0.8879591912654736, 0.4575607703677226
245, 0.6076292887652069, 0.724097691907622
246, 0.9928912092870419, 0.2321984727069103
247, 0.6489219178101723, 0.463246235934072
248, 0.36557152653149205, 0.8025019735114113
249, 0.9498003887514989, 0.6725432594731509
250, 0.9420062919935976, 0.37744957718941186
251, 0.5935448449312447, 0.568151260839977
252, 0.6983153199470661, 0.2524308948293519
253, 0.27273626935952056, 0.6428959638990538
254, 0.007296218376610986, 0.08906580120252361
255, 0.6578910772323369, 0.008434434653379674
256, 0.14862980635728373, 0.4625590038979095
257, 0.8167607777153817, 0.5363224692858442
258, 0.4925197360900557, 0.7972712732104075
259, 0.3585807065997706, 0.8615234439370987
260, 0.3109074515908635, 0.5763948893472
261, 0.9621928214629991, 0.7603251750864477
262, 0.8885017489094118, 0.0047538970436575845
263, 0.5052027051483751, 0.9323803469951282
264, 0.11019150879508843, 0.5688132553473085
265, 0.8397537359146326, 0.02848178572269211
266, 0.42518213781918135, 0.20646539692743449
267, 0.06514611334076159, 0.5645073689072516
268, 0.2559502951230772, 0.28637249741155735
269, 0.7414055298645771, 0.12673559974969384
270, 0.3104610380187277, 0.9129184260804333
271, 0.3450368870226651, 0.9829884237015838
272, 0.08412480202739803, 0.2855026402257598
273, 0.20651716551977928, 0.31887694488966833
274, 0.10823193012333265, 0.669485769780156
275, 0.006362862665986846, 0.9956599606019655
276, 0.24180185456134085, 0.3256179699517452
277, 0.24179479666467352, 0.31108098630477266
278, 0.904810054489974, 0.948098644312274
279, 0.5042948890978013, 0.06292453174896273
280, 0.3027171199651857, 0.8252629347453904
281, 0.17319411475087032, 0.7335080224432838
282, 0.5860925606070742, 0.11807937729735529
283, 0.7782998197162689, 0.24691641167606904
284, 0.6595145291865478, 0.7107912877706045
285, 0.3314339117543551, 0.82616727590701
286, 0.4221987242329912, 0.7713811030527953
287, 0.7412157529349819, 0.23325365845200052
288, 0.7506626348508891, 0.7998080744827912
289, 0.9906665290120564, 0.40166359560587817
290, 0.9559807364486346, 0.9439510302411784
291, 0.005277962206944653, 0.3633344315168717
292, 0.4131651377305259, 0.8500008782576404
293, 0.5004282446933536, 0.7810031268501115
294, 0.9243484321056157, 0.2411870556153567
295, 0.6932978731716797, 0.3188576467692692
296, 0.09962071238945847, 0.6009842337057327
297, 0.9083138201208951, 0.560681056788534
298, 0.19476110090351884, 0.698245184852133
299, 0.22472183852319016, 0.2546772953130778
300, 0.5259095340031104, 0.09785872951856833
301, 0.35812743157189497, 0.8509583334799855
302, 0.18039833553398332, 0.12546252042593475
303, 0.484666755810946, 0.49279703493753146
304, 0.8669961717142971, 0.3974736857808243
305, 0.08393242265638667, 0.7778169310925408
306, 0.32924471655657117, 0.7794798511678951
307, 0.8608400470919162, 0.5024285207184022
308, 0.5813218723176239, 0.37352180546750224
309, 0.7274188954747417, 0.5980080585887653
310, 0.3839684134168406, 0.9020374304252827
311, 0.06280744760233992, 0.2272235675295926
312, 0.9301367299647032, 0.4420338176210702
313, 0.026091921282932917, 0.57018494835001
314, 0.380529425471992, 0.9772137289765831
315, 0.6415725602830679, 0.9401963957685819
316, 0.5678519317581064, 0.6170020154901582
317, 0.7334340108939175, 0.5513292884314509
318, 0.26013729404379426, 0.12414227496324637
319, 0.13475616702766158, 0.4061884247250176
320, 0.5230546689935417, 0.038181158924285086
321, 0.7694010638080122, 0.03802521142436088
322, 0.7477890151837504, 0.965413508431832
323, 0.619261596642214, 0.1682986663999032
324, 0.9254519571777627, 0.003609585731746301
325, 0.4187474253929079, 0.8223606311108004
326, 0.360381146405215, 0.23824042971145376
327, 0.983389653346327, 0.9831369236784874
328, 0.6424210275786395, 0.21852147421874857
329, 0.7977794330743383, 0.989402406119293
330, 0.17342620736028047, 0.49519243211715547
331, 0.7012451421043917, 0.7945309818066407
332, 0.5571878678944927, 0.9318704015825304
333, 0.29983635455297053, 0.21974557304606868
334, 0.9875303036181354, 0.5729843445600019
335, 0.012634326218619485, 0.3905780860201026
336, 0.3485463937355455, 0.3706672872288871
337, 0.40692783973977364, 0.6421754482317478
338, 0.18702303540776222, 0.6501204574622869
339, 0.7813194445960827, 0.04504989501913392
340, 0.5520477105969972, 0.8472012717575216
341, 0.44668659949207545, 0.9847894971973097
342, 0.6185817285265546, 0.5461442772344591
343, 0.11326945905388897, 0.9874992182318469
344, 0.5503871000877794, 0.6383912121921668
345, 0.2291613878663893, 0.8398833997553573
346, 0.3438096318720437, 0.5137180850829273
347, 0.8823678965281506, 0.6033705110570592
348, 0.8839540092697019, 0.4312337478438484
349, 0.5487011833686308, 0.07988572795593274
350, 0.8477970179664538, 0.6788432428345795
351, 0.4929910319328805, 0.8783287025625652
352, 0.17888487034663958, 0.5179640616400236
353, 0.14484466862390966, 0.494622737573682
354, 0.4509422373635942, 0.7601777844205928
355, 0.07251887927022915, 0.23190876120687243
356, 0.25037532455901557, 0.10552830005728431
357, 0.9119519531790348, 0.30391300477142846
358, 0.3508372582600078, 0.49894320877569653
359, 0.44531749463881853, 0.06903006940394685
360, 0.6868707978715936, 0.51249708876554
361, 0.8072217204798822, 0.5930083615880427
362, 0.7708919978490683, 0.5805239220370588
363, 0.2324202045661945, 0.42937992912369827
364, 0.022435566842656574, 0.4705598407126833
365, 0.4849283391807425, 0.4037835370590993
366, 0.3156952910545934, 0.3786837589866755
367, 0.21982562399880656, 0.8970400129346455
368, 0.23115931804649292, 0.1336337992722516
369, 0.30217047606020053, 0.514684110581678
370, 0.6812104507215656, 0.016514053870494316
371, 0.38665128888292766, 0.33511904967138917
372, 0.24895499675497146, 0.3141495643592248
373, 0.05298644481960768, 0.5887407225885168
374, 0.9474086740030879, 0.4793537231888535
375, 0.7888575733568197, 0.5355781313205344
376, 0.3802114349652864, 0.9330628462947369
377, 0.10648736111975476, 0.573685302835748
378, 0.703131967693965, 0.33371073427316134
379, 0.43146843258581136, 0.7369230243662408
380, 0.925724147959023, 0.9596911593369488
381, 0.53054903475896, 0.16048977565058387
382, 0.8428739658287481, 0.8556795545828066
383, 0.2282027230850272, 0.38024801400621344
384, 0.8932427365615994, 0.34867336451593134
385, 0.4843343094723285, 0.7649512939945167
386, 0.0013885546867716814, 0.381808059643282
387, 0.49868499747321926, 0.2997152185075007
388, 0.9487463115700627, 0.9106112950439709
389, 0.4161436812435376, 0.06745579638453725
390, 0.2819827843551074, 0.3495883317071474
391, 0.948740827545097, 0.18676413292542893
392, 0.24466383365268773, 0.9339834375899536
393, 0.5256989993457718, 0.2629990440678931
394, 0.37557759384310496, 0.08792126462857841
395, 0.2217519690165939, 0.06727917658171156
396, 0.03841149473106886, 0.7691837485500818
397, 0.29641050246862277, 0.14160078381702257
398, 0.44819142938327716, 0.0929260540124317
399, 0.2517358386733798, 0.8788777969747323
end_nodes
0, 1
0, 2
0, 3
0, 4
0, 5
0, 6
0, 7
0, 8
0, 9
0, 10
0, 11
0, 12
0, 13
0, 14
0, 15
0, 16
0, 17
0, 18
0, 19
0, 20
22, 24
22, 29
22, 131
22, 169
22, 198
22, 199
22, 301
22, 305
22, 345
22, 396
23, 14
23, 20
23, 30
23, 54
23, 63
23, 72
23, 74
23, 79
23, 85
23, 89
23, 95
23, 96
23, 109
23, 110
23, 114
23, 148
23, 154
23, 157
23, 171
23, 173
25, 127
25, 134
25, 151
25, 159
25, 178
25, 188
25, 191
25, 213
25, 275
25, 367
25, 399
26, 5
26, 58
27, 5
27, 58
28, 5
28, 58
28, 219
31, 127
31, 134
31, 151
31, 159
31, 178
31, 188
31, 191
31, 213
31, 275
31, 367
31, 399
32, 39
32, 234
33, 6
33, 39
33, 234
34, 52
34, 343
34, 392
35, 127
35, 134
35, 151
35, 159
35, 178
35, 188
35, 191
35, 213
35, 275
35, 367
35, 399
36, 205
38, 3
38, 8
38, 11
38, 13
38, 40
38, 51
38, 53
38, 54
38, 59
38, 61
38, 65
38, 68
38, 69
38, 71
38, 77
38, 80
38, 86
38, 88
38, 90
38, 92
41, 5
41, 58
42, 17
42, 81
42, 87
42, 140
42, 192
42, 235
42, 363
44, 14
44, 20
44, 30
44, 54
44, 63
44, 72
44, 74
44, 79
44, 85
44, 89
44, 95
44, 96
44, 109
44, 110
44, 114
44, 143
44, 148
44, 154
44, 157
44, 164
46, 2
46, 6
46, 12
46, 14
46, 15
46, 18
46, 19
46, 30
46, 39
46, 56
46, 79
46, 85
46, 95
46, 114
46, 123
46, 136
46, 137
46, 148
46, 154
46, 163
47, 1
47, 10
47, 37
47, 116
47, 122
47, 161
47, 165
47, 202
47, 216
47, 221
47, 279
47, 300
47, 320
47, 349
47, 359
47, 365
47, 381
47, 387
47, 398
48, 126
48, 160
49, 165
50, 4
50, 103
50, 119
50, 124
50, 170
50, 229
50, 326
50, 336
50, 397
55, 4
55, 78
55, 103
55, 112
55, 115
55, 119
55, 229
55, 318
55, 333
55, 356
55, 366
55, 368
55, 395
55, 397
57, 52
57, 343
57, 392
60, 282
62, 52
62, 343
62, 392
64, 24
64, 29
64, 131
64, 169
64, 198
64, 199
64, 301
64, 305
64, 345
64, 396
66, 52
66, 343
66, 392
67, 24
67, 29
67, 131
67, 169
67, 198
67, 199
67, 301
67, 305
67, 345
67, 396
70, 4
70, 10
70, 16
70, 17
70, 21
70, 45
70, 75
70, 78
70, 81
70, 82
70, 87
70, 91
70, 98
70, 101
70, 102
70, 103
70, 112
70, 115
70, 119
70, 121
73, 1
73, 2
73, 4
73, 6
73, 9
73, 10
73, 12
73, 15
73, 16
73, 17
73, 18
73, 21
73, 37
73, 39
73, 43
73, 45
73, 56
73, 75
73, 78
73, 81
76, 5
76, 43
76, 58
76, 97
76, 156
76, 219
76, 255
83, 14
83, 20
83, 30
83, 54
83, 63
83, 72
83, 74
83, 79
83, 85
83, 89
83, 95
83, 96
83, 109
83, 110
83, 114
83, 148
83, 154
83, 157
83, 171
83, 173
84, 5
84, 58
93, 127
93, 134
93, 151
93, 159
93, 178
93, 188
93, 191
93, 213
93, 275
93, 367
93, 399
94, 127
94, 134
94, 151
94, 159
94, 178
94, 188
94, 191
94, 213
94, 275
94, 367
94, 399
99, 5
99, 58
104, 5
104, 58
106, 127
106, 134
106, 151
106, 159
106, 178
106, 188
106, 191
106, 213
106, 275
106, 367
106, 399
108, 1
108, 2
108, 4
108, 6
108, 9
108, 10
108, 12
108, 15
108, 16
108, 17
108, 18
108, 19
108, 21
108, 37
108, 39
108, 43
108, 45
108, 56
108, 75
108, 78
111, 5
111, 43
111, 58
111, 97
111, 156
111, 165
111, 205
111, 219
111, 255
111, 282
111, 349
111, 381
111, 393
113, 52
113, 343
113, 392
117, 14
117, 20
117, 30
117, 54
117, 63
117, 72
117, 74
117, 79
117, 85
117, 89
117, 95
117, 96
117, 109
117, 110
117, 114
117, 148
117, 154
117, 157
117, 164
117, 171
120, 52
120, 343
120, 392
130, 121
130, 126
130, 160
130, 276
130, 277
130, 299
130, 302
135, 1
135, 2
135, 4
135, 6
135, 9
135, 10
135, 12
135, 16
135, 17
135, 18
135, 21
135, 37
135, 39
135, 43
135, 45
135, 56
135, 75
135, 78
135, 81
135, 82
138, 24
138, 29
138, 131
138, 169
138, 198
138, 199
138, 301
138, 305
138, 345
138, 396
139, 136
141, 343
141, 392
145, 5
145, 58
147, 52
147, 343
147, 392
149, 5
149, 58
150, 52
150, 343
150, 392
152, 5
152, 43
152, 58
152, 97
152, 156
152, 165
152, 205
152, 219
152, 255
152, 282
152, 349
152, 393
155, 5
155, 58
158, 5
158, 58
162, 52
162, 343
162, 392
172, 5
172, 58
174, 123
174, 175
174, 254
174, 311
174, 355
176, 52
176, 343
176, 392
177, 77
177, 90
177, 128
177, 182
177, 206
177, 324
177, 378
180, 5
180, 58
181, 5
181, 58
183, 80
186, 24
186, 29
186, 131
186, 169
186, 198
186, 199
186, 301
186, 305
186, 345
186, 396
189, 5
189, 58
196, 14
196, 20
196, 30
196, 54
196, 63
196, 72
196, 74
196, 79
196, 85
196, 89
196, 95
196, 96
196, 109
196, 110
196, 114
196, 148
196, 154
196, 157
196, 171
196, 173
200, 14
200, 20
200, 30
200, 54
200, 63
200, 72
200, 74
200, 79
200, 85
200, 89
200, 95
200, 96
200, 109
200, 110
200, 114
200, 148
200, 154
200, 157
200, 164
200, 171
203, 14
203, 20
203, 30
203, 54
203, 63
203, 72
203, 74
203, 79
203, 85
203, 89
203, 95
203, 96
203, 109
203, 110
203, 114
203, 143
203, 148
203, 154
203, 157
203, 164
204, 127
204, 134
204, 151
204, 159
204, 178
204, 188
204, 191
204, 213
204, 275
204, 367
204, 399
207, 14
207, 20
207, 30
207, 63
207, 72
207, 74
207, 79
207, 85
207, 89
207, 95
207, 96
207, 110
207, 114
207, 148
207, 154
207, 171
207, 173
207, 211
207, 223
207, 231
209, 137
209, 163
209, 190
209, 226
209, 256
209, 319
209, 330
209, 352
209, 353
210, 127
210, 134
210, 151
210, 159
210, 178
210, 188
210, 191
210, 213
210, 275
210, 367
210, 399
212, 52
212, 343
212, 392
214, 52
214, 343
214, 392
215, 5
215, 58
217, 58
222, 136
224, 15
224, 39
224, 168
224, 241
224, 291
224, 335
224, 386
228, 14
228, 20
228, 30
228, 54
228, 63
228, 72
228, 74
228, 79
228, 85
228, 89
228, 95
228, 96
228, 109
228, 110
228, 114
228, 148
228, 154
228, 157
228, 171
228, 173
236, 137
236, 190
236, 256
236, 319
236, 330
239, 52
239, 343
239, 392
240, 127
240, 134
240, 151
240, 159
240, 178
240, 188
240, 191
240, 213
240, 275
240, 367
240, 399
242, 24
242, 29
242, 131
242, 169
242, 198
242, 199
242, 301
242, 305
242, 345
242, 396
245, 52
245, 127
245, 151
245, 159
245, 178
245, 191
245, 213
245, 275
245, 343
245, 367
245, 392
245, 399
248, 2
248, 4
248, 9
248, 10
248, 14
248, 16
248, 17
248, 21
248, 30
248, 45
248, 63
248, 72
248, 74
248, 75
248, 78
248, 79
248, 81
248, 82
248, 85
248, 87
249, 127
249, 134
249, 151
249, 159
249, 178
249, 188
249, 191
249, 213
249, 275
249, 367
249, 399
251, 71
251, 167
253, 2
253, 123
253, 136
253, 175
253, 254
253, 272
253, 311
253, 319
253, 355
257, 52
257, 343
257, 392
259, 1
259, 2
259, 3
259, 4
259, 6
259, 8
259, 9
259, 10
259, 11
259, 12
259, 13
259, 15
259, 16
259, 17
259, 18
259, 19
259, 21
259, 37
259, 39
259, 40
260, 91
260, 98
260, 121
260, 126
260, 140
260, 160
260, 268
260, 273
260, 276
260, 277
260, 299
260, 302
260, 368
260, 395
261, 24
261, 29
261, 131
261, 169
261, 198
261, 199
261, 301
261, 305
261, 345
261, 396
264, 14
264, 20
264, 30
264, 54
264, 63
264, 72
264, 74
264, 79
264, 85
264, 89
264, 95
264, 96
264, 109
264, 110
264, 114
264, 148
264, 154
264, 157
264, 164
264, 171
267, 14
267, 20
267, 30
267, 54
267, 63
267, 72
267, 74
267, 79
267, 85
267, 89
267, 95
267, 96
267, 109
267, 110
267, 114
267, 148
267, 154
267, 157
267, 164
267, 171
270, 3
270, 8
270, 11
270, 13
270, 40
270, 51
270, 53
270, 54
270, 59
270, 61
270, 65
270, 68
270, 69
270, 71
270, 77
270, 80
270, 86
270, 88
270, 90
270, 92
271, 1
271, 2
271, 4
271, 6
271, 9
271, 10
271, 12
271, 16
271, 17
271, 18
271, 21
271, 37
271, 39
271, 43
271, 45
271, 56
271, 75
271, 78
271, 81
271, 82
274, 14
274, 20
274, 30
274, 54
274, 63
274, 72
274, 74
274, 79
274, 85
274, 89
274, 95
274, 96
274, 109
274, 110
274, 114
274, 148
274, 154
274, 157
274, 171
274, 173
280, 14
280, 30
280, 79
280, 85
280, 95
280, 114
280, 148
280, 154
280, 171
280, 231
280, 263
280, 315
280, 322
280, 327
280, 329
280, 332
280, 351
281, 14
281, 20
281, 30
281, 63
281, 72
281, 74
281, 79
281, 85
281, 89
281, 95
281, 96
281, 110
281, 114
281, 148
281, 154
281, 171
281, 173
281, 211
281, 223
281, 231
284, 52
284, 127
284, 134
284, 151
284, 159
284, 178
284, 188
284, 191
284, 213
284, 275
284, 367
284, 399
285, 14
285, 30
285, 79
285, 85
285, 95
285, 96
285, 114
285, 148
285, 154
285, 171
285, 231
285, 263
285, 278
285, 315
285, 322
285, 327
285, 329
285, 332
285, 351
285, 380
286, 1
286, 4
286, 9
286, 10
286, 16
286, 21
286, 37
286, 43
286, 45
286, 51
286, 65
286, 77
286, 80
286, 82
286, 86
286, 90
286, 97
286, 101
286, 102
286, 103
288, 24
288, 29
288, 131
288, 169
288, 198
288, 199
288, 301
288, 305
288, 345
288, 396
289, 52
289, 343
289, 392
292, 1
292, 4
292, 9
292, 10
292, 14
292, 16
292, 17
292, 21
292, 30
292, 37
292, 43
292, 45
292, 53
292, 61
292, 75
292, 78
292, 79
292, 81
292, 82
292, 85
296, 14
296, 20
296, 30
296, 54
296, 63
296, 72
296, 74
296, 79
296, 85
296, 89
296, 95
296, 96
296, 109
296, 110
296, 114
296, 148
296, 154
296, 157
296, 164
296, 171
297, 52
297, 343
297, 392
298, 20
298, 30
298, 63
298, 72
298, 74
298, 79
298, 85
298, 89
298, 95
298, 96
298, 109
298, 110
298, 114
298, 148
298, 154
298, 157
298, 171
298, 173
298, 187
298, 201
303, 165
303, 205
303, 282
303, 349
303, 393
306, 2
306, 6
306, 18
306, 20
306, 39
306, 56
306, 63
306, 72
306, 74
306, 89
306, 95
306, 96
306, 110
306, 114
306, 123
306, 136
306, 137
306, 154
306, 163
306, 168
307, 52
307, 343
307, 392
309, 52
309, 343
309, 392
310, 1
310, 2
310, 4
310, 6
310, 9
310, 10
310, 12
310, 15
310, 16
310, 17
310, 18
310, 19
310, 21
310, 37
310, 39
310, 43
310, 45
310, 56
310, 75
310, 78
313, 20
313, 54
313, 63
313, 72
313, 74
313, 89
313, 95
313, 96
313, 109
313, 110
313, 114
313, 148
313, 154
313, 157
313, 164
313, 171
313, 173
313, 187
313, 201
313, 211
314, 1
314, 2
314, 4
314, 6
314, 9
314, 10
314, 12
314, 16
314, 17
314, 18
314, 21
314, 37
314, 39
314, 43
314, 45
314, 56
314, 75
314, 78
314, 81
314, 82
325, 1
325, 4
325, 8
325, 9
325, 10
325, 16
325, 21
325, 37
325, 43
325, 45
325, 53
325, 59
325, 61
325, 63
325, 74
325, 75
325, 78
325, 82
325, 88
325, 89
331, 127
331, 134
331, 151
331, 159
331, 178
331, 188
331, 191
331, 213
331, 275
331, 367
331, 399
334, 127
334, 134
334, 151
334, 159
334, 178
334, 188
334, 191
334, 213
334, 275
334, 367
334, 399
337, 10
337, 16
337, 21
337, 37
337, 45
337, 82
337, 101
337, 103
337, 116
337, 119
337, 122
337, 124
337, 146
337, 170
337, 184
337, 194
337, 216
337, 221
337, 237
337, 243
338, 20
338, 54
338, 63
338, 72
338, 74
338, 89
338, 96
338, 109
338, 110
338, 148
338, 157
338, 171
338, 173
338, 187
338, 201
338, 211
338, 223
338, 231
338, 258
338, 263
340, 89
340, 223
340, 278
340, 290
340, 327
340, 380
340, 388
341, 1
341, 2
341, 4
341, 6
341, 9
341, 10
341, 12
341, 15
341, 16
341, 17
341, 18
341, 19
341, 21
341, 37
341, 39
341, 43
341, 45
341, 56
341, 75
341, 78
342, 107
342, 197
346, 4
346, 102
346, 103
346, 112
346, 115
346, 119
346, 170
346, 229
346, 318
346, 333
346, 356
346, 366
346, 395
346, 397
347, 127
347, 134
347, 151
347, 159
347, 178
347, 188
347, 191
347, 213
347, 275
347, 367
347, 399
350, 127
350, 134
350, 151
350, 159
350, 178
350, 188
350, 191
350, 213
350, 275
350, 367
350, 399
354, 3
354, 13
354, 40
354, 68
354, 71
354, 88
354, 107
354, 125
354, 129
354, 144
354, 167
354, 185
354, 197
354, 208
354, 218
354, 230
354, 233
354, 294
354, 316
354, 344
358, 4
358, 102
358, 103
358, 119
358, 124
358, 170
358, 229
358, 318
358, 333
358, 356
358, 397
364, 20
364, 54
364, 72
364, 96
364, 110
364, 143
364, 157
364, 164
364, 171
364, 173
364, 187
364, 201
364, 211
364, 218
364, 220
364, 223
364, 231
364, 258
364, 263
364, 278
369, 78
369, 91
369, 121
369, 126
369, 160
369, 268
369, 276
369, 277
369, 299
369, 302
369, 368
369, 372
369, 395
373, 54
373, 109
373, 110
373, 157
373, 164
373, 171
373, 173
373, 187
373, 201
373, 211
373, 223
373, 231
373, 258
373, 263
373, 278
373, 290
373, 293
373, 315
373, 322
373, 327
376, 1
376, 2
376, 4
376, 6
376, 9
376, 10
376, 12
376, 16
376, 17
376, 18
376, 21
376, 37
376, 39
376, 43
376, 45
376, 56
376, 75
376, 78
376, 81
376, 82
377, 54
377, 109
377, 157
377, 164
377, 171
377, 173
377, 187
377, 201
377, 211
377, 220
377, 223
377, 231
377, 258
377, 263
377, 278
377, 290
377, 293
377, 315
377, 322
377, 327
379, 1
379, 10
379, 16
379, 21
379, 37
379, 43
379, 45
379, 82
379, 97
379, 101
379, 103
379, 116
379, 122
379, 124
379, 146
379, 156
379, 161
379, 165
379, 184
379, 194
383, 98
383, 140
383, 273
390, 78
390, 91
390, 112
390, 115
390, 368
390, 395
end