600
4
0, 0.5553682400631695, 0.33034269223118307
1, 0.49246166967900806, 0.9710743285191248
2, 0.6146546464292798, 0.9763829693073613
3, 0.8971444488671347, 0.14902343711089083
4, 0.522543635780165, 0.511306194885721
5, 0.28960506469373914, 0.12834294517449296
6, 0.5185644163687975, 0.7953871277324314
7, 0.4684155179503867, 0.3654583105671576
8, 0.6482453668571806, 0.8674919490667908
9, 0.4073596907131233, 0.04148650464938819
10, 0.4586152299090419, 0.1920642289232355
11, 0.43564604228826387, 0.7143702723341947
12, 0.5207583845422419, 0.8448188854142067
13, 0.3451737083907075, 0.6975480197338341
14, 0.1896334202814618, 0.2413281193358785
15, 0.021507005174593807, 0.16779564857261653
16, 0.7502321183393243, 0.600502973525957
17, 0.9805244188446964, 0.0910002405033905
18, 0.5134608999252831, 0.9989142280528457
19, 0.4578807906732191, 0.3526039391799939
20, 0.7643255737311088, 0.019942037972825677
21, 0.6964268817910885, 0.43081050563128453
22, 0.39328718215268954, 0.2571943170759917
23, 0.6929538041025631, 0.29579415733553094
24, 0.6410906992885622, 0.24429026106889007
25, 0.20526369623320528, 0.1198365306897381
26, 0.1604481637373707, 0.9580822253622892
27, 0.3783613626994783, 0.04444631685402356
28, 0.10216017627032492, 0.6792971639125863
29, 0.4908566154073266, 0.3218931263859732
30, 0.6089513802173095, 0.3262672326041087
31, 0.08529319413800984, 0.2826192091087818
32, 0.6333336407075918, 0.8723114632627516
33, 0.5883972782682565, 0.001347954009574659
34, 0.8089999780842044, 0.7932462974382255
35, 0.5631823721019794, 0.36350706483364137
36, 0.31929914730802167, 0.2715437753498734
37, 0.6306056093022643, 0.8945623428472553
38, 0.35757332350538595, 0.9692504742791346
39, 0.44249439447873384, 0.2535636253022552
40, 0.34757543574558203, 0.5488029840279177
41, 0.18492078675778179, 0.5622662276762427
42, 0.21103988399898066, 0.7210456012105136
43, 0.272290752911332, 0.07370475536131593
44, 0.6009420001851191, 0.5379710800763357
45, 0.3407007665150287, 0.2501156232280939
46, 0.7115269084689072, 0.5431531957170158
47, 0.5606976659463854, 0.649115100746774
48, 0.008669792017137135, 0.8324225610436545
49, 0.25738404551406924, 0.3123629398492893
50, 0.17150136161236473, 0.6456000203797079
51, 0.5671251618246764, 0.8671028249642919
52, 0.6849990475943377, 0.5365666271851339
53, 0.5978097104042396, 0.35877111795812333
54, 0.5074527158026322, 0.25546710781147364
55, 0.7794132748086982, 0.5503871703373272
56, 0.6500883920981524, 0.9774650119198722
57, 0.3292326101108075, 0.8588048571755745
58, 0.10492625570060898, 0.3176233879725936
59, 0.843520679598953, 0.8421784394647944
60, 0.28080158278308354, 0.755668188377628
61, 0.4355107129818876, 0.9705455610541454
62, 0.8229125588345275, 0.745742570728699
63, 0.3684433558376943, 0.2582740673832924
64, 0.524971468156794, 0.4872618621107144
65, 0.46864019661541134, 0.35406174806312196
66, 0.018315276754935494, 0.570395175328044
67, 0.08058736266089939, 0.2819780178088911
68, 0.3276682286683006, 0.920441691622745
69, 0.04364813900294007, 0.7441548105183586
70, 0.19084853645529332, 0.4320328807746797
71, 0.005030686974168419, 0.15119129132602915
72, 0.08232565739279685, 0.5650136536065273
73, 0.9212917425758136, 0.2690442051096462
74, 0.7300159493781032, 0.6835455489486636
75, 0.8235537053423576, 0.1000324361258369
76, 0.9453532646680451, 0.1650104360831801
77, 0.19745911347721046, 0.6377423097321107
78, 0.4942766323932408, 0.30938956051731215
79, 0.22777716460085207, 0.26488293837473875
80, 0.09979550153653549, 0.25717535194741903
81, 0.017453682591973774, 0.31068654655683825
82, 0.23823912639644906, 0.6112658315385364
83, 0.6821935961341833, 0.8784422725990698
84, 0.6297819928159892, 0.05668827537882726
85, 0.6677173640228957, 0.7696778930923166
86, 0.898353462036004, 0.15231110901709244
87, 0.03391876169207597, 0.9173405779527951
88, 0.07600715712173889, 0.6777230921713634
89, 0.8773071695025674, 0.4310478267753278
90, 0.1156726484800864, 0.6337728384325091
91, 0.49875411640395895, 0.5738816432420427
92, 0.5199686633905112, 0.3387934376637579
93, 0.8618835495702568, 0.5649778769533693
94, 0.48127502869222094, 0.34492848803107157
95, 0.5064404590734294, 0.8737020042720922
96, 0.9536015026797668, 0.7728143411778948
97, 0.7740378341498657, 0.9646424311256148
98, 0.8694110359967886, 0.552116375871333
99, 0.6845803870922547, 0.029836645971573317
100, 0.9636693134169141, 0.8900825012710291
101, 0.6020667124150022, 0.08281217660393769
102, 0.042127420494130985, 0.5074772615463441
103, 0.830088890479722, 0.21948917189625972
104, 0.9114624244596728, 0.4330334386376906
105, 0.6971236950396498, 0.17490503505616228
106, 0.6530921264178826, 0.12934223049386262
107, 0.39323259647881614, 0.9925348752892866
108, 0.10135101030044102, 0.2399799557995027
109, 0.9429082241272118, 0.6636955302550559
110, 0.9692622855637357, 0.7817789873204921
111, 0.6551453217545066, 0.4257387705524933
112, 0.19888077867117926, 0.30466351909132416
113, 0.09125408675819746, 0.7216575111071001
114, 0.14693869328095222, 0.9461264533684127
115, 0.2649966794508173, 0.39269721802877544
116, 0.0895058214642015, 0.9306653299274172
117, 0.08714566414352654, 0.4997726535678869
118, 0.7576689749006542, 0.6068453880181129
119, 0.8867296696105945, 0.03698106335003393
120, 0.07440608930487869, 0.2757141308082861
121, 0.753627037268805, 0.5353694719030196
122, 0.9211914211116154, 0.6185779446188056
123, 0.3884616664661138, 0.9301414813550737
124, 0.6449297528523193, 0.5582299696428497
125, 0.11529455939390643, 0.2142712464717419
126, 0.8596902366838381, 0.8333498880434825
127, 0.15191409885863993, 0.38025136338860577
128, 0.2709614719033293, 0.7292493652817645
129, 0.9160648826262134, 0.16723172467474545
130, 0.6488785713971585, 0.41152166670362644
131, 0.17301379456514887, 0.11116259560607722
132, 0.5685541913098685, 0.6770906010115919
133, 0.06555825577133223, 0.26215529365576695
134, 0.9679536624672723, 0.19662384347408257
135, 0.6344143939451655, 0.26194454108934995
136, 0.3862512141512301, 0.7665808885085332
137, 0.9449451371230938, 0.7319396802836653
138, 0.09906505313626102, 0.9800805158511541
139, 0.547954586668597, 0.8887961555827163
140, 0.7308128880183521, 0.7317480944657649
141, 0.31530841147870037, 0.8237467270340185
142, 0.22378181809917064, 0.4047934669370413
143, 0.8476679065398439, 0.4216577800456539
144, 0.061157806530964365, 0.12361007709344152
145, 0.23473814810377536, 0.6478748575758625
146, 0.6531898793451906, 0.9850436180998511
147, 0.5321685735837379, 0.37383846699374246
148, 0.9388517849028765, 0.5133475577231564
149, 0.15444546833444295, 0.3435021498538924
150, 0.11794935296438647, 0.3538080573821285
151, 0.9148021403958477, 0.17323443393400073
152, 0.764481312964412, 0.1308154760728547
153, 0.08514338838945812, 0.7558029223107805
154, 0.44758033762600313, 0.42088787570520114
155, 0.9878570413513181, 0.5666173711910418
156, 0.9283303858052562, 0.46370681458506213
157, 0.5867644791197669, 0.3504964422609078
158, 0.9474931859071594, 0.9086251535356711
159, 0.07394492299098865, 0.0533205954343261
160, 0.3846752727702276, 0.0034544769426090305
161, 0.8192240577829746, 0.7384117963414185
162, 0.8936642244008284, 0.7988780663556105
163, 0.7300860953368099, 0.017838940431164962
164, 0.6004579946645929, 0.9765848273834528
165, 0.7220374810252771, 0.29359833345725395
166, 0.5027977981656055, 0.88899170542406
167, 0.279412803686072, 0.8267574363387326
168, 0.29081751585907134, 0.7324613472009026
169, 0.7070359832290154, 0.5680100062052825
170, 0.9579464731083782, 0.1929222930903628
171, 0.28998971863332157, 0.13219976299508096
172, 0.4264401742607852, 0.7039408202353302
173, 0.5986405160679585, 0.6432809711222718
174, 0.07819313651323678, 0.6275609841218083
175, 0.5866069340077277, 0.03709228795360997
176, 0.8898654712376101, 0.13285009748802012
177, 0.9508765827779054, 0.7492308880732531
178, 0.1189916302573214, 0.20091058713398313
179, 0.6444862903879677, 0.7255551071445643
180, 0.8060488600616028, 0.8107365684136543
181, 0.41948217792796594, 0.4736294792704555
182, 0.7705474545085145, 0.312909005965173
183, 0.8570111961285581, 0.5637784107100097
184, 0.6711774839030891, 0.06314549084038679
185, 0.2952711059180152, 0.35111664089217376
186, 0.49341156960429344, 0.4164657578474422
187, 0.9072224751071101, 0.46479014685269127
188, 0.435280263254059, 0.9725278348701291
189, 0.003363522231106808, 0.8770980829030095
190, 0.7417241367645169, 0.47800407041784587
191, 0.8002374641540669, 0.3248771365099289
192, 0.7864454576145327, 0.395905718977272
193, 0.5730549592443295, 0.9988403693429331
194, 0.7180934526239651, 0.2135964564125825
195, 0.5355262010953095, 0.9355773030113912
196, 0.6649807155595632, 0.7645609483383602
197, 0.5191551154219165, 0.20815735297249327
198, 0.030058276775733472, 0.6913697106167555
199, 0.27858545936925827, 0.35420762837131803
200, 0.8324011465265729, 0.1367913697630756
201, 0.7000700011537553, 0.8830071632100939
202, 0.55831146790856, 0.9648033160857779
203, 0.37239616532490094, 0.06747643124153457
204, 0.6152648125387044, 0.9332905960029482
205, 0.9377926076940148, 0.5854260281547422
206, 0.8033815944290023, 0.8398667647920957
207, 0.38845841920262225, 0.0922284519122234
208, 0.5256465945173027, 0.3807492973653327
209, 0.1638779153373512, 0.965791883974078
210, 0.7442169465703584, 0.4641077385371326
211, 0.8098061954594697, 0.9616928763267855
212, 0.6559516802960771, 0.5670976258078511
213, 0.5557380841315865, 0.4872772902449659
214, 0.9030132794780238, 0.6023261170849827
215, 0.31019913022703294, 0.5652482285281393
216, 0.10356581536380727, 0.1065719584381849
217, 0.8204093893876262, 0.08084855006600045
218, 0.5033809064318044, 0.19313753595511396
219, 0.5818552371813267, 0.7210831519090961
220, 0.19549142278941378, 0.4668018807897443
221, 0.6975866118464674, 0.13767181071448453
222, 0.21623579884280186, 0.5470562740817981
223, 0.6935599150713314, 0.8226397152875987
224, 0.49367720378448743, 0.6532296081027634
225, 0.5491420682648179, 0.104706669094914
226, 0.9051854125160008, 0.2421364074255251
227, 0.4144287384014981, 0.5404631054029001
228, 0.23505464069563653, 0.46646823094342604
229, 0.2002398617546387, 0.32113665486529075
230, 0.21590808858464916, 0.6115551712597824
231, 0.9659831146257726, 0.43880089177550874
232, 0.9816574005782992, 0.03228597083369633
233, 0.5445596146179109, 0.7097457432857922
234, 0.20315117215791134, 0.3954765883506921
235, 0.7106040139390553, 0.1240266654457568
236, 0.7225618214535842, 0.5268046972664089
237, 0.7883953139441966, 0.1962842318835919
238, 0.8792278017603675, 0.6224557324520968
239, 0.2087275722051869, 0.12036861495513507
240, 0.5384264808794363, 0.5040933212045804
241, 0.2345548282422678, 0.7249062800947713
242, 0.3405966742815906, 0.5754227885683628
243, 0.6746453446303048, 0.4878670065005767
244, 0.9737958008835517, 0.7144371113276213
245, 0.00883884485589026, 0.9618682790716142
246, 0.6702341255494659, 0.8811537391858882
247, 0.9908980639806216, 0.6557702742147443
248, 0.45168972632120497, 0.3881149821494553
249, 0.6313042173915906, 0.5327720323380523
250, 0.14235045388261303, 0.5246978936682773
251, 0.8922172603770614, 0.7198076650415927
252, 0.6905205646149043, 0.9723767536475474
253, 0.6339979100746953, 0.540605395656607
254, 0.734636702301317, 0.5519651483194175
255, 0.6466523360919428, 0.1275220604265217
256, 0.623406928176761, 0.40850018100171337
257, 0.8413544504707869, 0.4285810290427501
258, 0.8142913206469682, 0.31474871497337653
259, 0.06957448898697638, 0.08125968825836105
260, 0.04045299147302561, 0.3851908806343213
261, 0.7809709999429895, 0.8566330753753181
262, 0.9611648199210325, 0.40410425509975667
263, 0.42349610673114546, 0.759179353873535
264, 0.1412337168536424, 0.045496570421053484
265, 0.21216995778373382, 0.10289143361876485
266, 0.15022900735373346, 0.77360323599583
267, 0.8060407084616888, 0.2823083288188617
268, 0.499210448970815, 0.6774706733594581
269, 0.8697805552422259, 0.46138085309754384
270, 0.745813099220727, 0.2121747096434099
271, 0.7339508245943834, 0.352909762274466
272, 0.46625700852676555, 0.38886659926086153
273, 0.17368318675037275, 0.35561559241078666
274, 0.3912013178619891, 0.15970629491613897
275, 0.8995690645095731, 0.7516928554184878
276, 0.5116638695642809, 0.59452176808283
277, 0.863813329675155, 0.6225459419255054
278, 0.876383392201911, 0.6032548988040927
279, 0.530372272991566, 0.4220211299444957
280, 0.46465620646404593, 0.260027963929077
281, 0.4592143938228115, 0.4395233754127865
282, 0.7780123652907803, 0.8499608185139567
283, 0.12142321252382215, 0.3084597352669648
284, 0.9575089120401117, 0.8485319639008825
285, 0.25295905799081875, 0.8639590462808387
286, 0.7053359272318938, 0.4501702573583659
287, 0.08348727080771268, 0.9986994367862965
288, 0.30807399253085743, 0.6153053055659672
289, 0.6048648521596326, 0.058843830343065395
290, 0.033977826079527484, 0.9349823397988862
291, 0.38414588237226466, 0.0021830615877018733
292, 0.8579490818870722, 0.4230473702780222
293, 0.7544478904559979, 0.8187412038999127
294, 0.5276655970876559, 0.08478418342074301
295, 0.12700607123156382, 0.7092863299626477
296, 0.5575472290517071, 0.9507724833265617
297, 0.3772964512875009, 0.4565857393592163
298, 0.5254114763022475, 0.6482711426851488
299, 0.09335229385183808, 0.8485134608188987
300, 0.008417723427448398, 0.5343694633285311
301, 0.047318759644937036, 0.3866987790124704
302, 0.5205569194779494, 0.45918889484322867
303, 0.5474194288599576, 0.5066422390128016
304, 0.09487029496039479, 0.25794767173733857
305, 0.18298179511616708, 0.12291914777357282
306, 0.30976235311650047, 0.9208556819094587
307, 0.5452383856263799, 0.7945801888715885
308, 0.5942864781873515, 0.8571574222896589
309, 0.9311193471127922, 0.7859127948135177
310, 0.9577534025929367, 0.08582568216839781
311, 0.9377818894858446, 0.02325555951684244
312, 0.44130263735166264, 0.667909689789907
313, 0.7895087258767152, 0.06627451384973271
314, 0.9819591629228124, 0.04370323641523588
315, 0.4631445987263868, 0.5343911973649584
316, 0.9269254614726621, 0.4714769214574801
317, 0.19906890836033542, 0.7935236073815306
318, 0.2453555373134677, 0.7987248150372677
319, 0.7748694661225831, 0.7219650711640196
320, 0.44777836708383667, 0.7622384813069333
321, 0.6237084905933219, 0.25249937716032966
322, 0.6170265535326852, 0.5242431174848187
323, 0.2917819627526994, 0.6162468296338094
324, 0.7692217845854193, 0.33290152057012423
325, 0.3029880102679908, 0.488031664999367
326, 0.24471742102496774, 0.05039462355138358
327, 0.33725501351539267, 0.8016075116418009
328, 0.7563704630025365, 0.18256551610973037
329, 0.850710081831175, 0.3628730979293662
330, 0.7608314330564397, 0.2683226252258927
331, 0.512528410318018, 0.4069180543334946
332, 0.06621275465012455, 0.15209387467306912
333, 0.935635800779559, 0.4181971440986517
334, 0.7087269135648159, 0.3051742668632229
335, 0.31066474143575473, 0.4458778722904345
336, 0.12231713684034706, 0.3407251488371965
337, 0.5139943407399471, 0.22213308905388873
338, 0.4639747164269987, 0.18360456887616128
339, 0.35959171591887007, 0.2739043042671213
340, 0.9346009111405176, 0.4563967676159958
341, 0.7735462881769725, 0.6157938901324801
342, 0.48658667584046755, 0.8208498706265455
343, 0.5087488487414217, 0.4908259932936626
344, 0.218684462141289, 0.3532985025609403
345, 0.5483650249867963, 0.587300740009132
346, 0.7064368138010414, 0.12213287602723055
347, 0.040598177111076605, 0.08462246953170172
348, 0.1748787185656473, 0.47613254098706714
349, 0.8070725430455168, 0.4363369791223586
350, 0.8805172195357026, 0.11241125766243121
351, 0.8383131062703515, 0.8894185946766372
352, 0.9020082627308833, 0.24968340739646366
353, 0.15955130842626497, 0.5406600294258009
354, 0.26756286009244734, 0.30338546932844745
355, 0.7623328364909436, 0.827143843018481
356, 0.2125709070954409, 0.7794968199742718
357, 0.6193818994184276, 0.042757372246374326
358, 0.27984236048462896, 0.3719010580383584
359, 0.9891415761176908, 0.03452818592327833
360, 0.09670432047363064, 0.1396251935310988
361, 0.3749760817989224, 0.5319742794933646
362, 0.22884790424610757, 0.3186314876358456
363, 0.5051448375146164, 0.06252042643637079
364, 0.7911925768340461, 0.333994952390698
365, 0.18268430588156215, 0.4570858535045368
366, 0.55336994490443, 0.470545435532694
367, 0.3742470308700784, 0.9326955264798945
368, 0.5015493571810107, 0.5690830999130163
369, 0.2647535562567377, 0.9168946664104054
370, 0.5200764841751845, 0.8485900463579276
371, 0.7052352241682098, 0.9873747210207392
372, 0.2907301487066284, 0.9873990527857517
373, 0.8996884692976832, 0.7701726904754133
374, 0.02652956418785113, 0.37843878355830396
375, 0.36049263198866377, 0.6890995184286678
376, 0.5146489175553413, 0.7710485019710284
377, 0.9694093138369528, 0.3020435102407316
378, 0.3043631883580198, 0.31913035624950015
379, 0.6519129652586184, 0.5600982401093666
380, 0.06526911280409164, 0.05610151821119802
381, 0.15241481613885477, 0.012825844014140442
382, 0.24314811297014183, 0.668094777206869
383, 0.4695631983589229, 0.23733772802171604
384, 0.28330051484892393, 0.7052422641359372
385, 0.18357931607214995, 0.24055596867748097
386, 0.06154609826181212, 0.08012090438515584
387, 0.2246344300670079, 0.73893048134951
388, 0.41442505302359023, 0.26249184299779804
389, 0.6621993838842292, 0.5275278035616041
390, 0.14622064002350887, 0.5805877469500685
391, 0.24852466872909162, 0.5224367575202625
392, 0.9200921667670524, 0.44699082107253796
393, 0.6109988816985792, 0.25835365523898046
394, 0.13753144096884717, 0.26307302221566053
395, 0.9869929762812629, 0.3722906666921979
396, 0.5240517370237169, 0.2108029789223882
397, 0.0030518168454581884, 0.6363840717467284
398, 0.6012620198051872, 0.02942084403301637
399, 0.1840496284129115, 0.8240462268562362
400, 0.6858813787501558, 0.8991370052165667
401, 0.5864496883474901, 0.2947731129004799
402, 0.7860311671798632, 0.9379156032662385
403, 0.8179080292187103, 0.4696343601446734
404, 0.6530653259884442, 0.20549968009025454
405, 0.8208728023880095, 0.8151237472742132
406, 0.3313487247794935, 0.7239406235448125
407, 0.9331282906231646, 0.8365297140461839
408, 0.6081016727290408, 0.5589375324037006
409, 0.8558338090726214, 0.959684127772138
410, 0.9625452042848953, 0.7700274191306024
411, 0.8799919220596484, 0.9143030780131062
412, 0.6843729632332384, 0.7997942647820934
413, 0.9635727737346774, 0.19941743910716114
414, 0.33978438998631466, 0.7575473159292205
415, 0.7268385975492809, 0.5291491757030714
416, 0.710843714504889, 0.7333301544839966
417, 0.5850102371087609, 0.17425354186289366
418, 0.9534349982615975, 0.6158597002385202
419, 0.6602590811711441, 0.9191621280844533
420, 0.7727534866255679, 0.33689923403255184
421, 0.22056640032606878, 0.3534685907722269
422, 0.543606597337373, 0.43468990793929196
423, 0.9225134188651829, 0.49907018118270563
424, 0.1662354543214415, 0.8678580574896637
425, 0.3113629865118056, 0.3064662953526258
426, 0.10325263022441489, 0.31758802279649057
427, 0.10141680046755963, 0.31174779162014443
428, 0.04394768069117183, 0.3526953486211466
429, 0.30398830582925496, 0.9063735252531292
430, 0.011268286769219094, 0.6145849449308128
431, 0.7741961987326931, 0.4888921223494329
432, 0.8140851517339039, 0.6159358751854185
433, 0.14356555464517884, 0.6898764331401859
434, 0.29567672800699896, 0.5634931080852524
435, 0.13310845423695972, 0.26836948277102646
436, 0.5901798056237695, 0.876025493028253
437, 0.1223815336516032, 0.27947875608999784
438, 0.16623831483140028, 0.9631359177865411
439, 0.6446997119031682, 0.20942910059374487
440, 0.7214671692434599, 0.7031804135101014
441, 0.5658007071088049, 0.12326623764461464
442, 0.6134285404075815, 0.2745694360450047
443, 0.3372118532312198, 0.1338997885577189
444, 0.04189965587381839, 0.5597619582192692
445, 0.9947370621122752, 0.0024439139066118054
446, 0.445078836713956, 0.2613267471814472
447, 0.4864589729564256, 0.52533973115538
448, 0.4284946735763233, 0.6737858760336413
449, 0.2409485995777093, 0.8325785837494117
450, 0.3907413830705775, 0.3393002850688216
451, 0.17873334450357525, 0.732655368122179
452, 0.039918438521322375, 0.7891397547751053
453, 0.2941149927213904, 0.852045598702308
454, 0.8823535394451296, 0.6397177925590966
455, 0.8656928756879161, 0.4382270634807176
456, 0.37146208689751725, 0.599582619487415
457, 0.8563607055247434, 0.2617670141911349
458, 0.2630069783322382, 0.9909537141822076
459, 0.4269462104061269, 0.780010167708883
460, 0.011047080910435714, 0.4109400151826995
461, 0.28404533879071625, 0.010635164339895864
462, 0.8285282782064212, 0.9156622593003678
463, 0.7247068524209895, 0.04143891073226735
464, 0.5641261147935681, 0.36881952443401744
465, 0.04069696540800516, 0.3100973172153427
466, 0.6747078239841462, 0.9472535777081109
467, 0.7680402058510285, 0.4440027926418948
468, 0.06031997216889495, 0.9765576135987979
469, 0.8678344710046617, 0.22967741940084418
470, 0.51882127146597, 0.9263476584982473
471, 0.9033404375469026, 0.13321556673179424
472, 0.43736491937610855, 0.1000086190250482
473, 0.4742731845015714, 0.2933593911385052
474, 0.20252109259446494, 0.5450819889702857
475, 0.4511039392324404, 0.5827420331148225
476, 0.8342158147647222, 0.5961150159254403
477, 0.9916948244113934, 0.17873216874924458
478, 0.396423559319938, 0.6677192734935778
479, 0.9005533700165769, 0.2243551239361492
480, 0.7727506986091214, 0.4521822256200215
481, 0.9317696134557404, 0.09072673017267774
482, 0.5105505577574887, 0.2086643093425148
483, 0.7107791933113689, 0.11585281642398193
484, 0.16218276541905663, 0.14408600620130352
485, 0.29715213481530234, 0.931696289280969
486, 0.5646445466590115, 0.020350036455924148
487, 0.03348928877612334, 0.49330487289758307
488, 0.283444424855111, 0.32484126457110285
489, 0.7960377024357956, 0.32053634475899484
490, 0.6169091698648284, 0.3454629198213949
491, 0.2978982000925957, 0.6907616587359878
492, 0.6542157022112346, 0.19566926019542896
493, 0.8661568535726433, 0.01255808409071646
494, 0.809988193810293, 0.8253217333088202
495, 0.8651047596790089, 0.2507919231153707
496, 0.5385750476623501, 0.9604810517073028
497, 0.25520837895285353, 0.7343598330945575
498, 0.08982308906211356, 0.09156995268844503
499, 0.7078651595255088, 0.595087484360076
500, 0.026221732047383317, 0.831937000540919
501, 0.19648218772739134, 0.028178153409354034
502, 0.969120634066699, 0.48590186090917986
503, 0.2614198393071633, 0.08849185182937225
504, 0.3177162071581806, 0.21954998615903876
505, 0.8510651868714356, 0.2783337267847368
506, 0.9331332608509764, 0.5465160457185942
507, 0.11869238379453584, 0.9223618478899129
508, 0.42774674794911494, 0.2852626984381581
509, 0.9291569874076765, 0.8829569033962879
510, 0.12953298226320487, 0.1120885036988275
511, 0.1668002900106188, 0.6113548401735857
512, 0.09370718365115516, 0.979495657563141
513, 0.06938793781109254, 0.3857991191132085
514, 0.9819582031517695, 0.2489495390451203
515, 0.18861537326467392, 0.07716497519152643
516, 0.17658378122807572, 0.7277249689565624
517, 0.999398943617685, 0.15597409207327284
518, 0.802863242985527, 0.13130342630642045
519, 0.05108038789633207, 0.9155469246466782
520, 0.9176301800530203, 0.22793111592001236
521, 0.6278090257942855, 0.4905355258038001
522, 0.7305296781533247, 0.33651036743779106
523, 0.6957190739690029, 0.18981824705908845
524, 0.04683639586295696, 0.5030148118008646
525, 0.9110910645547632, 0.6956744733874218
526, 0.31151890908873403, 0.20137936746091123
527, 0.11658479111837372, 0.42435840707569383
528, 0.06312836740474814, 0.24994850967765603
529, 0.7418265515365056, 0.2566356337140423
530, 0.8624956115275639, 0.40902884122094507
531, 0.2417648262504981, 0.7755530628258425
532, 0.9400660465841081, 0.19210858446640888
533, 0.807081942762662, 0.9222984260754273
534, 0.5233895531367795, 0.4292086594781134
535, 0.7480078427067568, 0.49244754229094767
536, 0.13385775518757437, 0.5363180444133784
537, 0.3366898317776993, 0.30261906857339027
538, 0.7788676056097957, 0.8806155488777346
539, 0.7536167568861925, 0.9411088547935861
540, 0.8437968844346055, 0.7902284179255868
541, 0.12578441039621424, 0.1844028922642853
542, 0.5276406619453966, 0.7508307920797189
543, 0.17024975111445173, 0.17630555174364904
544, 0.059016507053538336, 0.6227780544835723
545, 0.49458137999887497, 0.2994910014272687
546, 0.740505567483248, 0.31394122031666005
547, 0.8246675400846222, 0.661719562476287
548, 0.40205864123045343, 0.8310442320105514
549, 0.26808505153852713, 0.3981505098761222
550, 0.8351688913890839, 0.4643353454287078
551, 0.7356089701253236, 0.38413380521054485
552, 0.35693707476817216, 0.35511047974389154
553, 0.3829217406519628, 0.18696825632973268
554, 0.14711648248009757, 0.48222102536910605
555, 0.7633996322681432, 0.4814359772914484
556, 0.9294407945382686, 0.10954017330054067
557, 0.9510732826797709, 0.1764487507293655
558, 0.05015851249776748, 0.9655194382308865
559, 0.7457257954255999, 0.3705225982195637
560, 0.3706990999196358, 0.04908377944540798
561, 0.9510082236992272, 0.5048137068721507
562, 0.820553805634078, 0.5020542178194924
563, 0.14590319632723903, 0.4496005205623599
564, 0.448875579297754, 0.08956660609477163
565, 0.09078813704548028, 0.11738615891705118
566, 0.571544482801122, 0.9803104595454958
567, 0.8269953809717618, 0.5613108301802374
568, 0.946729562363479, 0.16005308510136274
569, 0.6638117680337228, 0.08220513637547477
570, 0.45511256496639585, 0.716324221344552
571, 0.8581590563386893, 0.3338921378156572
572, 0.507889817788969, 0.3594124393882745
573, 0.31187531909823807, 0.30888927431661173
574, 0.6384803480863824, 0.5725302084221726
575, 0.8726643132319333, 0.9184044052594359
576, 0.345387049714187, 0.9897054479734528
577, 0.9645556329147653, 0.5996326336076503
578, 0.8137890974446866, 0.9326834797350961
579, 0.42931856766933707, 0.6821352963931536
580, 0.575887616645942, 0.41612296772673674
581, 0.9504941378148644, 0.10803791319409972
582, 0.06384847488106615, 0.7357655338471464
583, 0.8589792098485428, 0.4260968888086194
584, 0.05708735205213178, 0.598844731715055
585, 0.4535653977716684, 0.8623605990615884
586, 0.3288701537483998, 0.7380654462806505
587, 0.9270409165051793, 0.05664288913162219
588, 0.6458633081492161, 0.32664735494872077
589, 0.4035565934589811, 0.2615915099779963
590, 0.5778358208861486, 0.8617654959696217
591, 0.18099010825948303, 0.07729242922026502
592, 0.8344451726980492, 0.16475297348464912
593, 0.9668436730361027, 0.8515977313347515
594, 0.17808119682187873, 0.7827424945760626
595, 0.4929170332151652, 0.4348375105915775
596, 0.6078021675926528, 0.5223400068213033
597, 0.6380599725149386, 0.027384524258945886
598, 0.3196836602106201, 0.16540815148345256
599, 0.8041927139724507, 0.5904307892096661
end_nodes
0, 1
0, 2
0, 3
0, 4
0, 5
0, 6
0, 7
0, 8
0, 9
0, 10
0, 11
0, 12
0, 13
0, 14
0, 15
0, 16
0, 17
0, 18
0, 19
0, 20
0, 21
0, 22
0, 23
0, 24
1, 4
1, 6
1, 11
1, 12
1, 13
1, 15
1, 18
1, 26
1, 28
1, 31
1, 38
1, 41
1, 42
1, 48
1, 50
1, 57
1, 58
1, 60
1, 61
1, 66
1, 67
1, 68
1, 69
2, 8
2, 16
2, 17
2, 18
2, 32
2, 34
2, 37
2, 47
2, 51
2, 55
2, 56
2, 59
2, 62
2, 73
2, 74
2, 76
2, 83
2, 89
2, 93
2, 96
2, 97
2, 98
2, 100
3, 16
3, 17
3, 21
3, 23
3, 46
3, 55
3, 76
3, 86
3, 103
3, 121
3, 129
3, 151
3, 165
3, 182
3, 190
3, 191
3, 192
3, 210
3, 226
3, 236
3, 243
3, 254
3, 258
4, 11
4, 64
4, 91
4, 224
4, 268
4, 276
4, 279
4, 302
4, 320
4, 342
4, 343
4, 368
4, 422
4, 570
5, 9
5, 10
5, 15
5, 22
5, 25
5, 27
5, 39
5, 43
5, 45
5, 63
5, 71
5, 131
5, 144
5, 159
5, 160
5, 171
5, 203
5, 207
5, 216
5, 239
5, 259
5, 264
5, 265
6, 12
6, 95
6, 166
6, 240
6, 298
6, 376
7, 13
7, 14
7, 15
7, 19
7, 40
7, 49
7, 65
7, 70
7, 79
7, 80
7, 92
7, 108
7, 112
7, 115
7, 125
7, 127
7, 142
7, 149
7, 154
7, 181
7, 185
7, 186
7, 199
8, 16
8, 32
8, 35
8, 37
8, 44
8, 52
8, 85
8, 124
8, 169
8, 173
8, 179
8, 196
8, 212
8, 249
8, 253
8, 322
8, 379
8, 389
8, 408
8, 464
8, 499
8, 521
9, 10
9, 20
9, 27
9, 33
9, 54
9, 84
9, 99
9, 101
9, 106
9, 160
9, 163
9, 175
9, 184
9, 197
9, 203
9, 207
9, 218
9, 225
9, 255
9, 274
9, 289
9, 291
10, 54
10, 274
10, 280
10, 338
10, 383
10, 443
10, 553
11, 13
11, 91
11, 136
11, 147
11, 172
11, 263
11, 279
11, 312
11, 315
11, 320
11, 331
11, 343
11, 368
11, 375
11, 447
11, 448
11, 459
11, 475
11, 478
11, 534
11, 570
12, 18
12, 370
12, 542
13, 15
13, 40
13, 70
13, 127
13, 136
13, 154
13, 181
13, 186
13, 208
13, 215
13, 227
13, 228
13, 242
13, 272
13, 281
13, 288
13, 315
13, 323
13, 325
13, 331
14, 15
14, 19
14, 29
14, 36
14, 94
14, 178
14, 339
14, 537
15, 31
15, 41
15, 45
15, 48
15, 50
15, 63
15, 66
15, 67
15, 71
15, 72
15, 77
15, 78
15, 80
15, 81
15, 82
15, 90
15, 102
15, 108
16, 35
16, 46
16, 52
16, 55
16, 121
16, 169
16, 236
16, 254
16, 349
16, 415
16, 431
16, 457
16, 464
16, 469
16, 495
16, 499
16, 505
16, 580
17, 20
17, 24
17, 62
17, 73
17, 75
17, 76
17, 89
17, 96
17, 98
17, 100
17, 104
17, 105
17, 109
17, 110
17, 119
17, 122
17, 134
17, 135
17, 137
17, 143
17, 148
18, 26
18, 38
18, 47
18, 51
18, 56
18, 61
18, 97
18, 107
18, 138
18, 139
18, 146
18, 164
18, 188
18, 193
18, 195
18, 202
18, 209
18, 211
18, 213
18, 233
19, 65
19, 92
19, 94
19, 537
20, 24
20, 33
20, 75
20, 84
20, 99
20, 105
20, 106
20, 119
20, 152
20, 163
20, 184
20, 217
20, 221
20, 232
20, 235
20, 310
20, 311
20, 313
20, 314
20, 321
20, 346
21, 23
21, 30
21, 53
21, 111
21, 130
21, 157
21, 165
21, 182
21, 243
21, 256
21, 267
21, 271
21, 324
21, 330
21, 334
21, 420
21, 490
21, 522
21, 546
21, 551
21, 559
21, 588
22, 39
22, 63
22, 78
22, 388
22, 446
22, 473
22, 508
22, 545
22, 589
22, 598
23, 30
23, 165
23, 334
23, 529
23, 588
24, 105
24, 135
24, 176
24, 194
24, 200
24, 221
24, 235
24, 321
24, 328
24, 346
24, 401
24, 404
24, 442
24, 483
24, 523
24, 556
25, 144
25, 216
25, 239
25, 305
25, 510
25, 565
26, 38
26, 48
26, 87
26, 114
26, 116
26, 138
26, 189
26, 209
26, 245
26, 290
26, 306
26, 369
26, 438
26, 468
26, 485
26, 507
26, 512
26, 519
26, 558
27, 160
27, 560
28, 57
28, 66
28, 69
28, 88
28, 113
28, 141
28, 153
28, 167
28, 174
28, 198
28, 266
28, 295
28, 317
28, 318
28, 356
28, 433
28, 449
28, 451
28, 453
28, 516
28, 531
28, 544
28, 582
29, 94
30, 157
30, 490
30, 588
31, 58
31, 67
31, 220
31, 336
31, 426
31, 427
32, 37
32, 173
32, 204
33, 163
33, 291
33, 311
33, 445
33, 486
33, 493
34, 62
34, 96
34, 109
34, 122
34, 137
34, 156
34, 162
34, 177
34, 180
34, 187
34, 201
34, 206
34, 214
34, 238
34, 251
34, 261
34, 275
34, 277
34, 278
34, 282
34, 309
34, 316
34, 333
35, 464
36, 339
38, 61
38, 188
39, 446
39, 545
39, 598
40, 181
40, 242
40, 248
40, 297
40, 325
40, 335
40, 361
40, 456
41, 60
41, 77
41, 82
41, 128
41, 133
41, 145
41, 168
41, 230
41, 327
41, 382
41, 384
41, 406
41, 414
41, 474
41, 491
41, 548
41, 554
41, 563
41, 586
42, 50
42, 66
42, 90
42, 241
42, 387
42, 497
42, 584
43, 160
43, 264
43, 291
43, 326
43, 381
43, 461
43, 501
43, 503
44, 322
44, 408
44, 464
44, 521
44, 580
44, 596
45, 63
45, 171
45, 504
45, 526
45, 541
45, 543
46, 190
46, 191
46, 210
46, 236
46, 243
46, 286
46, 364
46, 489
47, 51
47, 132
47, 139
47, 213
47, 219
47, 233
47, 307
47, 308
47, 345
47, 436
47, 590
48, 66
48, 68
48, 69
48, 71
48, 81
48, 123
48, 189
48, 198
48, 285
48, 299
48, 300
48, 306
48, 367
48, 369
48, 397
48, 399
48, 424
48, 429
48, 430
48, 452
48, 460
49, 80
49, 112
49, 304
49, 378
49, 435
49, 437
50, 60
50, 77
50, 90
50, 241
50, 250
50, 353
50, 390
50, 497
50, 511
50, 513
50, 527
50, 536
51, 139
51, 164
51, 195
51, 202
51, 296
51, 436
51, 496
51, 566
51, 590
52, 169
52, 196
52, 389
52, 521
52, 580
53, 157
54, 338
55, 74
55, 76
55, 118
55, 226
55, 329
55, 349
55, 352
55, 403
55, 440
55, 479
55, 495
55, 520
55, 571
56, 97
56, 252
57, 167
57, 453
58, 426
58, 427
59, 96
59, 100
59, 126
59, 284
59, 351
59, 407
59, 410
59, 462
59, 466
59, 509
59, 533
59, 538
59, 539
60, 77
60, 128
60, 168
60, 327
61, 188
62, 83
62, 93
62, 98
62, 104
62, 161
62, 170
62, 187
62, 201
62, 293
62, 319
62, 355
62, 419
62, 547
63, 508
64, 279
65, 92
66, 72
66, 88
66, 90
66, 102
66, 141
66, 174
66, 198
66, 374
66, 387
66, 433
66, 444
66, 487
66, 524
66, 544
66, 584
67, 82
67, 120
67, 150
67, 222
67, 348
67, 365
67, 406
67, 426
67, 528
67, 548
68, 367
69, 123
69, 153
69, 198
69, 317
69, 399
69, 449
69, 452
69, 582
69, 594
70, 127
70, 142
70, 228
70, 234
70, 248
70, 325
70, 335
70, 391
70, 549
71, 81
71, 144
71, 159
71, 259
71, 300
71, 332
71, 347
71, 360
71, 380
71, 386
71, 397
71, 460
71, 484
71, 498
72, 90
72, 117
72, 260
72, 301
72, 428
72, 444
72, 465
72, 524
73, 89
73, 140
73, 143
73, 292
73, 341
73, 455
73, 530
73, 532
73, 550
73, 557
73, 562
73, 583
74, 76
74, 403
74, 412
74, 416
74, 440
75, 105
75, 152
75, 217
75, 310
75, 313
75, 350
75, 481
75, 518
76, 129
76, 151
76, 226
76, 403
76, 412
76, 416
76, 520
76, 568
77, 353
77, 527
77, 554
78, 508
79, 108
79, 125
79, 425
79, 573
80, 108
80, 304
80, 354
80, 378
80, 394
80, 435
80, 450
81, 430
81, 460
82, 120
82, 133
82, 222
82, 348
82, 406
82, 474
83, 93
83, 319
83, 419
84, 99
84, 175
84, 184
84, 357
85, 169
85, 499
86, 151
86, 226
87, 116
87, 189
87, 245
87, 290
87, 519
88, 198
89, 98
89, 140
89, 183
89, 223
89, 246
89, 269
89, 432
89, 455
89, 476
89, 567
89, 599
90, 117
90, 513
90, 584
91, 368
93, 98
93, 319
93, 547
95, 166
96, 177
96, 231
96, 309
96, 373
96, 377
96, 410
96, 418
96, 502
96, 540
96, 577
97, 100
97, 158
97, 211
97, 252
97, 402
97, 411
97, 575
97, 578
98, 183
98, 246
98, 476
99, 175
99, 357
100, 110
100, 155
100, 158
100, 244
100, 247
100, 284
100, 351
100, 402
100, 410
100, 411
100, 462
100, 502
100, 509
100, 533
100, 539
100, 575
100, 577
100, 578
100, 593
101, 106
101, 184
101, 289
101, 363
101, 569
102, 260
102, 374
102, 487
102, 524
103, 165
103, 182
103, 271
103, 330
104, 134
104, 170
104, 187
104, 333
104, 392
104, 413
105, 152
105, 200
105, 235
105, 350
105, 518
105, 523
106, 184
106, 197
106, 225
106, 255
106, 337
106, 363
106, 396
106, 417
106, 441
106, 463
106, 564
106, 569
107, 138
107, 209
107, 372
107, 576
108, 125
108, 354
108, 394
108, 450
108, 573
109, 122
109, 137
109, 148
109, 205
109, 251
109, 262
109, 275
109, 506
109, 525
109, 561
110, 244
110, 314
110, 359
110, 395
110, 445
110, 477
110, 514
110, 517
111, 243
111, 256
112, 149
112, 185
112, 229
112, 283
112, 362
112, 437
112, 488
112, 552
113, 153
113, 582
114, 369
114, 507
115, 127
115, 142
115, 234
116, 519
118, 440
119, 314
119, 587
120, 528
121, 254
121, 431
121, 457
121, 469
121, 505
121, 555
122, 134
122, 156
122, 214
122, 316
122, 333
122, 340
122, 423
122, 506
123, 285
123, 367
123, 399
123, 429
124, 179
124, 249
124, 253
124, 379
124, 389
124, 521
124, 574
125, 385
126, 407
126, 410
127, 149
127, 199
127, 234
127, 273
127, 283
127, 304
127, 344
127, 358
127, 421
128, 145
128, 168
128, 382
129, 151
130, 256
131, 216
131, 259
131, 498
132, 219
133, 474
133, 563
134, 333
134, 340
134, 413
135, 176
135, 194
135, 237
135, 270
135, 442
135, 471
135, 592
136, 263
136, 459
136, 585
137, 177
137, 262
137, 275
137, 377
137, 418
138, 209
138, 287
138, 372
138, 458
138, 468
138, 512
139, 195
139, 307
140, 292
140, 341
140, 455
140, 530
140, 583
141, 433
141, 516
141, 531
142, 234
142, 549
143, 257
143, 532
143, 550
144, 216
144, 305
144, 360
144, 498
144, 565
145, 168
145, 382
146, 193
146, 211
146, 371
146, 409
147, 331
147, 447
147, 534
148, 205
148, 506
148, 561
149, 185
149, 199
149, 229
149, 273
149, 283
149, 344
149, 421
150, 222
150, 406
151, 226
152, 313
153, 266
153, 582
153, 594
154, 181
155, 244
155, 247
155, 517
155, 593
156, 278
156, 316
156, 333
157, 490
158, 211
158, 409
159, 259
159, 264
159, 265
159, 380
159, 381
159, 386
159, 515
159, 591
160, 291
160, 560
161, 319
161, 547
162, 206
162, 261
162, 309
162, 405
162, 494
163, 398
163, 486
163, 597
164, 566
165, 330
165, 334
165, 522
165, 546
166, 240
166, 298
166, 376
167, 318
167, 453
168, 230
168, 327
169, 196
169, 499
171, 526
171, 541
171, 543
172, 375
172, 478
173, 204
174, 433
174, 544
175, 357
176, 194
177, 373
177, 418
178, 339
179, 253
179, 574
180, 206
180, 261
181, 361
181, 456
182, 271
183, 269
183, 476
184, 289
184, 463
184, 569
185, 229
185, 362
185, 552
186, 208
186, 272
186, 281
186, 572
186, 595
187, 277
187, 392
189, 245
189, 397
189, 519
190, 210
191, 210
191, 258
191, 364
191, 489
192, 236
192, 254
192, 415
192, 467
192, 480
192, 535
193, 371
197, 218
197, 337
197, 396
197, 441
197, 482
197, 564
199, 358
199, 421
200, 328
200, 523
200, 556
201, 355
201, 400
202, 296
202, 496
202, 566
203, 207
205, 506
206, 261
206, 494
207, 274
207, 443
208, 572
208, 595
209, 372
209, 438
209, 576
210, 258
211, 409
212, 379
212, 389
213, 219
213, 303
213, 345
213, 366
213, 470
214, 238
214, 316
214, 423
214, 454
215, 228
215, 288
215, 325
215, 434
216, 498
216, 510
216, 565
217, 310
218, 337
218, 472
218, 482
220, 336
221, 346
221, 404
222, 348
222, 406
223, 246
224, 268
224, 320
224, 342
225, 255
225, 294
225, 564
226, 329
226, 352
226, 479
226, 520
227, 272
227, 281
228, 288
228, 325
228, 391
228, 434
230, 327
231, 377
232, 311
232, 314
232, 359
232, 445
233, 345
236, 415
237, 270
237, 442
237, 471
238, 316
238, 454
239, 305
240, 298
241, 497
242, 325
243, 256
243, 286
243, 420
243, 489
243, 551
243, 559
244, 517
245, 287
245, 290
245, 468
245, 558
246, 432
246, 476
246, 567
246, 599
247, 517
247, 593
248, 297
248, 335
249, 253
249, 521
250, 353
250, 511
250, 527
251, 275
251, 525
253, 574
254, 415
254, 467
254, 480
254, 535
254, 555
255, 294
257, 550
259, 265
259, 386
259, 498
260, 301
260, 428
260, 465
260, 524
261, 282
261, 309
263, 459
264, 381
264, 503
264, 515
266, 295
266, 594
267, 324
267, 420
268, 276
268, 342
269, 476
270, 471
271, 330
272, 281
273, 344
274, 443
276, 342
277, 333
277, 392
278, 333
279, 302
279, 343
280, 383
280, 553
283, 304
283, 437
284, 407
284, 410
285, 299
285, 399
285, 424
285, 429
285, 500
286, 489
287, 458
287, 468
288, 434
291, 381
291, 461
292, 583
293, 419
295, 317
295, 594
296, 496
297, 335
298, 376
299, 424
300, 460
301, 428
302, 343
303, 366
303, 470
304, 437
306, 369
306, 485
308, 436
309, 540
310, 481
311, 445
311, 493
312, 315
312, 475
314, 359
314, 514
314, 587
315, 331
315, 375
315, 475
315, 478
316, 423
317, 449
317, 594
318, 453
319, 547
320, 342
320, 570
321, 393
321, 401
321, 404
321, 439
321, 492
322, 408
322, 521
324, 420
325, 335
326, 461
326, 501
327, 384
328, 556
329, 352
329, 479
330, 546
331, 447
332, 484
333, 340
333, 392
337, 396
337, 417
337, 472
337, 482
341, 530
341, 562
344, 421
346, 483
347, 380
349, 495
350, 518
351, 462
351, 509
353, 511
353, 527
354, 394
354, 450
356, 449
356, 453
359, 445
359, 514
361, 456
362, 552
364, 489
365, 406
365, 548
368, 570
369, 507
371, 409
372, 576
374, 487
375, 478
377, 418
378, 435
379, 389
380, 381
381, 461
381, 501
388, 446
388, 545
389, 521
390, 513
390, 536
393, 401
393, 439
395, 477
395, 517
396, 417
398, 597
399, 452
399, 500
402, 578
405, 494
406, 491
406, 548
406, 586
407, 410
410, 577
411, 575
411, 578
412, 416
414, 548
415, 535
420, 559
424, 429
425, 573
426, 427
428, 465
430, 460
431, 505
432, 476
432, 567
433, 516
436, 590
439, 492
441, 564
444, 524
445, 477
445, 493
445, 517
446, 545
448, 475
448, 478
448, 579
449, 453
451, 531
455, 583
457, 469
457, 505
459, 585
461, 501
462, 533
464, 580
466, 538
466, 539
467, 535
468, 512
468, 558
471, 592
473, 545
473, 589
474, 563
475, 478
477, 517
478, 579
479, 571
488, 552
491, 586
502, 577
504, 526
504, 543
510, 565
513, 536
515, 591
521, 580
521, 596
522, 546
526, 543
532, 557
533, 539
541, 543
545, 589
548, 586
551, 559
567, 599
580, 596
end