480
4
0, 0.25977221942881945, 0.7059978597532179
1, 0.9143360217502029, 0.19142715689967726
2, 0.37652498658811207, 0.9263597548035521
3, 0.7950198611617219, 0.925242353184183
4, 0.9034352405087771, 0.5396526158005193
5, 0.46748434383043436, 0.8779541856823583
6, 0.6989685529608693, 0.6302960082351718
7, 0.17708138026987352, 0.8366895820366035
8, 0.6170816111687044, 0.8241298675408522
9, 0.006132501887112896, 0.638001313712945
10, 0.46202094663392135, 0.3661149905439248
11, 0.407712194971107, 0.6263388007814201
12, 0.9225545490165136, 0.47564137165645126
13, 0.8815992499198394, 0.3665441045579395
14, 0.33122398226826777, 0.9611537728298207
15, 0.04116396760466545, 0.7434192170247594
16, 0.2434096095289665, 0.9970547324544363
17, 0.8120910837781402, 0.825429357172981
18, 0.10893014761655195, 0.5733185578694101
19, 0.10662730771854856, 0.4399075351002041
20, 0.3690307105137298, 0.422266041041227
21, 0.10023525980317072, 0.7588732613725337
22, 0.5091080995786997, 0.369183367262621
23, 0.8507368556646852, 0.061616483266921374
24, 0.3858772238952899, 0.8506396516603907
25, 0.052610503026876976, 0.17160592476771996
26, 0.43975422633797845, 0.062334144862266516
27, 0.3719362138464115, 0.8983569087763834
28, 0.6823456166554605, 0.60997280965715
29, 0.4155645575895319, 0.8825525764603707
30, 0.508510473817836, 0.4237838607182951
31, 0.4117021561260463, 0.404830332656404
32, 0.6290159711177328, 0.49933452909233067
33, 0.6888941589745124, 0.6108430574236847
34, 0.6604260670314456, 0.7531265590336093
35, 0.2228055363761382, 0.2329432422059815
36, 0.49148716434656003, 0.5811209864315723
37, 0.0329942827879488, 0.6631060305983674
38, 0.9458803967484564, 0.500138835629349
39, 0.5074150952089636, 0.6592234985032651
40, 0.29227839704601055, 0.763017703891344
41, 0.7688975400854254, 0.22864989311593942
42, 0.6200833025475482, 0.980287426745178
43, 0.6823180335417887, 0.9251424531594733
44, 0.18458173730041827, 0.0008630211805042975
45, 0.751431702859343, 0.8424886735189967
46, 0.24076302296578678, 0.8860564136748087
47, 0.4997782587944617, 0.08951196118269222
48, 0.3566066540813767, 0.9760251501483816
49, 0.4166351444956249, 0.16416808799276073
50, 0.021047048651189337, 0.43596313145558385
51, 0.024036783512287774, 0.09808623384912962
52, 0.39283248886043187, 0.21027757975395422
53, 0.9284354883281398, 0.12011185407231662
54, 0.20332646699163315, 0.6983796681488915
55, 0.3254871627351975, 0.2971012337055897
56, 0.525336851577358, 0.9570756661706927
57, 0.737127742869397, 0.3109926270380061
58, 0.7151010120875012, 0.7120961755133344
59, 0.42703232323819973, 0.9016520378137801
60, 0.05695397008759828, 0.8221501902765858
61, 0.11628169700495194, 0.7334678794244911
62, 0.4661111138426497, 0.580379168421252
63, 0.37366022017963196, 0.5411578724921575
64, 0.5319947811968195, 0.6668049572740244
65, 0.7665522872446408, 0.37257352839968727
66, 0.5091007712564969, 0.05430649423954792
67, 0.4427393831411661, 0.23423833574112163
68, 0.907871063909942, 0.5191157804238125
69, 0.45458486073135196, 0.31288979924893623
70, 0.8665539075351537, 0.8333742641330107
71, 0.1809996911567454, 0.22682965571503766
72, 0.2348357323255056, 0.08760070335055814
73, 0.1844642816824521, 0.8134078896684142
74, 0.7105701366089159, 0.790717305680383
75, 0.004395396384686334, 0.8760153933103717
76, 0.8665333978485529, 0.1367708343241706
77, 0.01509400879358469, 0.23659736349386662
78, 0.7217894892522477, 0.6724531293036937
79, 0.48891724078572263, 0.4953953370940096
80, 0.5358137541028909, 0.7948503718362256
81, 0.9049858282463846, 0.9487293046984491
82, 0.5099926096396469, 0.5208705296439734
83, 0.7947491251208985, 0.8500436442050937
84, 0.17733674141634614, 0.2941218700190579
85, 0.9530410909929095, 0.934402294322793
86, 0.9001711517477837, 0.30730436571256736
87, 0.5383778490630322, 0.4650632769188451
88, 0.6210647955308498, 0.15096002373264517
89, 0.9652905716835481, 0.4830977997308926
90, 0.8258082880962965, 0.32003284389077236
91, 0.36530622153950454, 0.41887411140095665
92, 0.04517656142196391, 0.892848105726117
93, 0.05463572665588068, 0.03949393415654112
94, 0.7146678187081819, 0.8244866881108897
95, 0.17919249616310584, 0.547831097435177
96, 0.4549158030084972, 0.4641808038260167
97, 0.582566901288535, 0.38353673238732633
98, 0.11587329140431701, 0.4482020045362942
99, 0.5914148750525802, 0.407339414225689
100, 0.6126539193958798, 0.5520257874570809
101, 0.49574999991432067, 0.3499335047914207
102, 0.1211130540175418, 0.5763895736865401
103, 0.26502330531503027, 0.30213490101053997
104, 0.38468935362323586, 0.16030810254185712
105, 0.49744289783580076, 0.06140049560179428
106, 0.61787973818206, 0.055009929020295445
107, 0.5645930988621897, 0.2275617970877163
108, 0.029584707778215202, 0.27374256921967155
109, 0.35369681769777783, 0.46074233941699083
110, 0.707565766152707, 0.9987024345637258
111, 0.9113132449959134, 0.3950657508675899
112, 0.019931195530936696, 0.36751319840218566
113, 0.504708172552263, 0.7324075065352648
114, 0.503131450120085, 0.28783113909074953
115, 0.7834423488127238, 0.48282327568560723
116, 0.46585626518023826, 0.19203925226639462
117, 0.20308001171530166, 0.3300161460078941
118, 0.614328788673135, 0.44465367339939776
119, 0.2922121145076586, 0.9603651066470245
120, 0.059437864761419434, 0.14682642494475973
121, 0.08803592567779717, 0.2056358195326583
122, 0.38206334283055166, 0.3266079394212972
123, 0.11495254661957299, 0.07917234999790457
124, 0.8236622731070704, 0.999574699409058
125, 0.8667070881641437, 0.01148299984082346
126, 0.8644343842632201, 0.6988080642220615
127, 0.07597283289509493, 0.12960245886735156
128, 0.41297409507242455, 0.6404778933953444
129, 0.2158268732658465, 0.7121456098121915
130, 0.9794445087707784, 0.6694592658943636
131, 0.5460379200748591, 0.36741966215504385
132, 0.1533291604851359, 0.191613678755164
133, 0.5905290705344723, 0.675590624452786
134, 0.6552163040187955, 0.9746463064523919
135, 0.8849238028509753, 0.6402553295914546
136, 0.9843170993457979, 0.9968531712892099
137, 0.8682493920482908, 0.6075175723821462
138, 0.10168970283684542, 0.5260128883079266
139, 0.7336957477374021, 0.44818460292487927
140, 0.424934034618491, 0.7826726484315722
141, 0.01973388290242728, 0.17688815689769888
142, 0.5467719004744963, 0.9151308812584945
143, 0.9559201353543216, 0.5794156285634429
144, 0.7286429484282466, 0.7753960942861938
145, 0.07989832300393529, 0.2358380034473132
146, 0.1269820414183207, 0.0224680546322944
147, 0.5782001513851593, 0.03514218390996782
148, 0.8732828521159746, 0.885414842409172
149, 0.6872093508349797, 0.08373949404880132
150, 0.20986069570078658, 0.3410675664239784
151, 0.858583560081455, 0.14211129336182216
152, 0.4404910230281103, 0.4462999286994773
153, 0.12955883728833484, 0.7833300930898208
154, 0.16654560416479658, 0.6137091390342524
155, 0.6172011856436925, 0.22603515036907562
156, 0.3028819642567131, 0.8484070975793834
157, 0.4205675875105064, 0.9699253857147601
158, 0.992638490070032, 0.7006298846099642
159, 0.9568172118438573, 0.5780342253326358
160, 0.7192000873977944, 0.7305903685310727
161, 0.7706787464521355, 0.09503303731486012
162, 0.7420252709525412, 0.18341277772962428
163, 0.6595706676316345, 0.7200270370361296
164, 0.5230797954197594, 0.3837925280069918
165, 0.8736058218458176, 0.43151631653115574
166, 0.19846524266933252, 0.15274890281166942
167, 0.24015122590114302, 0.19285851037626534
168, 0.6475135071998376, 0.33733752767402714
169, 0.5942000108770517, 0.5057910582215397
170, 0.8602162318586009, 0.5121451841478089
171, 0.6637965919498465, 0.12725859488722213
172, 0.1477558520923199, 0.5881028309491723
173, 0.9391069160501323, 0.6028606672259135
174, 0.5035492328575178, 0.07422442977813459
175, 0.3655154717521669, 0.4345243021093492
176, 0.039571318958926294, 0.9858550866705389
177, 0.08908968346160206, 0.2887857121916252
178, 0.604132360796943, 0.3197696357140435
179, 0.38286981654145535, 0.688902088983746
180, 0.25500369035850823, 0.687846084718756
181, 0.03936254624868418, 0.4855538501989286
182, 0.663239093918397, 0.9707341881216474
183, 0.08144459685270578, 0.1400129985921582
184, 0.5278174987403271, 0.5129522565609347
185, 0.17671365092876756, 0.9184377295180678
186, 0.057291506961461014, 0.20105671121912616
187, 0.6727380845582233, 0.8490131661008402
188, 0.4575818553451171, 0.8879573864002425
189, 0.5034231408873983, 0.5975028399893536
190, 0.6623671768057662, 0.7249590088520589
191, 0.09711468647517785, 0.4940195909354085
192, 0.019117509548814526, 0.3051568736996083
193, 0.8319494889366165, 0.9679857901291639
194, 0.6393138878650428, 0.7320155166665547
195, 0.34661989678466143, 0.687456788235444
196, 0.34938143379275355, 0.16948530194895572
197, 0.5226132793953443, 0.8320020759241139
198, 0.2820102337755257, 0.5656974902963011
199, 0.5622952081409422, 0.19011364913973583
200, 0.18122471911742577, 0.2767141206181998
201, 0.23708364917197933, 0.3259425726527586
202, 0.15103687329597837, 0.2725055305237072
203, 0.7676013413352505, 0.008070794373509771
204, 0.3680204549694538, 0.3214717470894436
205, 0.8104408688155459, 0.9307707742833868
206, 0.4355383234043796, 0.45810129961640744
207, 0.1043392558471643, 0.5994248330754669
208, 0.970993551300168, 0.7656078177859968
209, 0.4089861486714782, 0.25798514916767346
210, 0.525141893387943, 0.7547302809238233
211, 0.52661966712222, 0.8067005114682854
212, 0.30412268713917645, 0.0245406343696426
213, 0.026188967548143705, 0.6763201089835894
214, 0.6778446417340726, 0.6680587258517079
215, 0.8695187924099246, 0.9514023241758089
216, 0.9296736380273077, 0.7002524500145407
217, 0.6600458769592255, 0.9194366928704937
218, 0.49319813687311886, 0.06198983542889669
219, 0.702682678016833, 0.5770481385597682
220, 0.6387459345025627, 0.34801647847054895
221, 0.0565115069927008, 0.37286435449983935
222, 0.4841554207586958, 0.8475762081334174
223, 0.600350803946608, 0.8399870673447808
224, 0.5919890131238619, 0.9015839392411362
225, 0.9880403016148441, 0.8710901357375075
226, 0.8360418147427733, 0.04667729087551453
227, 0.43123578980293364, 0.4297694945076269
228, 0.9144448102773228, 0.8634091807653131
229, 0.0879001314162704, 0.5783413065542061
230, 0.6568666588871482, 0.07789577472581799
231, 0.7907453434984931, 0.8281722457402164
232, 0.6502053513225822, 0.947596280667926
233, 0.8515121755427698, 0.7956600365909081
234, 0.940809993098371, 0.321340587175305
235, 0.5452242201467954, 0.8718795161573555
236, 0.14655615785323517, 0.7474329854674097
237, 0.6918324655047748, 0.9211935814689596
238, 0.7845680940895894, 0.19508241080143862
239, 0.0637823246207132, 0.6618571968998876
240, 0.8006107654771156, 0.11531449086457368
241, 0.8659075702188016, 0.5720093396946871
242, 0.031420477928796875, 0.8836516365805313
243, 0.09502060873120755, 0.4084535516269895
244, 0.887293241598085, 0.7866354539245206
245, 0.21829226862464968, 0.9753485888570282
246, 0.5590326105207022, 0.9687949758225298
247, 0.7940988173477274, 0.19114602220917354
248, 0.31380845891317855, 0.4770910120564008
249, 0.31800981776656456, 0.927740631863119
250, 0.9474687996283001, 0.6172572212666447
251, 0.6545106281754105, 0.4727400312959863
252, 0.14626912566527028, 0.04779324230536153
253, 0.391635034349162, 0.2122443721656182
254, 0.20253030528535743, 0.3960568413536356
255, 0.9593909570663053, 0.71429040645968
256, 0.3496493677391438, 0.6095953381403219
257, 0.4000901379952533, 0.11647834172995475
258, 0.12252036786289988, 0.10216109317351008
259, 0.49013899342750755, 0.8453546463299639
260, 0.751523493187242, 0.7482229952975381
261, 0.555209142017838, 0.6616440690016164
262, 0.26050987447255647, 0.35725127481075547
263, 0.24873725779785427, 0.2594274343776538
264, 0.8095999198759973, 0.11430428237455581
265, 0.025830758834067602, 0.04211991918033908
266, 0.8120765413932913, 0.6445888350349332
267, 0.9214419130506009, 0.5795468286366507
268, 0.6594303552376504, 0.2268934515157851
269, 0.11847846778695881, 0.3150494306864089
270, 0.6013809810745666, 0.5007673726524065
271, 0.06451127071922125, 0.9922383259564403
272, 0.9617592749283751, 0.7341034348268227
273, 0.8442148066931072, 0.8213308621126529
274, 0.3358461388374545, 0.22779162421575694
275, 0.04829209116950528, 0.4249949371276558
276, 0.6054783028019014, 0.582383130274582
277, 0.8567338992513207, 0.40615351391574817
278, 0.3229532347501106, 0.33761788181636365
279, 0.3285618878877046, 0.12697639328326638
280, 0.1988649504770872, 0.9429793660021439
281, 0.5440414714268336, 0.8321588268775318
282, 0.05156455407425509, 0.017526795173750886
283, 0.5873576389375054, 0.19555235157844608
284, 0.32569618656235644, 0.7123041787076901
285, 0.4305115978115077, 0.9693234587923867
286, 0.2747541825812112, 0.7892465320313786
287, 0.24382130506600397, 0.5436825417289899
288, 0.25454401394052306, 0.744266496841957
289, 0.8332846342939638, 0.7033025900831613
290, 0.7013513660945031, 0.24595311682133014
291, 0.16625479858488856, 0.18151853365678505
292, 0.41162285653365205, 0.21068554122264127
293, 0.8485789540722487, 0.021834584088201825
294, 0.5448059757896886, 0.44673371644912885
295, 0.7504953953068019, 0.9333853588321602
296, 0.7452359151297697, 0.9264682735017155
297, 0.5659620116629782, 0.800493164997579
298, 0.5437008283528448, 0.7196161897938891
299, 0.3336270038891689, 0.9360874663303443
300, 0.6601080289798003, 0.388078116020132
301, 0.5762965631138455, 0.06738691137518371
302, 0.10720826530718741, 0.991031476714168
303, 0.01726095704048669, 0.008605210597040225
304, 0.6341453146950178, 0.9622210036422276
305, 0.6514343500113471, 0.7532187943924117
306, 0.2576706791901663, 0.9007799873644354
307, 0.8051965992714155, 0.20549686560610092
308, 0.8292280678408818, 0.7375787851312312
309, 0.5767157074348175, 0.5997788336452647
310, 0.9834236817671501, 0.5647797653115654
311, 0.9352417407928421, 0.08761347678773213
312, 0.4232825287486639, 0.22124879832583477
313, 0.5450652692242692, 0.14474161103587657
314, 0.516725685447162, 0.3054662525842867
315, 0.9822076275659681, 0.7522278589501328
316, 0.5904905145142616, 0.156436486926112
317, 0.02938259665379417, 0.572564241966225
318, 0.4336313729900838, 0.17595990187071842
319, 0.6405548059545279, 0.4119289731777346
320, 0.35681469157054135, 0.9005385128255764
321, 0.6932015449704628, 0.9814645600021834
322, 0.13989722510493485, 0.42055822574217994
323, 0.23193575402017697, 0.2896825453561832
324, 0.45266737518469957, 0.6136722170479394
325, 0.48341281776766354, 0.8340035982366647
326, 0.4040845944309812, 0.6061944065230179
327, 0.19547700854463734, 0.3384941624921698
328, 0.20123536272968479, 0.4310828917553937
329, 0.6853688809749112, 0.8872448558557583
330, 0.822787139416149, 0.18757756390490898
331, 0.6596540747435353, 0.4675535607316911
332, 0.8944250028130218, 0.3027189453810325
333, 0.10894361915657114, 0.8513402265430923
334, 0.865692358762855, 0.6973881006857009
335, 0.29956546192905653, 0.6035470332536934
336, 0.33935687911857926, 0.32193481041329797
337, 0.045937710752853245, 0.9371178169337651
338, 0.5713789389933723, 0.19151827691875156
339, 0.62473661301208, 0.34256578122984993
340, 0.354881781933268, 0.9340364731308779
341, 0.9435174961069205, 0.7855329443778676
342, 0.199277338012958, 0.8547088764444702
343, 0.7812631075674992, 0.3267078165010977
344, 0.48178464484445993, 0.03368976085609321
345, 0.7834861560946951, 0.1639227829200649
346, 0.6384740878883431, 0.06534194526803017
347, 0.9529715996508321, 0.36802722381941544
348, 0.22732537573174683, 0.14990935087191382
349, 0.014543268019902578, 0.9677285366594749
350, 0.8334978743667624, 0.6926362251705647
351, 0.09933941001733348, 0.018622549686779233
352, 0.8163276526863376, 0.4602293756456687
353, 0.6372768872728897, 0.2879073597916936
354, 0.7154340651618285, 0.6919074873239638
355, 0.7932127680052431, 0.39114883828082336
356, 0.7447818644704259, 0.8139764209106295
357, 0.930162405824179, 0.031440147042597344
358, 0.4189368927792021, 0.8393093393738159
359, 0.7677792636017239, 0.3975005898278394
360, 0.4944897951553284, 0.8966467448962239
361, 0.7181802113907255, 0.8722478279279959
362, 0.09347049338140367, 0.5744204950146138
363, 0.5548928073303581, 0.25378147576828247
364, 0.28743493896345884, 0.7305484984811705
365, 0.08829902068131257, 0.6004986136375566
366, 0.24095394566258288, 0.05066220713402336
367, 0.5120380315343296, 0.4727134711271098
368, 0.6616439340309423, 0.9455448460960432
369, 0.8105728443724882, 0.7268373720695633
370, 0.8819660374259184, 0.7892817308576003
371, 0.8973819098204605, 0.44632527662912314
372, 0.11203313231910161, 0.7851557177310825
373, 0.8666085874063276, 0.8507056768641704
374, 0.8589002143716529, 0.2045795141627319
375, 0.5208794417042711, 0.5120667451569538
376, 0.9505848345259303, 0.014106938834389515
377, 0.02394788044154006, 0.5439833626325563
378, 0.4403627777740813, 0.4144114942649503
379, 0.9033813002558189, 0.5654670090165597
380, 0.6244162960685774, 0.7362312410403975
381, 0.9402062920022007, 0.8296162615905533
382, 0.6694196331219534, 0.6303423135196174
383, 0.6258556003009714, 0.3644332151635208
384, 0.13901624795667522, 0.3129161566717533
385, 0.4146527526101732, 0.4557116844692667
386, 0.843871681013755, 0.1939175856577211
387, 0.36244574662712115, 0.458783013462698
388, 0.47515931024712454, 0.955312824956564
389, 0.13237141877075753, 0.42513046851447456
390, 0.3297019984816918, 0.7504350638745082
391, 0.8005997991808825, 0.727823961891616
392, 0.6338427411928547, 0.46399122652587765
393, 0.7282112389752255, 0.8704620682735773
394, 0.056404570265254805, 0.42448074776692235
395, 0.4463798531130949, 0.9041645517751189
396, 0.7625108929474492, 0.9517317925379789
397, 0.9228998020135243, 0.8152467793584898
398, 0.9166690425358773, 0.8671245886400746
399, 0.08697889075386, 0.900290951665278
400, 0.3670106113167292, 0.7372806881650495
401, 0.17513608997622088, 0.2912674262238978
402, 0.2379606229864517, 0.86394647067896
403, 0.5692807567668833, 0.21263961179581736
404, 0.6728947653931153, 0.029710302983855574
405, 0.7589958585328119, 0.10097666545179562
406, 0.19112039771718126, 0.9903074916755508
407, 0.8019634199635389, 0.6312966066632166
408, 0.519678425877872, 0.2741250643442886
409, 0.3421612491324941, 0.7596416763134443
410, 0.45172359810094065, 0.8704306666512662
411, 0.4343363361061522, 0.0263052363541586
412, 0.6752115137598161, 0.4860694078109562
413, 0.5716626072675953, 0.7090352718050585
414, 0.23356256215063065, 0.546653811996322
415, 0.696873739336959, 0.5179426532990216
416, 0.26793113405871316, 0.2486520261102383
417, 0.5857314071862271, 0.24240397211100184
418, 0.8530901143989654, 0.6983205073105808
419, 0.14363115023183426, 0.9347101578034747
420, 0.1546799315396572, 0.7857239371393693
421, 0.1422721133196676, 0.44080657563383274
422, 0.5170076211240954, 0.7573063954627036
423, 0.8724329174240285, 0.4389348915530862
424, 0.7238417606528095, 0.46933441334608395
425, 0.6739829120372607, 0.6233374067911238
426, 0.9161892873825018, 0.2698732209112301
427, 0.007290704599371423, 0.5139907845574542
428, 0.5115088643781083, 0.6705348670425371
429, 0.8797262177285092, 0.4401685973999693
430, 0.4241804231704639, 0.47053556401420416
431, 0.16252418473723873, 0.3188383309484172
432, 0.5608714921597356, 0.9844262689965171
433, 0.5097334109885372, 0.498184369850148
434, 0.7479596767534256, 0.24080500522394166
435, 0.3197302014574738, 0.3396593941179903
436, 0.40591666974944274, 0.21074726527204912
437, 0.2708779214002398, 0.4104837944359151
438, 0.15471566996069552, 0.9958173431485285
439, 0.20195039829750094, 0.8868447542485889
440, 0.4025860499803545, 0.28975308033716474
441, 0.09489166730692966, 0.8459460049184647
442, 0.3487933220082946, 0.09705938999011432
443, 0.11226014682092478, 0.7576982147170832
444, 0.5518496532298431, 0.6397429920495223
445, 0.6073153999006615, 0.03706966084955099
446, 0.6086276185466998, 0.741642415233664
447, 0.9245301548669816, 0.9721877215191225
448, 0.5606836330267995, 0.012351063206608281
449, 0.5992324982032947, 0.7377530292455508
450, 0.5923843967136626, 0.17663970158754527
451, 0.7894551595831241, 0.9799870965757524
452, 0.9286557939908922, 0.03872338561754385
453, 0.7790211906888919, 0.44014413922072115
454, 0.4161068861942874, 0.8620266389447059
455, 0.20236960018375494, 0.7470839576467084
456, 0.5013723908473632, 0.1405061126104178
457, 0.027808316772019115, 0.7602073470730718
458, 0.9299439731783575, 0.14210928878016826
459, 0.5447759443019153, 0.33736279424465054
460, 0.9807852718324173, 0.209574642219146
461, 0.9163453404433313, 0.4352645251827836
462, 0.017646270645757967, 0.1370866192336183
463, 0.8523754231581914, 0.9946445302406545
464, 0.7599179572545097, 0.9648978442765057
465, 0.5299763859141974, 0.29585748104269294
466, 0.2824408699960267, 0.061464197623113725
467, 0.6807233721458651, 0.43809749050753044
468, 0.0625673583322156, 0.0979477530577958
469, 0.7108951806982085, 0.0660757223354016
470, 0.6582796682099755, 0.7236592466433939
471, 0.056854117930670967, 0.16032003830139285
472, 0.6324816555636374, 0.16938551145044178
473, 0.8326444967322043, 0.7693065789023132
474, 0.3299600120951506, 0.08076449593926027
475, 0.2568544746283701, 0.7774913044723316
476, 0.9347332750572941, 0.2351073258864832
477, 0.5117587875524356, 0.9820295727058382
478, 0.17664954864065974, 0.23180680805725173
479, 0.3391951979480675, 0.23279479046359408
end_nodes
0, 1
0, 2
0, 3
0, 4
0, 5
0, 6
0, 7
0, 8
0, 9
0, 10
0, 11
0, 12
0, 13
0, 14
0, 15
0, 16
0, 17
0, 18
0, 19
0, 20
0, 21
1, 10
1, 12
1, 13
1, 19
1, 22
1, 23
1, 25
1, 26
1, 30
1, 32
1, 35
1, 38
1, 41
1, 44
1, 47
1, 49
1, 50
1, 51
1, 52
1, 53
2, 3
2, 5
2, 14
2, 24
2, 27
2, 29
2, 40
2, 42
2, 43
2, 48
2, 56
2, 59
2, 81
2, 85
2, 110
2, 124
2, 134
2, 136
2, 142
2, 156
3, 4
3, 5
3, 8
3, 12
3, 17
3, 38
3, 43
3, 45
3, 59
3, 70
3, 83
3, 85
3, 89
3, 94
3, 126
3, 130
3, 135
3, 137
3, 140
4, 6
4, 12
4, 28
4, 33
4, 34
4, 39
4, 58
4, 68
4, 74
4, 78
4, 113
4, 137
4, 144
4, 160
4, 163
4, 170
4, 190
4, 194
4, 195
5, 24
5, 29
5, 40
5, 59
5, 140
5, 188
5, 197
5, 222
5, 224
5, 235
5, 259
5, 281
5, 325
5, 329
5, 358
5, 360
5, 364
5, 390
6, 28
6, 33
6, 39
6, 64
6, 113
6, 133
6, 179
6, 195
6, 261
6, 284
6, 382
6, 425
6, 428
7, 15
7, 16
7, 21
7, 46
7, 60
7, 73
7, 75
7, 92
7, 153
7, 176
7, 185
7, 236
7, 242
7, 245
7, 271
7, 280
7, 288
7, 302
7, 333
7, 337
8, 80
8, 94
8, 187
8, 211
8, 223
8, 297
8, 356
8, 361
8, 393
8, 400
9, 15
9, 18
9, 19
9, 37
9, 50
9, 51
9, 54
9, 60
9, 75
9, 77
9, 108
9, 112
9, 129
9, 138
9, 141
9, 181
9, 191
9, 192
9, 207
9, 213
10, 19
10, 20
10, 22
10, 30
10, 31
10, 63
10, 79
10, 87
10, 91
10, 96
10, 98
10, 101
10, 152
10, 164
10, 175
10, 178
10, 206
10, 227
10, 256
11, 12
11, 13
11, 36
11, 100
11, 111
11, 115
11, 128
11, 139
11, 165
11, 189
11, 276
11, 277
11, 324
11, 352
11, 371
11, 412
11, 415
11, 423
11, 424
11, 429
12, 38
12, 68
12, 86
12, 100
12, 111
12, 126
12, 135
12, 170
12, 189
12, 219
12, 276
12, 309
12, 324
12, 334
12, 371
12, 379
13, 32
13, 65
13, 86
13, 90
13, 111
13, 139
13, 251
13, 277
13, 331
13, 332
13, 355
13, 359
13, 412
13, 424
13, 453
14, 16
14, 48
14, 119
14, 156
14, 249
14, 286
14, 299
14, 306
14, 340
14, 475
15, 21
15, 37
15, 60
15, 61
15, 129
15, 213
15, 239
15, 372
16, 42
16, 46
16, 48
16, 110
16, 119
16, 124
16, 157
16, 245
16, 246
16, 271
16, 285
16, 288
16, 302
16, 306
16, 342
16, 388
16, 406
16, 419
17, 45
17, 74
17, 83
17, 94
17, 113
17, 137
17, 144
17, 210
17, 231
17, 260
17, 284
17, 289
17, 308
17, 350
17, 356
17, 369
17, 391
17, 400
17, 422
18, 19
18, 102
18, 138
18, 154
18, 172
18, 191
18, 207
18, 229
18, 362
18, 365
19, 50
19, 95
19, 98
19, 101
19, 102
19, 154
19, 172
19, 180
19, 181
19, 191
19, 254
19, 314
19, 317
19, 322
19, 353
19, 389
20, 91
20, 95
20, 98
20, 109
20, 175
20, 180
20, 198
20, 248
20, 287
20, 328
20, 335
20, 414
21, 61
21, 153
21, 236
21, 372
21, 420
21, 443
22, 131
22, 164
22, 168
22, 178
22, 220
22, 339
23, 26
23, 44
23, 53
23, 66
23, 76
23, 105
23, 106
23, 125
23, 147
23, 149
23, 151
23, 161
23, 174
23, 203
23, 212
23, 218
23, 226
23, 230
23, 240
23, 264
24, 27
24, 29
24, 40
24, 410
24, 454
25, 35
25, 49
25, 50
25, 51
25, 52
25, 55
25, 71
25, 84
25, 103
25, 104
25, 108
25, 116
25, 117
25, 120
25, 121
25, 122
25, 127
25, 132
25, 145
25, 150
26, 44
26, 66
26, 105
26, 151
26, 174
26, 212
26, 218
26, 301
26, 346
26, 469
27, 40
28, 33
28, 39
28, 382
28, 425
29, 454
30, 57
30, 87
30, 97
30, 99
30, 131
30, 164
30, 220
30, 294
30, 300
30, 383
31, 175
31, 335
31, 387
32, 62
32, 82
32, 118
32, 169
32, 184
32, 251
32, 270
32, 319
32, 326
32, 343
32, 375
32, 392
32, 467
34, 58
34, 74
34, 113
34, 160
34, 163
34, 190
34, 194
34, 241
34, 298
34, 305
34, 354
34, 380
34, 407
34, 413
34, 446
34, 449
34, 470
35, 41
35, 52
35, 55
35, 67
35, 69
35, 71
35, 107
35, 114
35, 122
35, 132
35, 155
35, 209
35, 253
35, 263
35, 268
35, 274
35, 290
35, 292
35, 307
36, 139
36, 412
37, 213
37, 239
38, 53
38, 89
38, 135
38, 234
38, 267
38, 311
38, 347
38, 357
38, 376
38, 379
38, 452
38, 458
38, 460
38, 476
39, 195
39, 382
39, 444
40, 358
40, 364
40, 410
41, 50
41, 67
41, 69
41, 155
41, 268
41, 275
41, 290
41, 307
41, 374
41, 394
41, 417
41, 465
41, 479
42, 110
42, 246
42, 432
42, 477
43, 59
43, 142
43, 217
43, 237
43, 395
44, 47
44, 51
44, 72
44, 88
44, 93
44, 123
44, 146
44, 147
44, 171
44, 203
44, 212
44, 252
44, 257
44, 258
44, 265
44, 279
44, 282
44, 303
45, 83
45, 94
45, 231
46, 288
46, 342
46, 402
47, 88
47, 171
47, 345
48, 388
49, 51
49, 104
49, 162
49, 196
49, 318
49, 330
49, 450
49, 472
50, 108
50, 145
50, 150
50, 177
50, 181
50, 186
50, 221
50, 254
50, 269
50, 275
50, 314
50, 322
50, 327
50, 377
50, 384
50, 394
51, 77
51, 93
51, 104
51, 108
51, 112
51, 120
51, 123
51, 127
51, 141
51, 146
51, 166
51, 192
51, 258
51, 265
51, 279
51, 303
52, 116
52, 132
52, 167
52, 199
52, 238
52, 247
52, 253
52, 283
52, 291
52, 292
52, 338
52, 386
52, 436
53, 125
53, 452
53, 458
54, 129
55, 71
55, 122
55, 263
56, 110
56, 124
56, 134
56, 321
57, 97
57, 300
57, 383
58, 160
58, 407
59, 188
59, 217
59, 224
59, 237
59, 360
59, 395
60, 75
60, 333
60, 441
60, 457
62, 326
63, 227
63, 256
63, 385
64, 261
64, 284
64, 428
65, 90
65, 331
65, 359
66, 105
66, 106
66, 212
67, 417
67, 479
68, 170
69, 114
69, 122
69, 243
69, 262
69, 275
69, 290
69, 416
69, 435
69, 440
70, 85
70, 130
70, 148
70, 158
70, 208
70, 225
70, 228
70, 255
70, 272
70, 315
70, 341
70, 373
70, 381
70, 397
70, 398
71, 263
72, 258
72, 279
72, 366
73, 236
73, 455
74, 113
74, 144
74, 160
74, 266
74, 305
75, 92
75, 176
75, 242
75, 333
75, 337
75, 349
75, 441
75, 457
76, 151
77, 141
77, 303
77, 427
77, 462
78, 163
78, 194
79, 87
79, 96
79, 206
79, 256
79, 367
79, 430
79, 433
80, 297
80, 356
80, 400
81, 85
81, 136
81, 193
81, 215
81, 232
81, 295
81, 368
81, 396
81, 447
81, 464
82, 169
82, 184
82, 319
82, 326
82, 375
84, 103
84, 117
84, 121
84, 122
84, 200
84, 201
84, 202
84, 204
84, 262
84, 278
84, 323
84, 336
84, 401
84, 435
85, 136
85, 148
85, 205
85, 225
85, 295
85, 296
85, 398
86, 111
86, 332
86, 426
87, 99
87, 294
87, 300
87, 367
87, 433
88, 257
88, 279
88, 313
88, 316
88, 345
88, 456
89, 130
89, 143
89, 158
89, 159
89, 173
89, 216
89, 233
89, 244
89, 250
89, 267
89, 273
89, 310
89, 370
89, 460
91, 328
92, 242
92, 337
92, 399
93, 146
93, 265
94, 231
94, 356
94, 393
95, 98
95, 180
95, 198
95, 414
96, 152
96, 206
97, 383
98, 328
98, 421
98, 437
99, 294
99, 300
100, 189
100, 371
101, 353
102, 172
103, 121
103, 204
103, 323
103, 478
104, 166
104, 348
105, 218
106, 212
107, 155
107, 268
108, 112
109, 180
110, 124
110, 321
110, 432
111, 165
111, 277
111, 371
111, 423
111, 429
111, 461
112, 192
113, 133
113, 210
113, 214
113, 284
113, 298
113, 305
113, 413
113, 446
113, 449
114, 209
114, 290
114, 363
114, 408
114, 440
115, 371
115, 415
115, 429
116, 199
116, 291
117, 150
117, 202
117, 262
118, 270
118, 319
118, 375
119, 306
120, 127
120, 471
121, 200
121, 323
121, 401
122, 204
122, 278
122, 336
122, 416
122, 435
122, 478
123, 252
123, 258
123, 468
124, 134
124, 136
124, 182
124, 304
124, 321
124, 451
124, 463
125, 203
125, 226
125, 293
125, 357
125, 376
125, 452
126, 334
127, 166
127, 183
127, 471
128, 276
129, 239
130, 143
130, 158
130, 159
130, 216
130, 244
130, 250
130, 255
131, 164
131, 220
133, 284
135, 334
135, 379
136, 193
136, 225
136, 304
136, 447
136, 451
136, 463
136, 464
137, 144
137, 260
137, 289
137, 308
137, 350
137, 369
137, 391
137, 418
137, 473
138, 191
138, 229
138, 362
139, 412
140, 197
140, 281
140, 325
140, 329
140, 390
140, 409
142, 395
143, 159
143, 250
144, 260
145, 150
145, 177
145, 186
145, 269
145, 327
145, 384
145, 431
147, 203
147, 404
147, 445
147, 448
148, 373
149, 151
149, 161
149, 174
149, 230
149, 240
149, 405
150, 243
150, 262
150, 275
150, 327
151, 174
151, 240
151, 264
152, 206
153, 420
154, 172
155, 268
155, 274
155, 307
156, 299
156, 320
156, 340
157, 285
157, 388
158, 225
158, 255
158, 272
158, 310
158, 315
158, 460
160, 266
161, 240
161, 405
162, 318
162, 330
162, 450
163, 190
163, 194
163, 470
165, 352
165, 423
166, 183
166, 348
167, 291
168, 220
168, 339
169, 326
170, 219
173, 216
173, 244
174, 230
174, 301
174, 346
174, 469
175, 335
175, 387
176, 271
176, 337
176, 349
177, 221
177, 269
178, 459
179, 284
179, 428
180, 198
181, 317
181, 377
182, 304
184, 375
185, 245
185, 280
185, 419
187, 361
187, 393
188, 360
190, 241
190, 354
193, 447
193, 464
194, 214
194, 413
194, 470
195, 444
196, 318
197, 222
197, 259
197, 281
197, 325
198, 248
198, 287
198, 414
199, 247
199, 338
200, 323
200, 401
201, 262
201, 435
203, 226
203, 293
203, 376
203, 404
203, 448
204, 478
205, 296
206, 378
206, 430
207, 365
208, 225
208, 315
208, 341
208, 381
208, 397
209, 290
209, 363
209, 408
210, 284
211, 223
212, 344
212, 411
214, 413
215, 396
215, 464
216, 244
216, 250
217, 237
219, 309
221, 269
222, 259
222, 325
224, 360
225, 228
225, 315
225, 381
225, 398
226, 293
227, 256
228, 398
229, 362
232, 368
232, 396
232, 464
233, 273
234, 311
234, 357
235, 281
235, 329
236, 420
236, 443
236, 455
238, 247
238, 386
240, 264
240, 405
241, 354
243, 262
243, 275
244, 273
244, 370
245, 280
245, 419
246, 285
246, 388
246, 477
247, 283
247, 338
247, 386
248, 287
249, 286
249, 475
251, 331
252, 258
253, 292
253, 436
254, 314
254, 322
254, 389
256, 378
256, 430
256, 433
257, 279
257, 442
257, 456
257, 466
257, 474
258, 279
258, 468
260, 391
261, 428
262, 435
265, 282
265, 303
265, 351
269, 384
270, 375
271, 302
271, 438
272, 315
273, 370
274, 307
275, 394
276, 324
277, 424
277, 453
278, 336
278, 435
279, 313
279, 316
279, 366
279, 442
279, 456
279, 466
281, 329
282, 303
282, 351
283, 338
284, 422
284, 428
285, 388
286, 475
287, 414
288, 402
289, 308
289, 350
290, 363
290, 417
292, 436
297, 356
298, 380
298, 413
298, 449
299, 340
300, 433
301, 346
302, 406
302, 419
303, 427
303, 462
304, 451
306, 475
307, 312
307, 374
307, 403
310, 460
311, 357
311, 376
312, 403
313, 316
314, 434
316, 345
318, 330
318, 450
319, 326
319, 343
319, 375
319, 392
319, 467
322, 389
327, 384
327, 431
331, 355
331, 359
332, 426
333, 441
335, 387
337, 399
341, 397
342, 439
343, 467
344, 411
346, 469
347, 376
347, 460
350, 369
352, 423
355, 359
356, 400
357, 376
357, 452
358, 364
361, 393
363, 408
369, 391
371, 415
371, 429
371, 461
376, 460
378, 430
380, 413
381, 397
382, 425
384, 431
390, 409
392, 467
396, 464
404, 445
406, 419
412, 424
418, 473
420, 443
421, 437
423, 429
424, 453
442, 466
446, 449
451, 463
452, 458
452, 476
458, 476
466, 474
end