580
4
0, 0.022540463727240168, 0.2017645127285641
1, 0.8541681053102661, 0.9806445641078972
2, 0.5441393721864306, 0.41816858704169957
3, 0.9368023490641381, 0.02181101051001022
4, 0.5232168936169022, 0.25146169240159766
5, 0.7825357545895786, 0.09710577742208393
6, 0.2505465845625543, 0.8128601046966203
7, 0.0570970942854222, 0.7152906166524353
8, 0.42063844505263925, 0.7381081721525419
9, 0.6326748598732407, 0.863579957033664
10, 0.31231149990676765, 0.8464830082166457
11, 0.5547884386102853, 0.0010991163464176834
12, 0.10312363309889094, 0.3100476214056904
13, 0.5028812942745016, 0.6239391373626612
14, 0.5692929472824112, 0.6790295189789199
15, 0.34804080370631174, 0.6059215040441793
16, 0.700961709465216, 0.30832442222572554
17, 0.9712575901674257, 0.4690502729749181
18, 0.400303053973573, 0.7805030486290728
19, 0.4258542380393455, 0.41758776344587056
20, 0.0889986238999354, 0.9843956212353175
21, 0.025999902804175412, 0.1157467430700444
22, 0.4480418470755527, 0.33614034358392697
23, 0.872985111171041, 0.8972962682203093
24, 0.07971447330583326, 0.47854506543898745
25, 0.3040715784589786, 0.950515753807949
26, 0.6063771495297464, 0.9858225088620185
27, 0.07843566998905716, 0.7998815868774461
28, 0.655046636670351, 0.5149436956966413
29, 0.6898790401571652, 0.9469715616598139
30, 0.40824191869032855, 0.3149162037786123
31, 0.2270419676757588, 0.22577703448646347
32, 0.022304768255101748, 0.3657306825965828
33, 0.6305017397710904, 0.2686364103823716
34, 0.6860236318930815, 0.8543217278377743
35, 0.8306672964450387, 0.7557539893771505
36, 0.6857016926317892, 0.8777186323184641
37, 0.05832896248519415, 0.07222535158364485
38, 0.010707675445612241, 0.9071011146139093
39, 0.10897713847380608, 0.17908830585405944
40, 0.8310875841890973, 0.07312925762519806
41, 0.9070243298641486, 0.3701972522721907
42, 0.9091077795136893, 0.7787573278682374
43, 0.5062040291052545, 0.46108559954709494
44, 0.9051813269585327, 0.946903613423153
45, 0.23911984906454087, 0.6275187101830061
46, 0.07430508127087243, 0.3664671844260794
47, 0.8365200783193009, 0.23749635827016125
48, 0.5663051783476545, 0.5719953716659874
49, 0.21764792324134374, 0.936634065033063
50, 0.8561979790861192, 0.7078299692893705
51, 0.9364593001609529, 0.63704119823536
52, 0.23995966566280502, 0.8852681654516583
53, 0.036487537435319406, 0.6295791109194706
54, 0.3773654146445342, 0.22527774469255157
55, 0.6643285091451246, 0.5968911000591843
56, 0.29861694360483504, 0.40409238874176756
57, 0.6475950299178822, 0.6267550931653898
58, 0.5689603472392353, 0.553382248072456
59, 0.26098395337881264, 0.492956032539126
60, 0.4280454550581769, 0.3293049510987939
61, 0.4868343913578621, 0.22717512229977477
62, 0.216465039799412, 0.34074687044380925
63, 0.8176003143050266, 0.2119021022586316
64, 0.6117978991927256, 0.38099289687228566
65, 0.9955505682272112, 0.2201963178702041
66, 0.4618591702141459, 0.1803214192852064
67, 0.8015511598557231, 0.9056522577402291
68, 0.4049521380951757, 0.5044514091441231
69, 0.30928422556675994, 0.24540519235846714
70, 0.18962696344170005, 0.06143737486638856
71, 0.5400608651676096, 0.9359545858490035
72, 0.6621603123667668, 0.48648694734762965
73, 0.6968737854947364, 0.33466152949672645
74, 0.03772163723065658, 0.6758982133319112
75, 0.5376101497433698, 0.8913849169713104
76, 0.698090127139431, 0.3410610653203502
77, 0.6328751971800123, 0.615121252175853
78, 0.174991506222819, 0.43754309023326254
79, 0.4042992795072484, 0.19075231636022105
80, 0.14722309702384184, 0.16367237455827255
81, 0.04806612888280748, 0.18477657552475024
82, 0.3684142028620794, 0.40095721659874806
83, 0.7647468748268712, 0.3480092798842084
84, 0.266667634866288, 0.19927034316544256
85, 0.45849602263515266, 0.5504217617234979
86, 0.16705817088972885, 0.4767779907148496
87, 0.13393382409471766, 0.19971275334861316
88, 0.8368034094940858, 0.24084444024522722
89, 0.36190895175546456, 0.35358598986202494
90, 0.3897207576404148, 0.4469398561972745
91, 0.28049855779460375, 0.5323256758255773
92, 0.16460590728779234, 0.9713522646455094
93, 0.845620867132281, 0.570160122391017
94, 0.8695517914325193, 0.6970102305765534
95, 0.33720331969054795, 0.8135566272303368
96, 0.6205336508096227, 0.7342288873534789
97, 0.503116208879522, 0.33349744286404115
98, 0.14463490715025018, 0.886333715947394
99, 0.4011038119989867, 0.1577235049876039
100, 0.6198388235682263, 0.12058704602434911
101, 0.3983590650785188, 0.5258027232456088
102, 0.22401168951335104, 0.06774540250104011
103, 0.26989831478573656, 0.3406201087375541
104, 0.40736790441257187, 0.8746001794834103
105, 0.37898810219917967, 0.9254427529949459
106, 0.02821668565546953, 0.43717895638007687
107, 0.26684253289304993, 0.673950051938937
108, 0.3357846220073726, 0.7644442580039724
109, 0.5007200884739744, 0.961595554653736
110, 0.06255984791007763, 0.8198079549480192
111, 0.9762539999198897, 0.49968848676140776
112, 0.9038258715452273, 0.04920498618352165
113, 0.11860862312584297, 0.5393014399740987
114, 0.870357269916299, 0.9430743224685407
115, 0.3798668152786876, 0.4663733558205281
116, 0.818954044818441, 0.5482081734301044
117, 0.4997764782352374, 0.6979056147953575
118, 0.0006184642753550573, 0.6477205411075858
119, 0.07094122612863851, 0.4762065137862923
120, 0.8146496455722274, 0.8839422892256762
121, 0.5490221240064442, 0.7106934780218308
122, 0.8091454404453382, 0.5612089964574383
123, 0.6450224223232665, 0.7425894108285188
124, 0.5086653374071608, 0.7251372503803667
125, 0.6641387497905152, 0.6482124451064782
126, 0.13452401993102725, 0.6732505047673373
127, 0.31593486826567274, 0.7272302005296496
128, 0.5471047062392285, 0.6013693924381092
129, 0.03506046377960603, 0.5157737903408389
130, 0.9390957826214735, 0.5579195851665797
131, 0.178126827809569, 0.66786093540821
132, 0.5672879481215166, 0.9372667341276859
133, 0.9961993661492298, 0.901491902985566
134, 0.24989862970820353, 0.8207208694459155
135, 0.6914251401739521, 0.13331478297923904
136, 0.9714777018662203, 0.06279974046686532
137, 0.636794652129656, 0.0718379744040275
138, 0.7022992529912383, 0.12411499191092346
139, 0.5267115582643765, 0.31557036858101517
140, 0.1737378398161874, 0.8692754835915361
141, 0.3301282058529459, 0.6645296164635022
142, 0.8592139667466798, 0.11231584247567139
143, 0.14967406342498113, 0.9491280651316901
144, 0.8489879742395953, 0.8988160230971803
145, 0.602525782125904, 0.2702053100617181
146, 0.41497811818137664, 0.009042504756678116
147, 0.1861156554993526, 0.7350304035478981
148, 0.9391273507605845, 0.6623771439827904
149, 0.03529315044924963, 0.49589537690809393
150, 0.5490034335599209, 0.4330655308039024
151, 0.10455521024645464, 0.40033918567514704
152, 0.7464874589748622, 0.7462473256599268
153, 0.9789139826090059, 0.22801437075256914
154, 0.7106276274942551, 0.9347139215407442
155, 0.22197040121376022, 0.8043660181173942
156, 0.4191377227723605, 0.0868678007908874
157, 0.6335518340468653, 0.3105295684843079
158, 0.5273085386101346, 0.15037839993011293
159, 0.736340663369536, 0.035724888923436726
160, 0.8626770316160087, 0.23190163496847127
161, 0.7940297979390529, 0.07013619813816852
162, 0.43829991679372793, 0.3212118437208441
163, 0.0450939309686742, 0.8939507208154652
164, 0.8878598084781849, 0.3367292346241155
165, 0.7156359750028244, 0.6640687263293064
166, 0.2865042787421581, 0.004788082291575013
167, 0.45866431685010167, 0.48851685625944286
168, 0.4746164932234809, 0.06639044356546087
169, 0.10855666444827128, 0.9206682888177905
170, 0.7416387857867263, 0.7084414826510667
171, 0.47583297748704256, 0.5541844557734533
172, 0.2869500905339821, 0.3706752695138471
173, 0.5920841093562932, 0.3092451850627884
174, 0.7894849048070798, 0.34563034689170824
175, 0.9182992378577665, 0.08417948992492996
176, 0.4898822421046416, 0.710738893452798
177, 0.8129741528665009, 0.3374527773101019
178, 0.13008088727193878, 0.5421208914980513
179, 0.978188619160063, 0.2284732365221248
180, 0.40659183590137193, 0.24739292826476822
181, 0.9714993404824986, 0.9506218842087937
182, 0.06709270492738739, 0.12566213603560772
183, 0.8004642690566474, 0.9180719472464972
184, 0.2985078442605794, 0.5430493333213513
185, 0.6350202697608175, 0.8170782541993528
186, 0.8930797046053178, 0.27353746362077525
187, 0.25746464202879205, 0.3788803672525375
188, 0.8203655928572466, 0.4407157921258661
189, 0.9811204015659142, 0.1946619192390432
190, 0.26204073617719115, 0.6247771599878851
191, 0.5579712643540096, 0.45276467273641896
192, 0.7049918469781007, 0.7029063765283189
193, 0.37125142834166847, 0.41515558877790804
194, 0.6305769788846887, 0.1169575064494649
195, 0.5969176635580081, 0.06904848562502319
196, 0.09671213740580098, 0.40801894499655234
197, 0.07762043966916032, 0.35891357224105747
198, 0.901224869288939, 0.1194943835754183
199, 0.34360956003341947, 0.5984368068798468
200, 0.10632087752869768, 0.32001020497204535
201, 0.9342549229178668, 0.3260288764325875
202, 0.3866344959083806, 0.18626121218634972
203, 0.37590014272097927, 0.0186002484727098
204, 0.8637929757037923, 0.37783935089066245
205, 0.5754117189802159, 0.4127668762483595
206, 0.9250209861263096, 0.8454559940403832
207, 0.062406118218685025, 0.5478482020795552
208, 0.0477863292034334, 0.675328850570048
209, 0.5926775076721845, 0.18300290728812618
210, 0.9009078336956304, 0.5679941436895004
211, 0.6936896066309282, 0.501548204403815
212, 0.039310127526310135, 0.508565196270047
213, 0.5098496557224312, 0.35305502340953643
214, 0.47779165031020043, 0.9589767024528406
215, 0.8503179123433833, 0.5109418417490591
216, 0.6295312714797054, 0.6826585326250276
217, 0.7788376377860482, 0.844781974348751
218, 0.838580555980453, 0.3421376311404102
219, 0.68013034502935, 0.6882333442921635
220, 0.38495226541186545, 0.46054882708160183
221, 0.5003942542445837, 0.8803316558114606
222, 0.8283148062067163, 0.1120717578363597
223, 0.04881982346448477, 0.34001482860884213
224, 0.6253276651884351, 0.2014253923162339
225, 0.8337691018662733, 0.5532770533796766
226, 0.757662905483666, 0.8510033892936503
227, 0.22212875493591466, 0.14366725714312556
228, 0.39725641796194555, 0.10932991247628843
229, 0.8909074563284968, 0.26726959039717924
230, 0.9172383603149551, 0.13833596802810078
231, 0.10741988388520274, 0.4410515498470464
232, 0.6000498466644257, 0.6541862789062758
233, 0.09031554713770451, 0.4851206855143234
234, 0.10173571962241723, 0.851210172569351
235, 0.973598485210246, 0.9367422268491715
236, 0.5398730582652215, 0.2597009063493645
237, 0.8687333364612629, 0.7662315236175679
238, 0.9412467387262891, 0.9016904711171833
239, 0.30470430167190066, 0.6486324640912434
240, 0.04748914203979426, 0.32416235880527555
241, 0.7990685630023538, 0.9072764069570649
242, 0.02444610248659218, 0.2314221562132276
243, 0.4978466957166424, 0.0931941321991201
244, 0.6950737876202784, 0.15492399441383997
245, 0.3022742298166632, 0.0653820028774742
246, 0.10013035820304028, 0.2758208177643737
247, 0.37244421409326534, 0.4374614874797098
248, 0.18389161374080987, 0.08380040700290436
249, 0.055171885745618376, 0.6427608574255907
250, 0.6857623137194205, 0.28242473058713136
251, 0.4500503350312579, 0.6388746949987771
252, 0.03800839553433011, 0.06483973111271946
253, 0.8449308586127149, 0.2729727487438125
254, 0.25857131891241014, 0.9616349285172199
255, 0.46747471802597185, 0.7538560651255637
256, 0.9900109992928237, 0.5502340866638703
257, 0.20405971305873116, 0.8701571780216035
258, 0.592738861297203, 0.20867953707601328
259, 0.5368927697760908, 0.27711853016987575
260, 0.17575461679772497, 0.7192963555788192
261, 0.3736609378063769, 0.009000049481685313
262, 0.27157696267872045, 0.08264886063185273
263, 0.736660837725916, 0.4003409118158664
264, 0.3778383083907144, 0.5720114174585774
265, 0.19873383503025965, 0.36327186971465564
266, 0.1722198289509712, 0.86652269286345
267, 0.19564561772722466, 0.0001806716658262486
268, 0.09598858101238317, 0.5020391445591719
269, 0.0025071296267246135, 0.21261446017248187
270, 0.6908444756463633, 0.4937535648352561
271, 0.25651760378515254, 0.4286195892489113
272, 0.915607350321715, 0.6014490622131373
273, 0.028695093987267217, 0.46357104909173885
274, 0.773508404771731, 0.22775329056815385
275, 0.2705046537511627, 0.3665370044516528
276, 0.5160671725465128, 0.5248637561896896
277, 0.7144811238742363, 0.13939170840772896
278, 0.13335494253558988, 0.6428986584980821
279, 0.1002929282315993, 0.1742906201681771
280, 0.1382261401723346, 0.6855235442652999
281, 0.39967470799326255, 0.5273485471571846
282, 0.4165567106690201, 0.6252277340798857
283, 0.547398306009142, 0.699362271761491
284, 0.6837819567201574, 0.5083005512356372
285, 0.970175641901928, 0.7581789446169214
286, 0.8334772368996393, 0.5104844619266191
287, 0.4418769365246471, 0.5947059463951303
288, 0.6592217843020564, 0.8321051564467203
289, 0.0655135270770103, 0.38727489401941484
290, 0.23907760134545086, 0.07434354840155866
291, 0.24787058025693653, 0.051678249736257564
292, 0.14133174132616944, 0.0970188826002113
293, 0.36895959123962585, 0.7625947246509113
294, 0.012690369941441793, 0.8991162379442046
295, 0.27905415496893204, 0.683596333386708
296, 0.498784638548151, 0.7904566110279473
297, 0.07997341080373843, 0.4726270658235615
298, 0.9502541963242667, 0.5631873332773834
299, 0.01586504742208472, 0.9254224618908247
300, 0.4607061270908661, 0.9328413963165255
301, 0.6011042187396618, 0.3839976423806368
302, 0.35274667343976307, 0.30370611471787856
303, 0.7075261635042693, 0.602292913734216
304, 0.6297250664894818, 0.0272935246205257
305, 0.73626763435917, 0.664201765257646
306, 0.9848841714467996, 0.28354386052098124
307, 0.1982248663147279, 0.5481448926781668
308, 0.8440396609978319, 0.8115807362009394
309, 0.5603393740783582, 0.5583286758732824
310, 0.012670614543239922, 0.9597883288527758
311, 0.5885796338956959, 0.8328076505238021
312, 0.9661479043735667, 0.2695298704318275
313, 0.5130171263112471, 0.6948632206512676
314, 0.0810040851279783, 0.47635850864966167
315, 0.08580696518430986, 0.3342493465456168
316, 0.6797032751099413, 0.08967117503559352
317, 0.8719939344115075, 0.2232604625284007
318, 0.02001434507980393, 0.41926861067925936
319, 0.8108160816627576, 0.3690602434585619
320, 0.03905638140684353, 0.36837670012025925
321, 0.6604180209782684, 0.6344628922995248
322, 0.5356879955987168, 0.5878227399061355
323, 0.7414965541090308, 0.0695234448381038
324, 0.840493819463591, 0.7838488397439484
325, 0.6654279779076112, 0.5458883499338563
326, 0.6028973608308462, 0.8355304489687285
327, 0.14207268341207657, 0.2907376621679174
328, 0.7818325778307993, 0.798208669835592
329, 0.6991146011034769, 0.6537190893990679
330, 0.24574839970525741, 0.2945403512978263
331, 0.7120361095492734, 0.5537039833114904
332, 0.7274114699581804, 0.921718010474521
333, 0.8904022898604661, 0.5081290302892816
334, 0.3384983995262415, 0.19953197485931518
335, 0.8190104824300911, 0.5225328853100918
336, 0.08824940758362443, 0.3010602363200541
337, 0.17794790009447758, 0.9753231171651562
338, 0.7831244202807398, 0.38654369293306
339, 0.3387709855532993, 0.8144665821793602
340, 0.8213022262165747, 0.4342123058556916
341, 0.16377787010608347, 0.32736499477233605
342, 0.6565083726760955, 0.24993866029615275
343, 0.011142078495539387, 0.2469889800517574
344, 0.5384583630186722, 0.9125980896399685
345, 0.3596383564115251, 0.17138882863773186
346, 0.12017181339503391, 0.5071365763922991
347, 0.3799495542088197, 0.7007392981554524
348, 0.9871360778804575, 0.46144978113688173
349, 0.03132072293705035, 0.1786400171492194
350, 0.5216142014535468, 0.7941322047720876
351, 0.1253266876929816, 0.06434521526671522
352, 0.9724020951250328, 0.07432867407294041
353, 0.5202005436008562, 0.5084961271833192
354, 0.3503138167293832, 0.8086770986646679
355, 0.5439068347863182, 0.4680707190088462
356, 0.7615943838322101, 0.010095151582038553
357, 0.26368768412803445, 0.9467500819729276
358, 0.8708540085629339, 0.8545102686268347
359, 0.11762997069815051, 0.9037448713073286
360, 0.49415951863580143, 0.09210862926882368
361, 0.56635284513269, 0.8799563133844308
362, 0.69257852837921, 0.32056180866221273
363, 0.8933853729861857, 0.5117821680819261
364, 0.3364526317099199, 0.7950710132044362
365, 0.8510869608761256, 0.031314570199986735
366, 0.834640621375169, 0.8286581346622547
367, 0.84646253773544, 0.5978140003641057
368, 0.2218587797569237, 0.6182774906769511
369, 0.2544638175026225, 0.8771867905167121
370, 0.4109171420968627, 0.2527989630582407
371, 0.7249376156841665, 0.9793877164710053
372, 0.24055177955086393, 0.42053573091800234
373, 0.8755320878848117, 0.9741782424260526
374, 0.9583935111571854, 0.3378026235878685
375, 0.37013279513579656, 0.0767045707685996
376, 0.0712433831545265, 0.2016323312137237
377, 0.38980951471369485, 0.29818874402580653
378, 0.89252378225658, 0.871876361233125
379, 0.7040813953664835, 0.40617595676455676
380, 0.6999019479785217, 0.5096036538232079
381, 0.852176831860094, 0.6562882779543633
382, 0.2021683039023936, 0.2475553338574813
383, 0.9681615737789977, 0.4736259677884046
384, 0.9091087134461255, 0.5490468290939787
385, 0.9369765000634956, 0.5252552219519824
386, 0.8236882456666181, 0.15021829679388854
387, 0.4751386991022244, 0.2781083355149597
388, 0.8938144874112255, 0.9876162855434713
389, 0.6669251673067169, 0.5960411695952
390, 0.23474800007522656, 0.6522211729929033
391, 0.2208745341969114, 0.8324495193780622
392, 0.11749166225324836, 0.8930090528006726
393, 0.16656446432381966, 0.4350207574224756
394, 0.5301665398109924, 0.7557279625953371
395, 0.39328687437583687, 0.07025479497148401
396, 0.7773039278224957, 0.6796711904128442
397, 0.2929116479737057, 0.35788981263721553
398, 0.3563440719378145, 0.7621223410351002
399, 0.7420278031721, 0.8275090882782871
400, 0.2026138753874207, 0.9210241214045702
401, 0.4542223770549526, 0.8518545497255755
402, 0.05622108178182561, 0.11130630987430556
403, 0.019689902798290748, 0.25862217051583947
404, 0.9966535294904162, 0.2903903922281901
405, 0.7062435235986209, 0.3272466688471115
406, 0.5164623030943716, 0.24454240918611392
407, 0.693771034677719, 0.8241311541695975
408, 0.20202286579800155, 0.8319684348656815
409, 0.9311902517059114, 0.09680160041899988
410, 0.9126165447672365, 0.5197400707260875
411, 0.768357398120974, 0.91730024193391
412, 0.03844877707583416, 0.7597294090962275
413, 0.10221166254935066, 0.6618703954047972
414, 0.49575292770313883, 0.12072805386744856
415, 0.34140918782546736, 0.399086950097967
416, 0.9164195726042644, 0.5105002330435888
417, 0.9187386834781645, 0.45786475414904193
418, 0.058422223620255176, 0.5354754594619415
419, 0.7869999951677515, 0.7199399114343942
420, 0.6741339411128024, 0.02869120955099247
421, 0.7983620736223409, 0.7815492358061582
422, 0.7422826719991232, 0.026183021545898577
423, 0.5119522055778534, 0.8020746352586792
424, 0.8410927301428143, 0.11553576601639526
425, 0.2801359935706551, 0.41365286207204055
426, 0.19737455773376256, 0.8298031161357577
427, 0.5598125082824977, 0.33720552161887873
428, 0.9232141616040934, 0.6876688574656856
429, 0.7691620202318146, 0.5183971355584677
430, 0.9944009621821606, 0.29783778034861486
431, 0.5478143326912231, 0.7452642980900656
432, 0.6287766616690332, 0.6683244493679465
433, 0.9776544111968513, 0.8805036660048177
434, 0.7412280754834082, 0.8870008379973452
435, 0.26706840773505347, 0.031251857273057126
436, 0.22256588852311054, 0.9821407292549587
437, 0.6778823782665425, 0.6715827910142756
438, 0.824714746365211, 0.767717844011779
439, 0.7781517089482436, 0.8074981518896869
440, 0.03393889020600016, 0.39208785158073856
441, 0.33382244995470967, 0.13055397618879638
442, 0.5335660473378503, 0.8151793119181321
443, 0.3593209902400941, 0.45197642173853225
444, 0.14902914050314553, 0.40315546810617386
445, 0.7911388508587541, 0.23929376329319063
446, 0.05786740579894223, 0.13351876766271797
447, 0.6406418196507495, 0.4962765613041571
448, 0.7185608980455214, 0.06688592583549613
449, 0.5211459176910588, 0.37519414462082357
450, 0.1854559916022941, 0.972224381070439
451, 0.9543774220248519, 0.8275200388125912
452, 0.6022428999973567, 0.8610808098558365
453, 0.8013544676227945, 0.336100456493464
454, 0.3916014215558049, 0.6761659951239953
455, 0.8142413778408849, 0.3612947457354121
456, 0.12369929098669175, 0.24521605741143226
457, 0.968411266715475, 0.619708789677216
458, 0.016415446828295988, 0.04739488671937753
459, 0.8657218223642473, 0.6049282491422759
460, 0.28162640876879996, 0.11895209567687226
461, 0.8856403270667139, 0.3113026768268502
462, 0.9233511683183282, 0.6684661764285075
463, 0.019320650919667837, 0.8086380714400941
464, 0.6800941011188486, 0.7904976857175263
465, 0.509358378614145, 0.13916888370053726
466, 0.8266505714327537, 0.12280220266832953
467, 0.9683600769292297, 0.46105737227426835
468, 0.025260215682285425, 0.6826813009985424
469, 0.35314719372390246, 0.5193433619577902
470, 0.684348147080344, 0.013140751673509476
471, 0.7936095639853832, 0.8136263217281505
472, 0.2691077024985902, 0.08617824145535136
473, 0.4724032658637508, 0.27019434171645096
474, 0.987486749908274, 0.8992393428736092
475, 0.5964151185084525, 0.6282875499793442
476, 0.9898034295765521, 0.297251381275914
477, 0.2286767553726251, 0.3126047236971232
478, 0.5412089455241461, 0.7397165868651975
479, 0.31462679819747563, 0.05877244038250562
480, 0.09292982971473152, 0.8888148705938594
481, 0.6299011911354091, 0.845597693926369
482, 0.8302487747704288, 0.9671474115041181
483, 0.04774300605400583, 0.6368373601881119
484, 0.5744702239897435, 0.6805898611192586
485, 0.563618585258009, 0.9019896735945557
486, 0.14678895722553797, 0.16261790778992724
487, 0.9047296697927051, 0.5288374734427723
488, 0.11364918782708455, 0.26741480473942214
489, 0.5476272314774444, 0.8237775409338838
490, 0.453448152095392, 0.08534055835580545
491, 0.549558961947562, 0.050648558254890674
492, 0.30575921215261626, 0.028927503677621647
493, 0.2317517197003537, 0.2071316294091785
494, 0.5309621116065363, 0.9688312466928831
495, 0.6274858822602902, 0.059448749319055416
496, 0.6993316630834455, 0.45865495874480544
497, 0.34186588169593535, 0.20444994562137397
498, 0.6046314755422636, 0.6305655941039868
499, 0.8840161381226449, 0.5278152588588784
500, 0.8356727310657781, 0.5346394110444872
501, 0.4987800911384679, 0.7576309503851189
502, 0.4517491041542687, 0.16841114119061829
503, 0.26056451797765934, 0.4383379086997974
504, 0.07472875266481904, 0.9849752118882492
505, 0.7003597132015258, 0.004344168229286183
506, 0.5532777960668075, 0.17543565849390463
507, 0.1707896269526138, 0.736556764564719
508, 0.34651158971189366, 0.6717396530712937
509, 0.8077383003604718, 0.3577793523302579
510, 0.05594260177026256, 0.3282234566449119
511, 0.5955670228280837, 0.5994352549772153
512, 0.16457380464348337, 0.6976552195141982
513, 0.2580908344804833, 0.719642195035731
514, 0.3297536607543857, 0.02520079680713594
515, 0.9739723236997719, 0.44966731011218963
516, 0.6961881759994983, 0.947361760636767
517, 0.39865196908461653, 0.12714799337168925
518, 0.347566898531644, 0.8000918738501065
519, 0.8311751674317369, 0.3492908292377741
520, 0.9927625129018965, 0.36205961356412675
521, 0.959172501665584, 0.35137556086759925
522, 0.8841351369609748, 0.12387007309340503
523, 0.47137742536413596, 0.17679751944884448
524, 0.41580264139629863, 0.20940047606098866
525, 0.30267584551637905, 0.23980228249676228
526, 0.7967184867387692, 0.4466292155391881
527, 0.39699846899746694, 0.6533729419924776
528, 0.11467265012085615, 0.054025826696080026
529, 0.2932500126306903, 0.2798773050594079
530, 0.057813254761680866, 0.38470103933531563
531, 0.4173443220766364, 0.6263912166969561
532, 0.5306282494199325, 0.749014623021747
533, 0.45376637744835857, 0.04875092281600102
534, 0.6567882402440474, 0.23935392695055202
535, 0.25344356580541816, 0.27250033838460763
536, 0.0822347007619918, 0.24154785228337994
537, 0.657968681078503, 0.8619973209581638
538, 0.9521854999138729, 0.8273178923373459
539, 0.2282813403410925, 0.04063054314598946
540, 0.47152398139107876, 0.36657141832139295
541, 0.1966427937948073, 0.4770806819995358
542, 0.7828437573106255, 0.5107574167655672
543, 0.8675690760040293, 0.09753068521507868
544, 0.6923113675620745, 0.28308597842059235
545, 0.30852761015521557, 0.08386541110219825
546, 0.34742783283613643, 0.9090023925963632
547, 0.15881426682944855, 0.7363706943436471
548, 0.6308265691436163, 0.6860411887457256
549, 0.2702703344929308, 0.6593293139211667
550, 0.21913519839930395, 0.7429002081135299
551, 0.2800142606578413, 0.6387956723225905
552, 0.2430625705503905, 0.6531563716254273
553, 0.8835589203844361, 0.39076607934740715
554, 0.11501112777173894, 0.44483327214807966
555, 0.7981982057677574, 0.3294748837217244
556, 0.867273291045748, 0.769189883875832
557, 0.6788388897140515, 0.23576021386743407
558, 0.28517453948618054, 0.9372124242605584
559, 0.6372515325909108, 0.2566948443278326
560, 0.4548069454071435, 0.6294315340378578
561, 0.7307431755290658, 0.805482627913117
562, 0.6724198395119271, 0.9365551352817814
563, 0.7766626081414104, 0.6042537210719814
564, 0.3061911068611438, 0.9098631672621892
565, 0.8017610051942414, 0.4853556764855207
566, 0.24731615299019827, 0.9691024553476023
567, 0.4279876009099316, 0.7450068389293087
568, 0.8750670109530688, 0.3005965935270264
569, 0.08660055278819379, 0.23841032328709677
570, 0.6571018638151066, 0.45127200596143824
571, 0.7208731417778407, 0.6929537882425489
572, 0.2149681220762728, 0.38302752489130476
573, 0.3022044142303527, 0.8011371857345214
574, 0.4512935622822051, 0.5254236040574988
575, 0.04694988577344961, 0.1824962607320939
576, 0.4802124441154604, 0.22146084059869908
577, 0.7492444572526156, 0.215235203199186
578, 0.9135592899383312, 0.09439896944594117
579, 0.2361444834297488, 0.7785754080342073
end_nodes
0, 1
0, 2
0, 3
0, 4
0, 5
0, 6
0, 7
0, 8
0, 9
0, 10
0, 11
0, 12
0, 13
0, 14
0, 15
0, 16
0, 17
0, 18
0, 19
0, 20
0, 21
0, 22
0, 23
0, 24
1, 9
1, 10
1, 13
1, 14
1, 17
1, 18
1, 20
1, 23
1, 25
1, 26
1, 27
1, 29
1, 34
1, 36
1, 42
1, 44
1, 49
1, 51
1, 52
1, 67
1, 71
1, 75
1, 92
2, 17
2, 19
2, 22
2, 23
2, 28
2, 35
2, 43
2, 48
2, 50
2, 55
2, 57
2, 58
2, 64
2, 68
2, 72
2, 77
2, 85
2, 89
2, 90
2, 93
2, 94
2, 115
2, 116
3, 4
3, 5
3, 11
3, 16
3, 17
3, 33
3, 39
3, 40
3, 41
3, 47
3, 63
3, 65
3, 73
3, 76
3, 80
3, 83
3, 88
3, 111
3, 112
3, 136
3, 137
3, 142
3, 145
4, 5
4, 16
4, 31
4, 54
4, 61
4, 66
4, 69
4, 79
4, 84
4, 87
4, 99
4, 100
4, 135
4, 138
4, 145
4, 158
4, 180
4, 202
4, 209
4, 224
4, 236
4, 244
5, 40
5, 100
5, 135
5, 138
5, 161
5, 194
5, 244
5, 258
5, 277
5, 316
5, 323
5, 414
5, 448
6, 10
6, 24
6, 27
6, 46
6, 113
6, 119
6, 126
6, 131
6, 134
6, 147
6, 151
6, 155
6, 178
6, 196
6, 197
6, 207
6, 231
6, 233
6, 260
6, 268
6, 278
6, 280
6, 289
7, 20
7, 32
7, 38
7, 53
7, 74
7, 106
7, 110
7, 118
7, 129
7, 149
7, 163
7, 208
7, 212
7, 242
7, 249
7, 269
7, 273
7, 294
7, 299
7, 310
7, 318
7, 343
7, 403
8, 9
8, 12
8, 15
8, 18
8, 91
8, 141
8, 176
8, 200
8, 255
8, 296
8, 311
8, 326
8, 332
8, 336
8, 347
8, 350
8, 394
8, 423
8, 442
8, 452
8, 454
8, 489
8, 501
9, 34
9, 36
9, 117
9, 121
9, 124
9, 176
9, 185
9, 246
9, 251
9, 264
9, 271
9, 282
9, 283
9, 287
9, 288
9, 311
9, 313
9, 326
9, 332
9, 372
9, 394
10, 18
10, 27
10, 45
10, 75
10, 78
10, 86
10, 95
10, 104
10, 107
10, 108
10, 127
10, 134
10, 151
10, 190
10, 221
10, 239
10, 293
10, 295
10, 307
10, 315
10, 339
11, 21
11, 37
11, 70
11, 80
11, 81
11, 102
11, 137
11, 146
11, 156
11, 159
11, 166
11, 168
11, 182
11, 195
11, 203
11, 227
11, 228
11, 243
11, 245
11, 248
11, 252
11, 261
12, 15
12, 91
13, 14
13, 96
13, 265
13, 341
13, 407
14, 23
14, 67
14, 96
14, 101
14, 120
14, 123
14, 144
14, 183
14, 217
14, 226
14, 241
14, 281
14, 399
14, 425
14, 464
14, 484
14, 561
15, 59
15, 91
15, 176
15, 184
15, 199
15, 454
15, 527
16, 33
16, 69
16, 73
16, 97
16, 112
16, 139
16, 142
16, 145
16, 157
16, 173
16, 222
16, 236
16, 250
16, 259
16, 274
16, 342
16, 362
16, 370
16, 377
16, 382
16, 386
17, 22
17, 23
17, 30
17, 41
17, 42
17, 44
17, 51
17, 60
17, 64
17, 76
17, 83
17, 93
17, 94
17, 97
17, 111
17, 116
17, 130
17, 133
17, 148
17, 162
18, 75
18, 78
18, 95
18, 127
18, 141
18, 154
18, 221
18, 239
18, 293
18, 332
18, 336
18, 339
18, 354
18, 361
18, 401
18, 423
18, 442
18, 452
18, 518
18, 541
19, 56
19, 62
19, 82
19, 89
19, 90
19, 103
19, 172
19, 187
19, 193
19, 247
19, 275
19, 327
19, 330
19, 397
19, 415
19, 443
19, 456
19, 477
19, 488
19, 536
19, 569
20, 26
20, 27
20, 49
20, 52
20, 92
20, 98
20, 110
20, 140
20, 143
20, 163
20, 169
20, 207
20, 223
20, 234
20, 240
20, 249
20, 257
20, 266
20, 310
20, 320
20, 337
21, 37
21, 70
21, 81
21, 102
21, 182
21, 245
21, 248
21, 252
21, 269
21, 290
21, 292
21, 343
21, 349
21, 351
21, 402
21, 403
21, 446
21, 458
21, 479
21, 575
22, 60
22, 64
22, 213
22, 301
22, 302
22, 449
22, 535
22, 540
23, 35
23, 48
23, 50
23, 55
23, 57
23, 58
23, 67
23, 77
23, 85
23, 94
23, 125
23, 128
23, 130
23, 144
23, 152
23, 165
23, 170
23, 171
23, 192
24, 119
24, 131
24, 223
24, 233
24, 240
24, 268
24, 289
24, 297
24, 314
24, 510
24, 530
25, 49
25, 92
25, 109
25, 214
25, 254
25, 357
25, 494
25, 566
26, 388
26, 504
27, 29
27, 52
27, 98
27, 104
27, 126
27, 134
27, 155
27, 207
27, 234
27, 257
27, 266
27, 280
27, 344
27, 369
27, 391
27, 408
27, 413
27, 426
27, 480
27, 507
28, 50
28, 94
29, 52
29, 344
29, 369
29, 516
30, 60
30, 162
30, 302
30, 529
30, 535
31, 69
31, 180
31, 525
32, 106
32, 149
32, 269
32, 343
33, 112
33, 145
33, 222
33, 342
33, 534
33, 559
34, 36
34, 283
34, 288
34, 411
34, 434
34, 537
35, 50
35, 165
35, 303
35, 305
35, 308
35, 324
35, 325
35, 366
35, 389
35, 396
35, 419
35, 421
35, 438
36, 411
36, 482
36, 537
37, 252
37, 351
38, 118
38, 294
38, 299
38, 310
38, 412
38, 463
38, 468
39, 80
39, 279
39, 441
39, 486
39, 517
40, 161
41, 83
41, 88
41, 160
41, 164
41, 174
41, 175
41, 177
41, 186
41, 198
41, 201
41, 204
41, 218
41, 229
41, 230
41, 253
41, 317
41, 319
41, 374
41, 409
41, 453
41, 455
41, 461
42, 44
42, 51
42, 114
42, 148
42, 378
43, 68
43, 85
43, 167
43, 574
44, 114
44, 133
44, 148
44, 181
44, 206
44, 235
44, 238
44, 285
44, 373
44, 378
44, 388
44, 433
44, 451
44, 457
44, 474
44, 538
45, 78
45, 107
45, 190
45, 541
46, 197
46, 231
46, 289
46, 346
46, 510
46, 579
47, 83
47, 88
47, 174
47, 177
47, 218
47, 453
47, 522
47, 555
48, 58
48, 85
48, 128
48, 171
48, 219
48, 276
48, 309
48, 322
48, 328
48, 353
48, 355
48, 432
48, 439
48, 471
48, 475
48, 498
48, 511
49, 52
49, 71
49, 92
49, 105
49, 143
49, 214
49, 300
49, 357
49, 400
49, 546
49, 558
49, 564
50, 94
50, 237
50, 324
50, 325
50, 358
50, 396
50, 556
51, 298
51, 428
52, 71
52, 132
52, 143
52, 257
52, 300
52, 369
52, 400
52, 546
52, 564
53, 74
53, 118
53, 208
53, 269
53, 318
54, 84
54, 87
54, 493
55, 57
55, 170
55, 321
55, 329
55, 571
56, 68
56, 187
56, 193
56, 247
56, 415
56, 443
57, 77
57, 125
57, 152
57, 321
57, 571
58, 77
58, 150
58, 191
58, 192
58, 219
58, 328
58, 437
58, 511
59, 176
59, 184
59, 199
60, 302
61, 79
61, 99
61, 576
62, 172
62, 187
62, 275
62, 327
63, 76
63, 83
63, 445
64, 188
64, 205
64, 213
64, 301
64, 340
64, 379
64, 417
64, 526
65, 111
65, 133
65, 136
65, 153
65, 179
65, 189
65, 256
65, 306
65, 312
65, 348
65, 352
65, 404
65, 430
65, 476
65, 515
65, 520
66, 99
66, 158
66, 406
66, 465
66, 502
66, 523
67, 120
67, 144
67, 183
67, 226
67, 241
67, 399
68, 85
68, 115
68, 167
68, 187
68, 327
68, 443
68, 574
69, 180
69, 236
69, 259
69, 370
69, 473
69, 525
70, 102
70, 291
70, 351
71, 132
71, 300
71, 558
72, 93
72, 94
72, 122
72, 211
72, 270
72, 284
72, 331
72, 367
72, 380
72, 381
72, 447
72, 459
72, 563
73, 76
73, 97
73, 274
73, 362
73, 405
73, 427
74, 118
75, 154
75, 221
75, 361
75, 485
76, 83
76, 263
76, 338
76, 405
76, 427
76, 445
77, 125
77, 150
77, 191
77, 192
77, 437
78, 86
78, 307
78, 315
78, 393
78, 444
78, 541
78, 552
79, 99
79, 202
79, 345
80, 137
80, 227
80, 228
80, 243
80, 360
80, 375
80, 395
80, 441
80, 486
81, 182
81, 262
81, 349
81, 446
81, 472
81, 545
81, 575
82, 187
82, 275
83, 174
83, 319
83, 455
83, 509
83, 522
84, 87
84, 99
84, 202
84, 334
84, 345
84, 493
84, 497
84, 524
85, 171
85, 276
85, 327
85, 353
85, 355
85, 488
85, 574
86, 307
86, 315
86, 368
86, 390
86, 393
86, 513
87, 99
87, 100
87, 376
87, 465
87, 493
88, 160
88, 164
88, 175
88, 198
88, 218
88, 253
88, 317
88, 461
88, 568
88, 578
89, 330
90, 115
90, 220
90, 443
92, 254
92, 337
92, 357
92, 371
92, 436
92, 450
92, 494
92, 566
93, 116
93, 122
93, 210
93, 211
93, 225
93, 270
93, 363
93, 383
93, 384
93, 385
93, 410
93, 416
93, 459
93, 487
93, 499
94, 130
94, 210
94, 237
94, 272
94, 284
94, 331
94, 358
94, 367
94, 381
94, 383
94, 384
94, 385
94, 447
94, 459
94, 563
95, 293
95, 339
95, 518
97, 139
97, 263
97, 362
97, 377
97, 382
97, 427
98, 169
98, 234
98, 266
98, 359
98, 392
99, 345
99, 406
99, 465
99, 502
99, 576
100, 138
100, 158
100, 209
100, 376
100, 465
100, 506
101, 281
101, 425
103, 488
103, 536
104, 391
104, 562
105, 300
105, 546
106, 269
107, 190
108, 127
108, 293
108, 364
108, 398
109, 494
110, 163
111, 133
111, 256
111, 348
111, 476
111, 515
112, 142
112, 222
112, 386
112, 424
112, 466
112, 543
113, 178
113, 233
113, 289
113, 550
114, 378
115, 220
115, 443
116, 215
116, 225
116, 286
116, 333
116, 335
116, 363
116, 429
116, 496
116, 500
116, 542
116, 565
116, 570
117, 251
117, 287
117, 431
117, 469
117, 478
117, 560
118, 269
118, 310
118, 468
119, 207
119, 223
119, 278
119, 530
120, 123
120, 144
120, 217
120, 399
121, 283
121, 287
121, 313
122, 211
122, 459
123, 399
124, 246
124, 372
124, 532
125, 152
126, 147
126, 207
126, 260
126, 280
126, 413
126, 512
127, 239
127, 293
127, 398
128, 171
128, 216
128, 232
128, 322
128, 432
128, 439
128, 475
128, 548
129, 269
129, 273
130, 272
130, 462
131, 268
133, 181
133, 235
133, 256
133, 285
133, 404
133, 430
133, 433
133, 451
133, 457
133, 474
135, 138
135, 258
136, 352
137, 159
137, 195
137, 243
137, 304
137, 365
137, 420
137, 495
138, 209
139, 157
139, 173
139, 377
140, 257
140, 266
141, 336
141, 347
141, 508
142, 543
143, 400
144, 217
144, 561
145, 224
145, 534
145, 559
146, 203
146, 252
146, 261
146, 435
146, 458
146, 492
146, 514
146, 528
146, 539
147, 260
149, 343
150, 191
151, 554
153, 179
153, 189
154, 361
155, 280
155, 507
156, 227
156, 228
156, 460
156, 533
157, 173
158, 465
158, 506
158, 523
159, 365
159, 420
159, 422
159, 470
160, 317
160, 461
161, 323
161, 448
162, 529
163, 310
164, 253
165, 305
165, 389
165, 419
165, 421
166, 261
166, 267
166, 458
167, 574
168, 228
168, 243
168, 360
168, 490
169, 234
169, 359
169, 392
170, 329
170, 571
171, 322
171, 548
172, 275
173, 377
174, 453
174, 519
174, 555
175, 230
175, 578
176, 199
176, 394
176, 454
176, 527
177, 218
177, 453
178, 289
178, 550
179, 189
179, 312
180, 525
181, 235
181, 388
182, 245
182, 262
182, 292
182, 402
182, 446
183, 241
183, 464
185, 283
185, 288
185, 481
186, 198
186, 229
187, 275
187, 327
187, 415
188, 340
188, 379
188, 417
188, 526
189, 312
190, 239
190, 295
190, 541
190, 549
190, 551
190, 573
192, 437
193, 247
194, 414
195, 243
195, 491
196, 197
197, 231
197, 510
198, 229
198, 317
198, 578
200, 336
201, 374
201, 409
202, 334
202, 345
202, 524
203, 492
203, 514
203, 539
204, 319
204, 553
205, 526
206, 285
206, 457
207, 223
207, 278
207, 413
207, 512
208, 318
210, 384
210, 459
212, 343
212, 403
215, 286
215, 333
215, 500
215, 565
216, 232
216, 548
218, 253
219, 328
219, 511
221, 401
222, 250
222, 342
222, 466
222, 544
222, 557
222, 577
223, 240
223, 530
225, 363
226, 399
227, 228
227, 395
227, 460
228, 360
228, 490
229, 317
232, 548
233, 268
233, 289
233, 297
233, 314
234, 392
234, 480
236, 370
237, 358
237, 556
238, 433
238, 451
239, 295
239, 541
239, 551
240, 320
240, 418
241, 464
242, 403
242, 440
243, 360
243, 491
244, 277
245, 290
245, 292
245, 479
246, 271
246, 282
246, 287
246, 372
246, 469
246, 503
246, 531
246, 572
247, 443
248, 479
250, 342
250, 544
250, 557
251, 271
251, 469
252, 458
252, 528
252, 539
254, 566
255, 326
255, 501
256, 348
256, 430
256, 520
257, 266
259, 370
259, 473
260, 512
261, 458
262, 472
262, 545
263, 338
263, 427
264, 271
264, 372
264, 503
265, 341
265, 407
267, 458
269, 273
269, 318
269, 343
269, 458
271, 469
271, 503
273, 318
273, 483
276, 353
279, 486
280, 507
280, 547
281, 425
282, 531
283, 287
283, 288
283, 434
283, 481
284, 381
285, 451
285, 457
285, 538
286, 335
286, 565
287, 313
287, 431
287, 434
287, 469
287, 560
287, 572
289, 297
289, 346
289, 510
289, 579
290, 479
291, 351
292, 402
293, 364
293, 398
293, 518
294, 299
295, 549
295, 551
295, 573
296, 332
296, 489
297, 314
298, 428
299, 310
300, 546
301, 449
302, 535
303, 325
304, 420
304, 495
305, 389
305, 419
306, 312
306, 515
307, 552
308, 366
309, 353
309, 355
310, 504
311, 326
311, 350
312, 515
315, 393
315, 444
315, 513
316, 414
316, 448
318, 483
319, 455
319, 553
320, 418
321, 571
323, 448
325, 396
326, 350
326, 394
326, 501
327, 397
327, 488
329, 571
330, 456
331, 447
331, 563
332, 452
332, 489
333, 496
333, 500
333, 565
334, 524
335, 565
336, 347
336, 508
337, 436
339, 354
340, 379
340, 417
342, 557
343, 403
344, 369
344, 408
344, 426
346, 579
347, 508
348, 520
349, 575
353, 355
356, 505
358, 556
359, 392
360, 490
363, 416
363, 499
365, 422
365, 470
366, 421
366, 438
367, 380
367, 381
367, 459
368, 390
369, 408
371, 436
371, 450
372, 503
372, 532
373, 388
374, 409
374, 467
374, 521
375, 395
377, 382
380, 381
382, 387
383, 385
383, 410
383, 487
384, 385
385, 487
386, 424
386, 466
388, 504
390, 513
391, 562
394, 501
397, 488
403, 440
408, 426
410, 487
412, 463
412, 468
414, 448
416, 499
417, 526
421, 438
422, 470
423, 442
423, 567
424, 466
425, 484
429, 570
431, 478
432, 439
432, 475
432, 498
433, 451
433, 474
435, 528
435, 539
436, 450
439, 471
439, 498
442, 452
451, 538
452, 489
453, 519
453, 555
454, 527
455, 509
460, 533
461, 568
463, 468
465, 502
467, 521
469, 560
469, 572
472, 545
476, 515
477, 569
488, 536
492, 514
492, 539
494, 566
496, 542
496, 565
496, 570
497, 524
507, 547
528, 539
529, 535
534, 559
536, 569
542, 565
544, 577
546, 564
549, 573
end