540
4
0, 0.5262953095005704, 0.16157478269182157
1, 0.24254141613504865, 0.6174384398386551
2, 0.052778243417867854, 0.8860689894582442
3, 0.8681813105050283, 0.7888639998266259
4, 0.20420977518425565, 0.8378166850405091
5, 0.4325633214783362, 0.09743392686062569
6, 0.788815075857156, 0.9285257224318929
7, 0.18493296018226968, 0.9961360226287439
8, 0.07690575655818532, 0.5072483205347327
9, 0.7188828293047458, 0.5550550772908959
10, 0.0711980381018118, 0.10521182589483724
11, 0.31753584844793903, 0.9278503615606469
12, 0.5052089996948255, 0.04208056888293488
13, 0.5953535426162131, 0.166912619304996
14, 0.18923751605018124, 0.11234629286340392
15, 0.45173679244243437, 0.6099497654584106
16, 0.9335631352760201, 0.1660503147630138
17, 0.9761673096168141, 0.33275257185801954
18, 0.10302983903924634, 0.9764775232516638
19, 0.7024410517655229, 0.1448628467580516
20, 0.8005379804481081, 0.15088122819524774
21, 0.9415341870187344, 0.3197423122698123
22, 0.3748251273173734, 0.10663013991201609
23, 0.009302723844803795, 0.21443966532201986
24, 0.7704347085796225, 0.3717117216612432
25, 0.6108434616226255, 0.02041634279733484
26, 0.6913335468176686, 0.9656520146957668
27, 0.768911484198095, 0.08470033732234605
28, 0.4979323704764339, 0.6628533012528188
29, 0.6447123205768996, 0.20293909952853806
30, 0.29870842823486543, 0.2933166659637694
31, 0.8583850494120967, 0.35842220144588277
32, 0.3196211830274187, 0.9438020147417405
33, 0.9376506571420343, 0.6122571097852317
34, 0.5402752841279687, 0.9948952909751969
35, 0.3549571520013912, 0.8789281299441319
36, 0.12441366914855523, 0.37557978934751846
37, 0.964687565841205, 0.8765661605458327
38, 0.7245007081552916, 0.6807808578571405
39, 0.3244169064615591, 0.5188304735766035
40, 0.049292456843093135, 0.8173104180000001
41, 0.7959902403379857, 0.4213822392696316
42, 0.6260491845591263, 0.4243682561745574
43, 0.06174979899364463, 0.3141810896752414
44, 0.9716876180742439, 0.9453183196996494
45, 0.4801419793609055, 0.3969445653022925
46, 0.8339267107469239, 0.18614206757692442
47, 0.4422250807916118, 0.31760027706251726
48, 0.9579703817940017, 0.9666564879197024
49, 0.46731208629090804, 0.807211579170102
50, 0.11799426250204303, 0.5722460982729792
51, 0.44748044867688064, 0.14193957884407038
52, 0.48475533684228367, 0.8531311426390872
53, 0.5274879234211864, 0.8274505516006097
54, 0.90026009895487, 0.9058215852489733
55, 0.6825748937060493, 0.9083140756829512
56, 0.6983626413440314, 0.003367990590944725
57, 0.9482281617564181, 0.7012183609582383
58, 0.975338452592551, 0.4299234680459849
59, 0.18853485332505937, 0.09657684549368373
60, 0.11233191425220279, 0.6832323327979998
61, 0.6916749780703055, 0.49988527854791687
62, 0.7192779875317608, 0.6149613614769447
63, 0.3538681176908356, 0.870142051879547
64, 0.03840323967269921, 0.9349144708291383
65, 0.23125557240858963, 0.4694935563731677
66, 0.3308184578355222, 0.3756716233732794
67, 0.6602583790190946, 0.6300665919123434
68, 0.6345401188605718, 0.8046661113132781
69, 0.6936908025725314, 0.9537881534394897
70, 0.9079489307973886, 0.02710014299229857
71, 0.09307781538215631, 0.6183923722579334
72, 0.9986493547911662, 0.45530331778062405
73, 0.7311538926651825, 0.689641405911424
74, 0.2594930394055267, 0.12776740826334754
75, 0.5191818877642959, 0.35305934722047194
76, 0.05235537093908438, 0.7630528862120258
77, 0.27699285529848283, 0.39924767640481074
78, 0.15037464532982459, 0.6173134696021072
79, 0.1746838755090614, 0.35163646243051017
80, 0.03631635136702904, 0.2210693522210294
81, 0.420291090312478, 0.03531224546353806
82, 0.9784907702926681, 0.600468241996878
83, 0.49430982632042775, 0.7719245335049073
84, 0.9029769900269421, 0.984627611611398
85, 0.989168812347394, 0.5270039577806112
86, 0.9985136879522898, 0.961874407652317
87, 0.7448542536385993, 0.6198167393584667
88, 0.1740020593355277, 0.31980930551662023
89, 0.5412215637990342, 0.6105645767335308
90, 0.8657472263247149, 0.5534215202714784
91, 0.6060335984533038, 0.1530295689436878
92, 0.9981963218027171, 0.3747830408183901
93, 0.8396566380416994, 0.14444750411345653
94, 0.9143824456569136, 0.3078294836742914
95, 0.5430992577467912, 0.07343927312200804
96, 0.4964318168210671, 0.8911395768009809
97, 0.5370262938706762, 0.4239286881289698
98, 0.0687455381799622, 0.6439998795614738
99, 0.15239000623103915, 0.12597041326398106
100, 0.17760427294676506, 0.3133257368724155
101, 0.9831184510192622, 0.4449511481309343
102, 0.6298646366347992, 0.6370195524907813
103, 0.25044106287043255, 0.6255207623822808
104, 0.8026478754453424, 0.2561572795420941
105, 0.018593483173023673, 0.3688727017332588
106, 0.2576354822433238, 0.7861659738547061
107, 0.5066012979124398, 0.09233608535326687
108, 0.6319629333166861, 0.41261373277404156
109, 0.9946966036039697, 0.9012051381672749
110, 0.9724343019508797, 0.9389630772677656
111, 0.8382317602362334, 0.919507458197093
112, 0.5760842345679511, 0.8876845184348189
113, 0.9908413964270532, 0.5473403988792669
114, 0.3947416075213913, 0.9397665672579703
115, 0.07497522218320207, 0.34786088094058065
116, 0.9537330217442425, 0.8201395424870573
117, 0.821241545280052, 0.6700640456929933
118, 0.7330421328091173, 0.6240022055257007
119, 0.52126225784769, 0.15356675685936483
120, 0.40522666859638456, 0.9084414530452434
121, 0.10746146375151788, 0.698257232120017
122, 0.24383720943781428, 0.8960044156326886
123, 0.7107588880131235, 0.6864131295567966
124, 0.12243314815990491, 0.2534584653413602
125, 0.48006703587723765, 0.5401291209176969
126, 0.5409358424114916, 0.9137658707223719
127, 0.17337274193471042, 0.7411829770866323
128, 0.3658127815214538, 0.7172843648896026
129, 0.8085447416128231, 0.46696398173170284
130, 0.38043269345966424, 0.26484929263457035
131, 0.5208142607370957, 0.8659722469140669
132, 0.9253714220750826, 0.45663160220391297
133, 0.12582052403802402, 0.3355516836780048
134, 0.2244997789428983, 0.8587856200585955
135, 0.042694659396885326, 0.5628340977191056
136, 0.38037494624829926, 0.2911372973803513
137, 0.3754607951952118, 0.8410061092272715
138, 0.3767264969221764, 0.09721972545482493
139, 0.6691817351058156, 0.003620840640892631
140, 0.5748597299723964, 0.3696248007431394
141, 0.12531293700447788, 0.5790230033208973
142, 0.5141327314275804, 0.7310354505388985
143, 0.2973085695898864, 0.3651022954283958
144, 0.5300503841790213, 0.2206719862509695
145, 0.3041436340318784, 0.12011592568609453
146, 0.0060179114397049815, 0.34067784454269023
147, 0.32521120466827513, 0.4896956023974469
148, 0.7360730345695295, 0.5384794955106843
149, 0.6696601069867535, 0.27509681755955917
150, 0.09292738696223901, 0.5800063430740846
151, 0.4063100206959013, 0.7723238162952998
152, 0.9874849692122878, 0.6555908736583347
153, 0.3107350120342264, 0.8672864074449799
154, 0.27799021772867083, 0.18424859873200472
155, 0.03849440254636238, 0.17982988848153325
156, 0.5104615655913679, 0.692832039514518
157, 0.015070523841869798, 0.6946897750719032
158, 0.8014561065074312, 0.38404849522859186
159, 0.3966737650915195, 0.7115113931094623
160, 0.0029361845789394048, 0.5206269800718137
161, 0.43048211354469146, 0.6923520436512914
162, 0.1964897237826173, 0.28529591363737417
163, 0.3840500379892038, 0.05705072276230916
164, 0.5742268139359655, 0.6102676348999753
165, 0.12019095051587958, 0.6122126075328438
166, 0.8808086172737615, 0.4828303641966357
167, 0.30587509751328934, 0.41463093672995355
168, 0.4940817756928524, 0.7402141345514613
169, 0.3801597177437651, 0.08216734000224091
170, 0.2967449557717665, 0.19219651286525685
171, 0.8515463212276195, 0.7582124128764338
172, 0.2723471052165696, 0.49777526686824214
173, 0.83797504566939, 0.8005444755911801
174, 0.6617010372857854, 0.23004179275282222
175, 0.030632342964458714, 0.6210553445024595
176, 0.015812345375511683, 0.7308271009960626
177, 0.37588811610460904, 0.739960620943589
178, 0.12720002350816595, 0.4223216600935632
179, 0.24731985630191677, 0.8275181461360825
180, 0.4116586138311259, 0.2957757539202994
181, 0.8958399576872058, 0.41393474147512066
182, 0.9021117171440571, 0.6192963629027967
183, 0.933064439085924, 0.0277774426749009
184, 0.5050285861297967, 0.8149007280499159
185, 0.5711911445032112, 0.09156812781181167
186, 0.5093741753445471, 0.38358137235070544
187, 0.6531848053720297, 0.8112250848331702
188, 0.08557619087899782, 0.33902342608025515
189, 0.27958316773236647, 0.05073014338052417
190, 0.48584218943448143, 0.9476887875070165
191, 0.11923981767989589, 0.8289215922809255
192, 0.4470701435257839, 0.7845737797522757
193, 0.6271377045044093, 0.4459530083243636
194, 0.2861049226278283, 0.7537454019939576
195, 0.07592188378454534, 0.6272728187762082
196, 0.6981604725713555, 0.393991865507358
197, 0.31216777899197956, 0.0655552712131805
198, 0.3925420390952875, 0.13955117047831955
199, 0.6516324807544233, 0.9790990404892125
200, 0.8010243444146201, 0.25540646313785764
201, 0.5052217841895594, 0.1731211100419724
202, 0.6683220268740055, 0.5296294014804244
203, 0.9055720922145267, 0.9682891496395664
204, 0.42428743571537264, 0.6743979969204947
205, 0.9430674822763948, 0.2846173262134306
206, 0.44110072225405483, 0.6835616733653882
207, 0.5129689790176252, 0.6077291465077469
208, 0.1245116509836467, 0.11198118186782768
209, 0.3189131110271952, 0.888160897651757
210, 0.727503634107057, 0.2580902794466834
211, 0.8535321677738689, 0.040179231008915406
212, 0.2726740425755033, 0.13165685946783723
213, 0.3203601706721263, 0.5281799924716873
214, 0.5914869995125254, 0.6486776148335104
215, 0.4778732961852098, 0.9858868042701946
216, 0.8792015673587827, 0.9525295883802711
217, 0.09606544399501282, 0.021981185455230978
218, 0.014625588413973989, 0.009679604767599104
219, 0.09036420369956888, 0.9203079996455099
220, 0.12588187036852438, 0.6475336141281498
221, 0.1765565570512011, 0.5752306467714097
222, 0.2778924783811618, 0.8846974266353488
223, 0.18190677603369432, 0.8750916137626766
224, 0.5921137977487404, 0.5890161124726861
225, 0.7066555206260976, 0.43949416620259385
226, 0.01078749213622432, 0.5113589754908875
227, 0.5440324897093719, 0.7306404371035422
228, 0.5130836333177221, 0.42550150272405607
229, 0.4056620068821626, 0.931237560693292
230, 0.4160032172143934, 0.31997762255149576
231, 0.3833280190991841, 0.47534565344928925
232, 0.5660099310670629, 0.2733854141228306
233, 0.45120455645537183, 0.3020752422960862
234, 0.000619303771696611, 0.006972274200593209
235, 0.016075440601640567, 0.4170240569344349
236, 0.16308704404344576, 0.5133479422174451
237, 0.7233262942870919, 0.6168316145199731
238, 0.17710730156695642, 0.6484027820454356
239, 0.2161573813662232, 0.5978387123712947
240, 0.005540213888678425, 0.4560875554960879
241, 0.51254133996978, 0.16631341625339235
242, 0.7390085428607877, 0.30484501160000077
243, 0.17856475100455504, 0.04147338532365841
244, 0.14406517726440404, 0.8193700999186849
245, 0.45341211937668857, 0.16421917053955282
246, 0.6033332355066988, 0.6936584099076393
247, 0.6811799258297838, 0.46974362922166524
248, 0.6346866099518739, 0.8332070401417639
249, 0.4849362891818354, 0.10898810578147478
250, 0.549263034901882, 0.2572231744787713
251, 0.9489547645842799, 0.4307945676182887
252, 0.10012291693192199, 0.6428240940118568
253, 0.495396896699967, 0.09668041608637667
254, 0.9545183504159814, 0.5885419401184241
255, 0.5154551821232661, 0.60765895466877
256, 0.2877421051894875, 0.6249700801171388
257, 0.5187987198996568, 0.8221517287236995
258, 0.5978890549423022, 0.9344147140591429
259, 0.847868105729944, 0.42347112869177184
260, 0.12316938975834324, 0.02192634175993924
261, 0.3477054042688078, 0.1205012562813711
262, 0.7597576974574789, 0.016224787614890213
263, 0.10836707039185434, 0.17683246556587429
264, 0.7704285669353714, 0.22595113866791916
265, 0.7358873814404521, 0.9735247649373472
266, 0.7687267202067508, 0.9202415973807527
267, 0.07016855853671256, 0.22111076524694784
268, 0.9852775942429806, 0.5089389566897612
269, 0.8475272094252315, 0.3307431658685237
270, 0.6255182949242127, 0.6368535428539142
271, 0.09425325340413615, 0.816719628021862
272, 0.056309774415313485, 0.4888998537554947
273, 0.3390458467098322, 0.8946151611763588
274, 0.7329575570694246, 0.2496814357366498
275, 0.2679429082945769, 0.06787546662659882
276, 0.2827063641435049, 0.4531289092959201
277, 0.5837661445006437, 0.0546341881229464
278, 0.49942163673847584, 0.05826697370113909
279, 0.40957226600970165, 0.8885477369174896
280, 0.7682248432039266, 0.8799297356444216
281, 0.9033930962849646, 0.07162398845983664
282, 0.9100994208281782, 0.8693130972411353
283, 0.1328112935099135, 0.26861619454450925
284, 0.38024005370641045, 0.06653252889679606
285, 0.04623970580813852, 0.1430188593133047
286, 0.7573423892038955, 0.7886620391303693
287, 0.17202009537003415, 0.6889436589587149
288, 0.12184540199525651, 0.21980958368853454
289, 0.6909112984130561, 0.6312403675054674
290, 0.5023480202181568, 0.027130886558652922
291, 0.22078290010475576, 0.5701675371633064
292, 0.605538402925352, 0.6527897551778824
293, 0.708360158617326, 0.7393735268624592
294, 0.01987690989640789, 0.286999215989608
295, 0.9355546993172699, 0.43385128551875485
296, 0.07973503753168965, 0.57773888808432
297, 0.9738466793879004, 0.48432192482794134
298, 0.43380314389280406, 0.33594658700666824
299, 0.3049379156333668, 0.0021205639274238797
300, 0.013679876332444163, 0.6795545441735371
301, 0.9987050754488737, 0.766497208711772
302, 0.4913459157079231, 0.13948268955102627
303, 0.44164851016790696, 0.6376283174285091
304, 0.07091094285565491, 0.8510848631924033
305, 0.12515663700682844, 0.5084462335541545
306, 0.5039655476334889, 0.3204476330211373
307, 0.03930564099666467, 0.6910517250380671
308, 0.9020729942209372, 0.7937762412652891
309, 0.9036995115084011, 0.108777873473204
310, 0.9439205040950134, 0.8169074070027762
311, 0.7874426861567057, 0.955334306777372
312, 0.889735188949786, 0.08567552933570832
313, 0.5977004734413103, 0.594940282099448
314, 0.26303276642475115, 0.19576302953904146
315, 0.9682904462570879, 0.13418352744288686
316, 0.16651060522366423, 0.5874414422328396
317, 0.9542098233315021, 0.1229420463683093
318, 0.7131224766883176, 0.9728692639077927
319, 0.042634644740523364, 0.8140654912124076
320, 0.9744946130581134, 0.1935026864738879
321, 0.29197854850588834, 0.26391218528244675
322, 0.46852157938700545, 0.7070574126639847
323, 0.9305022640548265, 0.8887021869969852
324, 0.7813323637259727, 0.3667866265810109
325, 0.6176297356331071, 0.38273803642303106
326, 0.3763799769818126, 0.41997981496690995
327, 0.7848737424844473, 0.24370878052422362
328, 0.8391823707213162, 0.35211824950830617
329, 0.7428374759163814, 0.4772522764219894
330, 0.03397023951353295, 0.6962483210480827
331, 0.2548673286519799, 0.4500818742528695
332, 0.18139834518965514, 0.31537310926345874
333, 0.4241600446164755, 0.9780892042682208
334, 0.6915944015527067, 0.396605420558526
335, 0.3899281880954527, 0.09548528152584468
336, 0.4550091889650024, 0.029039901826447778
337, 0.9004747648781307, 0.6249169542053974
338, 0.6484259418381906, 0.5618015776521984
339, 0.6146226300742278, 0.39061314819496984
340, 0.22966997711726045, 0.8942034965076837
341, 0.020614653665872895, 0.718599809186426
342, 0.7069427813128809, 0.7451907362902944
343, 0.9181440141699918, 0.19685775007236606
344, 0.10520665401652929, 0.8250407274573498
345, 0.9538008296552014, 0.6382769597737876
346, 0.14762534663425453, 0.007040964420730433
347, 0.8913675444800406, 0.7702486141811833
348, 0.4848987608952591, 0.909043193334547
349, 0.42859125089233996, 0.7097034330103049
350, 0.16954438426087182, 0.8855259382845564
351, 0.7566318826421673, 0.1742170732481586
352, 0.7746605217173429, 0.42113113697180526
353, 0.9079718673936437, 0.33248728624899815
354, 0.07662397972983115, 0.8266124161233097
355, 0.21194530837786607, 0.10481953886459416
356, 0.22249293864267872, 0.33051833345191717
357, 0.24183509716099472, 0.8859484394517025
358, 0.8294741345778511, 0.7245331164813871
359, 0.32204190388546905, 0.2533996206382191
360, 0.14028567197541175, 0.6993660308026222
361, 0.3034520496919312, 0.7286449414858347
362, 0.7211210921274689, 0.38882990332745326
363, 0.00020461428145768235, 0.47277223748296227
364, 0.961424360090851, 0.6013436497228842
365, 0.6667031765134646, 0.8403590142883399
366, 0.7120152065674842, 0.4977274272214609
367, 0.7735593759946424, 0.6876632321611964
368, 0.3945908096769021, 0.7149746705782297
369, 0.7109575853646337, 0.9551610994059189
370, 0.08087078889393573, 0.6777344444794409
371, 0.5586293187008972, 0.31875316448183233
372, 0.7712913858508081, 0.43852493350875077
373, 0.6038270174260831, 0.3776577953023528
374, 0.38611794772768515, 0.08931202453126996
375, 0.20070700941066166, 0.005728616576968992
376, 0.3876871464144752, 0.7762334121604316
377, 0.3359493002684183, 0.8168392556758187
378, 0.26452083504043344, 0.5918609250465687
379, 0.07412861420344896, 0.4746458428164836
380, 0.28364156570040466, 0.26870243455542797
381, 0.30378923582522366, 0.505755744827798
382, 0.30415173648639837, 0.09902684410944707
383, 0.9459621627510906, 0.6704733598751071
384, 0.3333555058564879, 0.5284683757652238
385, 0.0034351556663974048, 0.17193756248211534
386, 0.5540918277255844, 0.7184832031375367
387, 0.006840780152362891, 0.06666138737580785
388, 0.849672912312655, 0.7394263667457521
389, 0.7320881257546852, 0.23157232867144573
390, 0.12950907960395175, 0.05071328353865534
391, 0.691025389537659, 0.14766827804346572
392, 0.4513709202589904, 0.44869962043957445
393, 0.1813459047331688, 0.4529471994054812
394, 0.8776103483793746, 0.9761010888249863
395, 0.3889160415542048, 0.7378386792328435
396, 0.976000165837843, 0.14121956992240237
397, 0.26920293013068686, 0.8607590287527042
398, 0.25426597626020386, 0.3192736653723026
399, 0.995652079208723, 0.7950579616753308
400, 0.2661009571245522, 0.11189349411168537
401, 0.010563345250379275, 0.3662091619768614
402, 0.8792992821586054, 0.07066213403212473
403, 0.8591804997183812, 0.21295849527347122
404, 0.5977445157927631, 0.17246695476009277
405, 0.18900489980857227, 0.13529298207845308
406, 0.2228107828171495, 0.2989014017896018
407, 0.8048513251754319, 0.4029807463856516
408, 0.49668728375958315, 0.45057382907244603
409, 0.16415592052731676, 0.210686591080249
410, 0.5184816700306929, 0.03846707683556172
411, 0.09110164641338969, 0.3321021044333522
412, 0.38487790314821757, 0.4447023023280062
413, 0.7743010098609823, 0.712190392488759
414, 0.6616269508818631, 0.7314660190280309
415, 0.5065532574327489, 0.10058996978054058
416, 0.9417254186640863, 0.9935448884738507
417, 0.675508487137681, 0.635000045223052
418, 0.2645199043688109, 0.3423869161914789
419, 0.4577129977579537, 0.8884344408862183
420, 0.6296405901825771, 0.49989235702724466
421, 0.21773451241693986, 0.884033803676877
422, 0.32548037983796896, 0.09208213708987523
423, 0.23200957504982644, 0.31593665665473236
424, 0.3129074290412033, 0.40066670283951533
425, 0.31478214788861325, 0.5783888138427185
426, 0.7398395516140146, 0.052328690035877146
427, 0.14839932545497603, 0.44836674341278604
428, 0.8363584109732761, 0.5585535404033524
429, 0.8750865850802829, 0.9222967570657933
430, 0.04907323048749879, 0.5026019848442288
431, 0.9613879678069587, 0.4811770587226115
432, 0.3862515073814877, 0.6263098549352352
433, 0.5282282758958513, 0.8978532918831011
434, 0.36526214495322473, 0.26120893736989237
435, 0.10112034260104819, 0.4893209635913188
436, 0.5966307332460778, 0.18320355813627143
437, 0.8834588264479871, 0.173532732865175
438, 0.019699914830229925, 0.8285160649727082
439, 0.2696387789769723, 0.6157478077987711
440, 0.6864412804602343, 0.7916000356172285
441, 0.6117930123194146, 0.922151663191868
442, 0.8442579330618813, 0.9398515564144774
443, 0.629857356568119, 0.6037354094157281
444, 0.610301793598402, 0.5016279434278195
445, 0.3303931258059223, 0.8071904215786706
446, 0.7148231021267035, 0.49054059025181973
447, 0.7753547911042902, 0.9622424337222132
448, 0.7957266949313525, 0.7893277961959039
449, 0.7130600842821347, 0.2292770494617289
450, 0.6535619264837408, 0.37586159404596053
451, 0.3679689635979583, 0.8352152322620601
452, 0.5526522679145272, 0.8640112723071347
453, 0.9741728108271027, 0.8599664204711375
454, 0.3817930429737024, 0.001573518784251715
455, 0.7490369187164546, 0.6380767569914608
456, 0.8360779327629622, 0.9006494145309311
457, 0.4749675488107292, 0.9666930716437636
458, 0.41700855826935623, 0.0481025035545547
459, 0.48010033674072294, 0.549978357130827
460, 0.9934881566350666, 0.8951493772892283
461, 0.09556240046819686, 0.6647561264180073
462, 0.789510621410875, 0.439770458804958
463, 0.9066625060588059, 0.12598012633091882
464, 0.9773046605535378, 0.10164442480602098
465, 0.7124874114755204, 0.6603200043679777
466, 0.4783196744641657, 0.7835064309652099
467, 0.6855059101545717, 0.8875992188302343
468, 0.7584473571241996, 0.998806139791027
469, 0.6965377560781472, 0.3699805839809295
470, 0.9846988215264255, 0.08556237389362853
471, 0.35990191428956164, 0.47383646171002414
472, 0.8689755966291955, 0.9725289531968306
473, 0.9009939210408832, 0.7409154547052297
474, 0.2904512733020729, 0.33810508192292077
475, 0.780725421641484, 0.5680087159195975
476, 0.2062233060783012, 0.6886824962232179
477, 0.8595545666551906, 0.05755231582030573
478, 0.48984381779195274, 0.7063848688092248
479, 0.28222982748800995, 0.8402928508241878
480, 0.898061295760201, 0.5751143028631921
481, 0.7560131763055489, 0.00018545862718510886
482, 0.7832851918805483, 0.47345380727513475
483, 0.3553597826597509, 0.799357656990556
484, 0.6605280239843253, 0.6154585430167907
485, 0.31916610512301047, 0.7851455189170986
486, 0.7238286637405286, 0.5955058353321582
487, 0.5265358928821965, 0.6144120124984591
488, 0.2997389126497103, 0.9656509555687844
489, 0.5964635120025775, 0.8489657574278714
490, 0.214409587781355, 0.4738058939863672
491, 0.8727131899516705, 0.39614734323827416
492, 0.7022720894672033, 0.4953954268286499
493, 0.6232929560196155, 0.3221437797044959
494, 0.760933436101387, 0.837941117219489
495, 0.6429435666528508, 0.4640131428834465
496, 0.9734901677215995, 0.1117647690263408
497, 0.6357299460119293, 0.7359614260070309
498, 0.6616764306763212, 0.48247025109889297
499, 0.963348237011779, 0.4987802924418894
500, 0.17901946025342264, 0.22733183733694495
501, 0.22771546327222048, 0.18903071131493354
502, 0.27264175725403994, 0.26652524531165345
503, 0.9356713915333911, 0.6463913521636978
504, 0.34343591735683177, 0.9963227816283793
505, 0.15379686133870063, 0.7802911854857235
506, 0.4073174840087348, 0.2189788957584372
507, 0.6248588943461977, 0.21852915004311912
508, 0.32492474832545104, 0.6841005445421791
509, 0.21676808683196047, 0.7364663070295859
510, 0.7369947110761536, 0.030195324606832052
511, 0.3526123730750519, 0.9219300326714841
512, 0.0943329284264749, 0.2309832546490861
513, 0.5560504911618596, 0.5660304250929099
514, 0.938465303448118, 0.24795053167924308
515, 0.5697430583030447, 0.8814965703286035
516, 0.9368366517872339, 0.42741397485896515
517, 0.3161058663967119, 0.46701619110494574
518, 0.9498459269989125, 0.21846486403219256
519, 0.808855915321069, 0.0013623495906970318
520, 0.6302004884299595, 0.3159065307775676
521, 0.7739056852553629, 0.8374355032189573
522, 0.4293952608131387, 0.9050437615837424
523, 0.8317133264801808, 0.9752626477373445
524, 0.9342619179852203, 0.21377174054629777
525, 0.6330129706179952, 0.5732741547856219
526, 0.6816042496770993, 0.45076032316302805
527, 0.9094902515691669, 0.38097940113399087
528, 0.08806694997082676, 0.5728076555637931
529, 0.095878215896114, 0.554401497313163
530, 0.5576164461670207, 0.28422139021416226
531, 0.11047328206546936, 0.07178690703675272
532, 0.7186690795687669, 0.32499331402374754
533, 0.8098105483860162, 0.6168873790551961
534, 0.17303197885384214, 0.4048382841370788
535, 0.918892153522525, 0.40406113772402885
536, 0.7079233513276139, 0.8805284799155744
537, 0.8973524653211543, 0.9387586929956654
538, 0.4447684035381837, 0.8158775372690499
539, 0.8234306445622899, 0.28321650036169377
end_nodes
0, 1
0, 2
0, 3
0, 4
0, 5
0, 6
0, 7
0, 8
0, 9
0, 10
0, 11
0, 12
0, 13
0, 14
0, 15
0, 16
0, 17
0, 18
0, 19
0, 20
0, 21
0, 22
0, 23
24, 5
24, 81
24, 82
24, 119
24, 138
24, 163
24, 166
24, 169
24, 189
24, 197
24, 249
24, 284
24, 299
24, 302
24, 335
24, 346
24, 374
24, 375
24, 407
24, 454
24, 458
25, 1
25, 2
25, 4
25, 7
25, 8
25, 11
25, 15
25, 18
25, 23
25, 28
25, 30
25, 32
25, 34
25, 35
25, 36
25, 39
25, 40
25, 43
25, 45
25, 47
25, 49
25, 50
25, 52
26, 12
26, 278
26, 290
26, 410
27, 1
27, 2
27, 4
27, 7
27, 8
27, 11
27, 15
27, 18
27, 23
27, 28
27, 30
27, 32
27, 34
27, 35
27, 36
27, 39
27, 40
27, 43
27, 45
27, 47
27, 49
27, 50
27, 52
29, 5
29, 10
29, 14
29, 17
29, 21
29, 22
29, 51
29, 59
29, 74
29, 94
29, 99
29, 104
29, 119
29, 138
29, 145
29, 163
29, 169
29, 189
29, 197
29, 198
29, 200
29, 205
29, 208
31, 5
31, 119
31, 138
31, 163
31, 169
31, 189
31, 197
31, 284
31, 299
31, 302
31, 335
31, 346
31, 374
31, 375
38, 523
41, 152
41, 254
41, 364
42, 12
42, 286
42, 290
42, 410
42, 465
42, 521
42, 523
46, 10
46, 14
46, 59
46, 74
46, 99
46, 145
46, 198
46, 208
46, 212
46, 320
46, 355
46, 387
46, 400
46, 405
46, 531
55, 12
55, 278
55, 290
55, 410
56, 1
56, 2
56, 4
56, 7
56, 8
56, 11
56, 15
56, 18
56, 23
56, 28
56, 30
56, 32
56, 34
56, 35
56, 36
56, 39
56, 40
56, 43
56, 45
56, 47
56, 49
56, 50
56, 52
57, 301
58, 5
58, 119
58, 138
58, 163
58, 169
58, 189
58, 197
58, 284
58, 299
58, 302
58, 335
58, 346
58, 374
58, 375
61, 84
61, 87
61, 173
61, 203
61, 367
61, 537
62, 456
62, 472
66, 50
66, 65
66, 71
66, 98
66, 141
66, 150
66, 157
66, 165
66, 175
66, 176
66, 195
66, 236
66, 252
66, 296
66, 300
66, 307
66, 330
66, 331
66, 341
66, 490
66, 528
67, 12
67, 278
67, 290
67, 410
68, 12
68, 199
68, 278
68, 290
68, 410
69, 12
69, 278
69, 290
69, 410
70, 1
70, 2
70, 4
70, 7
70, 8
70, 11
70, 15
70, 18
70, 23
70, 28
70, 30
70, 32
70, 34
70, 35
70, 36
70, 39
70, 40
70, 43
70, 45
70, 47
70, 49
70, 50
70, 52
72, 5
72, 119
72, 138
72, 163
72, 169
72, 189
72, 197
72, 284
72, 299
72, 302
72, 335
72, 346
72, 374
72, 375
75, 11
75, 15
75, 28
75, 32
75, 35
75, 49
75, 52
75, 63
75, 83
75, 96
75, 114
75, 120
75, 125
75, 137
75, 142
75, 151
75, 153
75, 156
75, 159
75, 161
75, 168
75, 177
75, 184
77, 150
77, 175
77, 236
77, 296
77, 528
77, 529
85, 5
85, 119
85, 138
85, 163
85, 169
85, 189
85, 197
85, 284
85, 299
85, 302
85, 335
85, 346
85, 374
85, 375
89, 34
89, 53
89, 126
89, 131
89, 227
89, 257
89, 433
90, 503
91, 1
91, 2
91, 4
91, 7
91, 8
91, 11
91, 15
91, 18
91, 19
91, 20
91, 23
91, 28
91, 30
91, 32
91, 34
91, 35
91, 36
91, 39
91, 40
91, 43
91, 45
91, 47
91, 49
92, 5
92, 119
92, 138
92, 163
92, 169
92, 189
92, 197
92, 284
92, 299
92, 302
92, 335
92, 346
92, 374
92, 375
93, 315
95, 1
95, 2
95, 4
95, 7
95, 8
95, 11
95, 15
95, 18
95, 23
95, 28
95, 30
95, 32
95, 34
95, 35
95, 36
95, 39
95, 40
95, 43
95, 45
95, 47
95, 49
95, 50
95, 52
97, 28
97, 34
97, 49
97, 52
97, 53
97, 83
97, 96
97, 126
97, 131
97, 142
97, 156
97, 168
97, 184
97, 190
97, 207
97, 215
97, 227
97, 255
97, 257
97, 333
97, 348
97, 419
97, 433
100, 133
101, 5
101, 119
101, 138
101, 163
101, 169
101, 189
101, 197
101, 284
101, 299
101, 302
101, 335
101, 346
101, 374
101, 375
102, 12
102, 278
102, 290
102, 410
107, 1
107, 2
107, 3
107, 4
107, 6
107, 7
107, 8
107, 9
107, 11
107, 18
107, 23
107, 30
107, 33
107, 36
107, 37
107, 39
107, 40
107, 43
107, 44
107, 47
107, 48
107, 50
107, 54
108, 111
108, 410
108, 442
108, 456
108, 472
108, 498
113, 5
113, 119
113, 138
113, 163
113, 169
113, 189
113, 197
113, 284
113, 299
113, 302
113, 335
113, 346
113, 374
113, 375
115, 105
117, 44
117, 110
118, 216
123, 12
123, 290
123, 410
129, 33
129, 345
129, 480
130, 160
130, 178
130, 226
130, 240
130, 272
130, 363
130, 379
130, 418
130, 430
130, 534
132, 5
132, 119
132, 138
132, 163
132, 169
132, 189
132, 197
132, 284
132, 299
132, 302
132, 335
132, 346
132, 374
132, 375
136, 8
136, 135
136, 143
136, 160
136, 175
136, 226
136, 272
136, 296
136, 305
136, 379
136, 393
136, 427
136, 430
136, 435
136, 528
136, 529
139, 1
139, 2
139, 4
139, 7
139, 8
139, 11
139, 15
139, 18
139, 23
139, 28
139, 30
139, 32
139, 34
139, 35
139, 36
139, 39
139, 40
139, 43
139, 45
139, 47
139, 49
139, 50
139, 52
140, 12
140, 34
140, 112
140, 126
140, 164
140, 199
140, 214
140, 224
140, 227
140, 246
140, 248
140, 258
140, 278
140, 290
140, 292
140, 313
140, 386
140, 410
140, 433
140, 441
140, 452
140, 489
140, 513
144, 1
144, 2
144, 4
144, 7
144, 11
144, 15
144, 18
144, 28
144, 32
144, 34
144, 35
144, 39
144, 40
144, 45
144, 47
144, 49
144, 50
144, 52
144, 53
144, 60
144, 63
144, 64
144, 65
148, 3
148, 48
148, 171
148, 282
148, 323
148, 358
149, 5
149, 33
149, 81
149, 82
149, 119
149, 138
149, 152
149, 163
149, 166
149, 169
149, 189
149, 197
149, 254
149, 284
149, 299
149, 302
149, 335
149, 346
149, 364
149, 374
149, 375
149, 454
149, 532
154, 13
154, 16
154, 19
154, 20
154, 23
154, 315
154, 317
154, 320
154, 351
154, 391
154, 396
154, 437
154, 463
155, 13
155, 16
155, 19
155, 20
155, 315
155, 317
155, 320
155, 351
155, 391
155, 396
155, 437
155, 463
158, 5
158, 119
158, 138
158, 163
158, 169
158, 189
158, 197
158, 284
158, 299
158, 302
158, 335
158, 346
158, 374
158, 375
170, 16
170, 267
170, 288
170, 320
170, 351
170, 396
170, 409
170, 437
174, 5
174, 119
174, 138
174, 163
174, 169
174, 189
174, 197
174, 284
174, 299
174, 302
174, 335
174, 346
174, 374
174, 375
180, 50
180, 60
180, 65
180, 71
180, 78
180, 98
180, 135
180, 141
180, 150
180, 157
180, 165
180, 167
180, 175
180, 176
180, 195
180, 220
180, 221
180, 236
180, 252
180, 276
180, 296
180, 300
180, 305
181, 5
181, 119
181, 138
181, 163
181, 169
181, 189
181, 197
181, 284
181, 299
181, 302
181, 335
181, 346
181, 374
181, 375
183, 1
183, 2
183, 4
183, 7
183, 8
183, 11
183, 15
183, 18
183, 23
183, 28
183, 30
183, 32
183, 34
183, 35
183, 36
183, 39
183, 40
183, 43
183, 45
183, 47
183, 49
183, 50
183, 52
185, 1
185, 2
185, 4
185, 7
185, 8
185, 11
185, 15
185, 18
185, 23
185, 28
185, 30
185, 32
185, 34
185, 35
185, 36
185, 39
185, 40
185, 43
185, 45
185, 47
185, 49
185, 50
185, 52
186, 11
186, 15
186, 32
186, 35
186, 49
186, 52
186, 63
186, 114
186, 120
186, 125
186, 137
186, 151
186, 159
186, 161
186, 177
186, 192
186, 204
186, 206
186, 209
186, 215
186, 229
186, 273
186, 279
187, 12
187, 278
187, 290
187, 410
188, 401
193, 6
193, 12
193, 278
193, 290
193, 410
196, 116
196, 453
201, 8
201, 10
201, 13
201, 14
201, 16
201, 20
201, 30
201, 36
201, 43
201, 50
201, 59
201, 65
201, 71
201, 74
201, 79
201, 88
201, 98
201, 99
201, 105
201, 124
201, 133
201, 135
201, 138
202, 523
210, 5
210, 119
210, 138
210, 163
210, 169
210, 189
210, 197
210, 284
210, 299
210, 302
210, 335
210, 346
210, 374
210, 375
211, 1
211, 2
211, 4
211, 7
211, 8
211, 11
211, 15
211, 18
211, 23
211, 28
211, 30
211, 32
211, 34
211, 35
211, 36
211, 39
211, 40
211, 43
211, 45
211, 47
211, 49
211, 50
211, 52
217, 104
217, 200
217, 389
218, 205
218, 327
225, 37
225, 86
225, 109
225, 308
225, 310
225, 347
225, 453
225, 460
225, 473
225, 475
225, 533
228, 28
228, 49
228, 52
228, 83
228, 96
228, 114
228, 120
228, 125
228, 151
228, 161
228, 168
228, 190
228, 192
228, 206
228, 215
228, 229
228, 279
228, 322
228, 333
228, 348
228, 349
228, 419
228, 457
230, 2
230, 40
230, 60
230, 71
230, 76
230, 78
230, 98
230, 121
230, 141
230, 157
230, 165
230, 167
230, 172
230, 176
230, 195
230, 220
230, 221
230, 238
230, 239
230, 252
230, 271
230, 276
230, 287
232, 6
232, 12
232, 28
232, 34
232, 49
232, 52
232, 53
232, 83
232, 96
232, 112
232, 114
232, 120
232, 126
232, 131
232, 142
232, 156
232, 164
232, 168
232, 184
232, 190
232, 192
232, 199
232, 207
233, 1
233, 2
233, 18
233, 39
233, 40
233, 47
233, 60
233, 64
233, 76
233, 78
233, 103
233, 121
233, 127
233, 147
233, 172
233, 176
233, 191
233, 213
233, 219
233, 220
233, 221
233, 238
233, 239
234, 205
234, 327
237, 394
237, 448
237, 472
241, 8
241, 10
241, 13
241, 14
241, 16
241, 20
241, 30
241, 36
241, 40
241, 43
241, 50
241, 59
241, 60
241, 65
241, 71
241, 74
241, 76
241, 78
241, 79
241, 80
241, 88
241, 98
241, 99
242, 5
242, 119
242, 138
242, 163
242, 169
242, 189
242, 197
242, 284
242, 299
242, 302
242, 335
242, 346
242, 374
242, 375
243, 104
243, 200
243, 260
243, 389
245, 10
245, 13
245, 14
245, 16
245, 19
245, 20
245, 23
245, 74
245, 80
245, 99
245, 208
245, 212
245, 267
245, 315
245, 317
245, 320
245, 346
245, 351
245, 387
245, 391
245, 396
245, 405
245, 437
247, 9
247, 54
247, 173
247, 203
247, 416
247, 537
250, 7
250, 11
250, 12
250, 15
250, 28
250, 32
250, 34
250, 35
250, 45
250, 49
250, 52
250, 53
250, 63
250, 83
250, 96
250, 112
250, 114
250, 120
250, 122
250, 125
250, 126
250, 128
250, 131
251, 5
251, 119
251, 138
251, 163
251, 169
251, 189
251, 197
251, 284
251, 299
251, 302
251, 335
251, 346
251, 374
251, 375
253, 1
253, 2
253, 3
253, 6
253, 8
253, 9
253, 18
253, 23
253, 30
253, 33
253, 36
253, 37
253, 39
253, 40
253, 43
253, 44
253, 48
253, 50
253, 54
253, 60
253, 64
253, 65
253, 71
259, 5
259, 119
259, 138
259, 163
259, 169
259, 189
259, 197
259, 284
259, 299
259, 302
259, 335
259, 346
259, 374
259, 375
261, 205
261, 327
262, 1
262, 2
262, 4
262, 7
262, 8
262, 11
262, 15
262, 18
262, 23
262, 28
262, 30
262, 32
262, 34
262, 35
262, 36
262, 39
262, 40
262, 43
262, 45
262, 47
262, 49
262, 50
262, 52
263, 13
263, 16
263, 19
263, 20
263, 315
263, 317
263, 320
263, 351
263, 391
263, 396
263, 437
263, 463
264, 10
264, 14
264, 59
264, 74
264, 99
264, 145
264, 198
264, 208
264, 212
264, 355
264, 387
264, 400
264, 405
264, 531
265, 12
265, 278
265, 290
265, 410
266, 12
266, 278
266, 290
266, 410
268, 5
268, 119
268, 138
268, 163
268, 169
268, 189
268, 197
268, 284
268, 299
268, 302
268, 335
268, 346
268, 374
268, 375
269, 5
269, 119
269, 138
269, 163
269, 169
269, 189
269, 197
269, 284
269, 299
269, 302
269, 335
269, 346
269, 374
269, 375
270, 12
270, 199
270, 278
270, 290
270, 410
274, 5
274, 119
274, 138
274, 163
274, 169
274, 189
274, 197
274, 284
274, 299
274, 302
274, 335
274, 346
274, 374
274, 375
277, 1
277, 2
277, 4
277, 7
277, 8
277, 11
277, 15
277, 18
277, 23
277, 28
277, 30
277, 32
277, 34
277, 35
277, 36
277, 39
277, 40
277, 43
277, 45
277, 47
277, 49
277, 50
277, 52
280, 12
280, 278
280, 290
280, 410
281, 1
281, 2
281, 4
281, 7
281, 8
281, 11
281, 15
281, 18
281, 23
281, 28
281, 30
281, 32
281, 34
281, 35
281, 36
281, 39
281, 40
281, 43
281, 45
281, 47
281, 49
281, 50
281, 52
285, 13
285, 16
285, 20
285, 315
285, 317
285, 320
285, 351
285, 396
285, 437
285, 463
289, 12
289, 290
289, 410
293, 12
293, 278
293, 290
293, 410
295, 5
295, 119
295, 138
295, 163
295, 169
295, 189
295, 197
295, 284
295, 299
295, 302
295, 335
295, 346
295, 374
295, 375
297, 119
297, 163
297, 169
297, 189
297, 197
297, 284
297, 299
297, 302
297, 335
297, 346
297, 374
297, 375
306, 4
306, 7
306, 11
306, 15
306, 32
306, 35
306, 45
306, 63
306, 106
306, 114
306, 120
306, 122
306, 125
306, 128
306, 134
306, 137
306, 151
306, 153
306, 159
306, 161
306, 177
306, 179
306, 192
309, 1
309, 2
309, 4
309, 7
309, 8
309, 11
309, 15
309, 18
309, 23
309, 28
309, 30
309, 32
309, 34
309, 35
309, 36
309, 39
309, 40
309, 43
309, 45
309, 49
309, 50
309, 52
309, 53
311, 12
311, 278
311, 290
311, 410
312, 1
312, 2
312, 4
312, 7
312, 8
312, 11
312, 15
312, 18
312, 23
312, 28
312, 30
312, 32
312, 34
312, 35
312, 36
312, 39
312, 40
312, 43
312, 45
312, 49
312, 50
312, 52
312, 53
314, 16
314, 267
314, 320
314, 351
314, 409
314, 437
318, 12
318, 278
318, 290
318, 410
321, 88
321, 105
321, 133
321, 332
321, 401
321, 411
324, 284
324, 299
324, 302
324, 335
324, 374
324, 375
325, 73
325, 111
325, 410
325, 442
329, 109
329, 116
329, 310
329, 453
329, 460
329, 473
334, 37
334, 109
334, 116
334, 310
334, 453
334, 460
334, 473
336, 3
336, 6
336, 9
336, 33
336, 37
336, 44
336, 48
336, 54
336, 73
336, 82
336, 84
336, 86
336, 87
336, 109
336, 110
336, 111
336, 116
336, 152
336, 166
336, 171
336, 173
336, 182
336, 203
338, 12
338, 278
338, 290
338, 410
339, 73
339, 286
339, 290
339, 410
339, 465
339, 521
339, 523
342, 278
342, 290
343, 10
343, 14
343, 59
343, 74
343, 99
343, 145
343, 198
343, 208
343, 212
343, 355
343, 387
343, 400
343, 405
343, 531
352, 33
352, 152
352, 345
352, 462
352, 480
359, 88
359, 105
359, 133
359, 332
359, 401
359, 406
359, 411
362, 182
362, 301
362, 337
362, 383
362, 399
362, 428
362, 482
362, 503
365, 278
365, 290
366, 3
366, 48
366, 171
366, 282
366, 358
369, 278
371, 28
371, 34
371, 49
371, 52
371, 53
371, 83
371, 96
371, 112
371, 126
371, 131
371, 142
371, 156
371, 164
371, 168
371, 184
371, 190
371, 192
371, 199
371, 207
371, 214
371, 215
371, 224
371, 227
372, 182
372, 383
372, 503
373, 6
373, 199
373, 248
373, 278
380, 88
380, 105
380, 133
380, 332
380, 401
380, 411
382, 205
382, 327
385, 13
385, 16
385, 19
385, 20
385, 315
385, 317
385, 320
385, 351
385, 391
385, 396
385, 437
385, 463
388, 323
390, 205
390, 327
402, 1
402, 2
402, 4
402, 7
402, 8
402, 11
402, 15
402, 18
402, 23
402, 28
402, 30
402, 32
402, 34
402, 35
402, 36
402, 39
402, 40
402, 43
402, 45
402, 47
402, 50
402, 52
402, 53
403, 10
403, 14
403, 59
403, 74
403, 99
403, 145
403, 198
403, 208
403, 212
403, 355
403, 387
403, 400
403, 405
403, 531
404, 10
404, 14
404, 16
404, 59
404, 74
404, 82
404, 99
404, 145
404, 166
404, 198
404, 208
404, 212
404, 320
404, 351
404, 355
404, 387
404, 400
404, 405
404, 437
404, 531
408, 15
408, 35
408, 63
408, 114
408, 120
408, 125
408, 137
408, 151
408, 161
408, 192
408, 204
408, 206
408, 229
408, 279
408, 303
408, 322
408, 333
408, 349
408, 376
408, 419
408, 451
408, 459
408, 504
413, 216
414, 278
415, 1
415, 2
415, 3
415, 4
415, 6
415, 7
415, 8
415, 9
415, 18
415, 23
415, 30
415, 32
415, 33
415, 35
415, 36
415, 37
415, 39
415, 40
415, 43
415, 44
415, 47
415, 48
415, 50
417, 278
422, 104
422, 200
422, 260
422, 389
426, 1
426, 4
426, 7
426, 18
426, 23
426, 30
426, 32
426, 36
426, 39
426, 43
426, 45
426, 47
426, 53
426, 60
426, 63
426, 64
426, 65
426, 71
426, 76
426, 78
426, 79
426, 80
426, 83
429, 84
434, 30
434, 36
434, 79
434, 178
434, 235
434, 240
434, 356
434, 363
434, 398
434, 423
436, 10
436, 14
436, 16
436, 33
436, 59
436, 74
436, 82
436, 99
436, 145
436, 152
436, 166
436, 198
436, 208
436, 212
436, 254
436, 320
436, 345
436, 355
436, 364
436, 387
436, 400
436, 405
436, 437
444, 199
444, 248
446, 3
446, 44
446, 48
446, 171
446, 282
446, 323
449, 22
449, 94
449, 260
449, 275
450, 3
450, 44
450, 48
450, 86
450, 110
450, 171
450, 282
450, 308
450, 323
450, 358
455, 84
464, 4
464, 39
464, 43
464, 45
464, 53
464, 60
464, 63
464, 64
464, 65
464, 71
464, 76
464, 78
464, 79
464, 80
464, 83
464, 96
464, 98
464, 103
464, 105
464, 106
464, 112
464, 114
464, 120
469, 301
469, 337
469, 399
469, 428
470, 45
470, 53
470, 60
470, 63
470, 64
470, 65
470, 71
470, 76
470, 78
470, 79
470, 80
470, 83
470, 88
470, 96
470, 98
470, 103
470, 105
470, 106
470, 112
470, 114
470, 120
470, 121
470, 122
474, 160
474, 226
474, 272
474, 379
474, 427
474, 430
474, 435
474, 534
477, 45
477, 47
477, 53
477, 60
477, 63
477, 64
477, 65
477, 71
477, 76
477, 78
477, 79
477, 80
477, 83
477, 88
477, 96
477, 98
477, 103
477, 105
477, 106
477, 112
477, 114
477, 120
477, 121
481, 47
481, 53
481, 60
481, 63
481, 64
481, 65
481, 71
481, 76
481, 78
481, 79
481, 80
481, 83
481, 88
481, 96
481, 98
481, 103
481, 105
481, 106
481, 112
481, 114
481, 120
481, 121
481, 122
486, 216
487, 53
487, 96
487, 131
487, 142
487, 184
487, 190
487, 215
487, 257
487, 348
487, 433
487, 457
492, 54
492, 416
493, 3
493, 44
493, 48
493, 54
493, 86
493, 110
493, 171
493, 282
493, 308
493, 323
493, 347
493, 358
493, 416
495, 73
495, 465
495, 523
496, 53
496, 60
496, 63
496, 64
496, 65
496, 71
496, 76
496, 78
496, 79
496, 80
496, 83
496, 96
496, 98
496, 103
496, 105
496, 106
496, 112
496, 114
496, 120
496, 121
496, 122
496, 124
496, 125
501, 13
501, 16
501, 19
501, 20
501, 315
501, 317
501, 320
501, 351
501, 391
501, 396
501, 437
501, 463
502, 105
502, 401
502, 411
506, 79
506, 88
506, 105
506, 133
506, 146
506, 162
506, 235
506, 332
506, 401
506, 406
506, 411
506, 423
507, 33
507, 82
507, 152
507, 166
507, 254
507, 345
507, 364
507, 532
510, 47
510, 53
510, 60
510, 63
510, 64
510, 65
510, 71
510, 76
510, 78
510, 79
510, 80
510, 83
510, 88
510, 96
510, 98
510, 103
510, 105
510, 106
510, 112
510, 114
510, 120
510, 121
510, 122
514, 10
514, 14
514, 59
514, 74
514, 99
514, 145
514, 198
514, 208
514, 212
514, 355
514, 387
514, 400
514, 405
514, 531
518, 10
518, 14
518, 59
518, 74
518, 99
518, 145
518, 198
518, 208
518, 212
518, 355
518, 387
518, 400
518, 405
518, 531
519, 47
519, 53
519, 60
519, 63
519, 64
519, 65
519, 71
519, 76
519, 78
519, 79
519, 80
519, 83
519, 88
519, 96
519, 98
519, 103
519, 105
519, 106
519, 112
519, 114
519, 120
519, 121
519, 122
520, 37
520, 44
520, 86
520, 109
520, 110
520, 116
520, 308
520, 310
520, 323
520, 347
520, 453
520, 460
520, 473
520, 475
520, 533
524, 10
524, 14
524, 59
524, 74
524, 99
524, 145
524, 198
524, 208
524, 212
524, 355
524, 387
524, 400
524, 405
524, 531
526, 48
526, 54
526, 416
530, 53
530, 83
530, 96
530, 112
530, 114
530, 120
530, 125
530, 126
530, 131
530, 142
530, 151
530, 156
530, 161
530, 164
530, 168
530, 184
530, 190
530, 192
530, 199
530, 206
530, 207
530, 214
530, 215
end