80
4
0, 0.9674080378164809, 0.36674030366390753
1, 0.12721052155477464, 0.36661216377707173
2, 0.9755121656276804, 0.4201321893214409
3, 0.412785879860033, 0.9267319276452796
4, 0.6926810057183889, 0.5739779879925063
5, 0.21493244370163267, 0.9956896988989036
6, 0.9509942863617611, 0.38479718524399575
7, 0.040766554908647556, 0.442452139776879
8, 0.3738787057298866, 0.38124102995698705
9, 0.998345612888893, 0.36435064193015587
10, 0.6768647419780698, 0.27266052867379054
11, 0.8871829531284047, 0.7985340035550419
12, 0.7219048577383522, 0.5681465046674492
13, 0.8907876944898174, 0.15508846827291123
14, 0.4519911401588985, 0.5528160812911034
15, 0.25648295791554665, 0.5370889833601697
16, 0.9013705348504555, 0.04122715631929952
17, 0.9654623787580764, 0.7869072826524113
18, 0.9295073708182032, 0.3554744823992747
19, 0.32403448573674276, 0.9592969596505653
20, 0.5757692884018156, 0.46527881990418674
21, 0.6423569161612268, 0.3845204605022765
22, 0.9577027627853556, 0.9694559643420454
23, 0.6198613922146032, 0.9772726088685021
24, 0.045135356486048384, 0.8242471253884216
25, 0.9627963089239001, 0.14344237336174037
26, 0.954082994069239, 0.9389569023641225
27, 0.3264979539106512, 0.9485129217591279
28, 0.14425030232086677, 0.2161910704290727
29, 0.6402961414391414, 0.8659046417299506
30, 0.23308683166896915, 0.8785336966326635
31, 0.5990495015170338, 0.6882756891617916
32, 0.7007742407802217, 0.8142420863307872
33, 0.6978275264449307, 0.07662737061785097
34, 0.672876926976238, 0.021680701188812157
35, 0.9494652838363679, 0.9006791557403269
36, 0.481658382580784, 0.9425473183776734
37, 0.5747846448071858, 0.9388630358218154
38, 0.595380991864812, 0.2659332120907657
39, 0.1783864196269188, 0.6207839118843087
40, 0.7743286139783476, 0.48295182020078586
41, 0.04681152370336872, 0.5148346273810441
42, 0.87544705338062, 0.21042881642504396
43, 0.45201768292788724, 0.6173833274482028
44, 0.7732965126592958, 0.6504557920759219
45, 0.4557675826404354, 0.4137398731144103
46, 0.1331564463140088, 0.6972999904098007
47, 0.37187674939837967, 0.1531329621311226
48, 0.6945999872897888, 0.5962992652262061
49, 0.690161888141172, 0.09496461712202653
50, 0.0727432966126742, 0.3673262392087089
51, 0.08218337248939878, 0.4252696619506492
52, 0.16335511191590346, 0.7567077683851451
53, 0.15345414646486, 0.8254910180766929
54, 0.0032232198321319183, 0.44242941516659895
55, 0.3411034115954087, 0.7856991837455741
56, 0.23118235987138824, 0.5048507470813941
57, 0.16839628918608285, 0.7626858149534806
58, 0.6370366370199934, 0.0516518117598318
59, 0.45960523670854636, 0.02954615411706918
60, 0.9990230519726236, 0.06341508037101984
61, 0.11087582015882214, 0.99221572467596
62, 0.16101068478215208, 0.30231372013055513
63, 0.17265432418516247, 0.3176802777949176
64, 0.9253961383718362, 0.9081241410754761
65, 0.4880864237164231, 0.08745044259861912
66, 0.45037713921455114, 0.311579140863243
67, 0.8316018984069086, 0.9125908574424727
68, 0.594417912777598, 0.7518028639579751
69, 0.36634634304525293, 0.6321974738715213
70, 0.023971210184261293, 0.4641603966419814
71, 0.11416829474629919, 0.3020389083574333
72, 0.3958428545080509, 0.06416499384030938
73, 0.9441520347644521, 0.7267720079875097
74, 0.61945055911391, 0.040002715504219744
75, 0.06990829218027483, 0.7241397990489333
76, 0.20420152947116477, 0.6436639965181039
77, 0.392111762042228, 0.9474601581766235
78, 0.5746239422514774, 0.8464403076040946
79, 0.3956755739187704, 0.4972145066604089
end_nodes
0, 1
0, 2
0, 3
0, 4
0, 5
0, 6
0, 7
0, 8
1, 7
1, 8
1, 9
1, 10
1, 13
1, 16
1, 18
2, 3
2, 6
2, 9
2, 11
2, 17
2, 22
2, 23
3, 5
3, 6
3, 19
3, 23
3, 27
3, 29
4, 5
4, 7
4, 12
4, 14
4, 15
4, 20
4, 24
5, 12
5, 19
5, 22
5, 23
5, 24
6, 68
7, 8
7, 14
7, 15
7, 20
7, 21
8, 21
8, 51
9, 10
9, 13
9, 16
9, 17
9, 18
9, 22
10, 13
10, 18
10, 38
10, 42
10, 66
11, 22
11, 23
11, 26
11, 35
11, 64
11, 67
11, 73
13, 16
13, 38
13, 42
14, 15
14, 56
15, 24
15, 39
15, 41
15, 43
15, 46
16, 25
16, 28
16, 33
16, 34
16, 47
17, 22
18, 66
19, 23
19, 77
20, 40
20, 45
20, 79
22, 23
22, 26
22, 64
23, 29
23, 32
24, 30
24, 39
24, 41
24, 43
24, 46
25, 60
26, 35
26, 73
27, 31
27, 48
28, 34
28, 47
28, 49
28, 50
28, 54
28, 58
28, 59
29, 32
29, 36
29, 37
29, 44
29, 78
30, 53
30, 55
31, 48
32, 44
33, 34
33, 47
33, 58
34, 58
34, 59
34, 65
34, 74
35, 73
36, 37
39, 41
39, 46
39, 75
40, 45
41, 54
41, 70
41, 75
43, 52
43, 57
43, 69
43, 76
44, 78
47, 58
49, 50
49, 62
49, 63
49, 71
50, 54
50, 62
50, 63
50, 70
50, 71
52, 69
52, 76
53, 55
54, 70
59, 65
59, 72
59, 74
62, 63
62, 71
64, 67
65, 74
69, 76
end