460
4
0, 0.010338805001421036, 0.33894338775712785
1, 0.9506926628743231, 0.9743218849994639
2, 0.15550047194651095, 0.29376710714806575
3, 0.881897513386701, 0.34383789989656344
4, 0.6481273450625475, 0.9159794802351731
5, 0.7104629053721548, 0.22634679534296698
6, 0.6070138695626727, 0.3804035430524846
7, 0.29296689369246565, 0.06385399856647711
8, 0.3728736229742423, 0.6121522952952491
9, 0.21578625974584953, 0.7756886438616231
10, 0.26159456931597247, 0.007380369383372387
11, 0.6538532827213004, 0.5515461458598306
12, 0.40297205870206354, 0.5335142573967094
13, 0.7073723321759887, 0.9850814872590625
14, 0.34707670573359983, 0.6218335933858203
15, 0.8202733128344831, 0.4617592883016802
16, 0.2137342273929832, 0.38187491406047747
17, 0.4175793265549509, 0.5315678883633002
18, 0.22690894754555757, 0.5106350407079973
19, 0.04885716148500918, 0.3570649170903677
20, 0.7860403558520387, 0.13555982099176256
21, 0.5212902391193629, 0.1388776608540877
22, 0.34396214524684954, 0.28154771868581063
23, 0.515855590448382, 0.08366071791992302
24, 0.935808973650756, 0.4354774243888574
25, 0.28446707868435883, 0.36067436974792455
26, 0.18980751990071965, 0.30892205119152516
27, 0.6933300004458322, 0.09773024760347993
28, 0.8449262976599208, 0.12473933572502438
29, 0.33528048505610797, 0.20460229452374512
30, 0.25127737040581233, 0.8278593764548263
31, 0.15923076000258007, 0.27698337467776935
32, 0.7779584815904783, 0.8049550932110482
33, 0.3836131800245639, 0.741491957733223
34, 0.04197380132208939, 0.30910822613778344
35, 0.05024559261022954, 0.7087110022900969
36, 0.3591414197874797, 0.4497573016464771
37, 0.3709074807888799, 0.7735789991343439
38, 0.44883221204093227, 0.44864600461998705
39, 0.49326011052144947, 0.4457915630857051
40, 0.6257000654029606, 0.024878609756427084
41, 0.5347983942573538, 0.18747840051018683
42, 0.48782596761766917, 0.9479943906018984
43, 0.4113331810251112, 0.8111483282543817
44, 0.8020084789780628, 0.7136821034415318
45, 0.8030472301678523, 0.8482259651346239
46, 0.7475861670238703, 0.09684264472448656
47, 0.1367615453647193, 0.062230666540960766
48, 0.530998418659188, 0.44825653084164807
49, 0.5584553455123943, 0.20998135122482797
50, 0.6532431776035768, 0.014046999169095353
51, 0.16194394482972674, 0.41081069045334506
52, 0.21533834759069737, 0.013648226991590962
53, 0.7319974281031927, 0.2830930387709507
54, 0.15755534068691945, 0.154743806959731
55, 0.24542909541709867, 0.14954555240344158
56, 0.4812328870384025, 0.9894327195858555
57, 0.7669522822059746, 0.44361718422292884
58, 0.4292858812183419, 0.46402389144989564
59, 0.8691130114934966, 0.8320230692981254
60, 0.9965518942163819, 0.554379355088486
61, 0.15047105599994703, 0.4266587751785076
62, 0.753735100797148, 0.3598284652792654
63, 0.09817938619952604, 0.6056086715639857
64, 0.7607940308475278, 0.0041982366291517526
65, 0.7263965873726582, 0.7258073568271907
66, 0.14308575766387366, 0.7276387781007423
67, 0.5763957696533558, 0.8381808854799918
68, 0.06221068679548358, 0.19147971702927957
69, 0.12798867004323622, 0.3920678035194767
70, 0.7619501776764965, 0.2986450051635905
71, 0.880192038786267, 0.1135735639614801
72, 0.8615545116067251, 0.5867098160544725
73, 0.45945637116526705, 0.03549906755081944
74, 0.6383074611530227, 0.2163218499136581
75, 0.8922239194388611, 0.9607401724070502
76, 0.17476704730568648, 0.2517744304625462
77, 0.77578852812878, 0.5811092494942995
78, 0.702020884809847, 0.3936843966846879
79, 0.3884251888377258, 0.7794073057311293
80, 0.4405563666412071, 0.3379520345974095
81, 0.4016490807585179, 0.7781185578204781
82, 0.6975690498902432, 0.20777982746699442
83, 0.47044724186433207, 0.16104558286954374
84, 0.8206983258553032, 0.40671790279952635
85, 0.10233618970239877, 0.9689085475795336
86, 0.3818717103275958, 0.9643402641232676
87, 0.14000876891487146, 0.7677682051572253
88, 0.2653545051860161, 0.7827184567971684
89, 0.2422639255275706, 0.3312947484881249
90, 0.6302443918384417, 0.6855658640639224
91, 0.32843594490322425, 0.9240910218795026
92, 0.7033118545470634, 0.44815067706719003
93, 0.07427648985722468, 0.6238151079892634
94, 0.4400875050219426, 0.3817748259433791
95, 0.8271114931054472, 0.2081871730135869
96, 0.9517773821429134, 0.3011444309573008
97, 0.8550859994598412, 0.13174077659654648
98, 0.4075449601029715, 0.2548542658632139
99, 0.1556133919150101, 0.37297552201590156
100, 0.7576850177642551, 0.8960522604912626
101, 0.8916760820437483, 0.014748821514377952
102, 0.3069311413569794, 0.8126592907298926
103, 0.8656412367152779, 0.819971098002896
104, 0.36561288402091185, 0.2312274527442938
105, 0.7765899748715712, 0.07929966588485082
106, 0.6688013775657399, 0.3775374851780624
107, 0.17419288915244102, 0.49376770005312565
108, 0.29216349251122475, 0.06565094016680695
109, 0.9346164364233499, 0.005569150081376262
110, 0.9817866469458133, 0.07155729843480119
111, 0.07296850889306261, 0.517064218606955
112, 0.7754603929067788, 0.6346751683210414
113, 0.9187123989628956, 0.4509828899019409
114, 0.7818346460664078, 0.366270423647585
115, 0.013129746338999992, 0.3622058204210957
116, 0.6930969336253742, 0.46201942951241337
117, 0.7376337959811611, 0.5742361989281526
118, 0.23699035045017414, 0.17565111101772102
119, 0.8064774588842354, 0.16703945464929126
120, 0.8487091253638906, 0.6139857003104783
121, 0.6035446872973609, 0.18592842930565767
122, 0.16251114472457462, 0.9141112161970081
123, 0.09217960993580565, 0.00793131736775421
124, 0.5309081349189251, 0.7574276437254976
125, 0.19231957881238204, 0.8518893109953921
126, 0.4803657744039338, 0.16209699516659004
127, 0.8725874980663519, 0.7860373568883884
128, 0.10781578061511643, 0.5927562881638833
129, 0.7767379575841866, 0.74395415164217
130, 0.25586184588114924, 0.4794024517676757
131, 0.6046383577956556, 0.4783096067964646
132, 0.0623191950465376, 0.6121922179098166
133, 0.36597297943804974, 0.10170637163380081
134, 0.3559295638402853, 0.6118401930659658
135, 0.5722406385332347, 0.8127967451037258
136, 0.4031201262088615, 0.9414839309383138
137, 0.07797240732905708, 0.7842735944269422
138, 0.06386507855493961, 0.7814678721385377
139, 0.02214911229737304, 0.5737597585612944
140, 0.7129906655582647, 0.4843235413619925
141, 0.12050422862399102, 0.02510940030095865
142, 0.41850037389506334, 0.12697631307867463
143, 0.5141564913541947, 0.9796366993495743
144, 0.5113969292353352, 0.6413075349601849
145, 0.8233509335476806, 0.4298811491107858
146, 0.5737311540359941, 0.799817026570055
147, 0.8393607137986764, 0.6809052953979012
148, 0.5706774577244829, 0.7842793333525827
149, 0.6479529530322897, 0.6749589394297841
150, 0.34542721608111415, 0.8112557950592548
151, 0.7552329593687153, 0.9149576120949179
152, 0.3662980282057906, 0.9738243836013698
153, 0.9869670698214253, 0.4465662374167346
154, 0.4931446958325123, 0.11869100002761557
155, 0.6404648845228975, 0.7934984490947767
156, 0.448107697056647, 0.030554004125867507
157, 0.28473045435873456, 0.8572309306829949
158, 0.37313154958774375, 0.2897387235615846
159, 0.44224244708592764, 0.9127013219715513
160, 0.6592304049477095, 0.39701535067373495
161, 0.1333912682942946, 0.45472586356404265
162, 0.43602374946887135, 0.905966918628857
163, 0.5360280331637872, 0.9219475523124897
164, 0.5831545680330887, 0.791817811709691
165, 0.4276745371870885, 0.14118423086677412
166, 0.04191823998519295, 0.9900450208963045
167, 0.9113908344918226, 0.0684044733889656
168, 0.5566310980848245, 0.29770347557725363
169, 0.9754691457734762, 0.6394616816439456
170, 0.1477346700814819, 0.7019153256020667
171, 0.5789118825708599, 0.8275180838234945
172, 0.9883047682171312, 0.1768085152527874
173, 0.965157316959809, 0.23848936359059236
174, 0.545626548142593, 0.21394150233578457
175, 0.4910722908768308, 0.6579252188151272
176, 0.44020251839495295, 0.31389205428047784
177, 0.15608286223725176, 0.11516033325442354
178, 0.28576032575415633, 0.24463678272574285
179, 0.706466005835117, 0.9304889958144332
180, 0.7157923981411403, 0.639904584110737
181, 0.9418979635220744, 0.16515349482701092
182, 0.5966616664142618, 0.5532110153737021
183, 0.7342500188931533, 0.4055791327045126
184, 0.024228214649332114, 0.4065799920823968
185, 0.6246277470015686, 0.47770461317614543
186, 0.6841357303122934, 0.8291850421390171
187, 0.2891559294735948, 0.316051955873232
188, 0.410431007277292, 0.25228789878229807
189, 0.04372664559038453, 0.4256439129035555
190, 0.42504189636572354, 0.15406422186245672
191, 0.48620106464549695, 0.5607413621581244
192, 0.20501357272421572, 0.1264281150723312
193, 0.8322461953683142, 0.3198323044402519
194, 0.15159493644580946, 0.7145722821473357
195, 0.2905649455974014, 0.25857272289010824
196, 0.5898776655458006, 0.9989949123865852
197, 0.42835522963671, 0.3408293532298211
198, 0.29801098531193726, 0.5881864745063028
199, 0.9406638724939949, 0.8895013321791823
200, 0.3397477349033011, 0.7939093924553691
201, 0.6457558113882025, 0.15441208095157077
202, 0.6148278134751667, 0.05679788466886371
203, 0.4742729188512813, 0.9152902183636388
204, 0.206285809190752, 0.18762848239926178
205, 0.12509904590029275, 0.8462190563330242
206, 0.8083942791833808, 0.6113020719314644
207, 0.11376379151472604, 0.524152850502577
208, 0.40780332616520987, 0.1653824499200406
209, 0.8713498113587137, 0.4814932291008407
210, 0.14732893192205898, 0.44843711315526713
211, 0.8171382197420204, 0.5649417580672664
212, 0.018944847051612923, 0.03678098097353033
213, 0.6169678811693755, 0.5124811397195087
214, 0.16181704053118673, 0.848168306115435
215, 0.13658076411180364, 0.8024641718150854
216, 0.8730706196915439, 0.3781035565011771
217, 0.6187349201146016, 0.7271444023941405
218, 0.37197390429152766, 0.7777705573583585
219, 0.7533668642385658, 0.04699391704683653
220, 0.7954198083945593, 0.6399994334128742
221, 0.061681271620048994, 0.016193940407447927
222, 0.5697485922779684, 0.8129507000091407
223, 0.9926679419206849, 0.2359765024598378
224, 0.4274302313072622, 0.19746210490452654
225, 0.3152542148945454, 0.6430598753038594
226, 0.35836209123577023, 0.07146173226003916
227, 0.03776802402496626, 0.42886503783066765
228, 0.2230222425666537, 0.2910697230567769
229, 0.4346050616795746, 0.4125821021183872
230, 0.8213860350440746, 0.5342003087273934
231, 0.4767448206603836, 0.7036869049372108
232, 0.7424135130939944, 0.7817028491621147
233, 0.11771745643772014, 0.45040811521787116
234, 0.9270380932633709, 0.3780282720401902
235, 0.40274548687562417, 0.8843438056202808
236, 0.030290508747388367, 0.3700954255901905
237, 0.5896243731070095, 0.5107999908668437
238, 0.22757393696112338, 0.8221270153717715
239, 0.65289684069865, 0.7379657662782103
240, 0.3725405528738771, 0.6011915625399238
241, 0.5975151601881963, 0.7967847276087732
242, 0.32705626495337636, 0.8601452473696133
243, 0.7414782077061652, 0.42618859220208527
244, 0.0018056987382905065, 0.13854412185615728
245, 0.28047761963443785, 0.05285612704681908
246, 0.27010542018195194, 0.6147133849078459
247, 0.1475013764538582, 0.3188485941166358
248, 0.19668899333287804, 0.053950832380577185
249, 0.9241089714358763, 0.3481723651759365
250, 0.735846881897528, 0.6560684935861929
251, 0.8426043678031335, 0.3857670816680292
252, 0.6076909152644893, 0.9432214852791672
253, 0.682945978654598, 0.31228987020727794
254, 0.7640599044639346, 0.47250932223933195
255, 0.5625477686808587, 0.5483005170682348
256, 0.028861383717431632, 0.5219038500042993
257, 0.6671990658952855, 0.4366507682253191
258, 0.04737521754836349, 0.5320522811406758
259, 0.9533803369284437, 0.6944885671050819
260, 0.9935738874235484, 0.12922032173101616
261, 0.3781087034353636, 0.6273528784077603
262, 0.8311882354246831, 0.5330896699877145
263, 0.28974072868987144, 0.9873363669791207
264, 0.5333578018824345, 0.391651373262636
265, 0.6489277031136902, 0.520744669468387
266, 0.2997100408087948, 0.5979223180192706
267, 0.22429645147014077, 0.9536454163114543
268, 0.9841653348904484, 0.8787279435072299
269, 0.21839668734914297, 0.42946629374848
270, 0.044361034080187545, 0.48779302518484313
271, 0.8598707244621675, 0.8352226344075319
272, 0.3980737120643987, 0.7097911477957941
273, 0.10078517068993564, 0.44393207481318864
274, 0.8084233733606248, 0.6825079887440084
275, 0.6891642736825216, 0.2600362994322504
276, 0.15120819594101276, 0.34027803836445414
277, 0.502769478391144, 0.24949468540313413
278, 0.7020029709632973, 0.6267766280430432
279, 0.3331904189057959, 0.3975062619108266
280, 0.6051998063688652, 0.07125802121418323
281, 0.7006189374387426, 0.0016978443156723255
282, 0.9155386318853769, 0.8138396175544229
283, 0.797963163467944, 0.9881037052364001
284, 0.062004711370122756, 0.2627231074955374
285, 0.4406724385519969, 0.6215089979106134
286, 0.2796114350620469, 0.8202680564342313
287, 0.11405100930929102, 0.5782783388541142
288, 0.8035306334015269, 0.2713933079045544
289, 0.629794984738326, 0.7131647130743317
290, 0.5159393086979469, 0.5505730278877596
291, 0.8918183015113319, 0.7361008293090469
292, 0.1404439586685151, 0.06611457168804169
293, 0.962242022338839, 0.8759198547874262
294, 0.8598762438651534, 0.3986862107690461
295, 0.5224014848678783, 0.3580287896950045
296, 0.4640168330936604, 0.479049406561751
297, 0.07744890654947578, 0.7836687824000237
298, 0.06341601736531688, 0.26644461242667317
299, 0.4672820893134858, 0.5546764172850213
300, 0.4900643937484356, 0.3043818947737754
301, 0.5115063335706215, 0.08760056522771154
302, 0.41788885815486587, 0.40349738356943265
303, 0.9853693941761544, 0.515209607319694
304, 0.2511516386329231, 0.29333725152783596
305, 0.19209519869371328, 0.48118262788421906
306, 0.22607416932954372, 0.8989664138755659
307, 0.5982464353040511, 0.7394207748406108
308, 0.04153274413317265, 0.6871665766181383
309, 0.7875127976336773, 0.7852693810359657
310, 0.3582633961894821, 0.3286509690746289
311, 0.21314513030825388, 0.35211751614699915
312, 0.049540596783272606, 0.22030414624513484
313, 0.6123024410869582, 0.3723305084345345
314, 0.05201770870667388, 0.3288447468375775
315, 0.6628853303505275, 0.30457810282747144
316, 0.35829396019572957, 0.0393072187970086
317, 0.35452209008572255, 0.6304063524090233
318, 0.47808424373122493, 0.652903453675164
319, 0.8623455401714109, 0.30565857169541166
320, 0.42224108659462245, 0.46435494550580636
321, 0.7967307077388552, 0.7160731802525585
322, 0.7352182039559626, 0.7935662926704887
323, 0.6492169140127394, 0.30847942970220354
324, 0.7682451040111292, 0.6811926179829528
325, 0.41316527925712887, 0.7529204173833214
326, 0.4708433687528035, 0.8780496839027834
327, 0.8709505635421865, 0.6441832340170512
328, 0.185379168223466, 0.7574280988925458
329, 0.6569780037283284, 0.18537933235803772
330, 0.5685940626477172, 0.6153645684590258
331, 0.6789096613505842, 0.21731739754076018
332, 0.31610288032495515, 0.4264121398912186
333, 0.7899767762670332, 0.36490208304583904
334, 0.9160412089796601, 0.32119517539862386
335, 0.06608939884840004, 0.5619219821329355
336, 0.0556627656588079, 0.3720587538290434
337, 0.9467066016390173, 0.9350164302188776
338, 0.03648418748588245, 0.155282020659118
339, 0.9693131417921713, 0.4106118487299557
340, 0.570478253497362, 0.9686045165377473
341, 0.6203860807990116, 0.6068289655851569
342, 0.888562366403217, 0.8085892580976339
343, 0.3695892355257039, 0.6701866773013285
344, 0.73302357638942, 0.7779704681738092
345, 0.6006137086589315, 0.4397026480309113
346, 0.8503697306097258, 0.20148902540926472
347, 0.7693308175370568, 0.46493174888402045
348, 0.12576924446549542, 0.7072883404094428
349, 0.6747185079377829, 0.8239902017771148
350, 0.026650145119823665, 0.8413399717703611
351, 0.25035328018194236, 0.8408814767771065
352, 0.5154031884975182, 0.9280743254976108
353, 0.48952513898078853, 0.8193242757728121
354, 0.6086465747955531, 0.17647100044981034
355, 0.15284297845786954, 0.33242685849722786
356, 0.09593016727386727, 0.3054709817343251
357, 0.605450922682339, 0.7382521371209508
358, 0.17112760419088646, 0.29593724732652504
359, 0.10794321597471612, 0.004594465216272603
360, 0.7141784005250937, 0.17380664146183
361, 0.934736341413411, 0.9649452879391056
362, 0.8726988397299152, 0.1242044107653748
363, 0.04669004519419262, 0.6858657868273828
364, 0.18135713381711938, 0.2061239073472354
365, 0.853423611712266, 0.04791184932591375
366, 0.7169488618962756, 0.7108818114808371
367, 0.2222565548324752, 0.4256864729082247
368, 0.7496298240456899, 0.6881645014273512
369, 0.3459426270143404, 0.2654017496297594
370, 0.6771046215093103, 0.02715535369755595
371, 0.13566682842448552, 0.17711731771640826
372, 0.16297601110284154, 0.6210440263152401
373, 0.5371615209182817, 0.03207541396576419
374, 0.4225148221013202, 0.583738041273036
375, 0.47958793263437993, 0.20277759354091496
376, 0.3646084681346091, 0.25636893442462527
377, 0.19748033314116475, 0.69941628514395
378, 0.5867585128326042, 0.829709178304066
379, 0.9846879717532413, 0.43680617785992715
380, 0.2883061101593788, 0.49795290132478776
381, 0.5271411381937596, 0.18642289075136587
382, 0.3777437396952228, 0.4849824064816325
383, 0.40451467957475595, 0.039048940693343526
384, 0.25814787403529693, 0.39226868728454967
385, 0.2812656404893431, 0.5756238251667005
386, 0.11010886258417696, 0.8838630338398601
387, 0.5931225427176505, 0.982440472434717
388, 0.20324701180512617, 0.15720283258070644
389, 0.18572686776671177, 0.6285795073308242
390, 0.7164909625846221, 0.6490735155363239
391, 0.2899015052440108, 0.6339720278754155
392, 0.6124190684330282, 0.24708460622182526
393, 0.41498755455969183, 0.16883983388310264
394, 0.2800091709391036, 0.30265745859377235
395, 0.7665007435395864, 0.6317016481057541
396, 0.23859204593428185, 0.3314415742271106
397, 0.6016666051428924, 0.9379031155314143
398, 0.43563233187688344, 0.5789814402084584
399, 0.6411894086936039, 0.9785788231022738
400, 0.655701727324333, 0.9597299925814877
401, 0.018266313888563035, 0.23162012168410817
402, 0.6869004853882023, 0.06286401464467128
403, 0.5090046981331726, 0.08324244504495704
404, 0.2222402237424057, 0.42068402925591886
405, 0.10139346411812789, 0.936034339722478
406, 0.15310031715062378, 0.5765815613270671
407, 0.8189229471150501, 0.26621025343635196
408, 0.9060226942140824, 0.3678284100832341
409, 0.24354902650896348, 0.19282723835183613
410, 0.6366126906979305, 0.05220406886194495
411, 0.6430829076887108, 0.5218219430789683
412, 0.8311871205063842, 0.15547499511253393
413, 0.049794772216614325, 0.7691296291312715
414, 0.13555361669574229, 0.7607327323068582
415, 0.6901152332796132, 0.1869734084439788
416, 0.6017581671793397, 0.3566725519129075
417, 0.0900119946391742, 0.8968070150840775
418, 0.7339261938660695, 0.819185653153815
419, 0.18812029659274276, 0.016695739184754643
420, 0.9206629529146965, 0.05646700642024827
421, 0.28622708096366145, 0.49799564708693556
422, 0.6400082381628711, 0.9550838929699659
423, 0.9617076626721559, 0.6255896100674331
424, 0.37916499937237613, 0.8276929786755559
425, 0.017714598415315863, 0.9470266939365354
426, 0.7167565976467429, 0.929173858200757
427, 0.16890996713201745, 0.08104210011387514
428, 0.45788744156687344, 0.37120479095681824
429, 0.8204100810549655, 0.3096494180302851
430, 0.7237732481971317, 0.9103022969352671
431, 0.6913223587680896, 0.744736346894123
432, 0.136341145207036, 0.18528579798669964
433, 0.5014207555898922, 0.14045994957942487
434, 0.8351076898562766, 0.41529338115911063
435, 0.9801164117199331, 0.5714101833789271
436, 0.36681962228126896, 0.03457753820737386
437, 0.12749494125524852, 0.5341974692371996
438, 0.9409440779684501, 0.21472983718060823
439, 0.40973594989393425, 0.48548915067464526
440, 0.1276103833911244, 0.4223207002722863
441, 0.4908393545162817, 0.7554953025355108
442, 0.2276672359725469, 0.18657132491302186
443, 0.08531997289359972, 0.7756257412110706
444, 0.23791513510416484, 0.7295123532118319
445, 0.8690363307683603, 0.6491684459531977
446, 0.20847196603132157, 0.007343644117046355
447, 0.2742455967425824, 0.19696680782465226
448, 0.0020529062046020785, 0.16481528692402236
449, 0.8069055732389561, 0.2519667253519793
450, 0.7745716149415336, 0.11336989554696508
451, 0.496977466347415, 0.24091679866135018
452, 0.3003226574712652, 0.2989430142017736
453, 0.9189038466413224, 0.35375691326182057
454, 0.061366294387314, 0.2773442218959693
455, 0.40317193266822104, 0.5634605060830544
456, 0.21126489432723816, 0.6238561788373111
457, 0.5592946506656623, 0.022846584575965223
458, 0.5152198189931648, 0.7910586034825906
459, 0.06039026664978142, 0.7904263718442983
end_nodes
0, 1
0, 2
0, 3
0, 4
0, 5
0, 6
0, 7
0, 8
0, 9
0, 10
0, 11
0, 12
0, 13
0, 14
0, 15
0, 16
0, 17
0, 18
0, 19
0, 20
0, 21
1, 3
1, 4
1, 8
1, 11
1, 12
1, 13
1, 14
1, 15
1, 17
1, 24
1, 32
1, 44
1, 45
1, 59
1, 60
1, 61
1, 65
1, 67
1, 71
1, 72
2, 20
2, 21
2, 27
2, 41
2, 46
2, 83
2, 101
2, 104
2, 105
2, 109
2, 110
2, 126
2, 167
2, 178
2, 195
2, 201
2, 219
2, 224
2, 354
2, 356
3, 5
3, 6
3, 15
3, 20
3, 28
3, 53
3, 57
3, 62
3, 70
3, 71
3, 72
3, 78
3, 80
3, 82
3, 84
3, 89
3, 95
3, 97
3, 106
4, 13
4, 14
4, 67
4, 75
4, 151
4, 179
4, 198
4, 266
4, 317
4, 343
4, 385
4, 426
4, 430
4, 441
4, 458
5, 22
5, 26
5, 49
5, 53
5, 74
5, 82
5, 89
5, 98
5, 121
5, 158
5, 168
5, 174
5, 176
5, 187
5, 188
5, 193
5, 228
5, 247
5, 253
6, 25
6, 57
6, 62
6, 78
6, 94
6, 106
6, 160
6, 183
6, 243
6, 257
6, 264
6, 276
6, 295
6, 311
6, 313
6, 416
6, 428
7, 10
7, 21
7, 23
7, 29
7, 31
7, 34
7, 40
7, 50
7, 54
7, 55
7, 64
7, 73
7, 76
7, 101
7, 108
7, 109
7, 118
7, 133
7, 142
7, 154
8, 14
8, 18
8, 134
8, 240
8, 261
8, 305
8, 307
8, 336
8, 361
8, 440
9, 13
9, 30
9, 33
9, 35
9, 37
9, 42
9, 43
9, 56
9, 63
9, 66
9, 79
9, 81
9, 85
9, 86
9, 87
9, 88
9, 91
9, 93
9, 102
9, 107
10, 47
10, 50
10, 52
10, 54
10, 64
10, 68
10, 73
10, 123
10, 141
10, 156
10, 177
10, 212
10, 221
10, 244
10, 245
10, 248
10, 281
10, 284
10, 292
11, 15
11, 16
11, 17
11, 19
11, 36
11, 38
11, 39
11, 44
11, 48
11, 58
11, 59
11, 65
11, 69
11, 77
11, 90
11, 92
11, 99
11, 112
11, 116
12, 17
12, 51
12, 61
12, 130
12, 144
12, 175
12, 217
12, 239
12, 285
12, 289
12, 374
12, 380
12, 398
12, 418
12, 421
12, 455
13, 33
13, 42
13, 43
13, 56
13, 79
13, 81
13, 102
13, 107
13, 143
13, 150
13, 159
13, 161
13, 162
13, 163
13, 179
13, 196
13, 203
14, 18
14, 100
14, 124
14, 134
14, 135
14, 146
14, 148
14, 155
14, 164
14, 171
14, 186
14, 198
14, 210
14, 222
14, 231
14, 241
14, 261
15, 16
15, 44
15, 57
15, 72
15, 77
15, 84
15, 92
15, 103
15, 112
15, 120
15, 127
15, 140
15, 145
15, 147
15, 206
15, 211
15, 216
16, 38
16, 39
16, 48
16, 58
16, 92
16, 99
16, 116
16, 229
16, 279
16, 296
16, 302
16, 320
16, 332
16, 345
16, 384
17, 19
17, 32
17, 45
17, 51
17, 69
17, 90
17, 182
17, 191
17, 232
17, 255
17, 269
17, 289
17, 290
17, 299
17, 322
17, 330
17, 341
18, 134
18, 210
18, 305
19, 69
20, 28
20, 71
20, 82
20, 95
20, 110
20, 119
20, 121
20, 288
20, 314
20, 319
20, 329
20, 346
20, 354
20, 358
20, 360
20, 407
20, 412
20, 415
21, 23
21, 29
21, 31
21, 83
21, 142
21, 154
21, 165
21, 190
21, 202
21, 208
21, 219
21, 280
21, 301
21, 356
21, 393
21, 402
21, 403
21, 410
22, 26
22, 228
22, 304
22, 314
23, 202
23, 226
23, 301
23, 403
24, 60
24, 71
24, 96
24, 110
24, 113
24, 153
24, 169
24, 172
24, 173
24, 181
24, 223
24, 234
24, 249
24, 259
24, 260
24, 303
24, 334
24, 339
24, 379
24, 408
25, 94
25, 257
25, 428
26, 314
27, 105
27, 109
27, 224
27, 365
28, 71
28, 97
28, 346
28, 362
28, 412
29, 31
29, 108
29, 118
29, 133
29, 142
29, 165
29, 190
29, 208
29, 393
29, 409
29, 442
29, 447
30, 85
30, 91
30, 122
30, 125
30, 152
30, 238
30, 263
30, 267
30, 306
30, 351
31, 34
31, 55
31, 76
31, 204
31, 364
31, 388
31, 409
31, 442
31, 447
32, 45
32, 65
32, 90
32, 149
32, 232
32, 344
33, 37
33, 81
33, 107
33, 225
33, 246
33, 272
33, 325
33, 353
33, 391
33, 444
33, 456
34, 364
34, 388
35, 66
35, 85
35, 87
35, 93
35, 111
35, 115
35, 132
35, 137
35, 138
35, 139
35, 166
35, 184
35, 189
35, 194
35, 205
35, 214
35, 215
35, 227
35, 256
35, 258
36, 99
37, 81
38, 39
38, 58
38, 237
38, 384
39, 48
39, 237
39, 384
40, 64
40, 109
40, 370
41, 110
41, 201
41, 375
42, 56
42, 143
42, 159
42, 235
42, 242
42, 286
42, 340
42, 399
43, 79
43, 88
43, 150
43, 200
43, 400
44, 59
44, 103
44, 112
44, 147
44, 206
44, 211
44, 220
44, 230
44, 250
44, 274
44, 321
44, 324
44, 395
45, 322
45, 344
45, 431
46, 105
46, 167
46, 365
46, 420
47, 52
47, 141
47, 212
47, 244
47, 292
47, 419
48, 116
48, 131
48, 185
48, 213
48, 265
48, 411
49, 74
49, 121
49, 174
49, 188
49, 228
49, 314
49, 331
49, 369
49, 376
50, 64
50, 73
50, 156
50, 373
50, 457
52, 419
53, 70
53, 193
53, 253
54, 192
54, 245
54, 371
54, 432
54, 454
55, 118
55, 442
56, 86
56, 136
56, 143
56, 152
56, 166
56, 196
56, 242
56, 263
56, 387
57, 84
57, 183
57, 243
57, 257
59, 250
59, 271
59, 321
60, 153
60, 169
60, 223
60, 260
60, 268
60, 293
60, 303
60, 435
61, 130
61, 175
61, 285
61, 318
61, 357
61, 374
61, 380
61, 421
61, 455
62, 276
62, 313
62, 416
63, 93
63, 111
63, 128
63, 132
63, 170
63, 287
64, 109
64, 281
64, 373
65, 129
65, 149
65, 180
65, 278
65, 309
65, 366
65, 368
65, 390
66, 194
66, 328
67, 75
67, 100
67, 151
67, 171
67, 241
67, 378
67, 430
67, 441
68, 177
68, 244
68, 248
68, 284
68, 312
68, 338
68, 401
68, 427
68, 448
69, 269
69, 367
69, 382
69, 404
69, 439
70, 253
71, 110
71, 181
71, 234
71, 249
71, 334
71, 337
71, 362
71, 408
71, 453
72, 199
72, 209
72, 216
72, 282
72, 291
72, 327
72, 445
73, 156
73, 316
73, 383
73, 436
73, 457
74, 331
75, 151
75, 426
76, 204
77, 112
77, 117
78, 106
78, 114
78, 183
78, 333
79, 81
79, 88
79, 200
79, 218
80, 89
80, 197
80, 355
80, 396
81, 218
82, 121
82, 288
82, 329
82, 415
83, 219
84, 145
84, 251
84, 434
85, 122
85, 125
85, 137
85, 138
85, 166
85, 205
85, 214
85, 263
85, 267
85, 297
85, 306
85, 386
85, 405
85, 413
85, 417
85, 443
85, 459
86, 91
86, 136
86, 152
86, 157
87, 214
87, 215
87, 414
88, 200
89, 176
89, 187
89, 247
89, 253
89, 310
89, 315
89, 323
89, 355
89, 394
89, 396
89, 452
90, 149
90, 330
90, 341
91, 152
91, 157
92, 116
92, 140
92, 229
92, 254
92, 345
92, 347
93, 132
93, 170
93, 194
93, 348
94, 257
94, 264
95, 119
95, 346
96, 110
96, 181
96, 438
97, 362
98, 188
98, 228
98, 277
98, 369
99, 296
99, 320
99, 332
100, 186
100, 231
100, 241
100, 349
100, 378
101, 109
101, 126
101, 178
101, 219
101, 410
102, 150
102, 326
102, 397
102, 422
102, 424
103, 127
103, 147
103, 262
103, 342
104, 167
104, 201
104, 381
104, 450
105, 224
105, 365
106, 114
106, 333
107, 161
107, 207
107, 225
107, 233
107, 236
107, 246
107, 272
107, 273
107, 372
107, 377
107, 389
107, 391
107, 406
107, 437
107, 444
107, 456
108, 118
109, 110
109, 178
109, 281
109, 365
109, 370
109, 420
110, 167
110, 173
110, 181
110, 195
110, 201
110, 260
110, 354
110, 420
110, 450
111, 132
111, 189
111, 258
111, 287
111, 335
112, 117
112, 206
112, 220
112, 395
113, 408
114, 333
115, 139
115, 184
115, 189
115, 227
115, 256
115, 350
115, 425
116, 185
116, 265
116, 345
118, 442
119, 346
120, 127
120, 342
121, 314
121, 329
121, 331
122, 306
123, 221
123, 281
123, 359
123, 446
124, 146
124, 148
125, 238
126, 219
127, 262
127, 342
128, 287
129, 309
129, 368
130, 380
131, 185
131, 265
133, 142
135, 146
135, 164
135, 171
135, 222
135, 241
137, 297
137, 443
138, 413
138, 459
139, 166
139, 256
139, 308
139, 350
139, 363
140, 254
141, 212
141, 419
142, 165
143, 340
143, 387
143, 399
144, 175
144, 217
144, 398
145, 434
146, 148
146, 164
147, 230
147, 274
148, 164
149, 366
150, 400
150, 424
151, 430
152, 263
153, 223
153, 303
153, 379
154, 226
154, 403
155, 186
156, 457
158, 187
158, 392
158, 452
159, 162
159, 235
160, 183
160, 243
161, 236
162, 163
162, 203
162, 235
162, 352
163, 203
163, 235
163, 252
164, 241
165, 190
165, 433
166, 196
166, 263
166, 308
166, 350
166, 413
166, 425
167, 420
167, 450
168, 176
168, 275
168, 300
168, 315
169, 259
169, 423
169, 435
171, 222
171, 241
171, 441
172, 223
172, 260
173, 260
174, 188
174, 451
175, 217
175, 285
175, 398
175, 418
176, 300
176, 315
177, 284
180, 278
180, 368
180, 390
181, 249
181, 438
182, 255
182, 290
182, 341
183, 243
184, 227
185, 265
186, 231
186, 349
187, 392
187, 452
188, 369
188, 451
189, 227
189, 258
189, 270
189, 287
190, 208
190, 433
191, 299
191, 330
191, 341
192, 432
192, 454
193, 429
194, 348
195, 354
196, 283
197, 355
198, 317
198, 385
198, 458
199, 209
199, 282
201, 375
201, 381
201, 450
202, 280
202, 410
203, 352
204, 388
205, 214
205, 386
205, 443
206, 220
207, 236
207, 273
207, 372
207, 377
207, 406
207, 437
208, 393
211, 230
212, 221
212, 244
213, 411
214, 215
216, 294
217, 418
219, 402
219, 410
223, 260
223, 339
223, 379
225, 272
226, 403
227, 270
228, 277
228, 304
228, 314
228, 369
228, 376
229, 345
230, 274
231, 349
232, 344
232, 431
233, 236
233, 273
234, 249
236, 273
236, 377
239, 418
240, 307
240, 440
241, 378
242, 286
244, 248
244, 292
244, 338
244, 427
244, 448
246, 391
246, 456
247, 355
247, 394
247, 452
248, 427
250, 321
250, 324
251, 434
253, 275
253, 310
253, 315
253, 323
254, 347
256, 363
257, 264
258, 335
259, 423
261, 361
263, 267
263, 351
265, 411
266, 385
267, 306
267, 351
268, 293
269, 382
272, 325
272, 353
275, 315
276, 295
276, 311
276, 416
278, 390
279, 302
280, 410
281, 359
281, 446
284, 298
284, 312
284, 401
285, 374
288, 319
288, 407
288, 449
290, 341
291, 327
291, 445
295, 416
296, 320
297, 417
298, 401
299, 330
301, 403
304, 314
307, 336
307, 440
312, 401
313, 416
314, 376
315, 323
316, 383
316, 436
317, 458
318, 357
319, 407
320, 332
325, 353
326, 397
326, 422
326, 424
327, 445
329, 360
329, 415
330, 341
334, 453
336, 440
338, 427
339, 379
340, 399
344, 431
346, 412
350, 425
355, 396
360, 415
364, 388
365, 420
367, 382
367, 439
371, 454
372, 377
372, 389
372, 406
374, 455
377, 389
380, 421
381, 450
382, 439
386, 405
386, 443
394, 452
397, 422
401, 448
402, 410
404, 439
405, 443
406, 437
407, 449
408, 453
409, 442
409, 447
413, 459
421, 455
422, 424
425, 448
432, 454
444, 456
end