80
4
0, 0.20905740712650633, 0.5685109845887952
1, 0.5351997275732943, 0.7810528481408823
2, 0.7820397696107119, 0.7036862750239106
3, 0.49719502079537325, 0.6208097811033187
4, 0.07597784257029283, 0.028668772912240015
5, 0.282401152566948, 0.6619750076986148
6, 0.24019582265173356, 0.10236606038921914
7, 0.21921386469147264, 0.8102226331018751
8, 0.08985902945665969, 0.2824712233728378
9, 0.9977764608411726, 0.31941408836641394
10, 0.36690525499525994, 0.5495855621495069
11, 0.436484580609363, 0.4115388981170153
12, 0.7261233880767934, 0.980641838376527
13, 0.3748568837008788, 0.5846313115868371
14, 0.7640749964362458, 0.4490694903707865
15, 0.37323206927902197, 0.678313923476696
16, 0.13481644345732702, 0.4786753427290107
17, 0.007880604315272821, 0.3910299152994584
18, 0.2121541878658606, 0.1871193469985576
19, 0.03965288884478868, 0.8134539508084737
20, 0.5284726605028592, 0.5621360158903552
21, 0.025475226753854052, 0.9072486601519422
22, 0.08501925133862087, 0.8544808394941178
23, 0.8911090885658551, 0.33260410618145164
24, 0.17121533863338312, 0.3493061625738686
25, 0.16450824129339592, 0.8789268882996888
26, 0.2110123974204442, 0.5691049041351286
27, 0.7211339227673036, 0.9478103594692763
28, 0.17330834539249873, 0.6358809312055209
29, 0.4552783568089305, 0.32504319471430243
30, 0.14085419834084945, 0.007450985341301064
31, 0.20635404866919305, 0.4786936876875316
32, 0.3521711935250982, 0.28118712550197766
33, 0.7627853656176379, 0.010425137346233071
34, 0.1564307650244815, 0.6247332972140096
35, 0.04427683779109548, 0.12481229789452619
36, 0.8096161433451017, 0.1196945950996482
37, 0.43387624092308497, 0.7122646442385396
38, 0.6342345973418606, 0.708669860511592
39, 0.992380709735072, 0.6553391083554969
40, 0.29754571082505266, 0.8748698384830927
41, 0.037286565884533385, 0.37549644568948426
42, 0.8764209825377308, 0.13055822362705283
43, 0.8118336203470198, 0.13376187612407897
44, 0.48538565252302246, 0.8334704184791061
45, 0.7982847195747209, 0.5810198776739831
46, 0.09069057521017043, 0.8970274667774413
47, 0.986944675605479, 0.44087025031219673
48, 0.7075750767902764, 0.2043057043742892
49, 0.05326078819734292, 0.0445486820476253
50, 0.32400170172906595, 0.11460236083133124
51, 0.08347074921312891, 0.4762100805641297
52, 0.688076919188076, 0.18836642157303396
53, 0.21417925180371744, 0.596176980343814
54, 0.4123403756256693, 0.901469116625644
55, 0.1833940560501368, 0.23406329553827232
56, 0.25734380948567426, 0.24897686624179705
57, 0.08990693162184027, 0.7948321008721166
58, 0.4149221023067212, 0.5066514605686606
59, 0.23061802792922848, 0.8990051877978722
60, 0.9635952841845564, 0.01699214037451502
61, 0.7346554590351744, 0.9725956473432372
62, 0.4822075866017088, 0.7103336530372104
63, 0.7017498798473684, 0.15415732818685224
64, 0.59574625961283, 0.8261551551675074
65, 0.6692745163805423, 0.0024785904747707255
66, 0.8947078781063468, 0.8620572249026754
67, 0.15276770539176976, 0.8669970376310558
68, 0.25046891780982117, 0.07808176214928586
69, 0.4645678176031769, 0.8494141645554414
70, 0.9943121595086651, 0.24461290942929903
71, 0.19278527044124227, 0.816617588802125
72, 0.13911658436590257, 0.9139112059850962
73, 0.9267729380787725, 0.8271885505277012
74, 0.8905856973541927, 0.5126826010663809
75, 0.2768397672630232, 0.6333407965616593
76, 0.9558657618466799, 0.6547511905987813
77, 0.07129064938599539, 0.624692206860978
78, 0.8630615133231391, 0.11256481022172293
79, 0.9648373036956985, 0.8580688706408376
end_nodes
0, 1
0, 2
0, 3
0, 4
0, 5
0, 6
0, 7
0, 8
1, 2
1, 5
1, 7
1, 12
1, 15
1, 21
1, 22
2, 3
2, 6
2, 9
2, 10
2, 11
2, 12
3, 10
3, 13
4, 6
4, 8
4, 9
4, 17
4, 18
4, 19
4, 21
5, 7
5, 15
5, 53
5, 75
6, 9
6, 10
6, 11
6, 13
6, 14
7, 8
7, 16
7, 19
7, 22
7, 28
8, 16
8, 19
8, 34
8, 51
8, 57
9, 12
9, 14
9, 23
9, 30
9, 33
10, 11
10, 13
10, 20
10, 32
10, 58
11, 20
11, 32
11, 58
12, 21
12, 25
12, 27
12, 39
12, 40
13, 56
14, 23
14, 29
14, 45
15, 75
16, 28
16, 34
17, 21
17, 35
17, 41
17, 49
18, 24
18, 31
18, 55
19, 21
19, 22
19, 51
19, 57
19, 71
20, 58
21, 22
21, 25
21, 41
22, 67
22, 71
24, 31
24, 55
25, 40
25, 44
25, 46
25, 59
25, 69
25, 72
26, 37
26, 38
26, 62
27, 64
28, 34
28, 57
29, 45
30, 33
30, 36
30, 43
30, 48
30, 52
30, 63
30, 65
33, 36
33, 42
33, 60
33, 65
33, 70
33, 78
34, 57
35, 49
36, 43
37, 38
37, 62
38, 62
39, 47
39, 61
39, 66
39, 73
39, 76
39, 79
40, 54
40, 69
42, 70
42, 78
43, 48
43, 52
43, 63
44, 54
44, 69
46, 72
47, 76
48, 52
51, 57
51, 77
52, 63
54, 69
57, 77
59, 72
60, 65
60, 70
61, 66
61, 79
66, 73
66, 79
70, 78
73, 79
end