200
4
0, 0.3140817482641526, 0.8325884116727339
1, 0.4801939635026531, 0.17110835536267366
2, 0.9030222751193866, 0.42370209852028096
3, 0.3353175520109185, 0.2797148329136524
4, 0.7155469995793104, 0.3033658337993391
5, 0.8445821551367988, 0.8864469512200052
6, 0.6757639361208603, 0.8620175241475884
7, 0.6836784345911213, 0.5124706004807921
8, 0.9696715149022125, 0.9579144056210356
9, 0.6728996011959404, 0.32638485860165567
10, 0.483093637130514, 0.5124516132603283
11, 0.20181616057325402, 0.6705810803126778
12, 0.6763633948300928, 0.3483696286242508
13, 0.017856946953482278, 0.6073177292612587
14, 0.18515030555029233, 0.95954040892498
15, 0.810174648016674, 0.39919086005828397
16, 0.3914684014993882, 0.06806344368261152
17, 0.024921103580011983, 0.7805925681651973
18, 0.95737834485406, 0.44509082134412725
19, 0.6859532969864612, 0.3029678134195848
20, 0.5772858998386021, 0.7097957656597915
21, 0.6593638107038747, 0.42779653996736555
22, 0.25764318042806944, 0.1326009868339515
23, 0.44455787203594643, 0.21482082604256725
24, 0.9663827177964787, 0.9562650969783051
25, 0.11366007300288594, 0.5542174262764574
26, 0.34151328067513576, 0.8460713186081941
27, 0.44476947691824087, 0.9535332896323273
28, 0.8848292848578694, 0.7714000993018357
29, 0.14279471487107342, 0.13713293157260376
30, 0.6451766194123052, 0.9647134298344016
31, 0.6062979936139444, 0.1600743586088379
32, 0.6889827364792372, 0.05208518100105086
33, 0.07782374245141799, 0.7809086267737896
34, 0.4210185583386824, 0.15536607192540708
35, 0.42025660626078065, 0.11252620524266754
36, 0.014339736013407545, 0.1400862600864835
37, 0.5021845609758845, 0.49897237638438185
38, 0.19416289584941804, 0.7283711629667902
39, 0.1960431797431279, 0.9278779607488632
40, 0.3013987584815745, 0.787180120274967
41, 0.39792877237046853, 0.38104756307457066
42, 0.9635068770751313, 0.25645998781322166
43, 0.03172143913080516, 0.1811139626372945
44, 0.0956117552861453, 0.15065600066521212
45, 0.7111651752401625, 0.8319147314534252
46, 0.9538240186824243, 0.9995317363657135
47, 0.002758400601104216, 0.6618792825432996
48, 0.7548265531642989, 0.6268016709876654
49, 0.7295942174022769, 0.774551936772888
50, 0.9438380120236369, 0.8853659572810555
51, 0.7926277908506655, 0.7809133501621882
52, 0.11621147698393608, 0.6837273466629923
53, 0.3080756910481939, 0.5502777178668183
54, 0.5873650874318154, 0.6105129751267949
55, 0.2461661329462388, 0.2812147334606868
56, 0.6317529103402536, 0.7574710178595515
57, 0.15464587532265117, 0.4018257081786636
58, 0.8953498943334234, 0.6130014217047144
59, 0.5255107514941739, 0.48507452445771204
60, 0.47442857409186256, 0.19161968253801764
61, 0.4509576917336241, 0.24802561248241362
62, 0.9395940312828203, 0.05951742275404548
63, 0.005293437827786018, 0.9279514820673004
64, 0.4618128335810976, 0.5578821334066031
65, 0.6893035713133625, 0.8826445778681112
66, 0.14144096284013852, 0.780801945945419
67, 0.06946717522102519, 0.5406877737725799
68, 0.6280208360027442, 0.3786929144798802
69, 0.9184562370640552, 0.034671936506728396
70, 0.4855999414784835, 0.9438790239730221
71, 0.14601891813584522, 0.15672407419215206
72, 0.1171797900499133, 0.48290810299125475
73, 0.9676244290090664, 0.3400484358783574
74, 0.02412605757241637, 0.05879019866927526
75, 0.6668336644292565, 0.9978880305224999
76, 0.573240496713735, 0.35542561528969807
77, 0.15328362621757108, 0.38862639012792966
78, 0.7729555687608135, 0.7280293254260349
79, 0.38283358404374535, 0.05825750898800397
80, 0.5996024668493317, 0.3493300249863476
81, 0.9082375972403006, 0.2334545944120735
82, 0.326821581489528, 0.7832570468927338
83, 0.7390203632198739, 0.4375324416688964
84, 0.1754097464135913, 0.4691678134558084
85, 0.2675550026347754, 0.9836672754328847
86, 0.4236606482236652, 0.24386475695755672
87, 0.2921087631092819, 0.6782772665163493
88, 0.9796573292328224, 0.7308877942366446
89, 0.8134225349973078, 0.529739559912473
90, 0.3654987998095468, 0.06765948990020287
91, 0.5845682570997084, 0.27337500256061364
92, 0.3247953926855257, 0.9427403238629751
93, 0.9366723195339901, 0.01023474295469351
94, 0.4711525417861484, 0.40080405130426333
95, 0.7834581088056262, 0.8671669490916989
96, 0.9274461442233981, 0.06091542441471964
97, 0.8096575974236643, 0.9248311736596062
98, 0.24827070648421612, 0.387010187379483
99, 0.5987558002657791, 0.45464355590973615
100, 0.27079924892546703, 0.6994085396243261
101, 0.8472274837665644, 0.9885222529207763
102, 0.0008499798960811544, 0.25705502484280784
103, 0.6056534432292887, 0.6417594923782649
104, 0.37558718010462155, 0.4034983520734181
105, 0.6321263511966325, 0.8231729846390492
106, 0.7159666139832196, 0.44063064407735675
107, 0.02728299698263381, 0.021832720918469106
108, 0.17670171717033634, 0.35256319157037985
109, 0.5651679286894379, 0.867461621475844
110, 0.19649610929249206, 0.23254467909254606
111, 0.46012740023839016, 0.034768891133907576
112, 0.22725003654679576, 0.5637239720471399
113, 0.06384325035537664, 0.009924229603829104
114, 0.8683050361014473, 0.34392960526038785
115, 0.21441127452847764, 0.2954493294619813
116, 0.9518842864386733, 0.6467319723693993
117, 0.21964488649788705, 0.6663962282167037
118, 0.09235570107946056, 0.8764560713865253
119, 0.4833170442101309, 0.48817470997863577
120, 0.8994906429540858, 0.12258934367596763
121, 0.6432024307165434, 0.9787121660758317
122, 0.06328299750764133, 0.7796882108997913
123, 0.05549091832839603, 0.9522198087405952
124, 0.2030483792526132, 0.7638492844014174
125, 0.536001568571414, 0.16700386700695113
126, 0.04564836375977388, 0.9411888437000789
127, 0.5293591107122634, 0.46067897541286307
128, 0.5469359262894433, 0.34769701185494706
129, 0.36729689879538374, 0.5230567111671669
130, 0.8076871537448251, 0.6764591346588794
131, 0.8662634689668712, 0.24671020719033165
132, 0.21408991310476366, 0.729934573782757
133, 0.022667237387717143, 0.9415929041794731
134, 0.05802844392565443, 0.9256040673700018
135, 0.5924314017981421, 0.534169128466149
136, 0.3274025461831158, 0.3342254239701268
137, 0.06206618386943863, 0.32845671370456064
138, 0.8399227194163993, 0.7203168076126789
139, 0.8675334426103397, 0.341550862850003
140, 0.49877098722083446, 0.3052420202309942
141, 0.5129244061837707, 0.18716053564070345
142, 0.12210048894270531, 0.651892854474126
143, 0.5370670766884522, 0.606427734636874
144, 0.7698258122607642, 0.7521599576647446
145, 0.03659837829904977, 0.33581068276607995
146, 0.8652346159484602, 0.4077056798657004
147, 0.8374768864411272, 0.954889814444783
148, 0.3295268718055555, 0.5188739586188755
149, 0.3426883909872509, 0.1301286222149175
150, 0.5052858517684947, 0.202203886720844
151, 0.8182140496009476, 0.31361601442886455
152, 0.8901367914019049, 0.414591336902038
153, 0.8854437907308127, 0.9623402778938952
154, 0.09742359413818058, 0.12689146959382946
155, 0.47641718083468787, 0.7535430564702693
156, 0.4629890170530325, 0.9823714859816502
157, 0.534183855956385, 0.3013421187625921
158, 0.2951449303412541, 0.3720055417841721
159, 0.32445802331375073, 0.6408682175331972
160, 0.7395786030979618, 0.012455363526500451
161, 0.537201670432851, 0.3972811816468762
162, 0.024148209826718392, 0.667523882945022
163, 0.7754078548765547, 0.8734257713708503
164, 0.025031222933236563, 0.6723651435444252
165, 0.5455892317061424, 0.45571885821904223
166, 0.14096966856251325, 0.4591442557062916
167, 0.7169702836775801, 0.09377818861383824
168, 0.9282458133365122, 0.5430993005461701
169, 0.17032524770635826, 0.21355858468264677
170, 0.1694019498957039, 0.9742206538049775
171, 0.40004800347078073, 0.583301733913328
172, 0.05885548725795675, 0.1969821188939369
173, 0.4419938848262557, 0.7940889818600144
174, 0.295165920383479, 0.8004270134506022
175, 0.5095219533348699, 0.7300254940462432
176, 0.793808229735061, 0.2704292893810557
177, 0.8903586671027088, 0.5669888811301909
178, 0.3021157582757401, 0.24874769633329996
179, 0.8823435460012216, 0.7002191509283408
180, 0.8879327709948983, 0.13072817996515262
181, 0.6461072738286676, 0.15335897781182473
182, 0.5952316547931646, 0.8283425198875246
183, 0.293459970809023, 0.7897004476951746
184, 0.3109755757251841, 0.5240852017294602
185, 0.18443298904699434, 0.4111351821683351
186, 0.5730842834254418, 0.4595303017119592
187, 0.9510240172222506, 0.370542713118872
188, 0.13505299320291753, 0.3226968763767545
189, 0.22011775039056314, 0.9929547383913764
190, 0.7859416942530384, 0.14905776624614175
191, 0.7027874711385145, 0.4609972239059479
192, 0.5723035284278912, 0.1711540057268871
193, 0.5652389735261557, 0.845177281298462
194, 0.8913954101867704, 0.22021082509980128
195, 0.9833460082974863, 0.665572310231006
196, 0.08657008687207135, 0.9017878037081313
197, 0.1407167858530004, 0.5622426756632813
198, 0.11750538105300945, 0.6874687881628564
199, 0.5674480066053876, 0.2527491558532122
end_nodes
0, 1
0, 2
0, 3
0, 4
0, 5
0, 6
0, 7
0, 8
0, 9
0, 10
0, 11
0, 12
0, 13
0, 14
1, 3
1, 4
1, 9
1, 10
1, 16
1, 19
1, 22
1, 23
1, 29
1, 31
1, 32
1, 34
1, 35
2, 4
2, 5
2, 6
2, 7
2, 8
2, 15
2, 18
2, 20
2, 21
2, 24
2, 28
2, 31
2, 32
3, 11
3, 13
3, 23
3, 25
3, 29
3, 36
3, 40
3, 41
3, 43
3, 44
3, 53
3, 55
4, 9
4, 12
4, 15
4, 19
4, 21
4, 31
4, 99
4, 125
4, 135
4, 141
4, 143
5, 6
5, 24
5, 28
5, 45
5, 49
5, 50
5, 51
5, 65
5, 78
5, 95
5, 97
5, 109
6, 20
6, 45
6, 48
6, 49
6, 56
6, 89
6, 95
6, 105
6, 155
6, 163
6, 173
7, 21
7, 54
7, 83
7, 106
7, 135
7, 143
7, 191
8, 14
8, 18
8, 24
8, 26
8, 27
8, 30
8, 42
8, 46
8, 70
8, 73
8, 75
8, 85
9, 10
9, 12
9, 19
9, 37
9, 59
9, 64
9, 68
9, 76
9, 80
9, 91
9, 119
10, 37
10, 59
10, 64
10, 82
10, 94
10, 119
10, 127
10, 171
11, 13
11, 25
11, 38
11, 40
11, 53
11, 87
11, 100
11, 112
11, 117
11, 132
11, 136
11, 142
12, 99
13, 14
13, 17
13, 25
13, 33
13, 36
13, 38
13, 39
13, 43
13, 47
13, 52
13, 55
14, 17
14, 26
14, 27
14, 30
14, 33
14, 39
14, 63
14, 70
14, 85
14, 92
14, 118
15, 21
15, 146
16, 22
16, 29
16, 32
16, 34
16, 35
16, 36
16, 69
16, 74
16, 79
16, 90
16, 93
16, 107
16, 111
17, 33
17, 47
17, 63
17, 118
17, 122
17, 134
17, 162
17, 164
17, 196
18, 32
18, 42
18, 62
18, 69
18, 81
18, 93
18, 96
18, 114
18, 116
18, 120
18, 131
18, 139
20, 48
20, 56
20, 89
20, 103
20, 105
20, 155
20, 175
21, 83
21, 106
21, 135
21, 191
22, 29
22, 34
22, 149
23, 41
23, 60
23, 61
23, 86
23, 129
24, 50
24, 58
24, 97
25, 84
25, 98
25, 112
25, 158
25, 197
26, 70
26, 92
27, 70
27, 147
28, 50
28, 58
28, 177
28, 179
29, 36
29, 44
29, 71
29, 154
29, 178
30, 85
31, 32
31, 125
31, 151
31, 152
31, 176
31, 181
31, 192
32, 69
32, 81
32, 114
32, 120
32, 131
32, 139
32, 151
32, 167
32, 176
33, 122
33, 162
33, 164
34, 35
34, 149
36, 43
36, 44
36, 47
36, 74
36, 90
36, 102
36, 107
36, 110
36, 154
36, 169
37, 59
37, 165
38, 132
38, 142
39, 52
39, 66
39, 124
39, 198
40, 53
40, 87
40, 100
40, 174
40, 183
40, 184
41, 86
41, 104
41, 129
41, 148
41, 159
42, 62
42, 73
42, 93
43, 55
43, 57
43, 77
43, 108
43, 110
43, 115
43, 137
43, 145
43, 172
43, 188
44, 71
45, 49
45, 95
46, 75
46, 101
47, 63
47, 102
48, 56
48, 89
49, 51
49, 78
49, 130
49, 144
50, 58
51, 78
51, 144
52, 66
52, 124
52, 198
53, 87
53, 117
53, 136
53, 184
55, 57
55, 67
55, 72
55, 77
55, 108
55, 115
55, 166
55, 172
55, 185
57, 77
57, 137
57, 145
59, 64
59, 165
60, 61
60, 129
61, 129
62, 93
63, 85
63, 123
63, 126
63, 133
63, 134
63, 170
63, 189
64, 68
64, 186
65, 97
65, 109
67, 72
67, 166
67, 185
68, 186
69, 93
69, 96
69, 120
69, 187
70, 92
70, 147
72, 166
73, 88
73, 195
74, 90
74, 107
75, 85
75, 101
75, 121
75, 153
75, 156
75, 189
76, 80
76, 91
76, 119
76, 128
76, 140
76, 150
76, 157
76, 161
76, 199
77, 108
77, 188
78, 130
78, 138
78, 144
79, 107
79, 111
79, 113
80, 119
81, 120
81, 131
81, 180
81, 190
81, 194
82, 171
83, 106
84, 98
85, 121
85, 153
85, 156
85, 170
85, 189
87, 100
87, 117
88, 195
91, 199
93, 96
93, 111
93, 113
93, 160
94, 171
95, 163
96, 187
97, 109
102, 107
103, 155
103, 175
104, 148
105, 155
106, 191
107, 113
108, 115
108, 188
110, 169
111, 113
111, 160
112, 158
112, 197
113, 160
114, 139
115, 172
116, 168
118, 196
119, 127
119, 128
119, 140
119, 150
119, 161
120, 180
121, 153
121, 156
122, 164
123, 126
123, 133
123, 189
124, 198
125, 141
125, 192
126, 189
128, 140
128, 161
129, 159
130, 138
131, 190
134, 196
135, 143
137, 145
139, 167
140, 150
140, 157
148, 159
150, 157
150, 199
151, 176
155, 173
155, 175
155, 182
162, 164
166, 185
170, 189
173, 182
173, 193
174, 183
176, 181
177, 179
190, 194
end