340
4
0, 0.2365499376689929, 0.012629830303126255
1, 0.45905582703564485, 0.7078249968719786
2, 0.3176643438502873, 0.8041757518764878
3, 0.7277386485319183, 0.16322929458943947
4, 0.5714851647165785, 0.9532687138720144
5, 0.7341935051751648, 0.6575440894275947
6, 0.9324432889798739, 0.7977766271612119
7, 0.1946650094112622, 0.23732729298959665
8, 0.026287935589411004, 0.2700567903647001
9, 0.9444651864307683, 0.2746986804961815
10, 0.4962935473154739, 0.19485000425740562
11, 0.8719175707399285, 0.2930155321121858
12, 0.9150806540246582, 0.7909701724195918
13, 0.7427227027415548, 0.264948622692322
14, 0.06387398203816796, 0.06841313483677303
15, 0.38371006079738146, 0.8470170255681001
16, 0.15826915272467013, 0.594138178171397
17, 0.0019478966285274568, 0.23208435012224382
18, 0.3607401245124334, 0.013543405437587364
19, 0.8929100530756074, 0.15728936576174868
20, 0.7040813473994656, 0.810444284808444
21, 0.04995369930330973, 0.8024525166338058
22, 0.30592923524226057, 0.024923718841439624
23, 0.4064124797483707, 0.9533848446865589
24, 0.1883026878708054, 0.6380605344661342
25, 0.6299380636163209, 0.860642295662843
26, 0.4427019002836179, 0.4802925334443513
27, 0.06732746666962808, 0.8538821951836277
28, 0.281150463713707, 0.25322746264188356
29, 0.8344261289950433, 0.8818589486118176
30, 0.6440936219016944, 0.7598568321687034
31, 0.8232002398184597, 0.4941519139378928
32, 0.5087786129735783, 0.9295066888529658
33, 0.013400461260982155, 0.25313434016980907
34, 0.3980367646496231, 0.6709614601815321
35, 0.9468979316487873, 0.8111271895545952
36, 0.007424403505121857, 0.21561170874691915
37, 0.9198288556330414, 0.3196536811237285
38, 0.7628948189444245, 0.5577327271155901
39, 0.6754241650630046, 0.34396177733437727
40, 0.3279167130745263, 0.6163854976593924
41, 0.1747780354787829, 0.035826925023705214
42, 0.07124300676059125, 0.5403785090505209
43, 0.8249533513666012, 0.1805940975495619
44, 0.012221034470279668, 0.4577290635138639
45, 0.3319555400581884, 0.8601200258324947
46, 0.3633837099146122, 0.25796317325817353
47, 0.5006438907744449, 0.12097629027019663
48, 0.26015012325463827, 0.07215756374747617
49, 0.657490076205109, 0.3300908909777638
50, 0.24789832423642744, 0.01210759023777519
51, 0.3785891849305165, 0.946309744456239
52, 0.8917447109577856, 0.9274003060121427
53, 0.209116239577244, 0.7700954073710862
54, 0.8410766864884226, 0.2387028862847438
55, 0.8822117208975192, 0.14915406164606881
56, 0.6248421304455148, 0.7296525889922013
57, 0.10744847277399017, 0.9517738324816126
58, 0.9654259224631443, 0.254940882698409
59, 0.9031479819678098, 0.018630651620899275
60, 0.33509969492148683, 0.8227477766641682
61, 0.5846362312485864, 0.37068886869334394
62, 0.3178577891938761, 0.6161553906461666
63, 0.22553889676231542, 0.1613001429873271
64, 0.8494058514154093, 0.9815233206751861
65, 0.6269128676403557, 0.5989849740839449
66, 0.796734135136564, 0.8345506668140821
67, 0.03764688844846109, 0.5556378477659512
68, 0.7259296005996068, 0.17595299927893915
69, 0.006701293949547993, 0.7475458900674045
70, 0.6720032415066693, 0.8026375297011791
71, 0.45198329668988346, 0.437016836686165
72, 0.9998764107471508, 0.24786385675872447
73, 0.8036541726062874, 0.8208843863828181
74, 0.009964922311221702, 0.47692557423178017
75, 0.37816355949990876, 0.5350614897874478
76, 0.9138892711082688, 0.2178367350396747
77, 0.9150063728201554, 0.961394406270006
78, 0.7142067337504625, 0.6897602460714529
79, 0.17543700431121867, 0.9469543189103974
80, 0.7539117353993429, 0.8962790752919422
81, 0.3785842659455779, 0.5482097274145048
82, 0.23951942052061492, 0.5490131950963018
83, 0.984521723190986, 0.11711597244812721
84, 0.032788023688931744, 0.4450763281938419
85, 0.633234309683303, 0.7915102516428839
86, 0.10712488994588965, 0.42557129793981896
87, 0.3621281347617512, 0.2944877742150511
88, 0.7053850105153587, 0.0757991345983503
89, 0.058818307428215255, 0.5959276390544158
90, 0.8466824754235862, 0.7174147439877535
91, 0.8497148439512312, 0.856437901823876
92, 0.7265426804792998, 0.04796066481849526
93, 0.7209593339225745, 0.17595818420215348
94, 0.5242304612359179, 0.0038709707786095393
95, 0.9765602705028619, 0.06290693947478199
96, 0.02016459454393771, 0.8752717882702785
97, 0.9712145089049072, 0.09739236559813824
98, 0.03662637000553348, 0.21693109113883746
99, 0.22397391636148278, 0.06170732046608096
100, 0.3055216842222097, 0.9906554595161349
101, 0.45359114599661643, 0.3808005469363489
102, 0.8879170329517929, 0.7397212312636631
103, 0.5157675252511762, 0.6574797403929323
104, 0.40743127562102677, 0.34467790202367776
105, 0.8294228168386066, 0.6804063100583352
106, 0.13805615920660874, 0.9449748871016805
107, 0.7530552387206348, 0.739062131844029
108, 0.9394586109306916, 0.5427565774519404
109, 0.8308211380001693, 0.9087257417109234
110, 0.963293074165599, 0.772270714639818
111, 0.20946962402863833, 0.3315130401869053
112, 0.3242003099417742, 0.4777480782837529
113, 0.8778848964689366, 0.3774486293603564
114, 0.23455285061669728, 0.5547378060353286
115, 0.1224911539928959, 0.08962490964164038
116, 0.5070463366263541, 0.019839810698961236
117, 0.3748609944757213, 0.4254556941858436
118, 0.12801314771444527, 0.8046432094905506
119, 0.03188486680572067, 0.06504639615570862
120, 0.8196775048740232, 0.6498893460891866
121, 0.8145152535942457, 0.22036823514365478
122, 0.6725031880110436, 0.08802082838368952
123, 0.07958731857501722, 0.9505018353867775
124, 0.9679604724424207, 0.42013339779072656
125, 0.7382771782943872, 0.3744422594218114
126, 0.12638506309541442, 0.8267682196592011
127, 0.547140662978833, 0.02256485502357697
128, 0.09904295025669185, 0.9406715301094226
129, 0.1382867994135949, 0.2997525516544235
130, 0.9491221167099927, 0.11601254150674634
131, 0.4682028637014821, 0.9111373403336224
132, 0.24270092398262966, 0.5829513908338604
133, 0.564355558394487, 0.979846858310534
134, 0.9991443981437388, 0.7029913480267522
135, 0.6424474300850462, 0.20856796163908486
136, 0.46927586514345565, 0.4932503818308067
137, 0.12478513121541956, 0.9271865268472708
138, 0.23465776893865442, 0.7997496153141117
139, 0.24867485719278015, 0.737789077499819
140, 0.7738108920909803, 0.013635422588211377
141, 0.47787268781456593, 0.27739049753757083
142, 0.20225696101667323, 0.21138913964417938
143, 0.5664002093633163, 0.48454283266804654
144, 0.576133683171543, 0.5713663565135085
145, 0.07294870475818893, 0.49898426414871955
146, 0.7383982217685531, 0.5518084816929346
147, 0.7864046352092275, 0.8863404893783022
148, 0.09295459747692714, 0.25708747944077603
149, 0.17965292801768562, 0.6365584645433569
150, 0.3003878673803051, 0.9964079666895698
151, 0.18982553696667492, 0.9255693394828772
152, 0.01349034540795302, 0.9309789303510312
153, 0.7634268183858969, 0.6784840720478427
154, 0.4294577324474945, 0.7631169886971081
155, 0.27532300720264613, 0.2511227534483962
156, 0.36614202480560465, 0.3620653157105018
157, 0.14445430884327182, 0.004415975599362798
158, 0.33218716349365063, 0.6402419169974269
159, 0.879504771616032, 0.4967452411355937
160, 0.31804745439283144, 0.9684117350191324
161, 0.6818021100034223, 0.46710170314499644
162, 0.6195949688868757, 0.7602098362759282
163, 0.026387801897570284, 0.0032162102019176464
164, 0.44020326033078083, 0.35119844085935625
165, 0.2604280903629581, 0.47267853415776384
166, 0.2491796515630067, 0.2967671016454376
167, 0.90861274770419, 0.392905237321891
168, 0.9168268417446531, 0.4884882910734294
169, 0.4963661053235119, 0.8339351233801494
170, 0.2895602704572593, 0.09402307026060219
171, 0.9106273579467608, 0.9567643600588477
172, 0.5248640951408636, 0.2703265579365004
173, 0.746431880652211, 0.3764886742925271
174, 0.7427853008171446, 0.8903697817815993
175, 0.6311550119615282, 0.5309185242069215
176, 0.5019900325817053, 0.3790916804014346
177, 0.9688692273738303, 0.5794671413430118
178, 0.5715854144529023, 0.6714871278074989
179, 0.8882722961668853, 0.006275505416913907
180, 0.18539209169781423, 0.03046503234424669
181, 0.09915825120761834, 0.8719952808016384
182, 0.9682091695491208, 0.44634451425550714
183, 0.3920735503055792, 0.2632989127253701
184, 0.7920491598994926, 0.9646840329480181
185, 0.3807311455316498, 0.5504280040591312
186, 0.6583129981877925, 0.7265415185049602
187, 0.9781968627930416, 0.45794445531253203
188, 0.3648648882006993, 0.4221619232684566
189, 0.9861684258249561, 0.7636291251799305
190, 0.6483329387873834, 0.12910730979373197
191, 0.5927877770182763, 0.19861259209118054
192, 0.6111972892270824, 0.6610810646465216
193, 0.009835319539891363, 0.3037413868709353
194, 0.5351542658587894, 0.3031385861345465
195, 0.03425476065650246, 0.5325882435219745
196, 0.4616338465374724, 0.9238519592013481
197, 0.5231519596366768, 0.3996714602192071
198, 0.8751146857882922, 0.2522433858999821
199, 0.7148341038187576, 0.5785307228369588
200, 0.16295093696636143, 0.20223672356679778
201, 0.21608692899831605, 0.5351246593392115
202, 0.38536120850360156, 0.5652632607804357
203, 0.7628215092991577, 0.8417190326746768
204, 0.7096457673038804, 0.7444192538588466
205, 0.09146084745301408, 0.9249759222316958
206, 0.30656390314774307, 0.32979151188676015
207, 0.65533914983008, 0.7406265599716143
208, 0.8834803047682165, 0.6693661470428917
209, 0.24245771998669785, 0.06547132705854797
210, 0.22536906346554775, 0.5928530779365532
211, 0.23486965914058056, 0.6061449426215844
212, 0.5929927010189894, 0.20784963293799952
213, 0.9127112828440774, 0.5241325849801896
214, 0.378350037054181, 0.4961671828402592
215, 0.08371007087257187, 0.2992792132339034
216, 0.8217893014292645, 0.05684257306100837
217, 0.06626657947898074, 0.6355642915685815
218, 0.5833459964501009, 0.1431292421362127
219, 0.9270483961967163, 0.5131436857652162
220, 0.29978912396239876, 0.03991596220764915
221, 0.10952692135011566, 0.9119839472468615
222, 0.08374976485011032, 0.47491959093692315
223, 0.50565361529172, 0.009748435192573068
224, 0.5557844464077337, 0.11140440058043999
225, 0.47168437811913955, 0.20180266302486216
226, 0.30434210536591766, 0.6623727217918696
227, 0.11185929241596826, 0.7271655613610051
228, 0.4273416096173771, 0.6012846688972189
229, 0.6062913182882491, 0.44348332945130264
230, 0.8244118377757461, 0.6779300141118835
231, 0.27273519398687474, 0.5760143844638994
232, 0.04007059133501323, 0.849431354927431
233, 0.2285467742515026, 0.9465793480108528
234, 0.5839299309200409, 0.4544889441477412
235, 0.07409251684360718, 0.9553483600011506
236, 0.17919835306212273, 0.47764415042018804
237, 0.4878777583499201, 0.1727710110587627
238, 0.3813028493494267, 0.6721112157062462
239, 0.49652984987232895, 0.6492065852786526
240, 0.31011751351906125, 0.24489660980877415
241, 0.7828559644768117, 0.6873967166400984
242, 0.5557255350406561, 0.8134711479062852
243, 0.8866282518402291, 0.2331371780974708
244, 0.5124540126016386, 0.003946224238645102
245, 0.555173993527479, 0.29675418410519205
246, 0.30668804380063885, 0.17398606422842178
247, 0.4353971773301297, 0.7791740781559334
248, 0.5352164654732902, 0.207570780534985
249, 0.1829524719015827, 0.029041403312766167
250, 0.38802852988064596, 0.9724401130882684
251, 0.823502401608001, 0.635916138863221
252, 0.800743303116865, 0.02970314066362778
253, 0.6634699916871692, 0.49558452064692626
254, 0.21040717459772917, 0.5175459633323198
255, 0.741372814761489, 0.8997771552155814
256, 0.7237745065966726, 0.5838467638306096
257, 0.48197564522598557, 0.7577713446536765
258, 0.11006933140666819, 0.5518846398539079
259, 0.2581396115086976, 0.5128563369445435
260, 0.9225882636145536, 0.6456500580224871
261, 0.35721938798972463, 0.40717482548813544
262, 0.6650853200687051, 0.4662886761973185
263, 0.30319091687007305, 0.4473365378681159
264, 0.754739530276612, 0.13735585589761956
265, 0.5903642030544537, 0.20076404818274318
266, 0.9169516823907264, 0.41766955910973447
267, 0.31211522808857284, 0.8500357909921582
268, 0.678799372395869, 0.46549604817607526
269, 0.8167716527229982, 0.8562021691390576
270, 0.9044728794952944, 0.6480308738695211
271, 0.9475683937773277, 0.6629279046267978
272, 0.9252287425079926, 0.2739935260524913
273, 0.7223745640306805, 0.9190203041101473
274, 0.5290033096952459, 0.04319284122894618
275, 0.934562589144872, 0.7710666329676333
276, 0.651930799431172, 0.7944271463485179
277, 0.5744297341475811, 0.6103699787950383
278, 0.07739264054295436, 0.9178737864527478
279, 0.9196065080395448, 0.8646814260222887
280, 0.25066094365352265, 0.45014848434585975
281, 0.2440044277591319, 0.07578788429108096
282, 0.5317929512775362, 0.08721642112959793
283, 0.8394742807877426, 0.6546793657343606
284, 0.2625129417696137, 0.5122618726064385
285, 0.2521259062361114, 0.9210342259957764
286, 0.07310105405375233, 0.8238806714559698
287, 0.9774874047000686, 0.7926618949271835
288, 0.5064125547330252, 0.5778888797819459
289, 0.3241919348056296, 0.23003239812180398
290, 0.13050977200166203, 0.7394423871301261
291, 0.9094029249878471, 0.44087489026598703
292, 0.8159833559512667, 0.36022926167651004
293, 0.12142512621667911, 0.10984691422442261
294, 0.19499165734963042, 0.6391923553700973
295, 0.7475736544072432, 0.13851281023232587
296, 0.37466598780959326, 0.1112456822169764
297, 0.5141952062875416, 0.9716626968605154
298, 0.7852412717755686, 0.8749159149220881
299, 0.357297450809713, 0.1425159436389718
300, 0.5162307442323677, 0.018227930732852005
301, 0.16315663424079152, 0.76197293990828
302, 0.26677602954658886, 0.46623909190521007
303, 0.7136992616279277, 0.3964911173680945
304, 0.34026161112876874, 0.44114289499386516
305, 0.970929677215184, 0.9830580674946824
306, 0.3779095990855612, 0.8082697810254034
307, 0.5270917013606671, 0.29649371400033564
308, 0.29426067407776957, 0.9426435169270228
309, 0.7458830773752835, 0.3362499968529009
310, 0.053578568638664836, 0.18263934158519968
311, 0.23354521299358189, 0.8162497830626557
312, 0.9379129951577724, 0.7135038905919282
313, 0.9848447442451363, 0.6096499434510008
314, 0.316143813279273, 0.35149265399624463
315, 0.08087711023887922, 0.4086452529417892
316, 0.9625905403095228, 0.06587856398868197
317, 0.9262660555722337, 0.8051869099799887
318, 0.8384710550358476, 0.2590908826894367
319, 0.3776098167891716, 0.5576160708818487
320, 0.6029216904692541, 0.7634815825372474
321, 0.0063819813083138, 0.9971815332498353
322, 0.6103954874316385, 0.29831058859495985
323, 0.9726231891815518, 0.8202914600839253
324, 0.05367087549598715, 0.6320089721807661
325, 0.7990103732248793, 0.7469826954422923
326, 0.9477026973779935, 0.027839384815332213
327, 0.7821198130249726, 0.2190643153232692
328, 0.4273497293095714, 0.1806446896986864
329, 0.5987287135286551, 0.8233610410486403
330, 0.5602559592374173, 0.6732691901146294
331, 0.34701418970450915, 0.5383415307004464
332, 0.7855359246810573, 0.2003988366706323
333, 0.3245652240402408, 0.7560671291486109
334, 0.9290391906928037, 0.18727236024196459
335, 0.5537571572213136, 0.4695429455418151
336, 0.15642018824111026, 0.6485930558642231
337, 0.536640068931354, 0.2623021459738609
338, 0.4276792617169881, 0.3162845390924478
339, 0.3733864328544497, 0.7707588434605376
end_nodes
0, 1
0, 2
0, 3
0, 4
0, 5
0, 6
0, 7
0, 8
0, 9
0, 10
0, 11
0, 12
0, 13
0, 14
0, 15
0, 16
0, 17
0, 18
1, 4
1, 15
1, 23
1, 28
1, 32
1, 34
1, 51
1, 75
1, 81
1, 112
1, 117
1, 131
1, 133
1, 154
1, 160
1, 169
1, 185
2, 15
2, 16
2, 21
2, 24
2, 27
2, 40
2, 42
2, 44
2, 45
2, 53
2, 57
2, 60
2, 62
2, 63
2, 67
2, 69
2, 74
3, 9
3, 18
3, 19
3, 22
3, 43
3, 55
3, 58
3, 59
3, 68
3, 72
3, 76
3, 83
3, 88
3, 92
3, 93
3, 94
3, 95
4, 5
4, 6
4, 12
4, 20
4, 25
4, 26
4, 29
4, 30
4, 35
4, 46
4, 48
4, 52
4, 56
4, 64
4, 65
4, 66
5, 12
5, 20
5, 25
5, 26
5, 30
5, 46
5, 48
5, 56
5, 65
5, 66
5, 70
5, 71
5, 73
5, 78
5, 85
5, 90
6, 9
6, 10
6, 11
6, 12
6, 13
6, 31
6, 35
6, 37
6, 38
6, 39
6, 49
6, 58
6, 61
6, 72
6, 102
6, 105
7, 8
7, 16
7, 44
7, 84
7, 86
7, 99
7, 129
7, 142
7, 145
7, 148
7, 193
7, 200
7, 215
7, 222
7, 258
7, 315
8, 17
8, 33
8, 98
8, 99
8, 148
8, 193
8, 200
9, 11
9, 37
9, 47
9, 54
9, 58
9, 68
9, 93
9, 108
9, 121
9, 198
9, 218
9, 219
9, 220
9, 224
9, 243
10, 13
10, 38
10, 39
10, 49
10, 61
10, 102
10, 120
10, 125
10, 141
10, 146
10, 161
10, 172
10, 173
10, 191
10, 194
10, 212
11, 13
11, 37
11, 47
11, 113
11, 135
11, 159
11, 167
11, 168
11, 198
11, 213
11, 220
11, 260
11, 266
11, 270
11, 272
12, 66
12, 73
12, 90
12, 153
12, 229
12, 230
12, 241
12, 253
12, 256
12, 325
13, 31
13, 135
13, 159
13, 173
13, 191
13, 208
13, 212
13, 248
13, 265
13, 270
13, 292
13, 309
14, 17
14, 36
14, 41
14, 115
14, 119
14, 157
14, 163
14, 180
14, 249
14, 293
14, 310
15, 28
15, 34
15, 40
15, 45
15, 57
15, 60
15, 79
15, 100
15, 106
15, 112
15, 150
15, 151
15, 155
15, 158
15, 160
16, 24
16, 63
16, 82
16, 111
16, 114
16, 132
16, 142
16, 149
16, 165
16, 201
16, 210
16, 211
16, 231
16, 236
16, 254
17, 33
17, 36
17, 44
17, 69
17, 74
17, 98
17, 119
17, 163
17, 193
17, 310
17, 321
18, 22
18, 50
18, 94
18, 116
18, 127
18, 157
18, 190
18, 223
18, 244
18, 274
18, 282
18, 300
19, 43
19, 55
19, 72
19, 76
19, 83
19, 334
20, 25
20, 66
20, 70
20, 107
20, 203
20, 204
21, 27
21, 69
21, 96
21, 118
21, 123
21, 126
21, 138
21, 152
21, 232
21, 235
21, 278
21, 286
21, 311
21, 321
22, 282
23, 32
23, 51
23, 100
23, 131
23, 133
23, 150
23, 160
23, 196
23, 247
23, 250
23, 297
24, 149
25, 70
26, 46
26, 65
26, 71
26, 101
26, 103
26, 104
26, 136
26, 144
26, 164
26, 178
26, 192
26, 239
26, 242
26, 277
26, 288
26, 330
27, 57
27, 126
27, 128
27, 137
27, 181
27, 205
27, 221
27, 278
27, 286
27, 311
28, 75
28, 81
28, 112
28, 185
28, 188
28, 206
28, 214
28, 240
28, 261
28, 304
28, 314
28, 319
29, 35
29, 52
29, 80
29, 91
29, 109
29, 147
29, 174
29, 255
29, 273
29, 279
29, 287
29, 298
29, 305
29, 323
30, 56
30, 85
30, 162
30, 186
30, 207
31, 208
32, 131
32, 133
32, 169
32, 196
33, 193
34, 112
34, 238
34, 306
34, 331
34, 339
35, 72
35, 91
35, 110
35, 134
35, 174
35, 177
35, 187
35, 189
35, 269
35, 287
35, 298
35, 313
35, 317
36, 119
37, 167
37, 168
37, 219
37, 260
37, 266
38, 49
38, 251
38, 283
38, 322
39, 49
39, 125
39, 208
39, 303
40, 62
40, 155
40, 158
40, 209
40, 263
40, 281
40, 333
41, 115
41, 180
41, 293
42, 44
42, 74
43, 76
44, 74
44, 84
44, 129
44, 145
44, 149
44, 193
44, 215
44, 222
44, 258
45, 57
45, 60
45, 267
46, 48
46, 87
46, 104
46, 143
46, 156
46, 164
46, 175
46, 176
46, 183
46, 197
46, 246
46, 289
46, 335
46, 338
47, 54
47, 198
47, 220
47, 318
47, 327
48, 156
48, 170
48, 175
48, 176
48, 183
48, 197
48, 246
48, 289
49, 283
49, 322
50, 157
51, 154
51, 160
51, 247
52, 64
52, 77
52, 109
52, 171
52, 184
52, 273
52, 305
53, 67
53, 69
53, 89
53, 217
53, 227
53, 290
53, 301
53, 324
54, 220
55, 83
56, 65
56, 162
56, 186
56, 320
56, 329
57, 79
57, 106
57, 123
57, 128
57, 137
57, 150
57, 221
57, 233
57, 235
57, 267
57, 278
57, 308
57, 321
58, 72
58, 108
58, 124
58, 182
58, 243
58, 271
58, 275
58, 312
59, 92
59, 94
59, 95
59, 140
59, 179
59, 216
59, 252
59, 264
59, 295
59, 316
59, 326
61, 102
61, 105
61, 120
61, 141
61, 146
61, 172
61, 194
61, 245
61, 262
61, 268
61, 307
61, 337
62, 209
62, 226
62, 281
63, 111
63, 165
63, 166
63, 231
63, 236
63, 254
63, 280
63, 302
64, 77
64, 133
64, 150
64, 171
64, 184
64, 305
65, 144
65, 192
65, 277
65, 320
66, 73
66, 107
66, 203
67, 69
67, 74
67, 89
67, 139
67, 195
67, 217
67, 324
67, 336
68, 93
68, 332
69, 74
69, 96
69, 138
69, 152
69, 227
69, 290
69, 301
69, 321
69, 324
70, 204
71, 101
71, 136
71, 143
72, 76
72, 83
72, 124
72, 134
72, 177
72, 182
72, 187
72, 271
72, 275
72, 313
72, 334
73, 325
74, 139
74, 195
74, 336
75, 185
75, 314
77, 171
77, 305
78, 85
78, 276
79, 106
79, 151
79, 285
79, 308
80, 147
80, 174
80, 255
81, 185
81, 202
81, 206
81, 319
82, 114
82, 165
82, 201
82, 231
82, 259
82, 284
83, 95
83, 97
83, 130
83, 334
84, 222
84, 315
85, 276
86, 145
86, 258
87, 156
87, 289
88, 92
88, 94
88, 122
89, 217
90, 199
90, 234
90, 241
90, 256
91, 298
92, 94
92, 140
92, 216
92, 252
92, 295
93, 224
94, 122
94, 127
94, 140
94, 157
94, 163
94, 179
94, 223
94, 244
94, 300
95, 97
95, 130
95, 316
95, 326
96, 152
97, 130
99, 200
100, 150
100, 160
101, 143
101, 164
102, 120
102, 262
103, 242
103, 330
104, 164
105, 141
105, 299
106, 151
109, 273
110, 134
110, 313
111, 236
111, 254
112, 238
112, 304
112, 306
112, 319
112, 331
112, 339
113, 159
113, 270
114, 231
115, 293
116, 127
116, 300
117, 228
117, 257
118, 311
119, 163
120, 146
120, 161
120, 262
121, 224
123, 235
123, 278
124, 182
125, 173
125, 208
125, 303
126, 286
126, 311
127, 190
127, 274
127, 300
128, 205
128, 278
129, 215
131, 196
132, 210
132, 211
132, 231
133, 150
133, 169
133, 250
133, 297
134, 189
134, 305
134, 313
137, 181
137, 221
139, 336
140, 252
141, 225
141, 296
141, 299
141, 307
141, 328
143, 164
143, 335
144, 277
145, 222
145, 258
146, 161
146, 268
147, 174
148, 200
149, 258
150, 233
150, 250
150, 305
150, 308
150, 321
152, 321
153, 241
154, 160
155, 209
155, 263
156, 289
157, 163
157, 244
157, 249
158, 333
159, 270
159, 292
165, 201
165, 231
165, 254
165, 259
165, 280
165, 284
167, 266
168, 213
168, 260
168, 266
168, 291
172, 194
173, 208
173, 248
173, 309
174, 255
174, 298
175, 197
175, 338
176, 183
176, 197
177, 313
178, 192
178, 242
178, 288
178, 330
179, 326
180, 293
182, 271
185, 206
186, 207
188, 214
188, 240
188, 261
189, 287
189, 305
189, 323
190, 274
191, 237
191, 265
192, 242
192, 277
193, 215
194, 307
195, 336
197, 338
198, 272
198, 318
198, 327
199, 229
199, 234
199, 256
202, 319
205, 278
208, 303
208, 309
209, 226
209, 263
209, 281
210, 211
211, 231
211, 294
212, 265
213, 260
214, 261
216, 295
217, 324
218, 220
222, 315
223, 300
225, 296
225, 328
227, 290
227, 324
228, 257
229, 234
229, 256
230, 253
231, 284
231, 294
231, 302
232, 235
232, 321
233, 308
235, 321
238, 331
238, 339
239, 242
242, 330
245, 268
245, 337
246, 289
250, 297
251, 283
254, 280
259, 284
264, 295
266, 291
268, 337
269, 317
271, 275
275, 312
279, 305
279, 323
285, 308
287, 323
288, 330
290, 301
293, 310
296, 299
296, 328
304, 319
305, 323
306, 339
320, 329
end