220
4
0, 0.8269939535861923, 0.021798851706777755
1, 0.1736787417330109, 0.928870788228678
2, 0.8019077877680864, 0.8889319231097076
3, 0.959935163937051, 0.5944229862947529
4, 0.588271720087015, 0.2668054431715232
5, 0.8783234064726858, 0.8696715936512814
6, 0.38389290416301924, 0.04043549340422159
7, 0.9386570510362903, 0.4152836108577985
8, 0.1886007039676465, 0.6450215890245058
9, 0.582502974178409, 0.9056640053767252
10, 0.8293910028837577, 0.7618694845979105
11, 0.034207735547435725, 0.13002143348210582
12, 0.727885297439639, 0.7106356602878732
13, 0.3722462347059615, 0.31905818091877547
14, 0.6139290995746488, 0.616269048324447
15, 0.8887550887307331, 0.4133532803379444
16, 0.8374064441147052, 0.5641573798112295
17, 0.11057214775638669, 0.27418412563303973
18, 0.2773127418260368, 0.9649946925415532
19, 0.9938176964270004, 0.9803857607723844
20, 0.8849878782880645, 0.45420019284927915
21, 0.6342191988414978, 0.16977784096562165
22, 0.8276464435225753, 0.4924106179759917
23, 0.40241150048059693, 0.27956650680975836
24, 0.03230455324234882, 0.01760459965958816
25, 0.9748811456980742, 0.957353359556966
26, 0.2622805761945719, 0.9406782923081496
27, 0.9761119500983534, 0.9340497864209443
28, 0.349161586675391, 0.5136500193570438
29, 0.6200110426405502, 0.8453691953199739
30, 0.6089181818637374, 0.8324231400478946
31, 0.13854909952155614, 0.41170755482090826
32, 0.9402043196370091, 0.05983926595543587
33, 0.5423397362455592, 0.9464709366156278
34, 0.9949714377759815, 0.26803050209039825
35, 0.6290004120547358, 0.023698418053093917
36, 0.26910592307821657, 0.48272496997722447
37, 0.5051554184004488, 0.9883282360520678
38, 0.7569106487539877, 0.3801327137073075
39, 0.4482711737756714, 0.8966497084492607
40, 0.7820165324037419, 0.6038361024274206
41, 0.4745227366511118, 0.7315029422895755
42, 0.9196721008153036, 0.8399643261061536
43, 0.01925414229161071, 0.15819568870429745
44, 0.43506654801249434, 0.28757230534145484
45, 0.27134173705854714, 0.27931360798864147
46, 0.0213179949150738, 0.47511119787809764
47, 0.40925108780575803, 0.8253323422727565
48, 0.47334851293393654, 0.058003406011342684
49, 0.32287178364537594, 0.8777938137181076
50, 0.864804637489807, 0.5867515085806962
51, 0.6608672912198467, 0.7280173976567751
52, 0.3599568333652756, 0.22392810255548612
53, 0.7796604547018474, 0.6413375916551707
54, 0.26893676230030417, 0.9822511978324098
55, 0.9039317830889557, 0.30119973379666165
56, 0.042488880890777514, 0.6183836771864645
57, 0.023201106096820245, 0.45354846370560864
58, 0.5271964890395531, 0.5101997528494275
59, 0.43161353987217355, 0.17562101621708281
60, 0.016222942471902813, 0.14461674298112726
61, 0.2009332840521384, 0.4179588491656818
62, 0.8270861425242002, 0.04572065055500729
63, 0.4889524057894057, 0.1633585391328708
64, 0.819610420854407, 0.22983633322214347
65, 0.6341260338980431, 0.42497242490868214
66, 0.06936681960276037, 0.3331665915259019
67, 0.23139991271142657, 0.8882939218594916
68, 0.299152401331516, 0.7711264256723986
69, 0.6497828954737798, 0.5020295697137145
70, 0.6089975653936948, 0.6855165662621613
71, 0.40369614365087647, 0.531643967998348
72, 0.9969258559034835, 0.683237877423374
73, 0.12797997844932807, 0.7239630467267686
74, 0.7884144158629491, 0.7120257719512347
75, 0.9263509651735561, 0.34796673357581587
76, 0.984408713367351, 0.8261792380790373
77, 0.8479302689719991, 0.48491072603420804
78, 0.2574705557355238, 0.5444314166282658
79, 0.37840712406279997, 0.12332547983716824
80, 0.06423908264482114, 0.455018485057581
81, 0.5595633705360654, 0.9676330516932162
82, 0.6461043302730031, 0.878413283019754
83, 0.17706078361326405, 0.024964738156857624
84, 0.9214737716525396, 0.48266260588978094
85, 0.10407973891212596, 0.19379621523142032
86, 0.8681334024969504, 0.5061026511715528
87, 0.8974231895258713, 0.15752394977071527
88, 0.9773530728912121, 0.7123181768865142
89, 0.47551865542496274, 0.7416451688119815
90, 0.7659703618721619, 0.15592327338181855
91, 0.6697766930556305, 0.9231082279764206
92, 0.5004203591708993, 0.7249734760280501
93, 0.043773805344739514, 0.2244147241391209
94, 0.928222079554132, 0.0628369144822466
95, 0.34524576519256767, 0.7574067542435337
96, 0.8244941010921552, 0.019698413678057025
97, 0.5514457440577609, 0.1691382061095823
98, 0.7710396525019572, 0.89468271055056
99, 0.07612181347405444, 0.10441441346911773
100, 0.13185949132934416, 0.6431834222853435
101, 0.2748706348453196, 0.4946298374382794
102, 0.16225482173520112, 0.7271190899680319
103, 0.76978833742559, 0.958281944053775
104, 0.7608070954431148, 0.8234339999568018
105, 0.42443855236303574, 0.615509071883795
106, 0.35450912113295807, 0.7077740932768195
107, 0.8311163785401583, 0.9254493725691233
108, 0.371890651982701, 0.029080555449077172
109, 0.05357807421184613, 0.8228952678134892
110, 0.0015900779665858344, 0.20219507038069473
111, 0.0828633607177317, 0.9974555383739354
112, 0.04905883316600734, 0.29454496379257755
113, 0.16082273883438858, 0.21777514951064547
114, 0.19510580177784032, 0.20496193725388
115, 0.1672842621893471, 0.7412521813287068
116, 0.7416529490738785, 0.2226320241478862
117, 0.24565716527903914, 0.5454369788015861
118, 0.24059424190213485, 0.7779676580450527
119, 0.7064111640332005, 0.4353766812121195
120, 0.6270996829046783, 0.3789777348836353
121, 0.9445069043421749, 0.23287340800656908
122, 0.7861411287527693, 0.2615316859220551
123, 0.10206926930798443, 0.07835313780382358
124, 0.6164427363039555, 0.049465514508919006
125, 0.8201823122181948, 0.24191244219784847
126, 0.9445209914997084, 0.4358505830689322
127, 0.5832515018054528, 0.114636556297122
128, 0.3384300504074488, 0.6042379655038973
129, 0.029103220539749564, 0.045429148442929446
130, 0.6310317739972632, 0.5569826086853311
131, 0.0633246770350041, 0.9237973231353879
132, 0.7970919076756631, 0.6428330572141383
133, 0.1668802670953199, 0.5743260615778077
134, 0.8434840848320813, 0.5491042467606508
135, 0.9451223288419087, 0.6512787753715311
136, 0.1218043803734028, 0.28310158925131634
137, 0.3917756084262535, 0.9408669688835362
138, 0.22123803639714623, 0.9338046896572374
139, 0.1714232173293393, 0.8278334264242819
140, 0.4412853161614133, 0.9626106682987685
141, 0.8235899641173123, 0.7559030439663501
142, 0.04966404737602492, 0.9728379865914901
143, 0.5303918823669478, 0.8700218146727483
144, 0.8669676899285368, 0.7033545513572493
145, 0.6117558521534691, 0.9568062868372544
146, 0.22393485416206205, 0.6337310974866002
147, 0.8324716729317949, 0.05050756345278817
148, 0.9468399613468729, 0.8924545043509376
149, 0.298852522595178, 0.3919814763476622
150, 0.8035199884750154, 0.0035483599430535806
151, 0.06364119279289293, 0.9718273156334655
152, 0.4557076888850303, 0.8550486130365393
153, 0.4692097602671066, 0.9121597613707597
154, 0.03694563791023331, 0.48719289085269923
155, 0.055609952304637056, 0.18773400739786228
156, 0.14453686185969128, 0.5603220336959587
157, 0.9021054728110888, 0.05361633352215456
158, 0.13595453298747484, 0.6723040460399858
159, 0.6640433192023535, 0.6079246543727589
160, 0.8748894027166975, 0.864380299619732
161, 0.3031250268923408, 0.9471570473844598
162, 0.5144985476329573, 0.8093263110880363
163, 0.7020698070006623, 0.12668753423510526
164, 0.781412240271967, 0.6986198560501812
165, 0.5877049917293857, 0.4393976964680981
166, 0.7264141003058312, 0.22834122984226612
167, 0.6352315641207456, 0.8984312204475117
168, 0.6903865012806297, 0.36577907873240423
169, 0.7920481264471491, 0.7529283447261572
170, 0.9111591985625075, 0.9786614696955876
171, 0.38951908581506955, 0.920215823576266
172, 0.8619336964220364, 0.3020864297904515
173, 0.7589511573358546, 0.31913777919436326
174, 0.3504635965483349, 0.16493707711190242
175, 0.8761976435972584, 0.4275458268509701
176, 0.8846289224218584, 0.05527756381517779
177, 0.1879082343733186, 0.16860693537841398
178, 0.3669962126323274, 0.18460471146127444
179, 0.1682330211191959, 0.05976047184294375
180, 0.34428274798816316, 0.8027637714798824
181, 0.10155716029556594, 0.04696602566735697
182, 0.966586978535135, 0.9105016580649019
183, 0.4019507230945084, 0.9799450209628677
184, 0.1664360709247652, 0.9295129349791191
185, 0.9965095174393578, 0.5984617541545486
186, 0.028950714163281654, 0.0315244805222572
187, 0.704058367816111, 0.5187234043769822
188, 0.8038554058952679, 0.12301709361786806
189, 0.14213944134056022, 0.6120550289966761
190, 0.8618620006252686, 0.39034331553612645
191, 0.9186428754444118, 0.8866007787833905
192, 0.44377628483693266, 0.24084208284525688
193, 0.8526965200488367, 0.7028001295626997
194, 0.041429566810579854, 0.5659484553504885
195, 0.5004525252671201, 0.9492234567204045
196, 0.7324553423214356, 0.7721025426757421
197, 0.9493083051996024, 0.25419502715959597
198, 0.14190823498796823, 0.501394299405602
199, 0.24113132918326396, 0.0293136515885577
200, 0.42559656353165254, 0.3495708766239066
201, 0.1483384166307602, 0.7841497860800765
202, 0.21373507018150106, 0.1672046842189916
203, 0.4243978073101967, 0.6336959149287422
204, 0.3438655607415798, 0.8781491180058713
205, 0.9803263532132207, 0.7243735101237914
206, 0.48904867378723593, 0.042771412387488605
207, 0.4968372683761949, 0.1689122606537793
208, 0.3536520364985739, 0.8382406032645469
209, 0.19358624316543027, 0.06885784245798376
210, 0.6858161067291128, 0.4961815586140105
211, 0.8235695329295479, 0.8160635202236382
212, 0.28564005272799375, 0.5011141568302143
213, 0.694717555553796, 0.9360650550649188
214, 0.3518884881785518, 0.36492114117939356
215, 0.35608782323850907, 0.6518561357759023
216, 0.6092178211780052, 0.5072930568689453
217, 0.3610642236003322, 0.9493506795381177
218, 0.06291947796881014, 0.6391706984236891
219, 0.2987511288796987, 0.13155285306626507
end_nodes
0, 1
0, 2
0, 3
0, 4
0, 5
0, 6
0, 7
0, 8
0, 9
0, 10
0, 11
0, 12
0, 13
0, 14
15, 1
15, 2
15, 3
15, 5
15, 8
15, 9
15, 10
15, 12
15, 14
15, 16
15, 18
15, 19
15, 20
15, 22
17, 112
21, 1
21, 2
21, 3
21, 4
21, 5
21, 6
21, 7
21, 8
21, 9
21, 10
21, 11
21, 12
21, 13
21, 14
23, 1
23, 8
23, 13
23, 18
23, 26
23, 28
23, 31
23, 36
23, 39
23, 46
23, 47
23, 49
23, 54
23, 56
29, 9
30, 37
32, 1
32, 2
32, 3
32, 4
32, 5
32, 6
32, 7
32, 8
32, 9
32, 10
32, 11
32, 12
32, 13
32, 14
34, 1
34, 2
34, 3
34, 5
34, 6
34, 7
34, 8
34, 9
34, 10
34, 11
34, 12
34, 13
34, 14
34, 16
35, 1
35, 2
35, 3
35, 4
35, 5
35, 6
35, 7
35, 8
35, 9
35, 10
35, 11
35, 12
35, 13
35, 14
38, 1
38, 2
38, 3
38, 5
38, 8
38, 9
38, 10
38, 12
38, 13
38, 14
38, 16
38, 18
38, 19
38, 25
40, 9
40, 12
40, 81
40, 82
40, 145
40, 167
44, 1
44, 8
44, 13
44, 18
44, 26
44, 28
44, 31
44, 33
44, 36
44, 37
44, 39
44, 41
44, 46
44, 47
45, 31
45, 46
45, 56
45, 57
45, 61
45, 66
45, 80
45, 112
45, 154
45, 194
45, 198
45, 218
48, 1
48, 2
48, 3
48, 5
48, 6
48, 7
48, 8
48, 9
48, 10
48, 11
48, 12
48, 13
48, 16
48, 18
50, 5
50, 19
50, 25
50, 27
50, 42
50, 107
50, 144
50, 148
50, 160
50, 170
50, 182
50, 191
50, 193
51, 195
52, 1
52, 8
52, 26
52, 31
52, 36
52, 46
52, 56
52, 57
52, 61
52, 66
52, 67
52, 73
52, 78
52, 80
53, 91
53, 145
53, 167
53, 196
55, 1
55, 2
55, 3
55, 5
55, 6
55, 7
55, 8
55, 9
55, 10
55, 11
55, 12
55, 13
55, 14
55, 16
59, 1
59, 8
59, 9
59, 11
59, 13
59, 18
59, 24
59, 26
59, 28
59, 31
59, 33
59, 36
59, 37
59, 39
62, 1
62, 2
62, 3
62, 4
62, 5
62, 6
62, 7
62, 8
62, 9
62, 10
62, 11
62, 12
62, 13
62, 14
63, 2
63, 5
63, 9
63, 10
63, 11
63, 12
63, 13
63, 18
63, 19
63, 24
63, 25
63, 26
63, 27
63, 28
64, 2
64, 3
64, 4
64, 5
64, 6
64, 7
64, 10
64, 11
64, 12
64, 13
64, 14
64, 16
64, 18
64, 19
65, 14
65, 18
65, 26
65, 28
65, 33
65, 36
65, 37
65, 39
65, 41
65, 46
65, 47
65, 49
65, 54
65, 56
69, 14
69, 18
69, 26
69, 33
69, 37
69, 39
69, 41
69, 47
69, 49
69, 54
69, 67
69, 68
69, 70
69, 73
75, 2
75, 3
75, 5
75, 6
75, 7
75, 10
75, 11
75, 12
75, 14
75, 16
75, 18
75, 19
75, 24
75, 25
77, 2
77, 3
77, 10
77, 16
77, 18
77, 19
77, 25
77, 27
77, 33
77, 37
77, 39
77, 42
77, 54
77, 70
79, 11
79, 18
79, 24
79, 26
79, 28
79, 31
79, 36
79, 43
79, 46
79, 49
79, 54
79, 56
79, 57
79, 60
85, 93
85, 110
85, 155
86, 3
86, 19
86, 25
86, 27
86, 42
86, 72
86, 76
86, 88
86, 98
86, 103
86, 107
86, 135
86, 141
86, 144
87, 4
87, 6
87, 7
87, 11
87, 14
87, 16
87, 18
87, 19
87, 20
87, 24
87, 25
87, 26
87, 27
87, 28
90, 4
90, 6
90, 7
90, 16
90, 19
90, 20
90, 24
90, 25
90, 26
90, 27
90, 28
90, 31
90, 33
90, 36
94, 4
94, 6
94, 7
94, 16
94, 19
94, 20
94, 24
94, 25
94, 26
94, 27
94, 28
94, 31
94, 33
94, 36
96, 4
96, 6
96, 7
96, 16
96, 19
96, 20
96, 24
96, 25
96, 26
96, 27
96, 28
96, 31
96, 33
96, 36
97, 16
97, 19
97, 20
97, 24
97, 25
97, 26
97, 27
97, 28
97, 31
97, 33
97, 36
97, 37
97, 39
97, 41
108, 16
108, 19
108, 20
108, 24
108, 25
108, 26
108, 27
108, 28
108, 31
108, 33
108, 36
108, 37
108, 39
108, 41
113, 93
113, 110
113, 112
114, 93
114, 110
114, 112
114, 155
116, 4
116, 20
116, 24
116, 25
116, 27
116, 28
116, 31
116, 33
116, 36
116, 37
116, 39
116, 41
116, 42
116, 43
119, 25
119, 27
119, 28
119, 33
119, 36
119, 37
119, 39
119, 41
119, 42
119, 47
119, 49
119, 54
119, 56
119, 58
120, 31
120, 33
120, 36
120, 37
120, 39
120, 41
120, 46
120, 47
120, 49
120, 54
120, 56
120, 57
120, 58
120, 61
121, 24
121, 27
121, 31
121, 33
121, 37
121, 39
121, 41
121, 42
121, 43
121, 46
121, 47
121, 49
121, 54
121, 56
122, 20
122, 24
122, 27
122, 37
122, 39
122, 41
122, 42
122, 43
122, 46
122, 47
122, 49
122, 54
122, 56
122, 57
124, 4
124, 20
124, 24
124, 37
124, 39
124, 41
124, 42
124, 43
124, 46
124, 47
124, 49
124, 54
124, 56
124, 57
125, 20
125, 41
125, 42
125, 43
125, 46
125, 47
125, 49
125, 54
125, 56
125, 57
125, 58
125, 60
125, 61
125, 66
127, 4
127, 20
127, 41
127, 42
127, 43
127, 46
127, 47
127, 49
127, 54
127, 56
127, 57
127, 58
127, 60
127, 61
130, 41
130, 47
130, 49
130, 54
130, 67
130, 68
130, 70
130, 81
130, 82
130, 89
130, 91
130, 92
130, 95
130, 106
134, 42
134, 74
134, 98
134, 103
134, 104
134, 107
134, 141
134, 144
134, 160
134, 164
134, 169
134, 170
134, 191
134, 193
147, 4
147, 20
147, 42
147, 43
147, 46
147, 47
147, 49
147, 54
147, 56
147, 57
147, 58
147, 60
147, 61
147, 66
150, 20
150, 42
150, 43
150, 46
150, 47
150, 49
150, 56
150, 57
150, 58
150, 60
150, 61
150, 66
150, 67
150, 68
157, 42
157, 43
157, 57
157, 58
157, 60
157, 61
157, 66
157, 67
157, 68
157, 70
157, 71
157, 72
157, 73
157, 74
159, 70
159, 81
159, 82
159, 89
159, 91
159, 92
159, 137
159, 138
159, 140
159, 143
159, 145
159, 152
159, 153
159, 161
163, 43
163, 57
163, 58
163, 60
163, 61
163, 66
163, 67
163, 68
163, 70
163, 71
163, 72
163, 73
163, 74
163, 76
166, 43
166, 57
166, 58
166, 60
166, 61
166, 66
166, 67
166, 68
166, 70
166, 71
166, 72
166, 73
166, 74
166, 76
168, 57
168, 58
168, 61
168, 66
168, 67
168, 68
168, 70
168, 71
168, 73
168, 74
168, 76
168, 78
168, 80
168, 81
172, 43
172, 58
172, 60
172, 61
172, 66
172, 67
172, 68
172, 70
172, 71
172, 72
172, 73
172, 74
172, 76
172, 78
173, 43
173, 58
173, 60
173, 61
173, 66
173, 67
173, 68
173, 70
173, 71
173, 72
173, 73
173, 74
173, 76
173, 78
174, 60
174, 61
174, 66
174, 73
174, 80
174, 93
174, 99
174, 100
174, 102
174, 109
174, 110
174, 111
174, 112
174, 115
175, 22
175, 58
175, 67
175, 68
175, 70
175, 71
175, 72
175, 73
175, 74
175, 76
175, 81
175, 82
175, 84
175, 88
176, 58
176, 60
176, 66
176, 67
176, 68
176, 70
176, 71
176, 72
176, 73
176, 74
176, 76
176, 78
176, 80
176, 81
177, 60
177, 93
177, 110
177, 155
178, 60
178, 66
178, 67
178, 73
178, 78
178, 80
178, 93
178, 99
178, 100
178, 101
178, 102
178, 109
178, 110
178, 111
179, 129
179, 181
179, 186
187, 67
187, 68
187, 70
187, 74
187, 81
187, 82
187, 89
187, 91
187, 92
187, 95
187, 98
187, 103
187, 104
187, 106
188, 68
188, 70
188, 71
188, 72
188, 73
188, 74
188, 76
188, 78
188, 80
188, 81
188, 82
188, 83
188, 84
188, 88
190, 68
190, 71
190, 72
190, 73
190, 74
190, 76
190, 78
190, 80
190, 81
190, 82
190, 84
190, 88
190, 89
190, 91
192, 71
192, 78
192, 80
192, 81
192, 89
192, 92
192, 93
192, 95
192, 100
192, 101
192, 102
192, 105
192, 106
192, 109
197, 71
197, 72
197, 74
197, 76
197, 78
197, 80
197, 81
197, 82
197, 83
197, 84
197, 88
197, 89
197, 91
197, 92
202, 93
202, 110
202, 155
206, 71
206, 72
206, 74
206, 76
206, 78
206, 80
206, 81
206, 82
206, 83
206, 84
206, 88
206, 89
206, 91
206, 92
207, 71
207, 76
207, 78
207, 80
207, 81
207, 82
207, 83
207, 89
207, 91
207, 92
207, 93
207, 95
207, 98
207, 99
209, 123
209, 129
209, 181
209, 186
210, 81
210, 82
210, 89
210, 91
210, 92
210, 95
210, 98
210, 102
210, 103
210, 104
210, 105
210, 106
210, 107
210, 109
216, 89
216, 92
216, 95
216, 100
216, 102
216, 105
216, 106
216, 109
216, 111
216, 115
216, 118
216, 128
216, 131
216, 137
219, 93
219, 99
219, 110
219, 112
219, 123
219, 129
219, 136
219, 155
219, 181
219, 186
end