560
4
0, 0.2599321940587097, 0.8869227359982427
1, 0.052480734525864436, 0.9061418829058114
2, 0.6394352170887815, 0.11904907308727297
3, 0.4435249939239717, 0.5909416909691697
4, 0.06694602229021074, 0.720382096349463
5, 0.8304891641327051, 0.040968182884766446
6, 0.5304862418284291, 0.5351995896308928
7, 0.995647430036304, 0.3692274102042895
8, 0.6064231957420143, 0.19174902084082845
9, 0.9821049230145588, 0.1350452972505769
10, 0.6646465404590022, 0.2338123048952475
11, 0.39436594093494093, 0.5468367137579373
12, 0.020207637119876276, 0.14684990568313117
13, 0.37419264279901465, 0.025057323606527238
14, 0.28886072391705275, 0.1713032238700004
15, 0.05610872150832791, 0.8428617790925317
16, 0.970122888311076, 0.3318156395029348
17, 0.23632154267613514, 0.46188055000164563
18, 0.011368711959912292, 0.44591480853848253
19, 0.2611507422260346, 0.1842570266674154
20, 0.4700574023047437, 0.45986330428525135
21, 0.4964612060644701, 0.9858358743595699
22, 0.2050087914245624, 0.7818235253379392
23, 0.8748750182631327, 0.7927927579023581
24, 0.5421536401251323, 0.6996092487180419
25, 0.9596506792779853, 0.8744345814139358
26, 0.5296374823679636, 0.489884435574211
27, 0.02128366322835007, 0.499916305519729
28, 0.8682387628435623, 0.18791445390834427
29, 0.7750631838238218, 0.13559253359457613
30, 0.7586069585762333, 0.6549731027351698
31, 0.7414667803763476, 0.7244575018049559
32, 0.47817342727587353, 0.37380643400900126
33, 0.8651466760484235, 0.5620161243592492
34, 0.11443112806016564, 0.8408760347197729
35, 0.7681731949958118, 0.4410620654647217
36, 0.5080889050856862, 0.2684744850122889
37, 0.8260299406631292, 0.6718840430825134
38, 0.8408201693004916, 0.397819508127492
39, 0.30605227033011706, 0.4621831025124714
40, 0.2809219762725531, 0.5760700184474915
41, 0.44003699932016627, 0.7271639198663182
42, 0.37926685012593964, 0.6521757149549801
43, 0.1811630979437303, 0.6314152485382646
44, 0.15876333865238068, 0.8610862306112523
45, 0.68926889949277, 0.5574467152987619
46, 0.5866399241829158, 0.11242003688805324
47, 0.18343576430219344, 0.009724019139356055
48, 0.21393256667057858, 0.15477532557222162
49, 0.20393876723741644, 0.8575536369702995
50, 0.17286672678210768, 0.9660383560147754
51, 0.7375220372612259, 0.3441725574509288
52, 0.45188529585019455, 0.5756415282174879
53, 0.28607071547420526, 0.5007027413195239
54, 0.602406493009825, 0.06574031905532607
55, 0.42464174572588975, 0.161442695278192
56, 0.22318772273783105, 0.5063492873922736
57, 0.23459423034082416, 0.5287625678968494
58, 0.37951481019053224, 0.5274805327664992
59, 0.46673960732326614, 0.9031337362923375
60, 0.9145498046526833, 0.3284996844572051
61, 0.0026806603036798604, 0.40955954149787366
62, 0.4771075978529884, 0.8227298107425174
63, 0.08468445394020363, 0.7711290380802148
64, 0.19138765929472001, 0.40431660164984906
65, 0.9670661997391112, 0.16384980827455775
66, 0.9171691462594872, 0.8068361402618319
67, 0.12206296361356916, 0.49688489442409944
68, 0.5614390197951843, 0.9162244367899756
69, 0.26055833993413136, 0.6094654018348759
70, 0.43204549807132, 0.30682106789440766
71, 0.01953802428905993, 0.4347445142907935
72, 0.3628548169449136, 0.6516467274053925
73, 0.8983934680424631, 0.16774578872408485
74, 0.5228134023476462, 0.8304704994388249
75, 0.3909124913806573, 0.8426452115437879
76, 0.3358753888177053, 0.8853479875691012
77, 0.04066649876135264, 0.5365406003609968
78, 0.38140245431263065, 0.621310988145604
79, 0.40362710765080634, 0.2808284907333851
80, 0.23333145944791267, 0.39211206423962286
81, 0.6661091812037802, 0.5795804625393284
82, 0.7735170521650222, 0.5603965835971166
83, 0.24725544232719532, 0.5576466616240708
84, 0.35753434345148716, 0.9430719870110971
85, 0.9439503027583586, 0.17914845426888615
86, 0.8848477423875241, 0.05584381979082098
87, 0.5857514644685359, 0.6386174086868912
88, 0.44872123032362554, 0.0658504045669196
89, 0.11518254496763614, 0.6201774966503697
90, 0.37286072689891736, 0.3803562149582175
91, 0.3997910954425885, 0.1991264011349586
92, 0.7186916125614842, 0.9170428410089665
93, 0.15202730730841718, 0.7160537517050822
94, 0.6220092109444174, 0.4448939291546481
95, 0.9906168589848879, 0.47010476260632617
96, 0.8849990812146432, 0.3572635603914647
97, 0.23981327718857304, 0.7782249509180303
98, 0.587287964473878, 0.1881580362290115
99, 0.4539064685823979, 0.11402139130999467
100, 0.3394467973339528, 0.693980328372893
101, 0.758944886874055, 0.6223259387842719
102, 0.449195264525722, 0.7333799259447454
103, 0.23239579701308255, 0.167380920839295
104, 0.8059907820863703, 0.5272967564071881
105, 0.15074075959291255, 0.4876692193750044
106, 0.2832324154622513, 0.9191836818726273
107, 0.08203982475717131, 0.753782922766523
108, 0.9531088869803857, 0.8166707546514355
109, 0.46833761886974556, 0.9511705896456234
110, 0.16717143711822857, 0.6047245706670361
111, 0.9926040709123906, 0.2775120305939799
112, 0.8668420621557175, 0.8218626382356425
113, 0.7665145052469508, 0.26921718537733574
114, 0.8492399079826559, 0.4364613256247353
115, 0.9644521781813603, 0.10694890398228274
116, 0.2305889760718356, 0.05918531057525256
117, 0.7448666721428265, 0.260887061371191
118, 0.7049451406902393, 0.35791604437750324
119, 0.9163520250804146, 0.5492332044773212
120, 0.7747260902794444, 0.966593226963368
121, 0.3996656842817219, 0.7842539926496406
122, 0.7154407141679433, 0.3331884678674468
123, 0.9717288091542654, 0.9474483013345487
124, 0.41601962423827044, 0.9171574212937402
125, 0.2613378234813588, 0.6630512791893217
126, 0.5077575547805401, 0.08170611031662312
127, 0.8701847705675427, 0.6038814130653067
128, 0.9866573502298568, 0.9002383225609322
129, 0.7249156972844238, 0.998600124918233
130, 0.7484811457062872, 0.1640602151441246
131, 0.2104648738109287, 0.4528268278316274
132, 0.830496467682048, 0.3148463947973903
133, 0.7801371920482861, 0.6782309193580284
134, 0.7267206983380211, 0.09432715435536987
135, 0.5393283661715215, 0.5167540599652715
136, 0.8591233681561778, 0.25280196838471514
137, 0.7653417858703858, 0.5049213357737893
138, 0.8091337671466486, 0.19417797922239066
139, 0.7727540892290581, 0.8247989195702661
140, 0.22097752358969913, 0.14881883880185875
141, 0.9501616346509524, 0.8268825883268733
142, 0.5690005026581126, 0.4732524535343138
143, 0.027402853777826697, 0.6014127352362951
144, 0.49631378052464925, 0.7184452763280772
145, 0.3609323665434443, 0.1373993209575176
146, 0.7525127241279258, 0.722688080774713
147, 0.2373647640283163, 0.15533954513796133
148, 0.4357051434782786, 0.9356415698451283
149, 0.44699872872608637, 0.2532360667857
150, 0.26116331538386484, 0.8186617234222165
151, 0.6582686496301309, 0.9811405351368544
152, 0.3289795337956962, 0.6609418966050972
153, 0.044280679606734874, 0.02427264046447397
154, 0.40788323486375533, 0.4799302027386074
155, 0.45423004212480256, 0.7885713040833802
156, 0.3024489760221236, 0.4138781420758826
157, 0.5088152064447189, 0.597972984500283
158, 0.8528122060689239, 0.8008165397880247
159, 0.5679376346924598, 0.9999252490029586
160, 0.9372059531845266, 0.2868707428535109
161, 0.18327446393384406, 0.8330570613745178
162, 0.24835148227123727, 0.9799216711478961
163, 0.8697395139756644, 0.9900457518505288
164, 0.4936856210215632, 0.003460471043839619
165, 0.38325540347302056, 0.7161523048696466
166, 0.8653330324461891, 0.5290722900186235
167, 0.8049612582948312, 0.10266115688095445
168, 0.8956229961563326, 0.7960165067086454
169, 0.7849244959361268, 0.8664250594455329
170, 0.8783553205373038, 0.4869529906057969
171, 0.1467186030000176, 0.4330453810583682
172, 0.41254355030919765, 0.0699572367869018
173, 0.9173934316936303, 0.9516839578265323
174, 0.8013085939724445, 0.18415755821095248
175, 0.3179785789166133, 0.7240179470793487
176, 0.23966445677179826, 0.36472528716839847
177, 0.5390654014526639, 0.38042124394571164
178, 0.8630713626246425, 0.5179312251361561
179, 0.7401841118722455, 0.7522812382619202
180, 0.01708153957083791, 0.638726161228736
181, 0.07525060876701906, 0.6629732785686921
182, 0.24530896501328225, 0.6182100585682971
183, 0.6595925243811992, 0.5096014733407203
184, 0.4673205343963158, 0.7375479003289585
185, 0.8976973148999446, 0.7724052957284968
186, 0.8388268196237395, 0.48451146698874425
187, 0.22394865103550876, 0.30043164024950053
188, 0.2058746118166631, 0.29739756540246043
189, 0.14957135644922748, 0.8630153807587612
190, 0.6806235969265567, 0.23156122205162322
191, 0.5652317412648425, 0.9687259588436916
192, 0.18181210192790442, 0.814231320027268
193, 0.7708397810316421, 0.004440100619103271
194, 0.399103375778719, 0.7842623464508889
195, 0.2101262962955266, 0.0635996658344199
196, 0.6613892453965718, 0.4801448056643487
197, 0.05062419194162737, 0.20760326098783755
198, 0.3411705098097402, 0.35689929610407944
199, 0.48582049672072714, 0.30848396559366065
200, 0.4979740098628015, 0.39188787333355335
201, 0.5417853303739211, 0.39518797018972573
202, 0.5128957981329985, 0.6534564147461076
203, 0.7021481306929696, 0.6508184394821958
204, 0.4552902337295742, 0.8102518382583742
205, 0.6540653626980846, 0.7634745856971143
206, 0.8128135971444763, 0.12975739857369017
207, 0.26770034914724494, 0.759338632009559
208, 0.11638523677245982, 0.9153651938481764
209, 0.7307810551645102, 0.16952193945507255
210, 0.9947870539449282, 0.5804933465834919
211, 0.37182888038119666, 0.10332015643860526
212, 0.10471627593752042, 0.5905940152790703
213, 0.5939540653024085, 0.5252959960230332
214, 0.03374774813428716, 0.712455897565659
215, 0.13439426301153679, 0.8406588690142169
216, 0.6988718263384237, 0.07510436415060817
217, 0.21302410281462203, 0.30407510462722165
218, 0.8712832997859496, 0.17678172837590755
219, 0.9081101814757443, 0.9989986864882818
220, 0.2259056661902794, 0.277241054270419
221, 0.8664843569466257, 0.920731332103751
222, 0.8167285325045182, 0.530656052716263
223, 0.38142202012951243, 0.20254466627002332
224, 0.4953995111358883, 0.6302750127182466
225, 0.7970650504146354, 0.19693821025044278
226, 0.0414802527771061, 0.8989890059583278
227, 0.45003836291322785, 0.6555841021868793
228, 0.553489661015304, 0.7252803353038507
229, 0.9775928747304249, 0.92448850375379
230, 0.8328867747954904, 0.30833230634809505
231, 0.5447383402579662, 0.11349461320095122
232, 0.7442977304425659, 0.40790498201852976
233, 0.5584895382691661, 0.3656387616978849
234, 0.8978237043399959, 0.21558432756650214
235, 0.5269470631038108, 0.25042234326672197
236, 0.7766404728273016, 0.17052165766813476
237, 0.6354039304076963, 0.5546158948574508
238, 0.5284525186313168, 0.5653114730866189
239, 0.38617621451594175, 0.7282814165400431
240, 0.5647928682538371, 0.8651000837583965
241, 0.49656126970001635, 0.8976041462391896
242, 0.004050055256726748, 0.5815544008399675
243, 0.41497353674959536, 0.46817110310195553
244, 0.40633960890329346, 0.8529362550581444
245, 0.6638083492334853, 0.019589333461470848
246, 0.096103040597187, 0.30911385268588343
247, 0.7698264797672434, 0.6505989290230556
248, 0.879120967410188, 0.3902109643796353
249, 0.3073195762696599, 0.23517866796958253
250, 0.05386891155105289, 0.028609086693586194
251, 0.7574247985467647, 0.5790197952758888
252, 0.40960718852368183, 0.7091673652596571
253, 0.46742696124082905, 0.5229431840573142
254, 0.8508873033842882, 0.21346240975206798
255, 0.026913711423103948, 0.3926187574394102
256, 0.18355260336009993, 0.36506537402272876
257, 0.43270746661697057, 0.17671350884096781
258, 0.25827309433713275, 0.22134929312061946
259, 0.6641622309380008, 0.8200403081981882
260, 0.5210957705813063, 0.04263608920211903
261, 0.6389135987005461, 0.17535397823219734
262, 0.4425001174898169, 0.1981293450966155
263, 0.864692322192807, 0.008170473710243376
264, 0.6879127512398775, 0.6605384758573946
265, 0.6176531668865654, 0.8892456885412455
266, 0.2549807855248658, 0.36260490334011486
267, 0.2852990935192088, 0.8333364499409406
268, 0.28159970891493835, 0.8111600806549135
269, 0.5721053760712345, 0.2940236617301867
270, 0.5891316185478617, 0.20516234715691972
271, 0.5482115509014173, 0.3116811562691735
272, 0.7413059573114539, 0.6089707076501286
273, 0.13833104991644474, 0.8321096386891331
274, 0.0788816118245933, 0.28190935188533517
275, 0.2277961763971179, 0.7053475015738385
276, 0.41684435330581326, 0.3038707247466136
277, 0.31640145744494264, 0.09349470869047138
278, 0.9523580896223282, 0.8227811809677255
279, 0.23769407070821758, 0.5334027256329533
280, 0.7096724054104321, 0.619608409834391
281, 0.902270088642201, 0.9041930901058398
282, 0.22320850837152328, 0.1831464345861652
283, 0.855151187869304, 0.8648663270440274
284, 0.24691508996842682, 0.18281232221294175
285, 0.8451657080503078, 0.3077491859440231
286, 0.35949388538867355, 0.1706470314866485
287, 0.7443649831123582, 0.3963139429867034
288, 0.23561728104229118, 0.35459327822771514
289, 0.20605417674124882, 0.06570749460694192
290, 0.9724885646337587, 0.9817841171011074
291, 0.9421697959080427, 0.8636957657016857
292, 0.8522076882999258, 0.20535314678416006
293, 0.5351722199905202, 0.5583877743747165
294, 0.8563671341103323, 0.3953607114006621
295, 0.19914298204582903, 0.028298769684732883
296, 0.08462522176806153, 0.47670049068100706
297, 0.9858106199698977, 0.9300411587683207
298, 0.427444148856552, 0.9846031024032265
299, 0.5188143500235144, 0.6203518314445593
300, 0.8493200486593632, 0.9170090984161554
301, 0.35906367869058453, 0.3561220216334715
302, 0.6353312719180414, 0.8937780570981939
303, 0.645401919427301, 0.61886095960466
304, 0.0007854886956895069, 0.9213911433383094
305, 0.1950505910896383, 0.31717606451352
306, 0.7768700954893241, 0.868620663207941
307, 0.1586133800114825, 0.19160228336341978
308, 0.660522451634628, 0.4495709774571395
309, 0.22465145854373147, 0.5450476300832606
310, 0.7637929309007835, 0.9763429982589104
311, 0.7903305370780508, 0.2359009046162318
312, 0.6884644362863265, 0.45606940240206384
313, 0.35306796602342383, 0.7301071154145985
314, 0.7048943937019804, 0.518990980293094
315, 0.49451392258198423, 0.8790088714753517
316, 0.554771509414865, 0.8132716649838865
317, 0.5522950484451988, 0.8794283283645673
318, 0.7878350142727409, 0.9420659978513014
319, 0.2886087084236416, 0.9928570352006773
320, 0.7346754995341767, 0.854997940544141
321, 0.33293033011532036, 0.5370731254307357
322, 0.29265903252663494, 0.8726418159708424
323, 0.6555365780299681, 0.17839296889237832
324, 0.2789037723002089, 0.502510263642545
325, 0.6829885214621542, 0.0621966067560229
326, 0.3198956214420994, 0.6636469349296
327, 0.6345272333699725, 0.6490553795192359
328, 0.329109799921495, 0.9982638650739584
329, 0.48617061685127716, 0.9231951035984366
330, 0.3212982414732569, 0.5074369958828727
331, 0.8458163320787941, 0.6566707126724797
332, 0.9842586109994516, 0.9927540577252361
333, 0.1267773798964965, 0.09869700929743008
334, 0.7552041371360005, 0.0354901625463927
335, 0.6264968952940557, 0.4961587171594046
336, 0.8774642261234777, 0.6429488081313746
337, 0.056771382398853376, 0.04236734504428885
338, 0.5463789995353103, 0.6842018367705552
339, 0.026241005662603678, 0.965929787575991
340, 0.718939046665521, 0.36133239675680795
341, 0.10873270920508515, 0.8549800275368488
342, 0.5355401560535555, 0.8099394661668681
343, 0.2937837423140164, 0.6727124812577793
344, 0.44760110828050925, 0.44440917868509855
345, 0.27480978785151766, 0.15080579125349347
346, 0.2103671829332625, 0.5869768271770796
347, 0.3788618122759414, 0.39488059107575246
348, 0.45736554162492016, 0.6993048167065127
349, 0.41347680264331077, 0.4810353458710619
350, 0.2435855246924611, 0.8248220618527277
351, 0.20829545085209134, 0.33170646898308875
352, 0.13794198291231885, 0.07143372999937092
353, 0.11487988903993374, 0.13738797070089215
354, 0.6714491951668312, 0.8191207536350097
355, 0.7373770853122457, 0.11146226028977113
356, 0.5162236865688589, 0.1748055045791761
357, 0.44855369292617153, 0.11187047588675225
358, 0.4203050725118669, 0.62960360805404
359, 0.24263875762827158, 0.970766008270204
360, 0.012708482058393478, 0.5364233302898194
361, 0.45416156790155415, 0.765409741371847
362, 0.8168827678728001, 0.9832422467379086
363, 0.1634729582542721, 0.037401987498144273
364, 0.22673675483758504, 0.5044079233577323
365, 0.5800237431806087, 0.8454654104399486
366, 0.946418472261399, 0.6902106538084551
367, 0.8228770333189281, 0.7920561134403721
368, 0.4644187737303014, 0.8871103127777461
369, 0.6466976497145798, 0.24778298862270087
370, 0.3495942726767579, 0.5583775406842763
371, 0.864376831222351, 0.995966721615752
372, 0.31491007504319846, 0.9403300678329735
373, 0.40675176739803554, 0.7973921657192561
374, 0.8448224359491266, 0.7745622465103313
375, 0.6861144988936689, 0.4475304528372246
376, 0.8083789202267274, 0.8377168767127241
377, 0.06941074178354179, 0.015195093217450828
378, 0.9696338619513498, 0.35580563673083776
379, 0.7199274216323086, 0.28939348156083644
380, 0.6474285450206163, 0.666704101280468
381, 0.00045170652877757345, 0.35615967028334106
382, 0.959461909869745, 0.11772551867902559
383, 0.03604819602110165, 0.42000390346265193
384, 0.008065071034636495, 0.8046996686174861
385, 0.5285248543025852, 0.8638555154590802
386, 0.8202805831125646, 0.9108034844115831
387, 0.8434302140198616, 0.5286993267032579
388, 0.5898715282552527, 0.05948666911822753
389, 0.4303533002968266, 0.6351603414264992
390, 0.018003516632548067, 0.8297248053130777
391, 0.6539720738957852, 0.5499697582341215
392, 0.6418725217969543, 0.5333365436407008
393, 0.39825746468324097, 0.055434008191546535
394, 0.8984592385298233, 0.6184572007522472
395, 0.18609978174760045, 0.8787347835033008
396, 0.25347882311425707, 0.3990081752116271
397, 0.5473445274639497, 0.029656144600091028
398, 0.5647781928903054, 0.9354772992946719
399, 0.6023454411083455, 0.48674496448077587
400, 0.8686948732004883, 0.45191002154450755
401, 0.43889476915961967, 0.733195346375213
402, 0.8370289879034337, 0.08743422119201183
403, 0.3026668846057803, 0.19556306190907413
404, 0.21382592794599053, 0.5695115803407232
405, 0.10323425328430946, 0.7340301570411801
406, 0.40201928336162196, 0.7299171638985916
407, 0.9766412711645291, 0.42387956463014187
408, 0.40470048444896867, 0.1914717548483359
409, 0.4898981619820755, 0.9715609945969736
410, 0.41302225219046496, 0.9791376667515171
411, 0.5728879643204108, 0.532926625236637
412, 0.7992568461321681, 0.5616884409650323
413, 0.08877899121401178, 0.6935579843817749
414, 0.3981828220068373, 0.6771961376164337
415, 0.12300522255304946, 0.16252046271365683
416, 0.6698419427604148, 0.7850226571913891
417, 0.40054607928006214, 0.4712461558313107
418, 0.7922385681903693, 0.4108983515697162
419, 0.22366823776722045, 0.1429428152388159
420, 0.8068908038763182, 0.566237856573177
421, 0.249567920300945, 0.21319094315335663
422, 0.1768611031094679, 0.6939681779586154
423, 0.45017268962969625, 0.828238077128728
424, 0.9279961853404746, 0.8999099770704715
425, 0.9642750792785589, 0.41657620590636124
426, 0.5760344929112114, 0.32876059724480944
427, 0.5553406378962165, 0.42526184417355695
428, 0.9056113963038388, 0.9703465776872991
429, 0.5375323307522604, 0.33365196174283573
430, 0.5727291021378881, 0.558917348311108
431, 0.5810943437462949, 0.7606432950021453
432, 0.8706675688015374, 0.4959616228169005
433, 0.41079175121668865, 0.5266492455482112
434, 0.9426586410210409, 0.6964425877194442
435, 0.06326744687229668, 0.651997321227368
436, 0.996903132910839, 0.9238341360746605
437, 0.4279902284789636, 0.9048887363776457
438, 0.5340685729174568, 0.2521916730497904
439, 0.8353548273214156, 0.8362376484742826
440, 0.03934313581712068, 0.7080405565574962
441, 0.5706059760293654, 0.9249940797322983
442, 0.4882160474630485, 0.817334959229578
443, 0.010199910757553554, 0.20266742546117988
444, 0.9410326211345359, 0.5095247709814683
445, 0.9841150102342443, 0.720848639691892
446, 0.8443964428404251, 0.4273701496787452
447, 0.2079097080261182, 0.6991675424394094
448, 0.06363722725193477, 0.016677395291716968
449, 0.9008720654218738, 0.9488861919300551
450, 0.07633349281153645, 0.20642882844936739
451, 0.790850309347337, 0.5017828113481976
452, 0.6689177354160306, 0.7144645485209263
453, 0.3385690949881115, 0.4641659611418343
454, 0.17078562400553177, 0.5685913271858537
455, 0.5545940714685516, 0.27335795667437046
456, 0.8821449246353753, 0.1019692802210338
457, 0.4756150679237672, 0.19269593047207956
458, 0.3919458869078428, 0.4257588085402991
459, 0.7499087507009188, 0.17463860750024707
460, 0.5493509520323084, 0.6601259066769116
461, 0.5834591611137627, 0.15869206656827206
462, 0.32485862885630823, 0.3850749268571183
463, 0.1276547452073763, 0.16542155709187245
464, 0.427931224111888, 0.5916076906855511
465, 0.9153278967521596, 0.6181344013469835
466, 0.15462536571378382, 0.5044934786926024
467, 0.9325302455360529, 0.904671394404856
468, 0.0772917810486542, 0.9795078104159539
469, 0.805245540401892, 0.05468665353899049
470, 0.6660527694242935, 0.8561556649997458
471, 0.6127734379215718, 0.5318392307081526
472, 0.6504468490729369, 0.5158954449827408
473, 0.6888779357904655, 0.8008174655159295
474, 0.9757280882074507, 0.4133491313627847
475, 0.7361384029440006, 0.7560728485860361
476, 0.8869618873091989, 0.28572600640901424
477, 0.641409460289235, 0.15025202995877696
478, 0.08901636776969557, 0.6479193515840782
479, 0.13039800474364382, 0.22138848280914736
480, 0.5406460835435434, 0.9243114553803374
481, 0.33143390114375204, 0.0348672032605859
482, 0.07832279443502, 0.7921467863183317
483, 0.6057793802032414, 0.5628267111580962
484, 0.227845049360487, 0.4281843078527138
485, 0.48346533264076597, 0.7852429308641733
486, 0.4749474720830015, 0.6321075690893405
487, 0.263352750892096, 0.025951555612643395
488, 0.6789787423213073, 0.700549907505588
489, 0.5320165957326703, 0.24588916055413157
490, 0.4418251762524139, 0.5256982802700811
491, 0.11504709275479641, 0.9551313208826522
492, 0.46227203807137107, 0.7956064029084158
493, 0.4765787826242047, 0.9577196073737135
494, 0.7266811108910943, 0.9373306180263706
495, 0.9787239434658959, 0.2759876860652215
496, 0.29725857059833605, 0.37597269985958814
497, 0.40367022982035194, 0.45781769025578245
498, 0.07623802098075094, 0.35215974939710293
499, 0.795931180208387, 0.6978378073041998
500, 0.36962968226847737, 0.1341423078221713
501, 0.5959187074341211, 0.4616999500532679
502, 0.98733329033886, 0.09363904448596572
503, 0.8282216764469037, 0.957722008665868
504, 0.8515513553738688, 0.998413797095721
505, 0.3201753399048147, 0.16007319088484973
506, 0.6878539942060059, 0.9586316578683944
507, 0.6795281974220604, 0.9485827529623427
508, 0.5677948067944054, 0.1390882348212238
509, 0.31191976643636465, 0.5975935478099198
510, 0.0670318996664927, 0.785274338575573
511, 0.7223491434468495, 0.746479180429892
512, 0.0861848542676773, 0.6247801910527372
513, 0.1599008099728565, 0.3486427184630364
514, 0.7080792497757524, 0.6024398538184937
515, 0.7280572262083074, 0.32466210445042354
516, 0.37039500111407897, 0.24827064910654295
517, 0.5046966597338033, 0.021933284497532513
518, 0.17292458119807197, 0.5295784616756832
519, 0.8343999552022598, 0.8234842885427813
520, 0.4820086461572278, 0.5148540944227441
521, 0.9684302173481187, 0.3587519221208194
522, 0.577296987949862, 0.8584728157367062
523, 0.4419563220354178, 0.8026354722799108
524, 0.5607118373409303, 0.2972407361659448
525, 0.8177338006444241, 0.005020709138318313
526, 0.09986169921142962, 0.44834243891684467
527, 0.6919711724224988, 0.24234511235938383
528, 0.8620782908344377, 0.12222544676319358
529, 0.14022913034900186, 0.5030268980895777
530, 0.48245554453658346, 0.4540990148642716
531, 0.6199750728738865, 0.6675187950083109
532, 0.43725901357786856, 0.8746387011934514
533, 0.7489855119599628, 0.4517221089613881
534, 0.1341903837413968, 0.1280607871257231
535, 0.6057885066239729, 0.1618762546856164
536, 0.8464177131229921, 0.24076251872089138
537, 0.6085098442234351, 0.9954438028631434
538, 0.4423207151487428, 0.008307967663874205
539, 0.5070306973992251, 0.3142936610826962
540, 0.8008382200742643, 0.4251877928965422
541, 0.6542892957886378, 0.568636930065252
542, 0.13949957494722487, 0.943925000048448
543, 0.5393753035843684, 0.9482927483322359
544, 0.7324666665844113, 0.5340007910088148
545, 0.4061513165160968, 0.26380330930765916
546, 0.057295121012033934, 0.8678448806326182
547, 0.09718591346969174, 0.6482185452991568
548, 0.9471475018202662, 0.1364314721515284
549, 0.223108411459761, 0.12606116742585616
550, 0.9652882747670664, 0.6409336860945543
551, 0.5347427891376756, 0.11709004982931115
552, 0.35183254950482923, 0.4891633157071027
553, 0.05493263209799204, 0.2234367094270947
554, 0.9374162083874182, 0.11809456423560116
555, 0.5655095743605523, 0.8478038733374277
556, 0.7640114852653748, 0.9197787206582689
557, 0.6605964232575886, 0.45328085041959976
558, 0.06736871035837133, 0.6750065057910021
559, 0.2676820423929567, 0.6218309817860468
end_nodes
0, 1
0, 2
0, 3
0, 4
0, 5
0, 6
0, 7
0, 8
0, 9
0, 10
0, 11
0, 12
0, 13
0, 14
0, 15
0, 16
0, 17
0, 18
0, 19
0, 20
0, 21
0, 22
0, 23
1, 15
1, 18
1, 21
1, 27
1, 50
1, 61
1, 77
1, 84
1, 106
1, 143
1, 159
1, 162
1, 180
1, 208
1, 214
1, 226
1, 242
1, 298
1, 304
1, 319
1, 328
1, 339
2, 5
2, 8
2, 10
2, 11
2, 13
2, 20
2, 32
2, 36
2, 46
2, 52
2, 54
2, 55
2, 58
2, 70
2, 72
2, 78
2, 79
2, 88
2, 90
2, 91
2, 98
2, 99
3, 5
3, 10
3, 190
3, 209
3, 358
3, 414
3, 427
3, 469
3, 527
4, 15
4, 34
4, 44
4, 49
4, 63
4, 77
4, 93
4, 107
4, 161
4, 181
4, 189
4, 192
4, 215
4, 273
4, 405
4, 413
4, 435
4, 478
4, 482
4, 510
4, 512
4, 547
5, 6
5, 9
5, 13
5, 26
5, 28
5, 29
5, 47
5, 51
5, 54
5, 73
5, 86
5, 94
5, 113
5, 115
5, 117
5, 118
5, 122
5, 130
5, 134
5, 135
6, 9
6, 26
6, 29
6, 51
6, 94
6, 135
6, 136
6, 142
6, 157
6, 165
6, 213
6, 224
6, 227
6, 234
6, 238
6, 239
6, 252
6, 293
6, 308
6, 335
6, 340
7, 9
7, 16
7, 23
7, 24
7, 25
7, 30
7, 31
7, 33
7, 37
7, 45
7, 62
7, 65
7, 66
7, 74
7, 75
7, 81
7, 82
7, 85
7, 87
7, 95
7, 101
7, 104
8, 42
8, 52
8, 253
8, 271
8, 313
8, 429
8, 464
8, 490
8, 524
8, 530
9, 28
9, 41
9, 51
9, 65
9, 73
9, 85
9, 102
9, 111
9, 113
9, 115
9, 136
9, 196
9, 202
9, 224
9, 232
9, 234
9, 254
9, 287
9, 292
10, 52
10, 134
10, 177
10, 190
10, 201
10, 233
10, 261
10, 269
10, 323
10, 355
10, 369
10, 426
10, 469
10, 477
10, 520
11, 32
11, 58
11, 72
11, 100
11, 152
11, 175
11, 267
11, 268
11, 270
11, 321
11, 326
11, 330
11, 343
11, 344
11, 349
11, 370
11, 433
11, 455
11, 509
12, 13
12, 14
12, 17
12, 18
12, 19
12, 22
12, 43
12, 47
12, 48
12, 56
12, 57
12, 61
12, 64
12, 67
12, 71
12, 80
12, 89
12, 97
12, 103
12, 105
12, 110
12, 116
13, 14
13, 39
13, 40
13, 47
13, 48
13, 53
13, 54
13, 55
13, 79
13, 88
13, 90
13, 91
13, 99
13, 116
13, 126
13, 140
13, 145
13, 147
13, 156
14, 19
14, 40
14, 48
14, 53
14, 69
14, 103
14, 125
14, 147
14, 150
14, 207
14, 249
14, 277
14, 324
14, 345
14, 403
14, 415
14, 496
14, 505
14, 559
15, 34
15, 77
15, 189
15, 215
15, 341
15, 395
15, 482
15, 510
15, 546
16, 35
16, 38
16, 45
16, 60
16, 85
16, 87
16, 96
16, 102
16, 114
16, 121
16, 132
16, 137
16, 160
16, 183
16, 194
16, 230
16, 232
16, 237
16, 248
16, 285
16, 294
17, 19
17, 56
17, 57
17, 64
17, 80
17, 83
17, 97
17, 131
17, 176
17, 182
17, 256
17, 258
17, 266
17, 279
17, 284
17, 288
17, 350
17, 364
17, 396
17, 421
17, 484
18, 22
18, 27
18, 61
18, 71
18, 77
18, 89
18, 93
18, 143
18, 212
18, 214
18, 296
18, 383
18, 512
18, 547
19, 69
19, 258
19, 266
19, 284
19, 415
19, 421
19, 463
20, 78
20, 267
21, 23
21, 25
21, 59
21, 66
21, 68
21, 76
21, 84
21, 92
21, 106
21, 108
21, 109
21, 112
21, 120
21, 123
21, 124
21, 128
21, 129
21, 139
21, 141
21, 148
21, 151
22, 67
22, 89
22, 110
22, 422
22, 498
22, 526
23, 31
23, 37
23, 59
23, 66
23, 74
23, 76
23, 112
23, 119
23, 127
23, 133
23, 139
23, 146
23, 158
23, 168
23, 179
23, 185
23, 205
23, 240
23, 241
23, 244
24, 75
24, 155
24, 186
24, 303
24, 322
24, 327
24, 361
24, 373
24, 523
25, 92
25, 95
25, 108
25, 128
25, 141
25, 191
25, 210
25, 221
25, 278
25, 281
25, 283
25, 291
25, 300
25, 366
25, 386
25, 424
25, 434
25, 445
25, 467
25, 494
25, 507
26, 130
26, 135
26, 165
26, 389
27, 77
27, 143
27, 440
28, 73
28, 113
28, 138
28, 174
28, 206
28, 218
28, 225
28, 292
28, 311
28, 402
28, 528
29, 94
29, 142
29, 459
29, 501
30, 31
30, 74
30, 101
30, 166
30, 178
30, 205
30, 247
30, 316
30, 452
30, 488
30, 511
31, 33
31, 133
31, 146
31, 166
31, 179
31, 247
31, 475
31, 499
31, 511
32, 58
32, 270
32, 344
32, 349
33, 37
33, 133
33, 425
34, 63
34, 107
34, 215
34, 482
35, 38
35, 183
35, 232
35, 294
35, 418
35, 533
35, 540
36, 58
36, 90
36, 98
36, 154
36, 199
36, 235
36, 243
36, 330
36, 347
36, 417
36, 438
36, 453
36, 458
36, 489
36, 497
36, 535
36, 539
36, 552
37, 127
37, 133
37, 331
37, 407
37, 425
37, 474
38, 232
38, 418
39, 40
39, 207
39, 462
40, 53
40, 156
40, 207
40, 324
41, 102
41, 196
41, 202
41, 287
41, 299
41, 312
41, 348
41, 375
41, 401
41, 471
42, 313
42, 429
42, 490
42, 530
43, 97
43, 350
43, 447
43, 529
44, 49
44, 189
44, 273
45, 81
45, 87
45, 137
45, 544
46, 88
46, 99
46, 231
47, 116
47, 153
47, 164
47, 193
47, 195
47, 245
47, 250
47, 263
47, 289
47, 295
47, 333
47, 334
47, 337
47, 352
47, 363
47, 377
47, 397
47, 448
47, 481
47, 487
48, 140
48, 147
48, 353
48, 419
48, 534
48, 549
49, 161
49, 189
50, 162
50, 319
50, 339
50, 468
50, 491
50, 542
51, 94
51, 113
51, 117
51, 118
51, 122
51, 340
51, 515
51, 536
52, 177
52, 253
52, 269
52, 313
52, 464
52, 520
53, 156
53, 496
53, 505
54, 216
54, 260
54, 325
54, 388
55, 91
55, 99
55, 172
55, 257
55, 357
55, 393
55, 408
55, 508
55, 551
56, 57
56, 64
56, 131
56, 364
57, 97
57, 105
57, 171
57, 197
57, 246
57, 274
57, 275
57, 309
57, 346
57, 364
57, 404
57, 454
57, 466
57, 518
57, 553
58, 98
58, 154
58, 243
58, 330
58, 349
58, 417
58, 497
58, 539
58, 552
59, 68
59, 76
59, 109
59, 124
59, 240
59, 241
59, 265
59, 302
59, 315
59, 317
59, 329
59, 365
59, 368
59, 385
59, 409
59, 437
59, 480
59, 493
59, 522
59, 532
59, 555
60, 96
60, 132
60, 232
61, 180
61, 214
61, 242
61, 304
61, 360
61, 381
61, 443
62, 74
62, 75
62, 82
62, 104
62, 203
62, 204
62, 222
62, 228
62, 244
62, 251
62, 264
62, 272
62, 280
62, 322
62, 342
62, 380
62, 423
62, 431
62, 442
62, 485
62, 492
62, 514
63, 482
64, 131
65, 85
65, 495
66, 108
66, 112
66, 168
66, 169
66, 185
66, 306
66, 434
66, 439
67, 498
68, 302
68, 398
68, 441
68, 480
68, 543
69, 125
69, 150
70, 79
70, 90
70, 149
70, 276
70, 461
71, 255
71, 383
72, 78
72, 100
72, 200
72, 267
72, 433
72, 455
73, 218
73, 456
73, 528
73, 548
73, 554
74, 101
74, 170
74, 203
74, 205
74, 244
74, 316
74, 342
74, 367
74, 387
74, 412
74, 416
74, 420
74, 431
74, 432
74, 452
74, 473
74, 488
75, 104
75, 155
75, 204
75, 228
75, 322
75, 361
75, 373
75, 423
75, 492
75, 514
75, 523
75, 531
76, 124
76, 148
76, 385
76, 437
76, 532
76, 555
77, 181
77, 435
77, 440
77, 512
78, 200
78, 267
79, 90
79, 91
79, 149
79, 223
79, 262
79, 276
79, 356
79, 457
79, 461
79, 545
80, 187
80, 188
80, 217
80, 220
80, 256
80, 282
80, 288
80, 305
80, 307
80, 351
80, 450
80, 463
80, 479
80, 484
80, 513
81, 87
81, 400
81, 451
81, 544
82, 104
83, 182
83, 266
83, 396
84, 106
84, 208
84, 372
85, 160
85, 230
85, 232
85, 285
85, 476
85, 495
86, 115
86, 263
86, 502
87, 121
87, 144
87, 184
87, 338
87, 400
87, 451
88, 99
88, 126
89, 212
89, 296
89, 422
89, 498
89, 526
90, 145
90, 198
90, 211
90, 223
90, 276
90, 286
90, 301
90, 347
90, 453
90, 500
90, 516
91, 257
91, 262
91, 356
91, 408
91, 457
91, 508
91, 545
92, 141
92, 191
92, 283
92, 556
93, 192
93, 405
93, 413
93, 547
94, 118
94, 167
94, 236
94, 379
94, 501
95, 210
96, 232
97, 275
97, 279
97, 350
97, 447
97, 454
97, 529
98, 235
98, 438
98, 489
98, 535
98, 539
99, 172
99, 231
99, 357
99, 551
100, 267
101, 178
101, 387
101, 420
101, 488
102, 183
102, 202
102, 232
102, 237
102, 314
102, 391
102, 392
102, 401
102, 446
102, 460
102, 472
102, 483
102, 541
103, 415
104, 380
104, 514
104, 531
105, 171
105, 274
105, 466
105, 553
107, 215
108, 141
108, 169
108, 278
108, 434
109, 124
109, 409
109, 493
111, 502
112, 376
112, 439
112, 519
113, 174
113, 206
113, 225
113, 254
113, 292
113, 311
113, 536
114, 137
114, 378
114, 521
115, 382
115, 502
116, 195
116, 289
116, 295
116, 333
116, 481
116, 487
117, 122
117, 515
118, 122
118, 167
118, 236
118, 379
119, 127
119, 336
119, 394
119, 407
119, 444
119, 465
120, 123
120, 129
120, 151
120, 163
120, 219
120, 290
120, 310
120, 332
120, 362
120, 371
120, 428
120, 504
121, 144
121, 184
121, 194
122, 515
123, 128
123, 173
123, 229
123, 290
123, 297
123, 318
123, 332
123, 428
123, 436
123, 449
123, 503
123, 506
124, 148
124, 437
125, 150
125, 559
127, 331
127, 336
127, 407
128, 210
128, 221
128, 229
128, 297
128, 318
128, 436
128, 445
128, 467
128, 506
129, 151
129, 159
129, 219
129, 310
129, 504
129, 537
130, 135
132, 230
132, 232
133, 499
134, 323
134, 355
134, 469
136, 234
136, 308
136, 335
136, 399
136, 557
137, 521
138, 174
138, 225
139, 158
139, 241
139, 265
139, 302
139, 320
139, 398
139, 470
140, 419
141, 278
141, 283
141, 291
142, 501
144, 184
144, 338
145, 198
145, 211
145, 286
145, 330
145, 343
145, 500
145, 516
146, 374
146, 499
147, 277
147, 345
149, 461
150, 559
152, 175
152, 268
152, 326
152, 343
153, 250
153, 337
153, 448
154, 243
155, 523
157, 213
157, 224
157, 238
157, 293
157, 411
158, 320
159, 219
159, 298
159, 328
159, 410
159, 537
160, 285
160, 476
162, 319
162, 542
163, 219
163, 371
164, 193
165, 389
166, 247
167, 236
168, 185
169, 306
170, 387
170, 412
170, 432
171, 274
172, 357
172, 393
173, 503
174, 206
174, 225
175, 268
176, 282
176, 284
176, 288
177, 201
177, 233
177, 269
177, 426
177, 520
179, 475
180, 242
180, 360
181, 435
181, 512
181, 558
182, 266
183, 232
183, 237
183, 248
183, 294
183, 392
183, 472
183, 533
183, 540
186, 327
187, 188
187, 217
187, 220
187, 282
187, 307
188, 217
188, 307
189, 215
189, 273
190, 469
191, 556
192, 405
193, 263
193, 525
193, 538
195, 289
195, 295
196, 375
196, 471
197, 553
198, 286
198, 301
198, 330
198, 453
199, 497
199, 552
201, 233
201, 520
202, 287
203, 222
203, 264
203, 272
203, 431
204, 423
204, 492
205, 316
205, 367
205, 416
205, 473
205, 475
205, 511
206, 402
207, 324
207, 462
208, 372
209, 427
209, 469
210, 436
210, 445
211, 500
212, 296
213, 224
213, 335
213, 411
216, 325
218, 528
219, 332
219, 371
219, 504
220, 282
221, 281
221, 300
221, 424
221, 467
221, 494
221, 507
222, 251
222, 272
224, 227
224, 252
224, 335
224, 406
224, 430
224, 486
225, 311
226, 242
226, 304
226, 384
226, 390
227, 252
227, 486
228, 485
228, 492
228, 514
229, 318
230, 232
230, 285
232, 418
232, 472
232, 483
232, 533
235, 489
236, 379
237, 248
237, 314
237, 391
237, 392
237, 446
238, 293
239, 252
239, 406
240, 317
240, 522
241, 265
241, 470
242, 304
242, 384
242, 390
243, 539
244, 259
244, 322
244, 354
245, 263
245, 334
245, 517
246, 274
246, 553
249, 403
249, 496
249, 505
250, 337
251, 280
252, 406
253, 464
253, 524
254, 292
255, 296
255, 383
256, 484
256, 513
257, 508
258, 266
259, 354
260, 388
261, 269
261, 477
262, 457
262, 545
263, 334
263, 502
263, 525
263, 538
264, 272
265, 302
265, 470
266, 396
268, 343
269, 369
269, 426
269, 477
270, 344
271, 429
271, 530
274, 553
275, 346
275, 454
277, 345
279, 350
281, 424
282, 284
282, 288
282, 307
282, 463
283, 291
284, 421
284, 463
285, 476
286, 301
287, 312
289, 333
290, 332
290, 428
293, 411
294, 540
296, 383
297, 436
298, 328
298, 410
299, 348
299, 375
300, 494
302, 398
302, 441
303, 322
304, 339
304, 381
304, 384
305, 463
305, 479
307, 351
307, 463
308, 335
308, 399
308, 557
309, 404
309, 454
310, 504
313, 464
313, 530
314, 391
314, 446
314, 541
315, 368
315, 385
315, 532
318, 449
318, 506
319, 328
319, 359
319, 468
321, 330
321, 370
321, 509
322, 354
322, 373
326, 343
327, 523
328, 359
328, 468
329, 480
330, 343
330, 453
330, 458
330, 509
330, 552
332, 436
333, 352
333, 363
334, 517
335, 557
336, 394
339, 468
339, 491
341, 395
342, 431
342, 442
343, 509
346, 404
346, 454
347, 453
350, 447
351, 463
352, 363
353, 534
355, 469
356, 457
358, 414
361, 373
362, 371
362, 504
365, 522
365, 555
366, 434
366, 550
367, 473
368, 532
369, 426
370, 509
371, 504
374, 499
375, 471
376, 519
377, 448
378, 521
380, 514
381, 443
384, 390
385, 532
385, 555
386, 507
387, 420
387, 432
395, 546
398, 441
398, 543
400, 451
403, 505
404, 454
406, 430
407, 444
407, 465
407, 474
409, 493
413, 547
414, 527
416, 473
417, 497
419, 549
422, 526
424, 467
427, 469
429, 490
429, 530
431, 442
433, 455
434, 550
435, 558
438, 489
438, 539
444, 465
446, 541
449, 506
450, 463
450, 479
452, 488
454, 466
454, 518
456, 554
458, 552
463, 479
464, 524
466, 518
472, 483
475, 511
478, 512
478, 547
481, 487
482, 510
485, 492
494, 507
496, 505
497, 552
498, 526
500, 516
503, 506
512, 547
534, 549
548, 554
end