500
4
0, 0.4841785006841147, 0.34238429944757776
1, 0.9846339277439258, 0.23603067589490712
2, 0.266743253447947, 0.19166828465121022
3, 0.24842889589000128, 0.7142136042167082
4, 0.2438650943894627, 0.1507280118808596
5, 0.510211799935368, 0.5338801240858904
6, 0.9709903609415896, 0.37663875815500636
7, 0.02740174319133526, 0.42139390173534297
8, 0.504601933194103, 0.47015658032978624
9, 0.11657939379349336, 0.8913292753504031
10, 0.8657108786816549, 0.5872639279453568
11, 0.21693584272253585, 0.578052949624524
12, 0.4601424120329356, 0.688418412988179
13, 0.505539224831079, 0.40848701379764407
14, 0.2875783859242521, 0.5225565702656113
15, 0.7741510520958562, 0.9174284904701626
16, 0.42092191740872864, 0.1762173767730233
17, 0.22448421335270619, 0.7873494689045795
18, 0.42984595008078597, 0.20944191481449614
19, 0.5918365633993985, 0.564784478013825
20, 0.2874347285192642, 0.005906152218652649
21, 0.5412047662038771, 0.159494270194528
22, 0.8414639585717679, 0.6865223651297001
23, 0.4863615313040579, 0.5078711217457557
24, 0.935530734156009, 0.9924785466163693
25, 0.04197308278282785, 0.38149200375546655
26, 0.8307262244376691, 0.0348155346842518
27, 0.9623410314568354, 0.7148582926785029
28, 0.7983122252420254, 0.6267462132796098
29, 0.9192447866122994, 0.22556773523122364
30, 0.9069542615985932, 0.5957231228330301
31, 0.8260287313503467, 0.3146395937818016
32, 0.7363714529954388, 0.16562670459762419
33, 0.631812635139568, 0.7232403557739511
34, 0.2638442511848065, 0.9226514461332088
35, 0.3718130816551528, 0.829338125480435
36, 0.7828218983084082, 0.8434853604762194
37, 0.4927610332055977, 0.6612984644538266
38, 0.8470559123872364, 0.049016102893004176
39, 0.3002540212140281, 0.9051852808706661
40, 0.727508077691616, 0.8362367394706047
41, 0.4748191898182246, 0.7294852708812388
42, 0.19664883417272805, 0.06636621467123183
43, 0.5519284354799572, 0.7314211184591806
44, 0.363492354656045, 0.07246829938958987
45, 0.9673640748612001, 0.34472629226704055
46, 0.09684868530892898, 0.11928402652825876
47, 0.007058315375334523, 0.34529368584986964
48, 0.7863221371759526, 0.19563643890856985
49, 0.5093012900377895, 0.915814239189532
50, 0.9303986762277977, 0.10631549203072166
51, 0.42661262327872795, 0.16203225316444891
52, 0.7619691037802863, 0.03918738632263219
53, 0.586979287901928, 0.9939841499011516
54, 0.4771544151856726, 0.3599650998077025
55, 0.05101358552632307, 0.3543110513696307
56, 0.8534186343954409, 0.9394135349622235
57, 0.676099632645616, 0.3929118468282703
58, 0.08904888955050938, 0.6957899654030487
59, 0.17091849234782408, 0.943399243439564
60, 0.4936674563306849, 0.14436089998589785
61, 0.8920516104200811, 0.06986321814458407
62, 0.8099357664201419, 0.49708541583751253
63, 0.8965518916465549, 0.6957907072508213
64, 0.2795646980596199, 0.7472689901156461
65, 0.8183214704007346, 0.5940462937891835
66, 0.40027277869637357, 0.5993929598577425
67, 0.6685758624884233, 0.2450220223151296
68, 0.9798100963619311, 0.305662625962278
69, 0.8247242345847459, 0.7938590929117051
70, 0.6658804022422592, 0.23107929891953893
71, 0.049686784604864975, 0.4411758033129577
72, 0.5949634795704708, 0.3289397043957951
73, 0.5193145494927404, 0.016665889386852206
74, 0.5916792510581308, 0.46645404249673705
75, 0.1914214855587234, 0.748214050861535
76, 0.424934002865312, 0.4236740346147527
77, 0.38192967215316753, 0.0536937379278023
78, 0.1276342355663469, 0.5590999126717252
79, 0.9842722849161445, 0.4130706260062217
80, 0.012690797615475646, 0.7659255417260389
81, 0.04193242958282295, 0.7790339651781525
82, 0.9123860519307664, 0.23998596199628586
83, 0.1898817954886809, 0.5301628816889307
84, 0.6042037837319363, 0.8904961339755416
85, 0.20711901764328433, 0.37387237108272153
86, 0.5578169929303115, 0.1445579158154009
87, 0.1236263502742655, 0.1125455543630055
88, 0.1290518506350915, 0.8730369334955336
89, 0.36342060429827405, 0.6722324561729687
90, 0.43828576266041586, 0.03125313517147321
91, 0.6237615047693678, 0.016939548918988967
92, 0.5196981950809465, 0.3713965274874267
93, 0.9236785213178121, 0.15101673940726223
94, 0.13831172363236544, 0.311612750851022
95, 0.24127013044419365, 0.8565521532358412
96, 0.17909248986290682, 0.5014438563678795
97, 0.6813505049133419, 0.8634619599157198
98, 0.2896683220280384, 0.5497056383025581
99, 0.1554456200067873, 0.23672540814920096
100, 0.6954314535868523, 0.5855814606694126
101, 0.022936881501803286, 0.7700012007184422
102, 0.14926134704957394, 0.6248176361468472
103, 0.195228377028961, 0.6471884483349688
104, 0.6843119290603611, 0.40148220845613103
105, 0.30486059902916585, 0.30757599035784666
106, 0.939679739600041, 0.7155165640817063
107, 0.005632760896173705, 0.14554406204516857
108, 0.012785643951136794, 0.8612186081508679
109, 0.9976322584294036, 0.8526473833992927
110, 0.5531576441493304, 0.463210089803173
111, 0.19306863006139396, 0.00655703119392026
112, 0.048756175621214815, 0.9526299727987502
113, 0.5950636552126596, 0.03676897896956821
114, 0.7763566012220205, 0.76068631382571
115, 0.5965999768212622, 0.34494548298814276
116, 0.15375723526100005, 0.8860311769172913
117, 0.09249748887323195, 0.5779031495575441
118, 0.5155796665275008, 0.6609368834516551
119, 0.34341324987929034, 0.18025708516591776
120, 0.5382598811281928, 0.26068780098249567
121, 0.6907136726223098, 0.4328013234101826
122, 0.539598237225238, 0.513421956614732
123, 0.25821206256651463, 0.47408027298739297
124, 0.7781499330707143, 0.5645179643850687
125, 0.35320658405675365, 0.7218591203755889
126, 0.4796304861597639, 0.12327888031949619
127, 0.6299687770867344, 0.7670314843004811
128, 0.41698064363743004, 0.9872005534104178
129, 0.8466404403698871, 0.8407983604497663
130, 0.23160001114109874, 0.11941499913183262
131, 0.4191190192162272, 0.46332061484719755
132, 0.4868216409579932, 0.24358219373218837
133, 0.4657447695173884, 0.455393112371536
134, 0.8264314675298632, 0.29210125555915734
135, 0.5968305444177401, 0.01700301150727479
136, 0.9267572304797003, 0.8695651333693087
137, 0.46872253099148253, 0.0079387034933881
138, 0.23412482968224324, 0.692816537407028
139, 0.016357939290473245, 0.7359586963983039
140, 0.17988910347958453, 0.7570099282677039
141, 0.6500498152266285, 0.9323857125416656
142, 0.08686009730620547, 0.602850965987714
143, 0.8566566781250489, 0.3371914962515834
144, 0.8311343367033996, 0.9630266042784584
145, 0.7602489503591071, 0.5267401090614975
146, 0.3042440345355889, 0.5362483357634708
147, 0.6962490344293362, 0.265930046613174
148, 0.7955653319338856, 0.5497255408770635
149, 0.4293617987990125, 0.15271530229956964
150, 0.44373533749361316, 0.1163046051770722
151, 0.17503212459137163, 0.28166536844944967
152, 0.27448184727289093, 0.7104745848351245
153, 0.8415699552440381, 0.9771196677750446
154, 0.9076343758917998, 0.619782343453723
155, 0.31073851138901765, 0.7593307832445918
156, 0.7922746718147621, 0.6354136338542422
157, 0.7136618964314995, 0.07320162569302091
158, 0.5245688233731783, 0.764709790406902
159, 0.7085505025746284, 0.7455924077034572
160, 0.8658639438223492, 0.021366916267773872
161, 0.9966295213399119, 0.5749017910391869
162, 0.11484831914962612, 0.3260666539553678
163, 0.5461124814281515, 0.4118196352257413
164, 0.18928278551479127, 0.7976197579221306
165, 0.7442043270809676, 0.6950302455361558
166, 0.2814247373205975, 0.5232414955678217
167, 0.6426834597527907, 0.38966961746558415
168, 0.7771989641226421, 0.8261048290801257
169, 0.06465003752419873, 0.8049859987660936
170, 0.3435455382720194, 0.45082215854186636
171, 0.293697236154948, 0.11139387733200101
172, 0.9985610450633287, 0.07217783145615975
173, 0.31270951359793653, 0.680711887960416
174, 0.3626573643431248, 0.697319757382895
175, 0.687533920843831, 0.3769651388901534
176, 0.16959427866983356, 0.06804876664545967
177, 0.7092754339689321, 0.4185668035539669
178, 0.2169613609232195, 0.37015050033956387
179, 0.8858116716543183, 0.7743121639422661
180, 0.3033663193577558, 0.3255804557255988
181, 0.16220928707356141, 0.5817063352653348
182, 0.19730103512024877, 0.43541072602638375
183, 0.6874272314202631, 0.3615582779854314
184, 0.35229633573521824, 0.11939768567719233
185, 0.9689476477576231, 0.6597840943169558
186, 0.610105938833882, 0.8186604818181716
187, 0.28709600516765843, 0.5225561273477478
188, 0.6426639575012578, 0.21521798455455166
189, 0.33742729022733264, 0.906501668518189
190, 0.30466603581757423, 0.1859537550461452
191, 0.11840971572207892, 0.9597166936263706
192, 0.0837668198488074, 0.04191917312567328
193, 0.44279425458275246, 0.13172453304245102
194, 0.8101349007401227, 0.4155308073148438
195, 0.9251078432427243, 0.13428607101275092
196, 0.5356073276546572, 0.03645408740360889
197, 0.5834660830357894, 0.41170224005827605
198, 0.6924870265796099, 0.5998844971760776
199, 0.5056770832440652, 0.04155059179503051
200, 0.9949779442243474, 0.921867257667931
201, 0.6043088349310445, 0.6467348694464657
202, 0.5960517963046383, 0.10548454850032496
203, 0.7559007193516665, 0.7289079639460088
204, 0.9226305361696017, 0.9512369240960223
205, 0.7088933750857244, 0.008856663948559995
206, 0.6116881246359275, 0.7121344187056557
207, 0.023841260460983338, 0.23353591390841622
208, 0.02951439880127127, 0.6330913248833859
209, 0.07853266623416866, 0.648586185768701
210, 0.9062915201003123, 0.6305268477124225
211, 0.20075894674194383, 0.5899957083832656
212, 0.35003213585631365, 0.5797922641370634
213, 0.29851895778734105, 0.867095663867849
214, 0.4736015454656176, 0.74277265553591
215, 0.09646470195109602, 0.5071049200111118
216, 0.3158159905307176, 0.35403645314041177
217, 0.4655277831227628, 0.35303319396269917
218, 0.5310724877501328, 0.3468419054862486
219, 0.49454334081266016, 0.6598812976697072
220, 0.4884056858100595, 0.054720938553851406
221, 0.6042407325247101, 0.4653115449297752
222, 0.3255793646230869, 0.6827919943367281
223, 0.21770310822989303, 0.8184001292638386
224, 0.798683896017831, 0.626992578615704
225, 0.18691882945868388, 0.8098257699771296
226, 0.8424502563564413, 0.37210425076270215
227, 0.4588586033504769, 0.3351394961458215
228, 0.2710270771216925, 0.040216549114809985
229, 0.8985169526284553, 0.012276664170140617
230, 0.42788401627847394, 0.09461001754345277
231, 0.9335447014796656, 0.9435421256568907
232, 0.19797778597152726, 0.31731779030482565
233, 0.8364642115292255, 0.31204184542584423
234, 0.2532244014874917, 0.9586808386131198
235, 0.5247669827494879, 0.504914375010614
236, 0.04872140508415357, 0.14497125548552325
237, 0.1535801433031303, 0.5260403672279887
238, 0.8315161377658924, 0.5916517979042207
239, 0.8174402793575399, 0.07437055434591067
240, 0.9545244530908492, 0.36159937225210415
241, 0.5607183725326272, 0.2125876818763357
242, 0.3041738518083462, 0.5937552586218741
243, 0.6217677024923729, 0.6519773840033399
244, 0.02067721069849071, 0.08627652318487355
245, 0.8957437050864956, 0.5994043680708502
246, 0.9968269128421823, 0.5972986199906394
247, 0.2626570137770263, 0.8772907222023476
248, 0.9166000955700829, 0.561786284089763
249, 0.3224602054841541, 0.9688059296235415
250, 0.5763925912487948, 0.5081552515471
251, 0.3788554124386464, 0.43181878566867027
252, 0.0062899365814634844, 0.48718730165450674
253, 0.5359594697805614, 0.2254956358161475
254, 0.6879431438957133, 0.17928074153077267
255, 0.3480352793368209, 0.17788047438120935
256, 0.09716636748122653, 0.5163760991720802
257, 0.4069035280651453, 0.6364059514048676
258, 0.8723878747995275, 0.6832134157895228
259, 0.2808876515192046, 0.3493649791164387
260, 0.8321528705856348, 0.8648519781741767
261, 0.6909721264842792, 0.24289911000609699
262, 0.20367531721436838, 0.8178085048778003
263, 0.47128233127841856, 0.35761909632901867
264, 0.07395563145108253, 0.6878374662850347
265, 0.7861869273423994, 0.6760897121677463
266, 0.5959639716803699, 0.3560327631140844
267, 0.006037603741779973, 0.9160888795124733
268, 0.26415120649709134, 0.7592784902714124
269, 0.7240297989454924, 0.9106920439470951
270, 0.43548549455452434, 0.8633706307143171
271, 0.8215324855470464, 0.8461307705391818
272, 0.6763399050519109, 0.21195640073051847
273, 0.5254855990387974, 0.9399705704679671
274, 0.10927895357892337, 0.3318517966140704
275, 0.07116281546613934, 0.0981092956272055
276, 0.2702705484695964, 0.1637398360871416
277, 0.15943512481353006, 0.5332503823534742
278, 0.7662034141440943, 0.667555536180052
279, 0.8560305537827518, 0.6597905438055499
280, 0.7710751750042958, 0.7969502754504212
281, 0.9961021470033607, 0.8884470753351602
282, 0.29838944237242615, 0.9431044112547149
283, 0.9111451463988475, 0.9499483827970094
284, 0.8635126756618732, 0.35902737495416004
285, 0.46971629274424664, 0.2449788718671999
286, 0.15814084197148015, 0.5430824144236073
287, 0.7616988077231654, 0.9347619107880005
288, 0.034814374123184444, 0.5348640671275298
289, 0.6537244623290914, 0.5679198667941732
290, 0.2977964124466731, 0.13636813175203688
291, 0.22070503831739696, 0.7017636407874133
292, 0.37671238726356127, 0.21324091556528368
293, 0.12845267884125167, 0.8599564054487497
294, 0.5354350544913061, 0.5448641899488738
295, 0.44843302001779983, 0.8473670926317884
296, 0.4035138834628895, 0.569970501803945
297, 0.31268347016977105, 0.9984809158632244
298, 0.4633890504644427, 0.34887965729098736
299, 0.05823293181800471, 0.3431714031904487
300, 0.46584276419074533, 0.7207010840130703
301, 0.9811970836873987, 0.1719157946114528
302, 0.9043243896347376, 0.42294545417105045
303, 0.5221835858072221, 0.3685634830424154
304, 0.20014662592415666, 0.06739721185566527
305, 0.4536679198954289, 0.6264814332633724
306, 0.13069131538051593, 0.18679619140230408
307, 0.23526098766695425, 0.632983275782105
308, 0.16830968840570748, 0.5349687924378815
309, 0.7315038337582924, 0.35148235293360486
310, 0.08223921403617984, 0.15630544682194103
311, 0.09607376965603265, 0.28324423084713035
312, 0.5840380584217948, 0.8515501377531336
313, 0.5788007054178237, 0.8859146199670651
314, 0.7547667300448162, 0.456006443787105
315, 0.9044956718371268, 0.8452587301560183
316, 0.23583248347276664, 0.15444299776789117
317, 0.5713949083744829, 0.7572236725505893
318, 0.47813252768868086, 0.4545375505538688
319, 0.24227458317962303, 0.16969451034363536
320, 0.2944502988926866, 0.42581809253542013
321, 0.7031585867207188, 0.5350144858954982
322, 0.7806431509259613, 0.8749397666897912
323, 0.3591775489242318, 0.608284919799564
324, 0.9574953716712139, 0.7007790068311408
325, 0.39979856748958, 0.2558746762095604
326, 0.7736286208838183, 0.8930387730760393
327, 0.1561314855945266, 0.6206925951209573
328, 0.5227034704669661, 0.92259576850725
329, 0.5710848136814021, 0.6726707255517268
330, 0.9963437595329393, 0.6634728264459798
331, 0.19661764416820293, 0.7916429401064405
332, 0.12881674165597212, 0.6919153641989838
333, 0.20514107850330598, 0.9177217998361394
334, 0.629034462010782, 0.9964768458229304
335, 0.42742345047147545, 0.2686620018355199
336, 0.15160171156595048, 0.29200071013571016
337, 0.017995736137226825, 0.5500609960272098
338, 0.21309684976699483, 0.6084325139787766
339, 0.7858317729885661, 0.9285783813356181
340, 0.3118704559248038, 0.5304345790076468
341, 0.20751210192656322, 0.5129767146097073
342, 0.273314188580719, 0.7338847714835415
343, 0.2235732140368838, 0.0025657493463151493
344, 0.9195214183118462, 0.8585185770907733
345, 0.6523394405802627, 0.47302235675945226
346, 0.242462450614653, 0.11610764051849021
347, 0.9771914773958319, 0.13270305276277694
348, 0.5782964438069503, 0.8080982585095478
349, 0.34382368448351264, 0.06954016833716614
350, 0.12694689706824203, 0.2153129926688434
351, 0.988831185358128, 0.245954964006589
352, 0.03532273340552594, 0.04505563923212785
353, 0.08521412141333418, 0.8011899087462794
354, 0.7249823152160291, 0.7800962658001354
355, 0.2882559307463677, 0.5989702523010172
356, 0.6213053184270141, 0.5801311658215089
357, 0.5355608128752104, 0.5549873401144689
358, 0.6303369768201731, 0.6309676655585248
359, 0.8060116979415911, 0.10728023494153038
360, 0.5364275160605438, 0.9450861182083545
361, 0.11072569863189208, 0.12291031641977046
362, 0.87058546454731, 0.2321587891388921
363, 0.9493828318107095, 0.4289912993120787
364, 0.09495182529693269, 0.06291471606869636
365, 0.016210094155773125, 0.5410153706192832
366, 0.804982176437785, 0.5264882808603538
367, 0.7657659977146878, 0.7600669389819068
368, 0.5259347973173628, 0.5721601142971229
369, 0.08398648725985047, 0.538538151771949
370, 0.18052783613241785, 0.4114425260281913
371, 0.09112587054627885, 0.9899886386531527
372, 0.007965174047065982, 0.07608910138565783
373, 0.45931738929714383, 0.33309475221708396
374, 0.9138881992876543, 0.10419303621192488
375, 0.8125881515451471, 0.8194543768254626
376, 0.6034582085509487, 0.05190011255701199
377, 0.4618067504056479, 0.9383118876577221
378, 0.7620569947468409, 0.25889700098561363
379, 0.5725955743671454, 0.23549721394034073
380, 0.6482503247658842, 0.1896742369156742
381, 0.38949910915559627, 0.6446155538502992
382, 0.058188375989272956, 0.5201812249184007
383, 0.46949490743780253, 0.6161111851833936
384, 0.7552579966136133, 0.4091094163475387
385, 0.32882993713378994, 0.963364694606657
386, 0.06918569370473893, 0.8634813918146363
387, 0.9206099804839907, 0.5455555752343022
388, 0.9139774648797063, 0.12046747330998275
389, 0.3835419083996656, 0.2584046264070753
390, 0.054302646411200306, 0.8274618730744392
391, 0.36993560280101234, 0.9924475339111251
392, 0.15113442638231622, 0.7006239054760535
393, 0.5721043174109681, 0.8182514395847755
394, 0.4440746866784224, 0.650467583153808
395, 0.17350527301445784, 0.7258246511567907
396, 0.6626432358504026, 0.14551237517104032
397, 0.5329933676648105, 0.7729405068523507
398, 0.2741130585668031, 0.4822453135375169
399, 0.19394869891096156, 0.9888861775433279
400, 0.5224492863537559, 0.722385028390516
401, 0.28099005245638, 0.10670132637598007
402, 0.6503848353070437, 0.7834321375813729
403, 0.06033754066804253, 0.5162772612353095
404, 0.9731421001886776, 0.5245515958591086
405, 0.90732638555319, 0.9429719912436371
406, 0.8304007585085922, 0.09640345044173915
407, 0.5552193905783593, 0.8837747792801733
408, 0.6737712594285364, 0.08007716738495219
409, 0.3251694758636151, 0.5545957473361752
410, 0.8695980292940748, 0.04547243516985111
411, 0.9726867238579576, 0.14642055945459864
412, 0.7183568297283084, 0.5450131033139474
413, 0.019823423010700503, 0.04796240785831041
414, 0.7210357759623541, 0.0063820620164763975
415, 0.22897326741561852, 0.1074973729769857
416, 0.7409924710194054, 0.80606145312046
417, 0.831677326484943, 0.7143604791847212
418, 0.024806004172508667, 0.25541876382135065
419, 0.7891617338546363, 0.7133243539385558
420, 0.6185711525613213, 0.4927363942379378
421, 0.25310530168726764, 0.7089844163334493
422, 0.46674611272038613, 0.2909706704428502
423, 0.9217058260644303, 0.017608086491440078
424, 0.479252096698339, 0.24792627246695398
425, 0.3667311407663024, 0.9305385139654521
426, 0.8937330905999379, 0.5295393330654332
427, 0.8169675626689114, 0.5641721726150365
428, 0.4300786357437103, 0.8520151443441298
429, 0.09323535924649251, 0.872004910760218
430, 0.9889364825137854, 0.031501354747104915
431, 0.9483406037585667, 0.019908046990965933
432, 0.8488646364486876, 0.2804342386897142
433, 0.38121863163528813, 0.606624045439321
434, 0.8279519071586683, 0.5375325930869148
435, 0.44757591547906805, 0.8964777389561934
436, 0.9609963423651752, 0.41202030376205556
437, 0.22478897386472818, 0.874877589624708
438, 0.3642032915517076, 0.9488365847293007
439, 0.8665685311045598, 0.595441125967204
440, 0.8125211817344257, 0.1467929809630848
441, 0.14873091460913546, 0.35802607678412934
442, 0.7575764779408752, 0.9134769243847833
443, 0.6066741795787148, 0.52383253566827
444, 0.8727194724282643, 0.5294107092952546
445, 0.17651426965149264, 0.8767444030898324
446, 0.9587296181378959, 0.30114127043611794
447, 0.9923635091566868, 0.720276591064404
448, 0.15868535145832274, 0.5960615407419292
449, 0.7385824062825502, 0.7490431438868752
450, 0.5060375975857672, 0.02237750385164261
451, 0.6832832117462067, 0.12542409853603864
452, 0.508105452377833, 0.26923411520364715
453, 0.15738697561167947, 0.9753425329525167
454, 0.7077576531149812, 0.15696575298739268
455, 0.2818076730417014, 0.8507011824407753
456, 0.929892001044186, 0.804952153627075
457, 0.7101032506773014, 0.8595993303052827
458, 0.0023287979116656254, 0.8975977491933382
459, 0.2018101724842032, 0.87137494054181
460, 0.6791945693784879, 0.016158293483880426
461, 0.18950361386607117, 0.32547572093143695
462, 0.04384100562617188, 0.07435442237582379
463, 0.9609584619854691, 0.039211966676849785
464, 0.49354100176639437, 0.2994760994012088
465, 0.39735823863545927, 0.807543718244417
466, 0.11874048107017965, 0.580552833433534
467, 0.23035905763891573, 0.3632163405723384
468, 0.666815528491793, 0.48515443163336114
469, 0.4285450575459222, 0.4161067216871024
470, 0.7726042171885382, 0.2526859411718313
471, 0.8072809304856003, 0.32210362345953447
472, 0.920392707004682, 0.9922387459998518
473, 0.8529394379051103, 0.28643961179178656
474, 0.3158124325714755, 0.8966239506345856
475, 0.49760624059582725, 0.3382101482662976
476, 0.5942626020782664, 0.5140883005591809
477, 0.643932633997879, 0.8220930309960202
478, 0.27925303454242134, 0.6632615102915101
479, 0.9123256076125167, 0.12394492331945162
480, 0.30844085039043734, 0.13491307009311793
481, 0.2597113995601893, 0.722558971776053
482, 0.09889807407686046, 0.13985085931658958
483, 0.23123737498930974, 0.8417932473578418
484, 0.1481250298521264, 0.13325326643431357
485, 0.15251608138586925, 0.6635306945895625
486, 0.7114458729103921, 0.1965146794963043
487, 0.43528782091972684, 0.18932396775863958
488, 0.45885993541636194, 0.307269349210207
489, 0.12033803606081062, 0.7813843361601405
490, 0.8254571930775642, 0.15806342054752553
491, 0.0028347694381336552, 0.7931094860612788
492, 0.17471473187298414, 0.24063194701191193
493, 0.7030678223785407, 0.05700025018288646
494, 0.10712630067720752, 0.9780014285989682
495, 0.11696853080401304, 0.9421862839718332
496, 0.9430571333323949, 0.3067311435578749
497, 0.3736598089340394, 0.16173236261599822
498, 0.38480785123281225, 0.6891179501012076
499, 0.7097979849714355, 0.952761777405432
end_nodes
0, 1
0, 2
0, 3
0, 4
0, 5
0, 6
0, 7
0, 8
0, 9
0, 10
0, 11
0, 12
0, 13
0, 14
0, 15
0, 16
0, 17
0, 18
0, 19
0, 20
0, 21
0, 22
1, 6
1, 20
1, 21
1, 24
1, 26
1, 27
1, 29
1, 31
1, 32
1, 38
1, 44
1, 45
1, 48
1, 50
1, 52
1, 60
1, 61
1, 67
1, 68
1, 70
1, 72
2, 4
2, 7
2, 25
2, 42
2, 46
2, 47
2, 55
2, 85
2, 87
2, 94
2, 99
2, 105
2, 107
2, 151
2, 162
2, 176
2, 178
2, 180
2, 192
2, 207
2, 216
3, 9
3, 17
3, 59
3, 88
3, 116
3, 164
3, 191
3, 225
3, 262
3, 331
3, 371
3, 421
3, 445
3, 453
3, 478
3, 481
3, 494
3, 495
4, 20
4, 42
4, 111
4, 119
4, 130
4, 171
4, 184
4, 190
4, 228
4, 255
4, 276
4, 290
4, 292
4, 304
4, 325
4, 335
4, 343
4, 346
4, 389
4, 401
5, 8
5, 12
5, 13
5, 15
5, 19
5, 23
5, 33
5, 37
5, 40
5, 41
5, 43
5, 49
5, 53
5, 84
5, 97
5, 118
5, 122
5, 127
5, 128
5, 141
5, 158
6, 10
6, 15
6, 22
6, 24
6, 30
6, 31
6, 36
6, 45
6, 56
6, 57
6, 62
6, 63
6, 68
6, 69
6, 72
6, 104
6, 106
6, 115
6, 121
6, 129
7, 9
7, 11
7, 25
7, 47
7, 55
7, 58
7, 71
7, 75
7, 78
7, 80
7, 81
7, 83
7, 85
7, 94
7, 96
7, 101
7, 102
7, 103
7, 108
7, 112
8, 13
9, 58
9, 75
9, 76
9, 81
9, 88
9, 112
9, 117
9, 138
9, 140
9, 142
9, 146
9, 164
9, 169
9, 225
9, 242
9, 263
9, 264
9, 288
9, 291
10, 22
10, 28
10, 62
10, 65
10, 92
10, 121
10, 124
10, 145
10, 148
10, 156
10, 197
10, 218
10, 224
10, 238
10, 266
10, 303
10, 314
10, 321
10, 345
10, 366
11, 14
11, 71
11, 75
11, 76
11, 83
11, 96
11, 98
11, 103
11, 123
11, 146
11, 166
11, 170
11, 181
11, 182
11, 187
11, 211
11, 215
11, 217
11, 237
11, 251
12, 17
12, 23
12, 34
12, 35
12, 39
12, 54
12, 59
12, 64
12, 66
12, 89
12, 95
12, 125
12, 128
12, 131
12, 133
12, 152
12, 155
12, 173
12, 174
12, 189
13, 19
13, 122
13, 235
14, 76
14, 187
14, 263
14, 469
15, 19
15, 24
15, 30
15, 33
15, 36
15, 40
15, 53
15, 56
15, 69
15, 74
15, 97
15, 100
15, 110
15, 114
15, 129
15, 141
15, 144
15, 153
15, 159
16, 18
16, 20
16, 21
16, 44
16, 51
16, 60
16, 126
16, 132
16, 149
16, 150
16, 193
16, 230
16, 285
16, 349
16, 422
16, 424
16, 464
16, 487
17, 54
17, 59
17, 64
17, 95
17, 131
17, 152
17, 155
17, 212
17, 223
17, 268
17, 342
17, 437
17, 459
17, 481
17, 483
18, 20
19, 40
19, 122
19, 201
19, 243
19, 294
19, 357
20, 26
20, 32
20, 44
20, 52
20, 73
20, 77
20, 90
20, 91
20, 113
20, 135
20, 137
20, 157
20, 160
20, 171
20, 184
20, 196
20, 199
21, 29
21, 60
21, 67
21, 70
21, 120
21, 132
21, 147
21, 188
21, 241
21, 253
21, 272
21, 362
21, 379
21, 380
21, 452
21, 464
21, 475
21, 486
21, 487
22, 36
22, 74
22, 92
22, 100
22, 114
22, 156
22, 163
22, 165
22, 168
22, 203
22, 221
22, 265
22, 278
22, 279
22, 363
22, 367
22, 417
22, 419
22, 420
23, 318
23, 383
24, 27
24, 53
24, 56
24, 68
24, 106
24, 109
24, 136
24, 144
24, 153
24, 161
24, 185
24, 200
24, 204
24, 231
24, 246
24, 281
24, 283
24, 297
24, 315
25, 55
25, 94
25, 162
25, 274
25, 336
26, 38
26, 52
26, 61
26, 73
26, 91
26, 135
26, 160
26, 172
26, 229
26, 239
26, 406
26, 410
26, 423
26, 430
26, 431
26, 463
27, 79
27, 172
27, 185
27, 324
27, 351
27, 404
28, 65
28, 92
28, 124
28, 156
28, 224
28, 321
28, 412
29, 362
29, 486
30, 69
30, 129
30, 245
30, 248
30, 258
30, 271
30, 387
30, 436
31, 45
31, 72
31, 134
31, 143
31, 233
31, 240
31, 284
31, 432
31, 446
31, 471
31, 473
31, 496
32, 44
32, 77
32, 396
32, 454
33, 97
33, 206
33, 402
33, 457
34, 39
34, 59
34, 128
34, 189
34, 213
34, 234
34, 247
34, 249
34, 282
34, 297
34, 333
34, 385
34, 391
34, 399
34, 425
34, 438
34, 453
34, 455
35, 39
35, 189
35, 474
36, 168
36, 279
36, 322
36, 363
36, 417
37, 41
37, 49
37, 128
37, 214
37, 219
37, 295
37, 377
37, 435
38, 61
38, 93
38, 195
38, 388
38, 479
39, 189
39, 474
40, 201
40, 243
40, 357
41, 128
41, 295
42, 111
42, 176
42, 192
42, 304
43, 53
43, 84
43, 312
43, 313
43, 348
43, 393
44, 48
44, 77
44, 230
44, 254
44, 349
44, 396
45, 240
45, 446
45, 496
46, 87
46, 107
46, 192
46, 236
46, 244
46, 275
46, 310
46, 352
46, 361
46, 364
46, 372
46, 413
46, 462
46, 482
46, 484
47, 55
47, 80
47, 99
47, 107
47, 108
47, 207
47, 252
47, 267
47, 299
47, 311
47, 337
47, 365
47, 418
47, 458
47, 491
47, 492
48, 254
49, 53
49, 118
49, 128
49, 158
49, 219
49, 273
49, 328
49, 360
49, 377
49, 397
49, 407
50, 61
50, 172
50, 301
50, 347
50, 374
50, 410
50, 411
51, 150
51, 193
52, 113
52, 157
52, 196
52, 239
52, 359
52, 376
52, 406
52, 440
52, 450
52, 451
52, 490
52, 493
53, 84
53, 128
53, 141
53, 153
53, 273
53, 287
53, 297
53, 312
53, 313
53, 328
53, 339
53, 360
53, 391
53, 397
53, 400
53, 407
53, 472
54, 131
54, 133
55, 299
56, 63
56, 106
56, 129
56, 154
56, 179
56, 204
56, 210
56, 260
56, 283
56, 315
56, 405
57, 104
57, 121
57, 167
57, 175
57, 183
57, 226
57, 266
58, 142
58, 209
58, 369
58, 382
58, 403
59, 95
59, 333
59, 437
59, 453
59, 455
59, 459
60, 86
60, 126
60, 254
61, 195
61, 374
61, 388
61, 410
62, 194
62, 302
62, 314
62, 426
62, 434
62, 444
63, 179
63, 210
64, 125
64, 152
64, 268
64, 342
65, 124
65, 238
66, 89
66, 131
66, 152
66, 173
66, 212
66, 257
66, 296
66, 323
66, 381
66, 394
66, 433
67, 70
67, 82
67, 147
67, 261
67, 378
67, 470
69, 245
69, 375
70, 188
70, 261
70, 272
70, 362
71, 103
71, 215
71, 237
71, 277
71, 286
71, 448
72, 115
72, 134
72, 284
72, 309
72, 432
72, 471
73, 135
74, 100
74, 110
74, 159
74, 163
74, 198
74, 250
74, 289
74, 354
74, 356
74, 416
74, 420
74, 443
74, 476
75, 78
75, 98
75, 102
75, 103
75, 117
75, 140
75, 146
75, 307
75, 327
75, 332
75, 338
75, 369
75, 392
75, 395
75, 466
75, 485
75, 489
76, 146
76, 242
76, 263
76, 291
76, 340
76, 355
76, 409
76, 469
77, 396
77, 454
78, 102
78, 103
78, 256
78, 327
79, 161
79, 172
79, 185
79, 351
79, 404
80, 108
80, 139
80, 337
80, 365
81, 112
81, 169
81, 288
81, 353
81, 386
81, 390
81, 429
82, 378
82, 470
82, 475
83, 96
83, 308
84, 141
84, 186
84, 312
84, 317
84, 348
85, 151
85, 178
85, 216
85, 227
85, 232
85, 259
85, 373
85, 441
85, 461
86, 126
86, 230
86, 254
87, 192
87, 361
87, 364
87, 484
88, 478
89, 173
89, 257
89, 381
90, 199
90, 202
90, 220
90, 408
90, 451
91, 135
91, 160
92, 145
92, 156
92, 197
92, 303
92, 321
92, 345
92, 468
93, 195
93, 479
94, 162
94, 274
95, 155
95, 437
95, 483
96, 182
96, 341
96, 370
97, 127
97, 141
97, 206
97, 269
97, 329
97, 368
97, 402
97, 442
97, 457
97, 477
98, 146
98, 307
98, 338
99, 207
99, 311
99, 418
99, 492
100, 165
100, 198
100, 203
100, 278
100, 280
100, 326
100, 367
100, 416
100, 420
100, 449
101, 108
101, 112
101, 208
102, 466
103, 181
103, 211
103, 215
103, 256
103, 327
103, 448
104, 121
104, 177
104, 384
105, 216
105, 373
106, 136
106, 231
106, 315
106, 344
106, 456
107, 207
107, 236
107, 244
107, 306
107, 310
107, 350
107, 372
107, 458
107, 491
108, 112
108, 139
108, 267
109, 172
109, 200
109, 246
109, 281
109, 330
109, 447
110, 163
110, 250
110, 358
111, 130
111, 192
111, 304
111, 343
111, 352
111, 413
111, 415
112, 208
112, 267
112, 371
112, 386
112, 390
112, 429
112, 495
113, 196
113, 450
114, 168
114, 280
114, 326
114, 367
115, 309
116, 371
116, 494
117, 142
117, 293
117, 332
117, 369
117, 392
117, 395
117, 489
118, 158
119, 255
119, 292
120, 147
120, 241
120, 253
120, 379
120, 475
121, 167
121, 177
121, 194
121, 266
121, 314
121, 366
121, 384
122, 235
123, 170
123, 182
123, 217
123, 298
123, 320
123, 370
123, 398
124, 238
124, 321
124, 412
125, 152
126, 150
126, 193
126, 230
127, 368
128, 214
128, 270
128, 273
128, 282
128, 295
128, 300
128, 377
128, 385
128, 391
128, 425
128, 428
128, 435
128, 438
128, 465
129, 154
129, 260
129, 271
129, 436
130, 304
131, 133
131, 212
131, 296
131, 305
131, 394
132, 424
132, 464
132, 487
133, 305
134, 432
136, 231
136, 315
136, 344
136, 456
137, 160
137, 205
137, 229
137, 343
137, 414
137, 460
138, 242
138, 291
140, 293
140, 489
141, 186
141, 269
141, 329
141, 368
141, 442
141, 477
142, 369
143, 284
144, 153
145, 197
145, 345
146, 291
146, 340
146, 355
147, 378
147, 379
147, 475
148, 321
148, 345
148, 427
148, 468
149, 150
149, 230
150, 193
150, 230
151, 232
151, 441
151, 461
152, 173
152, 174
152, 212
152, 222
152, 323
152, 342
152, 433
152, 498
153, 339
153, 472
154, 210
156, 224
157, 199
157, 376
157, 408
157, 451
157, 493
158, 397
158, 400
159, 354
160, 229
160, 460
161, 172
161, 185
161, 246
162, 274
162, 336
163, 221
164, 225
164, 331
165, 203
165, 265
165, 278
166, 187
167, 266
169, 353
170, 217
170, 398
171, 184
171, 401
172, 246
172, 301
172, 347
172, 351
172, 410
172, 411
172, 430
172, 463
173, 222
173, 498
174, 498
175, 183
175, 226
176, 192
176, 316
176, 319
177, 384
178, 180
178, 259
178, 467
180, 216
180, 259
180, 467
181, 211
181, 215
182, 341
182, 370
183, 218
183, 226
183, 266
184, 255
184, 290
184, 292
184, 335
184, 480
184, 488
184, 497
186, 317
188, 272
189, 425
189, 465
189, 474
190, 276
190, 292
190, 335
191, 445
191, 453
191, 494
192, 319
192, 352
192, 364
194, 302
194, 314
195, 388
195, 479
196, 376
198, 289
198, 416
199, 408
200, 281
201, 243
201, 357
202, 220
202, 451
202, 490
203, 367
203, 419
204, 283
204, 315
204, 405
205, 229
205, 414
206, 402
207, 350
207, 418
209, 382
212, 296
212, 323
213, 455
214, 295
215, 286
216, 259
216, 373
217, 251
217, 298
218, 226
218, 266
220, 451
222, 498
223, 437
223, 459
225, 331
225, 495
227, 373
228, 343
228, 346
229, 414
229, 423
229, 431
230, 254
233, 446
234, 297
234, 399
236, 310
239, 406
241, 379
242, 291
244, 372
245, 387
246, 330
246, 447
247, 333
247, 455
248, 387
249, 297
249, 391
250, 356
250, 476
252, 267
252, 458
253, 475
255, 290
255, 292
255, 480
257, 381
258, 271
262, 445
262, 453
263, 469
264, 288
265, 278
267, 371
267, 458
269, 442
270, 300
272, 362
272, 380
273, 360
275, 372
275, 462
276, 292
277, 286
279, 363
279, 417
280, 326
280, 367
280, 449
282, 385
284, 471
285, 424
285, 464
287, 339
287, 499
288, 353
289, 416
290, 480
291, 355
291, 409
292, 335
293, 489
294, 357
297, 334
297, 371
297, 391
297, 399
298, 320
298, 370
301, 411
306, 350
307, 338
310, 482
311, 492
312, 313
312, 393
313, 393
314, 366
314, 434
315, 344
315, 405
316, 319
318, 383
320, 370
321, 412
321, 427
321, 468
323, 433
325, 335
325, 389
325, 488
326, 449
328, 407
329, 368
329, 477
330, 447
332, 392
332, 489
333, 455
335, 488
335, 497
337, 365
339, 499
340, 355
343, 346
343, 414
343, 415
344, 456
345, 468
347, 411
351, 404
352, 413
354, 416
355, 409
356, 443
356, 476
359, 490
361, 484
362, 380
362, 486
367, 419
369, 403
371, 399
371, 453
371, 494
371, 495
372, 413
372, 462
376, 493
377, 435
378, 470
378, 475
382, 403
385, 391
386, 390
386, 429
389, 488
392, 395
396, 454
397, 400
397, 407
399, 453
408, 451
413, 462
421, 481
422, 464
423, 431
424, 464
425, 438
425, 465
426, 444
428, 465
430, 431
430, 463
432, 473
437, 459
437, 483
440, 451
440, 490
441, 461
445, 453
446, 496
451, 490
452, 475
453, 494
458, 491
466, 485
488, 497
end