320
4
0, 0.27745758449063884, 0.1764454473213063
1, 0.6686485196663983, 0.9881874281851414
2, 0.6187288474234328, 0.0006844684661225786
3, 0.13218092992586827, 0.29014361558253055
4, 0.9108824011613313, 0.04868662354175235
5, 0.2646542950567803, 0.5788361801749874
6, 0.4330961195150289, 0.9138775206578812
7, 0.19024566628573192, 0.8527012480669186
8, 0.6044118806956487, 0.7788770013089289
9, 0.5034616826269664, 0.6176742570825692
10, 0.42108564456660114, 0.49572505939188083
11, 0.46992411338085127, 0.2123122266979034
12, 0.8352194448127204, 0.7707035634715765
13, 0.17518767418793768, 0.22380143332432823
14, 0.42356149077981375, 0.011959529144208725
15, 0.7207013938728489, 0.5820397005579699
16, 0.979444413634131, 0.2384126164545255
17, 0.29810324274394784, 0.49456414551735584
18, 0.5415256591940529, 0.5361153768025766
19, 0.16331283402668073, 0.042267584901609756
20, 0.9347377562887169, 0.8989117245002873
21, 0.06585389985743662, 0.5541009153706266
22, 0.2937526909534752, 0.3936908213683099
23, 0.5437508219294097, 0.715382257520913
24, 0.4460510279817105, 0.5468597663083067
25, 0.2701631077324418, 0.5741310836475223
26, 0.19405523392609036, 0.7020242636189394
27, 0.8068974936303974, 0.6221210461599275
28, 0.1713585509603175, 0.10595740447692004
29, 0.11835203046849796, 0.2771354300358597
30, 0.9094570186095208, 0.9631304404307509
31, 0.8451721336514241, 0.055031182741353324
32, 0.1195694281952373, 0.13781967556165786
33, 0.9850580963024475, 0.9101466237655239
34, 0.9970904784811468, 0.11913549578909843
35, 0.19867774799104976, 0.7638603737026601
36, 0.06955179667240141, 0.3543972933676698
37, 0.9012243754862054, 0.09750552217825825
38, 0.4206154039245079, 0.31398557351564016
39, 0.8851617489633623, 0.5140454866910115
40, 0.30739081135362456, 0.24767382098778912
41, 0.2142956735921171, 0.5154160471437825
42, 0.5930021800542765, 0.9321573674131897
43, 0.7638904198158601, 0.9860874267206019
44, 0.05348354088100149, 0.7936140474835346
45, 0.21771040109537498, 0.9749246196042615
46, 0.3776839014462037, 0.13634242799153773
47, 0.9618455144669361, 0.8041099360773033
48, 0.5875939279999717, 0.6822078048347465
49, 0.5381075493949457, 0.8897127406189237
50, 0.9390782335961378, 0.1567789787157169
51, 0.29738359198972086, 0.3428865449584325
52, 0.9418974599291996, 0.7221007478701105
53, 0.5164648041461377, 0.7880299769918897
54, 0.777969445471039, 0.9359412295412334
55, 0.012708506903421402, 0.32342174248167976
56, 0.4911400485969639, 0.262818234916801
57, 0.6559867336110815, 0.30304882736474614
58, 0.402621394256512, 0.38951193276337803
59, 0.011749640405730566, 0.8320639113904014
60, 0.35562848579087547, 0.303939813500571
61, 0.9149355221923114, 0.9748325449128318
62, 0.28689815811658925, 0.6039815533350318
63, 0.7767562586498656, 0.684433695303904
64, 0.8633242721792016, 0.1646832121068439
65, 0.10333494120397169, 0.5602195616280393
66, 0.7967117641896613, 0.4535659860024316
67, 0.2053870104104032, 0.34608187894772247
68, 0.9954858723200309, 0.7431341964851692
69, 0.29055658560790054, 0.0955927866516354
70, 0.028878672683762874, 0.2195012148942208
71, 0.23793526244926044, 0.15977837738163114
72, 0.6866570591157419, 0.10004361711781229
73, 0.9118502963797737, 0.29410215345600255
74, 0.3810457821713187, 0.49207959479080254
75, 0.662334031628355, 0.7540449166736292
76, 0.2823829016905992, 0.7635906024059498
77, 0.9299464842934075, 0.2256801068119758
78, 0.4306086492561304, 0.41800162797481666
79, 0.06059972512145939, 0.32361616121530346
80, 0.909164190087757, 0.17698558561516542
81, 0.5543254447055864, 0.5092827403904701
82, 0.232801767669917, 0.35719536939281715
83, 0.785496535147761, 0.3166259132914666
84, 0.47343755859686143, 0.48802485840211585
85, 0.6878955111062957, 0.39635654983939284
86, 0.2157565161623678, 0.15012591263090225
87, 0.6537714731654563, 0.6626641943977506
88, 0.4066963225566611, 0.3340768694678443
89, 0.026516677798710697, 0.5176644341254681
90, 0.41390664515230025, 0.17289634023525313
91, 0.6215291129674165, 0.1535491471647943
92, 0.3134191745048892, 0.3638180534065325
93, 0.10503008303733963, 0.6350252468778382
94, 0.6913211086718662, 0.023552540354223273
95, 0.23845911816078458, 0.10797917119561473
96, 0.4825697885997646, 0.40491488347097215
97, 0.8189113216508899, 0.2772145047883202
98, 0.5233167049894302, 0.38231503212337603
99, 0.5003582706045322, 0.03376645748426366
100, 0.6771968665132738, 0.6812184042048001
101, 0.21548876908556802, 0.9881285701715083
102, 0.6891019793793094, 0.9624576739027315
103, 0.4256335632116728, 0.5000338382210463
104, 0.5329653102914788, 0.326076292760754
105, 0.8353115216875396, 0.4288830232286257
106, 0.8571044942892183, 0.5112004630267947
107, 0.8414252984923232, 0.20951356950434852
108, 0.022433811420393135, 0.17335881875884585
109, 0.3832712529330845, 0.41094383864653583
110, 0.9569186984206, 0.428685972085354
111, 0.2166116065610032, 0.03182720229721092
112, 0.2910657490664367, 0.9669357714183786
113, 0.4441698398075953, 0.8898701900255258
114, 0.023628909776095774, 0.7952071525540059
115, 0.5241399540012489, 0.8133452422538091
116, 0.24135410923178935, 0.8988820428446977
117, 0.46632153961750433, 0.09212487518996626
118, 0.025584592784478444, 0.49997849526943683
119, 0.6512480901882217, 0.06063675700523763
120, 0.9724481444030884, 0.05857882610055165
121, 0.45856367540474263, 0.7090364709699749
122, 0.8963829624270034, 0.49340977415141296
123, 0.3751880771782944, 0.7627533765455156
124, 0.48216036639411186, 0.9104209335843106
125, 0.29038818878605444, 0.9715297790286392
126, 0.8898624921470024, 0.7791154507819129
127, 0.4529851147109806, 0.33586811034766284
128, 0.17528192363607975, 0.6962398669532383
129, 0.8050907556343616, 0.20862770702590194
130, 0.07584365488090217, 0.7105887027335099
131, 0.22811263717122687, 0.01929141605685225
132, 0.3707512205364808, 0.002352298872337788
133, 0.7378716669693269, 0.4130164815353541
134, 0.24235268188394576, 0.4833471713847899
135, 0.46616469940357486, 0.1943265378280682
136, 0.05965812013965832, 0.24373145455726686
137, 0.2631846804896346, 0.27691358843964853
138, 0.39221292718791056, 0.36673082572121163
139, 0.16029726125028232, 0.6291229534664879
140, 0.11194903124749522, 0.9281943641924956
141, 0.34075342807477316, 0.9487450711928413
142, 0.45006645997439154, 0.5660758128381358
143, 0.9215358798841865, 0.8157831253949265
144, 0.010688962670074686, 0.9458868050426197
145, 0.8162592168618816, 0.9830144532437203
146, 0.8849957859634, 0.9614913790700113
147, 0.05897284541492109, 0.39074562626421006
148, 0.7876436480468321, 0.8621722629384933
149, 0.5431866075982613, 0.6479518461489697
150, 0.8774488223094487, 0.3619901933257207
151, 0.7383276113737589, 0.9431108506521529
152, 0.8015304390678193, 0.19686108606814146
153, 0.9425891861136599, 0.9039162442597058
154, 0.2696899006988954, 0.24158707524739775
155, 0.7807104796124544, 0.394206246252197
156, 0.4205741835697907, 0.33051205602938116
157, 0.9644135852973547, 0.14408257497589438
158, 0.8211000748494758, 0.8760966879849106
159, 0.6064649002687447, 0.33105916535711577
160, 0.5372832474225093, 0.2601490285732734
161, 0.4324674083681087, 0.6296669114101966
162, 0.6218615921286162, 0.5712899159403823
163, 0.7566814083449954, 0.5864133918956895
164, 0.0722460531187169, 0.4076728253418265
165, 0.5302919294696553, 0.5141703909368925
166, 0.014206443567433058, 0.7167745496155803
167, 0.35563579894163555, 0.37616986461212887
168, 0.6938557200390735, 0.533259349001122
169, 0.13783919018507085, 0.6423878194779189
170, 0.21672960651493645, 0.8050088344498665
171, 0.5882043086037609, 0.3766730015968661
172, 0.1084404037972252, 0.1227269752186857
173, 0.9064157479900601, 0.8664558039584208
174, 0.7494380299731654, 0.8653538249754977
175, 0.05591471273438764, 0.974079832691616
176, 0.7264588809616656, 0.7076486008198963
177, 0.28638404661824746, 0.46595012681190695
178, 0.217805468147396, 0.21207866995948876
179, 0.47585542931731306, 0.5569027912642177
180, 0.30908016159825, 0.5541500334466053
181, 0.20466670482849336, 0.4989611243090373
182, 0.49638466692987837, 0.605681412649037
183, 0.2816221201639647, 0.5372943137175088
184, 0.12349016008531055, 0.8597528420350165
185, 0.930930899488487, 0.9003197789364068
186, 0.6169126884051023, 0.13227706585433807
187, 0.95878797784622, 0.5865277070219015
188, 0.6273696095803916, 0.36705718317846014
189, 0.4060452726967687, 0.8636402114193279
190, 0.8526998196143435, 0.8241938822740135
191, 0.7124752202678023, 0.9580443994857164
192, 0.043195447778210605, 0.004103780251385136
193, 0.06321819134898432, 0.15130297920607438
194, 0.477768837122439, 0.7651279239081846
195, 0.9401884158796868, 0.3636366673645317
196, 0.19917879783699766, 0.7704485971346354
197, 0.9967831090490515, 0.8069734865177032
198, 0.6647606770387661, 0.7876423504319016
199, 0.8321014206419771, 0.8865059473976193
200, 0.5061171706156735, 0.47535710033799483
201, 0.3644108131813054, 0.7092056773048563
202, 0.8734965617889423, 0.3695429460615205
203, 0.32888302080661547, 0.9498092111506623
204, 0.5851637623292546, 0.49466146837203095
205, 0.7958491856063286, 0.9100579543943195
206, 0.8505714656492492, 0.13887447996293312
207, 0.07247926877063193, 0.7278216971038265
208, 0.6455078810676547, 0.41470913721040925
209, 0.0753518950266564, 0.16852255317597176
210, 0.3198757325064203, 0.902427434651304
211, 0.9615803849365352, 0.8232672301881618
212, 0.5684027597349822, 0.37402397805306054
213, 0.7703374070565305, 0.8810210057659725
214, 0.5644070136243757, 0.4403177889931066
215, 0.056440355988794044, 0.48425345157932764
216, 0.058507333771239844, 0.4177114644419152
217, 0.05322137132857385, 0.04006878609684217
218, 0.3029312032466944, 0.1876827123712509
219, 0.3813363812184226, 0.8841829794297047
220, 0.4843853199966046, 0.8170569817754595
221, 0.5782052100128116, 0.3639680177013854
222, 0.24915830845948128, 0.413835833260657
223, 0.15899442131980202, 0.4501055884305596
224, 0.08549928198259937, 0.6988389204317041
225, 0.31290777505466894, 0.9041568023109021
226, 0.46629111576175997, 0.13832614487422246
227, 0.28502483325323047, 0.6635636571895979
228, 0.05930826933640665, 0.21931561329881977
229, 0.032495489763103014, 0.7637300550156079
230, 0.3319661204711144, 0.7646565772799029
231, 0.9157898589709746, 0.44492420982313774
232, 0.9906567007254882, 0.9753682666103751
233, 0.7920065058641652, 0.7722342977851725
234, 0.7270817652125906, 0.7339172457244483
235, 0.8517236160388902, 0.00524966149063022
236, 0.2951367968006777, 0.8634975880268136
237, 0.9265815334643035, 0.4006282698261384
238, 0.12065698338324504, 0.8297639483457121
239, 0.14405033408861245, 0.796637000883064
240, 0.5740166770103792, 0.9580714114793379
241, 0.16290608050905264, 0.4082044897771332
242, 0.7043312692951238, 0.5236416834242291
243, 0.2774069688331493, 0.9160975633198737
244, 0.6275203903384582, 0.04487685721346557
245, 0.2987128497412923, 0.6598052066296792
246, 0.06896464915539458, 0.6622452054307725
247, 0.2572910419427398, 0.4214496596448859
248, 0.8027098795736625, 0.24865176066949224
249, 0.4372483977818816, 0.7771622426433022
250, 0.507438697544147, 0.3915979767895408
251, 0.049315928725307545, 0.366638806998541
252, 0.5664494811520164, 0.409650356136958
253, 0.5250823835726909, 0.5548404131127445
254, 0.49523970660128713, 0.18695445474537375
255, 0.3358488712060348, 0.08162911710197185
256, 0.6657074057350746, 0.058870671201140645
257, 0.07918970233534883, 0.312706413815775
258, 0.8797638536405992, 0.2823736094642567
259, 0.5160695829106557, 0.3357310158782447
260, 0.2414440892044173, 0.6433385884947915
261, 0.42846920332820604, 0.005876280083015661
262, 0.19315854429039314, 0.6952734786819931
263, 0.1330391629148412, 0.8499244885503822
264, 0.2499918705431753, 0.7114776397015816
265, 0.17235236342034466, 0.7620139205949075
266, 0.5070960094798697, 0.7637282738642709
267, 0.3804698956593259, 0.10947651577390338
268, 0.715022027998692, 0.5379678304851666
269, 0.23582480384214688, 0.3352827232861856
270, 0.2139656945078141, 0.3100847504705646
271, 0.8371208055576954, 0.5922044574125277
272, 0.6421809663969583, 0.7175569192634254
273, 0.7843863975040329, 0.12786868249884487
274, 0.728270931000855, 0.3463786368374797
275, 0.3676154290075341, 0.000456670307737439
276, 0.3480631592963588, 0.657905428673233
277, 0.903614787638805, 0.3533152330080134
278, 0.13948612133998017, 0.517647661589588
279, 0.8216728969711301, 0.05573992152169083
280, 0.4704087858627045, 0.5500267463656531
281, 0.009672227034598802, 0.2566654309286106
282, 0.9667396221096333, 0.4499623331640865
283, 0.9852897053273305, 0.7964085949473212
284, 0.27591471060087847, 0.11863406732730875
285, 0.22929355060306855, 0.36768389137628654
286, 0.41133621422190725, 0.3551751461978393
287, 0.40625930828913714, 0.45692086805535403
288, 0.9250965129460934, 0.2379371516425005
289, 0.2307233347613865, 0.5052281364999939
290, 0.038536839772425724, 0.8384388913813632
291, 0.3632345050628223, 0.13219239187794285
292, 0.7019681788551293, 0.9083930524723282
293, 0.6712888504388382, 0.921088265601834
294, 0.6873069332909915, 0.9815146498304278
295, 0.47807718426681867, 0.6142098092054565
296, 0.3374417425778261, 0.08896904240432224
297, 0.5153043923786912, 0.6741972319478241
298, 0.13323698688078778, 0.6006631514467426
299, 0.807872306919839, 0.08584116625182237
300, 0.6023672808086099, 0.5249765748740731
301, 0.44474499645046484, 0.8903475939958388
302, 0.20306190056539553, 0.6464714779910427
303, 0.9588015536368149, 0.5351718855640858
304, 0.24518176887600307, 0.8985919964403852
305, 0.5222390102208291, 0.505098145627421
306, 0.3611431597487976, 0.13975613363583395
307, 0.6301142689524326, 0.19009313067632727
308, 0.11364780569960553, 0.897403169721767
309, 0.15182477040400777, 0.9076850815717806
310, 0.004453042228891313, 0.22534789884946538
311, 0.9258704852124642, 0.37636171128622387
312, 0.19743634191310921, 0.8086580817282377
313, 0.24400331350955007, 0.7084645383672217
314, 0.02556990650272506, 0.7555132270877482
315, 0.05108694454198859, 0.4849963618478613
316, 0.5820553887483783, 0.9340907049476805
317, 0.31453285079503424, 0.3623108570132343
318, 0.724589495388861, 0.3396575185123907
319, 0.9773134212247581, 0.7740881380244784
end_nodes
0, 1
0, 2
0, 3
0, 4
0, 5
0, 6
0, 7
0, 8
0, 9
0, 10
0, 11
0, 12
0, 13
0, 14
0, 15
0, 16
0, 17
1, 6
1, 7
1, 8
1, 9
1, 10
1, 12
1, 18
1, 20
1, 23
1, 24
1, 30
1, 33
1, 42
1, 43
1, 45
1, 47
2, 4
2, 14
2, 31
2, 46
2, 94
2, 99
2, 117
2, 119
2, 120
2, 131
2, 132
2, 192
2, 226
2, 235
2, 244
2, 256
3, 7
3, 13
3, 19
3, 21
3, 26
3, 28
3, 29
3, 32
3, 35
3, 36
3, 41
3, 44
3, 55
3, 59
3, 65
3, 67
4, 16
4, 31
4, 34
4, 37
4, 50
4, 64
4, 72
4, 77
4, 80
4, 90
4, 91
4, 107
4, 120
4, 129
4, 152
5, 6
5, 7
5, 17
5, 25
5, 62
5, 76
5, 123
5, 134
5, 154
5, 170
5, 177
5, 180
5, 183
5, 189
5, 201
5, 219
6, 7
6, 10
6, 17
6, 22
6, 24
6, 40
6, 42
6, 49
6, 51
6, 53
6, 74
6, 92
6, 113
6, 115
7, 35
7, 44
7, 45
7, 59
7, 65
7, 76
7, 93
7, 101
7, 112
7, 114
7, 116
7, 125
8, 9
8, 18
8, 58
8, 60
8, 78
8, 84
8, 88
8, 96
8, 138
8, 149
8, 156
8, 165
8, 179
8, 200
8, 253
9, 23
9, 179
9, 182
9, 280
10, 24
10, 40
10, 74
10, 103
10, 109
10, 161
10, 167
10, 249
10, 287
10, 297
11, 15
11, 16
11, 27
11, 39
11, 47
11, 52
11, 56
11, 57
11, 66
11, 68
11, 73
11, 83
11, 85
11, 97
11, 98
11, 104
12, 15
12, 18
12, 27
12, 38
12, 47
12, 48
12, 63
12, 75
12, 81
12, 87
12, 96
12, 100
12, 102
12, 126
12, 143
13, 14
13, 28
13, 69
13, 71
13, 86
13, 95
13, 111
13, 131
13, 178
13, 255
13, 284
13, 296
14, 69
14, 95
14, 99
14, 131
14, 255
14, 267
14, 284
14, 291
14, 296
15, 27
15, 38
15, 63
15, 98
15, 104
15, 127
15, 163
15, 168
15, 171
15, 204
15, 212
15, 214
15, 218
15, 221
16, 34
16, 39
16, 50
16, 68
16, 73
16, 77
16, 90
16, 105
16, 107
16, 110
16, 122
16, 129
16, 135
16, 150
17, 22
17, 25
17, 177
17, 180
17, 183
17, 201
17, 276
18, 48
18, 81
18, 87
18, 96
18, 165
19, 28
19, 32
19, 55
19, 70
19, 108
19, 111
19, 131
19, 136
19, 172
19, 192
19, 193
19, 209
19, 217
19, 228
19, 281
19, 310
20, 33
20, 47
20, 54
20, 68
20, 153
20, 173
20, 185
20, 197
20, 199
20, 205
20, 211
20, 283
20, 294
20, 319
21, 36
21, 55
21, 59
21, 79
21, 89
21, 118
21, 147
21, 164
21, 166
21, 215
21, 216
21, 251
21, 314
21, 315
22, 51
23, 182
24, 42
24, 53
24, 113
24, 115
24, 121
24, 142
24, 161
24, 194
24, 220
24, 249
24, 266
24, 295
24, 301
25, 180
25, 183
26, 35
26, 41
26, 82
26, 137
26, 181
26, 196
26, 223
26, 241
26, 262
26, 269
26, 289
26, 302
27, 47
27, 126
27, 163
27, 168
27, 171
27, 221
27, 242
27, 268
28, 111
29, 32
29, 55
29, 136
30, 33
30, 43
30, 61
30, 145
30, 146
30, 232
31, 94
31, 119
31, 226
31, 256
31, 279
32, 136
33, 146
33, 153
33, 197
33, 232
34, 68
34, 120
34, 157
34, 197
35, 128
35, 196
36, 79
36, 164
36, 257
37, 64
37, 80
37, 107
38, 204
38, 214
38, 250
39, 57
39, 66
39, 68
39, 85
39, 105
39, 106
39, 110
39, 122
39, 155
39, 160
39, 187
39, 188
39, 237
39, 274
39, 277
40, 74
40, 167
41, 67
41, 82
41, 181
41, 241
41, 270
41, 285
42, 49
42, 115
42, 124
42, 240
42, 295
42, 316
43, 145
43, 232
44, 65
44, 93
44, 114
44, 130
44, 207
44, 224
44, 229
44, 239
44, 246
45, 101
45, 125
46, 117
46, 226
46, 306
47, 52
47, 102
47, 126
47, 143
47, 148
47, 151
47, 158
47, 173
47, 191
47, 199
47, 208
47, 213
48, 75
48, 87
48, 100
48, 174
48, 198
48, 234
48, 272
48, 292
48, 293
49, 115
49, 124
50, 77
51, 92
51, 317
52, 68
52, 208
52, 271
52, 319
53, 115
53, 194
53, 220
53, 266
53, 301
54, 205
54, 294
55, 59
55, 79
55, 89
55, 118
55, 136
55, 144
55, 166
55, 209
55, 215
55, 228
55, 251
55, 257
55, 281
56, 98
56, 104
56, 252
56, 259
57, 83
57, 150
57, 160
57, 202
57, 274
57, 318
58, 60
58, 138
59, 101
59, 114
59, 140
59, 144
59, 166
59, 175
59, 184
59, 229
59, 238
59, 263
59, 290
59, 308
59, 309
60, 78
60, 88
60, 138
60, 156
60, 286
61, 145
61, 232
62, 180
62, 201
62, 276
63, 204
64, 107
65, 93
65, 130
65, 139
65, 169
65, 265
65, 278
65, 298
66, 85
66, 133
67, 270
68, 106
68, 110
68, 187
68, 188
68, 197
68, 211
68, 271
68, 282
68, 283
68, 303
68, 319
69, 86
69, 95
69, 284
70, 281
70, 310
71, 255
71, 284
72, 90
73, 83
73, 97
73, 150
73, 248
73, 258
73, 288
74, 167
75, 174
75, 233
75, 234
75, 272
76, 170
76, 219
76, 227
76, 230
76, 236
76, 264
76, 313
77, 80
77, 107
78, 84
78, 88
78, 138
78, 149
78, 286
79, 147
79, 251
79, 257
80, 107
81, 96
81, 162
82, 269
82, 270
82, 285
83, 97
83, 150
84, 88
84, 149
85, 133
85, 159
85, 188
86, 95
87, 100
87, 176
88, 156
88, 286
89, 118
89, 166
90, 91
90, 129
90, 152
90, 186
90, 254
90, 299
90, 307
91, 152
91, 186
91, 273
91, 299
92, 317
93, 130
93, 207
93, 224
93, 239
94, 256
95, 131
96, 156
96, 162
96, 165
96, 200
96, 253
96, 300
96, 305
98, 218
98, 252
98, 259
99, 267
99, 291
100, 176
101, 140
101, 175
101, 184
101, 263
101, 308
101, 309
102, 148
102, 158
102, 191
102, 213
103, 287
103, 297
104, 212
104, 252
105, 155
105, 202
105, 274
105, 277
105, 318
106, 188
107, 129
108, 192
108, 193
108, 217
108, 310
109, 287
109, 297
110, 122
110, 187
110, 195
110, 231
110, 282
110, 303
111, 131
112, 116
112, 125
112, 141
112, 203
112, 210
112, 225
112, 243
112, 304
113, 301
114, 229
114, 238
116, 304
117, 226
119, 226
119, 244
119, 256
119, 279
120, 235
121, 220
121, 301
122, 195
122, 231
122, 237
123, 201
125, 141
127, 218
129, 152
129, 206
129, 307
130, 207
131, 132
131, 192
131, 261
132, 192
132, 261
134, 154
134, 222
134, 247
134, 260
134, 312
137, 196
137, 269
137, 270
137, 289
137, 302
139, 169
139, 265
139, 278
139, 298
140, 175
141, 203
141, 210
142, 194
142, 266
143, 148
143, 190
144, 175
144, 281
144, 310
145, 232
147, 216
147, 251
148, 190
148, 213
150, 202
151, 191
152, 206
152, 273
152, 307
153, 185
154, 222
154, 247
154, 312
155, 274
156, 253
156, 300
158, 213
159, 188
161, 249
163, 168
165, 305
166, 314
168, 171
168, 242
168, 268
169, 265
169, 298
170, 313
171, 221
171, 242
172, 209
172, 228
173, 199
174, 198
174, 233
174, 292
179, 280
180, 276
181, 241
184, 263
184, 290
184, 309
186, 299
187, 303
189, 219
189, 245
192, 217
192, 275
192, 310
193, 310
194, 220
194, 266
195, 231
196, 289
197, 232
197, 283
198, 292
199, 205
200, 305
201, 276
202, 318
203, 210
204, 250
205, 294
209, 228
209, 281
210, 225
210, 304
211, 319
215, 251
215, 315
216, 251
219, 230
219, 236
219, 245
220, 301
222, 312
223, 241
223, 262
224, 239
225, 243
225, 304
226, 244
226, 279
226, 306
227, 230
229, 246
234, 272
240, 316
241, 262
242, 268
243, 304
248, 258
248, 288
252, 259
255, 284
260, 312
263, 290
264, 313
267, 291
269, 270
269, 302
270, 285
274, 318
277, 311
281, 310
287, 297
292, 293
308, 309
end