400
4
0, 0.0652535206464494, 0.8761179263417538
1, 0.8616536123575259, 0.15134622482523186
2, 0.6505280543815275, 0.5190632011951365
3, 0.7646476420811025, 0.9451275859546556
4, 0.7909331566872017, 0.3599323958044358
5, 0.6168291139671486, 0.19888031464673617
6, 0.345084909023759, 0.8597335113877697
7, 0.569546492248097, 0.916369467146034
8, 0.3653737876120755, 0.13453441304471891
9, 0.7844516404781994, 0.4936064241991308
10, 0.3246334788259264, 0.9154480830486749
11, 0.07339639274947918, 0.5031028486788783
12, 0.39471602299979025, 0.6180887064997436
13, 0.8273301135044666, 0.8560025892351111
14, 0.6681929130572432, 0.18562097600546534
15, 0.4892922110957362, 0.9596236549023095
16, 0.8297103288501949, 0.785155337480527
17, 0.4263033408694028, 0.9199280055535676
18, 0.8838313748363192, 0.09150662863586523
19, 0.1009318128204012, 0.599912004509036
20, 0.41407197580917454, 0.39089172165435415
21, 0.4978650996613433, 0.28245381517228607
22, 0.21407956280245388, 0.561548652935131
23, 0.4808490337511597, 0.3621074624151991
24, 0.858141780611237, 0.6617072980626542
25, 0.020897218078403057, 0.42445954130474717
26, 0.149010753358649, 0.028455629299787844
27, 0.7951187883456012, 0.49412883695730025
28, 0.7433288451997917, 0.8854048455483179
29, 0.02149774788801284, 0.1061707236958237
30, 0.51041183250273, 0.43138848224898707
31, 0.9661204312996834, 0.4733759403411455
32, 0.02817544187374499, 0.288878088486514
33, 0.7573417290786052, 0.28734399185682324
34, 0.8577521244980103, 0.44331191421552196
35, 0.1952853546219393, 0.7679543995788433
36, 0.9771389358327569, 0.05179936440078825
37, 0.9246465286426637, 0.43823052971080545
38, 0.09745225355064557, 0.7467997807791593
39, 0.6413756927411375, 0.20490579190007585
40, 0.9929773921782413, 0.7547285999875308
41, 0.9391987084081063, 0.13783075581471327
42, 0.30257188532978696, 0.18922774460789193
43, 0.5929550322689796, 0.014501264246703949
44, 0.18582078852083694, 0.509898699270934
45, 0.2911717583263701, 0.8641996162744606
46, 0.48159817429964924, 0.9222783282737503
47, 0.4523574022669191, 0.6666647578649643
48, 0.5520008162807535, 0.9329925829870144
49, 0.34440194664862067, 0.29215098158666175
50, 0.6329087047690363, 0.7206786969365641
51, 0.44962732413958884, 0.7576018367088925
52, 0.48169651350370546, 0.971171749926952
53, 0.302641294273024, 0.10212275442883223
54, 0.4998325691190174, 0.11161240000125983
55, 0.9178124086328379, 0.8453505760093677
56, 0.6481006674216936, 0.3744899687941575
57, 0.3063489560794903, 0.6613327297066471
58, 0.12475734821819151, 0.21619105282208528
59, 0.08952767992253563, 0.7661383787437063
60, 0.07325863402036814, 0.6591867368117521
61, 0.7823038366228803, 0.38026679922292306
62, 0.6538074779218451, 0.17954690744718615
63, 0.8597463797751215, 0.7985373277948986
64, 0.880808657038574, 0.49220539897553583
65, 0.8514107079191618, 0.10915105487886578
66, 0.18501110142158816, 0.781341670871025
67, 0.7551561719909761, 0.6307219949309438
68, 0.5090802667651484, 0.08611815769355313
69, 0.8861412734906656, 0.41114625963308626
70, 0.3447657254554469, 0.07496845486310155
71, 0.18590689500213042, 0.3492343705882225
72, 0.08730672399230965, 0.6043298209183329
73, 0.9524977240254285, 0.4851119942197464
74, 0.725126770206339, 0.4000326713420793
75, 0.8963931024373143, 0.044047535462191534
76, 0.12541456742149382, 0.7678528788488462
77, 0.5592613457746984, 0.1689429116935387
78, 0.7501017492414471, 0.6684952172461384
79, 0.4542562237754767, 0.607028948245493
80, 0.5732967465396057, 0.653348378569505
81, 0.13221908032256557, 0.01023209809926895
82, 0.38770943369076827, 0.8064764034850839
83, 0.5516897446204051, 0.576404055615201
84, 0.5065239667596417, 0.2593421824244996
85, 0.7322948268365457, 0.40091530523668684
86, 0.6018161663745237, 0.9851808103954663
87, 0.48811348121197784, 0.5346092382846397
88, 0.31763199722457347, 0.28138107498487075
89, 0.47454610465822367, 0.7049516444954814
90, 0.39307518370519634, 0.1960750405266226
91, 0.545968467114238, 0.5786692593952283
92, 0.7772975090560496, 0.5923566054452012
93, 0.3088824786461698, 0.8050329196946518
94, 0.9606147399713102, 0.5177761347954944
95, 0.5069972230777378, 0.8453544666343508
96, 0.7127234708322153, 0.5705866845705534
97, 0.4522354339145589, 0.9791211576314117
98, 0.4937145612787034, 0.2777295404446528
99, 0.6961466847156397, 0.7500070465767491
100, 0.09316375527976384, 0.7716727683437977
101, 0.6568147184847845, 0.522987138463624
102, 0.4678801648483285, 0.7691128257812837
103, 0.329565821747852, 0.40781003157929774
104, 0.7205721286582936, 0.2846697546741014
105, 0.5340684323135454, 0.1148861691366656
106, 0.5349075571457824, 0.21753217955637671
107, 0.16180593070466176, 0.43392258322477595
108, 0.4728785685719301, 0.19745061866866054
109, 0.8533807870033183, 0.9225596120122602
110, 0.5032747660682615, 0.5655346356989889
111, 0.06246294787062978, 0.37261737599998324
112, 0.6913961845763733, 0.5333786842076512
113, 0.9648296219596598, 0.19888910112757963
114, 0.4037583545556538, 0.9183138531593111
115, 0.3247496021997741, 0.6145988638653375
116, 0.9864809279373112, 0.08439945487338996
117, 0.48803396102524477, 0.7557629601804462
118, 0.05221855384159946, 0.45483213856639304
119, 0.6345875194450409, 0.10804462825074934
120, 0.8440266606125303, 0.961569097811147
121, 0.11863428452493774, 0.1802475945004799
122, 0.7946149815695599, 0.023375667577324788
123, 0.8404888754487578, 0.3397217361020938
124, 0.8734013013808047, 0.6371019696448661
125, 0.8110833196407982, 0.4978857645443544
126, 0.49860499537061653, 0.04898782270431834
127, 0.7602081618415948, 0.0701941979822317
128, 0.38802611883249116, 0.29066868228784704
129, 0.8043302855685363, 0.20963595242546573
130, 0.22610024632929893, 0.7743255211571105
131, 0.5927444511543031, 0.5718002814470188
132, 0.7895548204916834, 0.9616174294266686
133, 0.09607052776946501, 0.36968851683381454
134, 0.8105410247289347, 0.02510906141170144
135, 0.04286450498022765, 0.0373049219010021
136, 0.09193227257982206, 0.05138651667861627
137, 0.33402505807278193, 0.06652495610294784
138, 0.02095899798701506, 0.058086556380593124
139, 0.6121782340808107, 0.6015674487417892
140, 0.2699636809489613, 0.5979296738551321
141, 0.6763216847884717, 0.5321158041184518
142, 0.2702617823563557, 0.48334389605624706
143, 0.09520359539508771, 0.8745665103816773
144, 0.45692927353245205, 0.5167812331905219
145, 0.5999311093041609, 0.7228560264882868
146, 0.3624968455020712, 0.20552207468449912
147, 0.769101475738654, 0.5595208775019495
148, 0.5067351631526975, 0.04060953920387622
149, 0.7032399566628298, 0.7190173670341463
150, 0.1364095985674817, 0.9379100543205366
151, 0.02722079925743992, 0.9459107863299606
152, 0.6523750194958517, 0.8697619024076616
153, 0.1638008245282223, 0.854257877138681
154, 0.9846588391625368, 0.8047956896185421
155, 0.1916409154903269, 0.11931429310644848
156, 0.06612603766036307, 0.8186961626609338
157, 0.3900277603683562, 0.2080360907784229
158, 0.6198252921487017, 0.12645364583716867
159, 0.986951429536389, 0.4455839436599147
160, 0.7379555000576703, 0.0721283606237737
161, 0.9532214402765414, 0.08171019204789676
162, 0.49450969601557426, 0.8103215589170942
163, 0.21305646454228322, 0.08087023357111733
164, 0.4729494392314344, 0.10606632380740844
165, 0.5896365232476539, 0.20458078125173085
166, 0.6366208419719542, 0.22202876639836822
167, 0.03368182096723471, 0.7878016358102624
168, 0.023139550559306055, 0.30499265164709577
169, 0.7410829115498031, 0.5935578058646679
170, 0.686597268430096, 0.8892637217763321
171, 0.6826621388219616, 0.47291222370950103
172, 0.1469215764338635, 0.8342789556490803
173, 0.8886264261705076, 0.8695149315674525
174, 0.8267578573014169, 0.8519545920917956
175, 0.4756220187360408, 0.16705854145753996
176, 0.16285947368636078, 0.3126265387474576
177, 0.34597705829365166, 0.0955318633263953
178, 0.12639379775267034, 0.0016492609048905926
179, 0.35713945753760434, 0.5872736713868081
180, 0.027566993054185418, 0.39844492623571703
181, 0.002221805939528587, 0.02127538334830603
182, 0.9077991337996582, 0.0242706917229345
183, 0.3108164474108873, 0.15750750681263903
184, 0.23539888534028663, 0.13465041185982007
185, 0.8738825882279408, 0.5525648498005308
186, 0.5579288785774897, 0.9249626308392728
187, 0.4200039117612647, 0.04789326503425395
188, 0.0565729424963034, 0.9410966806431723
189, 0.21364032828545787, 0.3050167262321055
190, 0.08599041150739695, 0.037785177372181455
191, 0.283435586052898, 0.638224356917009
192, 0.790761659759769, 0.39873501795392563
193, 0.6613665735155391, 0.9135587622335604
194, 0.2909686102211677, 0.8547436308057783
195, 0.7761452383682345, 0.13623463573197503
196, 0.5186646651945632, 0.31115002376073353
197, 0.6432686063897736, 0.9534314097745448
198, 0.06962320486448437, 0.515539821955112
199, 0.050345244531805666, 0.5324773666707842
200, 0.4615335733648048, 0.0007036412796569413
201, 0.7556084484070714, 0.5134922620255716
202, 0.7732210358067798, 0.856131342262845
203, 0.2668149949800356, 0.11757984532941967
204, 0.9722266127647418, 0.22346153184427964
205, 0.594542615507709, 0.5505205623178887
206, 0.08370509450325347, 0.3812176380026936
207, 0.03758369934379735, 0.269401353752428
208, 0.752077205451241, 0.715386448991182
209, 0.6117509344573248, 0.0009099777115681995
210, 0.6717553869846044, 0.8379641880590084
211, 0.7918747832116182, 0.5571375346538524
212, 0.20869280383250854, 0.08280526955744094
213, 0.8576526505329914, 0.9915456540744857
214, 0.31916700070416515, 0.40451690352807657
215, 0.6133831515232132, 0.9903455026684519
216, 0.7602124823655363, 0.6038312274058382
217, 0.7475984212447254, 0.9711809620541361
218, 0.1183324906074461, 0.9983184039645859
219, 0.737827628331103, 0.18332660923724997
220, 0.023206214415747217, 0.5208381792946895
221, 0.4340401360264422, 0.4731125248887167
222, 0.1733421487292376, 0.3320387840104456
223, 0.4895673526853883, 0.21443036421729367
224, 0.9684542527340634, 0.8661571349956655
225, 0.9978053306166608, 0.2592793955522613
226, 0.8186914942316983, 0.0030519905936449154
227, 0.4005192592244998, 0.052174043319013874
228, 0.05850510870426806, 0.27340875762840877
229, 0.007966620446697381, 0.830763364882754
230, 0.03416968792945607, 0.5687071272610852
231, 0.8226765359264019, 0.2383140377288958
232, 0.6440719528958129, 0.2605532612935443
233, 0.5725720764949941, 0.1419808407132428
234, 0.10294175120684279, 0.772080974444189
235, 0.9563102703355587, 0.4892703663386958
236, 0.6272411377508507, 0.30585422885596836
237, 0.6399953417578731, 0.9762903304312226
238, 0.38301063964305226, 0.7983400483659516
239, 0.5721327794547738, 0.4399156567195861
240, 0.9625242317249488, 0.2156828445411192
241, 0.12191855283608177, 0.6358404417274823
242, 0.41898822887238174, 0.7574504339261511
243, 0.10565092353016126, 0.9004891839287481
244, 0.5663223064370503, 0.485686013931255
245, 0.25922818021273697, 0.11277409502808833
246, 0.9078655824590584, 0.6155085654208894
247, 0.1992726754477403, 0.5331360220701724
248, 0.5090985449149573, 0.6157708823567775
249, 0.5800974057584741, 0.5366888350310562
250, 0.7504462461071447, 0.0957519401139314
251, 0.38034821738826585, 0.7449790724090052
252, 0.40004015846745167, 0.16717200764862972
253, 0.6187458466360766, 0.21157306796824082
254, 0.8479864145915389, 0.6200430818500888
255, 0.14462430937947024, 0.1123292418075228
256, 0.70735117269136, 0.8609380172973183
257, 0.9742097358625311, 0.10525760161355158
258, 0.39850905247237844, 0.046057458062753964
259, 0.0680575264612604, 0.08827831516028595
260, 0.852897703110689, 0.7022277327435815
261, 0.4163937365458553, 0.08817172236200077
262, 0.7856231952254523, 0.9395019430602103
263, 0.839419706112282, 0.9768752830503034
264, 0.8303032594120411, 0.7739461741350391
265, 0.9208431579864906, 0.7260957336723909
266, 0.6108775596760666, 0.5537529981910088
267, 0.09985451402228174, 0.07281558793673126
268, 0.9366516346581014, 0.810466997387136
269, 0.39888291443617596, 0.8197210573238596
270, 0.9075532119889894, 0.07949115480535507
271, 0.9059941896369341, 0.09932199484235693
272, 0.8543812644766021, 0.32975579420777434
273, 0.8205186805499498, 0.30875166551407396
274, 0.9973108268195039, 0.6003029881724593
275, 0.3234246465745573, 0.609194460172236
276, 0.4004899580926633, 0.5285340613869872
277, 0.2519932367851545, 0.36701546457869105
278, 0.480277171007245, 0.4536995233079206
279, 0.9094452465342108, 0.5371695691322076
280, 0.6429347087474813, 0.6768170197832966
281, 0.5598539546770285, 0.3277619327521599
282, 0.3999844179698052, 0.289242809727583
283, 0.8889050351133679, 0.7598010940850736
284, 0.7281707890948992, 0.568034924417226
285, 0.7341377060355017, 0.19407535437367673
286, 0.12379468841318819, 0.49430115873720104
287, 0.12494444334369081, 0.27130589651127224
288, 0.1104055599607302, 0.06868394213987472
289, 0.3154795168860389, 0.036854419174911945
290, 0.15990126676928318, 0.41142955583264995
291, 0.6015866421358013, 0.6109397180116428
292, 0.9122929801028937, 0.31066150969242246
293, 0.4130363123361792, 0.022128990470562826
294, 0.8224678345482153, 0.1341006906571317
295, 0.041141613803170274, 0.4545941776312762
296, 0.8028058786351069, 0.2606989126008956
297, 0.10271847031959724, 0.3756982108271397
298, 0.314888737907457, 0.3848568669242287
299, 0.5961429822061324, 0.4295853459314778
300, 0.5774882474306554, 0.9060280629377626
301, 0.5460358088142577, 0.17487583610394997
302, 0.23761409969516134, 0.4593862208003212
303, 0.3470792087596499, 0.4382853263534462
304, 0.05719145539858317, 0.5654093465663882
305, 0.5990827383787137, 0.812721318446053
306, 0.4278459220936669, 0.707850531686425
307, 0.07443318903960294, 0.5930561018785733
308, 0.27754702831994704, 0.5030902513933817
309, 0.2978605407623277, 0.7708545536674062
310, 0.5779519978836138, 0.1440124546371987
311, 0.05440501893130101, 0.025685404075167062
312, 0.2928355018538785, 0.19185994105155024
313, 0.8973133144063716, 0.2915396317941892
314, 0.7805097658071449, 0.6600486342042304
315, 0.65943552136953, 0.3585101262831344
316, 0.31434122679200227, 0.8179915500647178
317, 0.5837700766199596, 0.6258241894134786
318, 0.32965179454559246, 0.9058572817537622
319, 0.21246827699972504, 0.829704461316233
320, 0.2982685366393637, 0.4901261384013724
321, 0.12352552221989643, 0.9047964130812607
322, 0.6424101740667308, 0.5985856590171601
323, 0.07172658491851036, 0.017552795957594736
324, 0.03163720355372024, 0.10332187952554794
325, 0.6179152779379489, 0.44230692597999055
326, 0.9242501140822442, 0.08992268101845835
327, 0.001455773616610978, 0.5937639999267043
328, 0.09286164110893202, 0.7624422906568008
329, 0.21340457177626093, 0.05403584735587186
330, 0.2429844143553579, 0.875800098259826
331, 0.9241896140127988, 0.056497591954384085
332, 0.015105850815774313, 0.062456576621679805
333, 0.17385643443307108, 0.9631136847432453
334, 0.6512388421864119, 0.8299044257458383
335, 0.5966571963615099, 0.11691633842814375
336, 0.9689403606702811, 0.38982709814470173
337, 0.9017532842921159, 0.31669282654312303
338, 0.4058026432915969, 0.40053887383931064
339, 0.9387899059840287, 0.4295466372008032
340, 0.2955651643064663, 0.28833829491494556
341, 0.1770173555289356, 0.8131607352312918
342, 0.42268386790738377, 0.30150882993127803
343, 0.9402104611556238, 0.9620721522762712
344, 0.21661862454171354, 0.02926057195324594
345, 0.8520789505006818, 0.5399187321122296
346, 0.3475608092323548, 0.40672291247574355
347, 0.05629992710127418, 0.7059778256448785
348, 0.7556134261096725, 0.4543401857980762
349, 0.5404720258786874, 0.8139203094347887
350, 0.15866800459831187, 0.1692552315475181
351, 0.6750606663101587, 0.8226268822901486
352, 0.47383579020066136, 0.0220967705567664
353, 0.3224244250391689, 0.9865758144847182
354, 0.023531557186168506, 0.6343542699612575
355, 0.18109181447895983, 0.6166919367968628
356, 0.5060226149789662, 0.3721274409267108
357, 0.8674887791071815, 0.276532434023549
358, 0.9713800104713244, 0.22009268169276275
359, 0.21776405318327574, 0.6695749708588367
360, 0.5647097864131139, 0.42461726883349926
361, 0.5632294508754637, 0.40490647845902294
362, 0.48665002082965536, 0.24677687232706602
363, 0.8716452984438923, 0.8495707718001834
364, 0.12398572931672092, 0.24172119715675655
365, 0.22635493110491356, 0.1612592288019059
366, 0.9382438958866428, 0.20227379206384044
367, 0.17907846329466137, 0.10407971814580641
368, 0.6800010029796785, 0.6456649151274841
369, 0.6474717916851569, 0.7644635761286638
370, 0.13250861275039982, 0.9641162317735462
371, 0.7712397543184543, 0.9374440882735451
372, 0.6140532689894279, 0.8306007752936064
373, 0.7485199676529251, 0.1325730773702074
374, 0.3014818444877624, 0.9748911078658142
375, 0.4707797284122601, 0.7538210370348938
376, 0.15936461470333252, 0.4320114071152882
377, 0.11021992961010008, 0.28881101052743163
378, 0.4109827842294227, 0.6315592142818716
379, 0.8908327308363224, 0.9893476661586931
380, 0.29994989368826086, 0.29200368239101127
381, 0.32603329235981615, 0.8163191664520713
382, 0.6535623214995954, 0.3020907812569973
383, 0.2949388613466801, 0.4096207901668283
384, 0.5435623916006084, 0.8623738255357075
385, 0.611160683157247, 0.18893295254338527
386, 0.020309944643917, 0.26062006450571173
387, 0.15838188946271736, 0.8930983444832838
388, 0.45201645381078737, 0.00986186992593796
389, 0.15875100997057612, 0.3277956991189873
390, 0.014580014199276792, 0.4235290915617207
391, 0.3869466961269197, 0.305172984287402
392, 0.3349352650084708, 0.754801188639034
393, 0.4013050610459574, 0.8922602318496087
394, 0.22669709381441494, 0.44483649047223217
395, 0.5064816750308387, 0.617469168494047
396, 0.5305968773999831, 0.4786927643910882
397, 0.5168653764777135, 0.49521600264843624
398, 0.028163157293527252, 0.5189051057071793
399, 0.755005846364079, 0.19694222284865204
end_nodes
0, 1
0, 2
0, 3
0, 4
0, 5
0, 6
0, 7
0, 8
0, 9
0, 10
0, 11
0, 12
0, 13
0, 14
0, 15
0, 16
0, 17
0, 18
0, 19
0, 20
1, 4
1, 9
1, 12
1, 13
1, 16
1, 18
1, 24
1, 27
1, 31
1, 33
1, 34
1, 35
1, 36
1, 37
1, 40
1, 41
1, 55
1, 56
1, 57
2, 4
2, 9
2, 47
2, 61
2, 79
2, 83
2, 91
2, 101
2, 110
2, 112
2, 130
2, 131
2, 141
2, 171
2, 192
2, 205
2, 248
2, 249
2, 266
3, 7
3, 10
3, 13
3, 15
3, 17
3, 28
3, 46
3, 48
3, 52
3, 55
3, 86
3, 97
3, 109
3, 114
3, 120
3, 132
3, 152
3, 154
3, 170
4, 12
4, 33
4, 56
4, 61
4, 74
4, 85
4, 87
4, 110
4, 171
4, 192
4, 231
4, 244
4, 249
4, 273
4, 296
4, 299
4, 325
5, 8
5, 14
5, 18
5, 20
5, 21
5, 22
5, 23
5, 26
5, 36
5, 39
5, 43
5, 49
5, 53
5, 54
5, 62
5, 65
5, 68
5, 70
5, 75
6, 13
6, 16
6, 45
6, 95
6, 143
6, 174
6, 194
6, 202
6, 210
6, 305
6, 334
6, 351
6, 372
6, 384
7, 152
7, 193
7, 300
7, 330
7, 393
8, 11
8, 19
8, 22
8, 25
8, 26
8, 29
8, 32
8, 38
8, 42
8, 44
8, 49
8, 53
8, 58
8, 59
8, 71
8, 72
8, 76
8, 88
9, 16
9, 27
9, 47
9, 50
9, 51
9, 67
9, 78
9, 80
9, 82
9, 89
9, 92
9, 93
9, 96
9, 99
9, 102
9, 112
9, 117
10, 15
10, 48
10, 114
10, 387
11, 25
11, 42
11, 60
11, 71
11, 72
11, 107
11, 118
11, 133
11, 151
11, 156
11, 167
11, 176
11, 188
11, 189
11, 198
11, 199
11, 206
11, 220
12, 35
12, 56
12, 66
12, 74
12, 85
12, 87
12, 104
12, 129
12, 239
12, 299
12, 315
12, 396
12, 397
13, 16
13, 24
13, 28
13, 34
13, 55
13, 63
13, 124
13, 143
13, 152
13, 170
13, 174
13, 202
13, 254
13, 256
13, 260
13, 264
14, 30
14, 39
14, 65
14, 115
14, 166
14, 179
14, 191
14, 219
14, 221
14, 232
14, 236
14, 275
14, 276
14, 278
14, 281
14, 285
14, 294
14, 356
15, 48
15, 52
15, 97
15, 150
15, 151
15, 188
15, 197
15, 218
15, 243
15, 321
15, 333
15, 353
15, 370
15, 374
15, 387
16, 27
16, 78
16, 82
16, 92
16, 99
16, 102
16, 117
16, 123
16, 125
16, 153
16, 162
16, 172
16, 174
16, 208
16, 210
17, 46
17, 114
17, 186
17, 318
18, 30
18, 36
18, 65
18, 144
18, 179
18, 195
18, 232
18, 236
18, 271
18, 294
18, 326
18, 361
18, 382
18, 399
19, 38
19, 44
19, 59
19, 60
19, 72
19, 241
19, 277
20, 22
20, 23
20, 76
20, 140
20, 196
20, 320
20, 338
20, 359
21, 22
21, 49
21, 84
21, 98
21, 103
21, 128
21, 142
21, 214
21, 282
21, 298
21, 303
21, 308
21, 342
21, 346
21, 362
21, 383
21, 391
22, 49
22, 76
22, 88
22, 142
22, 214
22, 308
22, 320
22, 338
22, 383
23, 140
23, 196
23, 359
24, 34
24, 64
24, 124
24, 185
24, 254
24, 260
24, 345
24, 357
25, 29
25, 32
25, 42
25, 111
25, 118
25, 133
25, 138
25, 151
25, 168
25, 176
25, 180
25, 181
25, 206
25, 220
25, 229
25, 287
25, 295
25, 312
26, 29
26, 43
26, 53
26, 54
26, 68
26, 70
26, 81
26, 105
26, 126
26, 135
26, 136
26, 137
26, 138
26, 148
26, 155
26, 163
26, 177
26, 178
27, 123
27, 125
28, 170
29, 32
29, 58
29, 121
29, 136
29, 138
29, 155
29, 168
29, 184
29, 207
29, 228
29, 255
29, 259
29, 267
29, 288
29, 324
29, 350
29, 364
30, 179
30, 236
30, 278
30, 382
31, 36
31, 37
31, 40
31, 41
31, 73
31, 94
31, 113
31, 116
31, 159
31, 161
31, 204
31, 225
31, 235
31, 240
31, 257
31, 274
31, 292
31, 313
31, 336
32, 168
32, 180
32, 183
32, 207
32, 228
32, 287
32, 312
32, 364
32, 377
33, 56
33, 231
33, 296
34, 272
34, 345
35, 57
35, 66
35, 104
35, 360
35, 396
36, 43
36, 62
36, 75
36, 113
36, 116
36, 122
36, 134
36, 161
36, 182
36, 200
36, 204
36, 209
36, 226
36, 240
36, 257
36, 270
37, 40
37, 73
37, 94
37, 313
37, 337
37, 339
38, 44
38, 59
38, 241
38, 340
38, 394
39, 253
40, 55
40, 69
40, 94
40, 154
40, 246
40, 265
40, 268
40, 274
40, 279
41, 161
41, 366
42, 71
42, 176
42, 189
42, 222
42, 389
43, 68
43, 75
43, 119
43, 126
43, 127
43, 148
43, 158
43, 160
43, 178
43, 200
43, 233
43, 250
43, 293
43, 310
43, 335
43, 344
43, 352
44, 241
44, 277
44, 340
44, 394
45, 143
45, 384
46, 186
47, 112
47, 131
47, 141
47, 248
47, 266
47, 341
47, 395
49, 88
49, 90
49, 98
49, 106
49, 108
49, 128
49, 146
49, 157
49, 165
49, 175
49, 223
49, 252
49, 282
49, 298
49, 362
49, 383
50, 96
50, 99
50, 117
50, 145
50, 149
50, 169
50, 280
50, 284
50, 368
50, 369
51, 80
51, 82
51, 89
51, 93
51, 238
51, 242
51, 316
51, 381
52, 97
52, 197
53, 301
53, 329
54, 70
54, 77
54, 105
54, 164
55, 63
55, 64
55, 69
55, 124
55, 154
55, 185
55, 246
55, 265
55, 268
55, 283
55, 357
55, 363
55, 371
56, 129
56, 299
56, 315
57, 360
58, 121
58, 183
58, 184
58, 350
58, 364
58, 365
59, 100
59, 234
59, 247
59, 328
59, 380
60, 72
60, 307
61, 192
62, 75
62, 270
62, 331
62, 373
63, 124
63, 283
63, 363
64, 185
64, 357
65, 195
65, 294
67, 78
67, 99
67, 147
67, 216
68, 105
68, 126
68, 137
68, 187
68, 227
68, 233
68, 258
68, 261
68, 385
69, 246
69, 279
70, 77
70, 164
70, 177
72, 107
72, 286
72, 307
73, 94
73, 235
74, 87
75, 127
75, 250
75, 331
75, 373
76, 302
76, 338
76, 355
77, 164
78, 92
78, 99
78, 208
78, 314
79, 91
79, 110
79, 130
79, 205
79, 378
80, 89
80, 201
80, 322
81, 135
81, 178
81, 181
81, 311
81, 323
82, 102
82, 238
82, 375
82, 381
83, 91
83, 130
84, 362
86, 97
86, 120
86, 132
86, 213
86, 215
86, 217
86, 218
86, 237
86, 263
86, 343
86, 353
86, 379
87, 244
87, 299
87, 325
89, 93
89, 201
89, 242
89, 317
89, 322
90, 157
90, 175
90, 252
91, 130
91, 205
92, 211
92, 314
93, 139
93, 172
93, 242
93, 251
93, 291
93, 306
93, 309
93, 316
93, 317
93, 392
94, 235
95, 210
95, 334
96, 117
96, 145
96, 280
96, 284
97, 353
98, 362
99, 147
99, 149
99, 169
99, 208
99, 216
99, 369
100, 234
101, 131
101, 141
102, 117
102, 375
103, 142
103, 214
103, 346
104, 239
104, 396
104, 397
105, 261
106, 108
106, 165
106, 175
106, 223
107, 286
107, 290
107, 376
108, 175
108, 223
109, 120
109, 154
109, 173
109, 224
109, 262
109, 343
110, 249
110, 378
111, 287
111, 312
112, 141
113, 240
113, 257
113, 358
115, 179
115, 191
115, 275
115, 276
116, 225
116, 336
117, 145
117, 369
118, 206
118, 295
119, 158
119, 250
120, 132
120, 217
120, 343
121, 350
122, 134
122, 209
122, 226
123, 125
124, 185
124, 260
124, 283
126, 148
126, 187
126, 258
126, 289
127, 160
127, 250
128, 282
128, 298
128, 391
129, 315
130, 378
131, 141
131, 266
132, 237
133, 176
133, 206
133, 297
134, 226
135, 138
135, 181
135, 190
135, 311
135, 332
136, 138
137, 261
138, 190
138, 332
138, 386
139, 172
139, 291
139, 306
139, 309
139, 392
140, 359
142, 214
142, 346
143, 384
144, 361
145, 280
146, 252
147, 216
148, 289
148, 293
148, 344
148, 352
149, 169
150, 188
150, 243
150, 321
151, 167
151, 188
151, 218
151, 220
151, 229
151, 230
151, 333
151, 347
151, 354
151, 370
152, 170
152, 193
152, 256
152, 300
152, 330
152, 393
153, 162
153, 172
153, 269
153, 319
153, 349
154, 173
154, 224
155, 163
155, 203
155, 212
155, 245
155, 255
155, 259
155, 288
155, 367
156, 188
157, 175
158, 250
159, 225
159, 274
160, 250
161, 240
162, 269
162, 319
162, 349
163, 203
163, 212
163, 245
165, 175
166, 191
166, 356
167, 198
167, 199
167, 230
167, 304
171, 249
172, 309
172, 316
172, 319
173, 262
174, 202
174, 210
175, 252
176, 297
176, 389
178, 181
178, 200
178, 388
179, 276
179, 278
179, 281
179, 382
180, 287
180, 377
181, 229
181, 311
181, 323
181, 327
181, 332
181, 386
181, 390
182, 226
183, 364
184, 350
184, 365
186, 318
187, 258
188, 243
188, 347
189, 222
191, 221
191, 275
191, 356
192, 273
192, 348
194, 305
198, 199
198, 304
199, 220
199, 230
199, 304
200, 209
200, 388
201, 322
203, 245
204, 257
207, 228
209, 226
210, 334
210, 351
213, 215
213, 218
213, 379
214, 383
215, 218
217, 343
218, 353
218, 370
218, 374
219, 285
219, 294
220, 230
220, 354
220, 398
221, 275
222, 389
224, 343
225, 274
227, 258
228, 364
229, 327
229, 390
231, 296
232, 236
232, 285
232, 294
232, 399
233, 310
233, 385
234, 247
234, 328
234, 380
236, 399
238, 381
239, 397
243, 321
244, 325
246, 265
246, 279
247, 328
247, 380
248, 341
248, 395
251, 306
251, 392
254, 345
255, 259
255, 324
256, 330
257, 358
259, 288
259, 324
263, 343
263, 379
265, 268
267, 288
269, 319
271, 326
278, 281
284, 368
285, 294
287, 312
287, 377
288, 367
290, 376
292, 313
293, 344
293, 352
298, 342
298, 383
298, 391
299, 325
300, 393
301, 329
302, 355
303, 308
306, 392
309, 392
310, 335
310, 385
311, 323
313, 337
313, 339
316, 381
320, 338
330, 393
331, 373
332, 386
333, 370
334, 351
334, 372
335, 385
340, 394
341, 395
342, 391
343, 379
351, 372
370, 374
end