520
4
0, 0.1930650080116756, 0.5418621041721279
1, 0.7855689856459023, 0.829936847904923
2, 0.005240276884232342, 0.6490398898362935
3, 0.11369428095920875, 0.02584945997897392
4, 0.3099901842360625, 0.7104315021409479
5, 0.08610631313052053, 0.16157803938404247
6, 0.8556448984495989, 0.2542973605105249
7, 0.6492148994452236, 0.29629658753124544
8, 0.47174931917802254, 0.6648193884812454
9, 0.28725073671827517, 0.052202361219995996
10, 0.6610958192341327, 0.5903140321777136
11, 0.547566600480074, 0.4988821488378866
12, 0.6255085188747566, 0.2586153025700747
13, 0.12980623691253212, 0.35950265666185444
14, 0.2637802598059069, 0.7557726219311518
15, 0.34877313048189973, 0.10473997620325393
16, 0.25708455854012524, 0.7626093218808583
17, 0.6701653652446795, 0.4377925737189132
18, 0.2476102346016068, 0.6637048902180436
19, 0.9381803809920475, 0.17780294508015881
20, 0.8387893086953949, 0.2084913527108163
21, 0.035454895766986905, 0.49468383230116353
22, 0.65877661631047, 0.23892846821304514
23, 0.2497885316646148, 0.4724902035502886
24, 0.9101577346156424, 0.6908271347049273
25, 0.5123662232318242, 0.0352989050846334
26, 0.6163708846783779, 0.7642963492358813
27, 0.1805160181333344, 0.3783379283971573
28, 0.8496423061851217, 0.9779315711990804
29, 0.9005682331382967, 0.6926570667463698
30, 0.5804477250110822, 0.784336061809499
31, 0.567180243154864, 0.36913387662138264
32, 0.8194251068946745, 0.5842068075887913
33, 0.9601872819920362, 0.10116652282935157
34, 0.35091655015791623, 0.5535279020512777
35, 0.014788881195008763, 0.5394136432706248
36, 0.31827005268950825, 0.02445244482300446
37, 0.13935971183294238, 0.8633155605046786
38, 0.594444978023286, 0.4600538978316371
39, 0.27900569674457065, 0.06714340269068297
40, 0.5238690020920931, 0.8438170964094431
41, 0.7725699724247876, 0.5522351340153486
42, 0.5798224157814257, 0.37181275829870475
43, 0.49660737137586686, 0.6530686385640776
44, 0.24016390227639328, 0.9268247703385346
45, 0.21690516175717833, 0.8357038940773801
46, 0.7806036869829951, 0.20930178008687217
47, 0.8329029569488631, 0.5589820427630394
48, 0.6829128921334546, 0.9828412918817022
49, 0.16500382157042748, 0.2231745845152605
50, 0.34530161437191653, 0.387443387833892
51, 0.008852251756343521, 0.8565873387225432
52, 0.3959779260494811, 0.9658059803232921
53, 0.41530345763346443, 0.7641773317563271
54, 0.251139745926647, 0.37923193991703896
55, 0.40029516032950463, 0.25275600613165783
56, 0.4796927332081101, 0.9155718280021478
57, 0.5472901631908513, 0.7684059342850301
58, 0.3742501745472331, 0.2402481567121818
59, 0.3607406161433706, 0.11019159394243094
60, 0.03884073590112913, 0.571086950897627
61, 0.026151001479943647, 0.6834335613772302
62, 0.0522860048208188, 0.5993628575976132
63, 0.35374601122716354, 0.24477679653366846
64, 0.5556604287484023, 0.2993077159052435
65, 0.38173417576676505, 0.8135031993348262
66, 0.07366853488431924, 0.9030797776259019
67, 0.20822444634280146, 0.8923079854914351
68, 0.7918595984672356, 0.21312594474331714
69, 0.003902322486318943, 0.42188611062094283
70, 0.19052138353905923, 0.21506973023303777
71, 0.9810920407755627, 0.6368453706951899
72, 0.9037574810092304, 0.13067126299807752
73, 0.2194300232367119, 0.8202327771294201
74, 0.28215267113464404, 0.213927738433474
75, 0.1801385623001377, 0.586094106799257
76, 0.943203013999426, 0.8571300614825353
77, 0.8023998565819178, 0.39768435745175335
78, 0.4410079412450393, 0.517808039190484
79, 0.22852187898365472, 0.42296876533221217
80, 0.9883792951098682, 0.789729197969361
81, 0.4444448115134979, 0.9755114712441689
82, 0.2412149300819164, 0.8864438700482061
83, 0.9629902845532186, 0.8060878639131298
84, 0.7615699169603753, 0.4652121241826175
85, 0.26411643637310356, 0.546564978277751
86, 0.8896919209623231, 0.03871879330958117
87, 0.3909824055151009, 0.4167665651096615
88, 0.2419808520290675, 0.5820452382573124
89, 0.8845309647549122, 0.1952902198294807
90, 0.4785865791552404, 0.4126563965289104
91, 0.3906153477456654, 0.0746739203402017
92, 0.05241103108512146, 0.1468547204941707
93, 0.6958709994919816, 0.3339569319847593
94, 0.20175328637361567, 0.13468466541220714
95, 0.7720644776515135, 0.9934028861050812
96, 0.3083173475279688, 0.2605201868819125
97, 0.18977011573531455, 0.9340880871218944
98, 0.3958956102162625, 0.9415970978058351
99, 0.7068445814166304, 0.6981740109350777
100, 0.11852717462150952, 0.6179724556085849
101, 0.0849364986139618, 0.9361640733439819
102, 0.9788093892604427, 0.3761290956073393
103, 0.7951992439704386, 0.17756622722396076
104, 0.4409287405954122, 0.9427640827706304
105, 0.9135624402292947, 0.9491324982604775
106, 0.9438912399944568, 0.8187608160282449
107, 0.2904699164227541, 0.3022245033918034
108, 0.08306488656339894, 0.4909689647788199
109, 0.6431317359496281, 0.42314470489996525
110, 0.013116520194021986, 0.3356391709255121
111, 0.10216200500544137, 0.14496056191335271
112, 0.3645786080148553, 0.25391545410234706
113, 0.15676445806202732, 0.7199294795134633
114, 0.8124117404320258, 0.8711356699632894
115, 0.6152236709888586, 0.11024122927720503
116, 0.862838003195164, 0.6258852661428932
117, 0.3690620996620122, 0.7350376265137176
118, 0.031403435343724695, 0.23310768010734695
119, 0.18761014661432984, 0.46529878257628143
120, 0.3531968833099651, 0.6975740470032449
121, 0.7439218342974052, 0.5584376898628665
122, 0.9493034111788392, 0.9854877997852274
123, 0.009379830168790737, 0.49662607813172877
124, 0.9848646675264924, 0.9588574096410548
125, 0.06514531604553364, 0.40806303117545795
126, 0.8024799781710804, 0.16638424573580002
127, 0.7883632170211532, 0.009197637599444919
128, 0.21182158870171341, 0.6331352331292145
129, 0.41288858812608564, 0.9448410074569523
130, 0.9095032542052947, 0.9126941580475303
131, 0.9404500826687787, 0.5791898399168606
132, 0.037245662878200414, 0.49910020149232304
133, 0.3016332833915223, 0.3895526759580077
134, 0.46374678568828287, 0.25405239856279704
135, 0.9302322230244162, 0.29359952237283704
136, 0.8936216064522736, 0.6963290295946359
137, 0.923801911353466, 0.2670362438838799
138, 0.46930776769211846, 0.09780703403581192
139, 0.5033732834136255, 0.4260570757343455
140, 0.07936716605905414, 0.9390013567583699
141, 0.7975995055430105, 0.4711189745684823
142, 0.20827397005400483, 0.40161417600663785
143, 0.09013036003002761, 0.5181641542662948
144, 0.05050334719120264, 0.29425134998075064
145, 0.37661656867356863, 0.21687729232481368
146, 0.14752484202147875, 0.7472289645791201
147, 0.7734743011583902, 0.8969058890763529
148, 0.2404068598344441, 0.5054925096820402
149, 0.3437124019394562, 0.12478642756933112
150, 0.056171268450654455, 0.6038358838009884
151, 0.3615684728004386, 0.617073835049546
152, 0.4016581067933169, 0.13651422114274914
153, 0.06072897263292243, 0.5441646034310673
154, 0.3704311674589754, 0.1960873358187072
155, 0.6734998721737239, 0.18417560820320966
156, 0.6486292350929967, 0.6738997318649758
157, 0.8571311348939431, 0.5736354107284863
158, 0.2036765359954924, 0.6808013457175709
159, 0.9557278179936616, 0.2989174504091028
160, 0.7831438634685556, 0.7450083137603738
161, 0.5907864959814143, 0.6652724799723138
162, 0.42014868465672206, 0.5994905394275141
163, 0.15261785324789845, 0.46043670475381093
164, 0.1865508820645112, 0.2335609579892799
165, 0.012674881240399616, 0.3795477739051971
166, 0.6682584993623248, 0.15258844456743859
167, 0.6510980625705566, 0.14906546953951905
168, 0.18388823376057672, 0.1630812376821642
169, 0.07785266515216782, 0.0596995104451441
170, 0.1832495857761821, 0.6227345972076151
171, 0.17751554226596045, 0.013040702157808282
172, 0.10067295965716005, 0.8271875688053145
173, 0.4326159562652283, 0.9704047834596652
174, 0.02725116749795886, 0.19680586743316886
175, 0.9998269832712485, 0.7034816791207972
176, 0.4876608780273666, 0.9319687233090589
177, 0.2567303494037284, 0.65421523579972
178, 0.9643030814146043, 0.18137287123865664
179, 0.1936406562418509, 0.817620150265107
180, 0.19309913345432494, 0.1390817365452245
181, 0.879753621191712, 0.16870305578996203
182, 0.1966262097137671, 0.6484696213236609
183, 0.9689443575705361, 0.7562737844499191
184, 0.40051676061349384, 0.7060624680173214
185, 0.4195759079186263, 0.4818958445478715
186, 0.33630569617337935, 0.9272250103592613
187, 0.26118571886640773, 0.06189857347161298
188, 0.9962962307925646, 0.31197208740460947
189, 0.4634329603973062, 0.09161080931735732
190, 0.34344025990591664, 0.4498257394345293
191, 0.47730639971013533, 0.4811590218532542
192, 0.37976965561303544, 0.831756709705306
193, 0.8845456297556585, 0.9967885459392533
194, 0.9158539564323827, 0.6060798947766782
195, 0.14527630891295018, 0.5986951011692446
196, 0.6397111236842358, 0.2679696522081886
197, 0.947405345056777, 0.5353655456983833
198, 0.25516098900229134, 0.8023572331231364
199, 0.6713224393085967, 0.25946652036785944
200, 0.6284113753310538, 0.6913786181009888
201, 0.9121669702496131, 0.7691038510155622
202, 0.12368099735557869, 0.39773725137524385
203, 0.7084354504763198, 0.6091146132196289
204, 0.5582901144308384, 0.17165408050317432
205, 0.2808552381476367, 0.8029584857948501
206, 0.1633442102345043, 0.050534306100668114
207, 0.6649163514206692, 0.8783867890820751
208, 0.863640437613043, 0.3204248732841851
209, 0.9995173373039341, 0.12919418732734111
210, 0.8177882943730344, 0.6451905931386364
211, 0.34591751039530527, 0.23645552274806114
212, 0.06924720317640576, 0.4438323068616101
213, 0.2588284201719824, 0.22519684793507133
214, 0.5109550887489891, 0.5645759019266311
215, 0.9246569629750082, 0.2580796841392896
216, 0.6222421831779491, 0.9415753741922267
217, 0.2306234150761668, 0.6722402748714131
218, 0.3212601292837718, 0.4355313706615609
219, 0.24454853592580295, 0.10544605621055059
220, 0.8791775530866947, 0.42529259558041366
221, 0.8776438897598081, 0.6007563718288158
222, 0.0713125344210247, 0.03036630404159657
223, 0.8364647535649096, 0.3196809848654679
224, 0.01972837235629843, 0.07110290631058869
225, 0.9724327121831879, 0.18657685123789558
226, 0.22826536990339907, 0.494669359552807
227, 0.8323673942531669, 0.5643914958376689
228, 0.703350138074983, 0.7254683943773577
229, 0.15241753531348667, 0.07300495380301908
230, 0.4785884552752967, 0.6163767011346156
231, 0.05186661153427852, 0.22362689555635218
232, 0.7539127318345681, 0.15057344268592054
233, 0.028780139032552943, 0.21368587665263228
234, 0.4838205531410822, 0.2740695272809057
235, 0.6420749475861357, 0.934180556430394
236, 0.2537270042761487, 0.6374447964885154
237, 0.06874686268219554, 0.12681117441912182
238, 0.3268110006112033, 0.4348478816933915
239, 0.21110600801743862, 0.6640435496729757
240, 0.9018038716576847, 0.5573518072860452
241, 0.7372551480323497, 0.1043100896386372
242, 0.9324336419841405, 0.49226740128610125
243, 0.8475578813772615, 0.17468697842505398
244, 0.7246357923816769, 0.6977758340852624
245, 0.6513034921178823, 0.6200262912315079
246, 0.5680286411912567, 0.18200365640191207
247, 0.5101316309583294, 0.5147401787313881
248, 0.8601494861188629, 0.5065297736549391
249, 0.4176399615939588, 0.5332205904131407
250, 0.8098326655009812, 0.9730616753088245
251, 0.9937341464736127, 0.4756525855024881
252, 0.4681770439176697, 0.2104989545443241
253, 0.9350306814597558, 0.19859900800361063
254, 0.9243414863039286, 0.5911396831452944
255, 0.44943833199745353, 0.5798720022399486
256, 0.8304687216676718, 0.3256639215889696
257, 0.6092133636602205, 0.9347165640585087
258, 0.21725667364553802, 0.0029323925154900454
259, 0.7166964109246531, 0.5692763364242613
260, 0.06964044466456476, 0.10044791863305325
261, 0.3750816931940719, 0.5985937804218702
262, 0.7407191735925346, 0.46677892709669255
263, 0.6784035663029406, 0.6084865321713343
264, 0.39059163418546394, 0.8876973636395352
265, 0.14764063901820945, 0.20710382494569846
266, 0.40063914256615674, 0.19686191432061528
267, 0.8495745641870673, 0.21797547636948633
268, 0.0628314212725738, 0.10811173117970707
269, 0.7425693317554456, 0.7794707036891384
270, 0.19507813839854915, 0.7697733779327688
271, 0.6721509635541574, 0.23499038942837513
272, 0.8162602402841798, 0.5856707425631019
273, 0.18695634990642074, 0.34602589358427205
274, 0.07150072753259351, 0.7696637472780543
275, 0.9036000817426675, 0.3027830168725878
276, 0.4866970040838785, 0.08969192796892056
277, 0.009578402264783348, 0.0035064557203613456
278, 0.7473465654585121, 0.43649561747967713
279, 0.5710356126065953, 0.4064871383709019
280, 0.012450383479566729, 0.2738372979325827
281, 0.3155651526707117, 0.5988185984005902
282, 0.030594217224509057, 0.795309610581727
283, 0.7272833711803939, 0.8792330049813367
284, 0.6289078744137492, 0.13223202465589634
285, 0.21009164748048936, 0.12662937746168434
286, 0.1793946041560469, 0.08022890944876482
287, 0.3862016600494512, 0.8582728966151271
288, 0.9873805990234553, 0.4779442234516672
289, 0.14791570858693703, 0.09098088520194036
290, 0.05628277455850683, 0.21201763413228158
291, 0.183903362598565, 0.5861759230262553
292, 0.6420032071243839, 0.8890040898924063
293, 0.3618690389703013, 0.062496346175335726
294, 0.7893737986999139, 0.7203349226652487
295, 0.9911126008267888, 0.8427257682186845
296, 0.9493286049095309, 0.3200014060001827
297, 0.9565243982588053, 0.5062308018828704
298, 0.6220140831731841, 0.047126463798929374
299, 0.4068243470225933, 0.786537010560716
300, 0.2240075974615895, 0.6670001246435234
301, 0.314800723668318, 0.5100711064681847
302, 0.3490549248026422, 0.3460314833295912
303, 0.6176948567620054, 0.5126290123701422
304, 0.6281099138754384, 0.40830896412207895
305, 0.7714429869533435, 0.0590692103961582
306, 0.016850062690655143, 0.45628366352780436
307, 0.8207774582493573, 0.9331231567199779
308, 0.9754047563405686, 0.26464567362772196
309, 0.3352856355556777, 0.33846674252749265
310, 0.6883938136424714, 0.29441905214364783
311, 0.38842636688993004, 0.5156326217612122
312, 0.5367178752214978, 0.5885092885765911
313, 0.3685388145379238, 0.3818238940654417
314, 0.5197744393055985, 0.7463203025898727
315, 0.8209251780586714, 0.041567768563835816
316, 0.2658686772839931, 0.9292649155011454
317, 0.9730292963129794, 0.7931771443799649
318, 0.05951247905882684, 0.15779615834450933
319, 0.6651936287466922, 0.7330385486147102
320, 0.5109297180315959, 0.8064759944462859
321, 0.8448096345813103, 0.5622022403496296
322, 0.3621922243516811, 0.8487554118726396
323, 0.4001189941970795, 0.019553732532090362
324, 0.6379174927315869, 0.20276121963848548
325, 0.11096653051210092, 0.8998851508722076
326, 0.38710617601655617, 0.48962840241800043
327, 0.2650545171074469, 0.2613044171637837
328, 0.7289239709566738, 0.24865009922230608
329, 0.9375607855956067, 0.3756904527346223
330, 0.6986571458557821, 0.7268740038600012
331, 0.9748523919697989, 0.8387870883384252
332, 0.7867164096304107, 0.9575764088056535
333, 0.125403865190013, 0.5544875948726152
334, 0.7517793490481047, 0.8381507894815182
335, 0.39014961150163463, 0.3977680034011336
336, 0.16659946352910182, 0.03514847818496758
337, 0.36672619000461704, 0.10535781261844701
338, 0.366857982663241, 0.967728086822643
339, 0.9502117638298931, 0.11596381168177783
340, 0.399629160229384, 0.5540116485837006
341, 0.6766258757871941, 0.144175343649815
342, 0.45774738920523983, 0.6087351528111827
343, 0.9563771892171021, 0.2801538937346255
344, 0.8101341412620621, 0.4875621771630526
345, 0.0565152243199476, 0.7923864163667637
346, 0.16007080180850697, 0.3217121351877963
347, 0.6660524327773224, 0.9439358182092186
348, 0.24999364652504796, 0.16396913471916874
349, 0.5834266880676394, 0.06476511024223963
350, 0.944707183053834, 0.5338285833169721
351, 0.674382161365627, 0.6126871231476818
352, 0.996353956278596, 0.9797552832004106
353, 0.4414971008895693, 0.27975712787147977
354, 0.09255473943138282, 0.8731263032961843
355, 0.031240781467878898, 0.4874011132016234
356, 0.4478516072309362, 0.17058138484487828
357, 0.5614090280369792, 0.8042461907663637
358, 0.8468975718278907, 0.7817429742893612
359, 0.09657917064617338, 0.964349139804228
360, 0.6533071727867569, 0.7489146238485183
361, 0.971873981066469, 0.4406094770147648
362, 0.6079391207361345, 0.18032335073085315
363, 0.08883080345456029, 0.21628072408702903
364, 0.5306640329306476, 0.6238835046146475
365, 0.33526326581791444, 0.3453030377468369
366, 0.7040670246365847, 0.8343934342714823
367, 0.9810202702145804, 0.5439101251803848
368, 0.7190143346805612, 0.7003258289206353
369, 0.887634053842346, 0.8256479579319997
370, 0.015236659892871263, 0.7347287293446129
371, 0.43933291103630434, 0.11791552159587226
372, 0.6884912019518085, 0.8988385046707299
373, 0.07716399977678068, 0.09960979349484311
374, 0.11373326528972161, 0.13091317077720144
375, 0.6293619912692366, 0.6437589563810602
376, 0.8467590355590311, 0.942429763791483
377, 0.9961456373962161, 0.17727653565101098
378, 0.11739450418804376, 0.6139051918468316
379, 0.5932142060819702, 0.4294016122091342
380, 0.09222960160645166, 0.15946069835165033
381, 0.2025086539808132, 0.6033256681633821
382, 0.3114902567602983, 0.42394749533449605
383, 0.9756264392938658, 0.8326180856746407
384, 0.9470515740047664, 0.3735821490974208
385, 0.7251744139476946, 0.8740838416826165
386, 0.05771352420443865, 0.8216453032850277
387, 0.8298267295992264, 0.7360427181240343
388, 0.7419629671687555, 0.41413751636988794
389, 0.46151907067880626, 0.8453938188331362
390, 0.8894346669735984, 0.35042466832553
391, 0.28669969865751876, 0.026678855472569207
392, 0.9345508756835372, 0.3561685090198867
393, 0.4286208825768909, 0.5312859162385094
394, 0.1462109150478279, 0.9357714292864386
395, 0.94916576076428, 0.673571511294452
396, 0.5769866792402679, 0.7761570130931251
397, 0.18262439635892436, 0.23248778588728825
398, 0.8663421511850486, 0.11770817973188785
399, 0.07653428527838402, 0.4730648247857847
400, 0.49198198779619307, 0.6116916006792266
401, 0.40022692387661674, 0.9188242117905381
402, 0.06769542075569068, 0.4434716812782753
403, 0.09350428397091315, 0.8333330306125165
404, 0.824545761427616, 0.8555009297226674
405, 0.6082748363475076, 0.44291124543600435
406, 0.7328673272216322, 0.3545942494608264
407, 0.13405430519937733, 0.25489239813651465
408, 0.029185493431217457, 0.8371919051544328
409, 0.820886770009641, 0.8058465050567845
410, 0.018371419724534932, 0.10133535727653586
411, 0.9045318423671953, 0.9838047391546808
412, 0.6455629927979192, 0.17891310789594417
413, 0.20290817723080778, 0.9347868348274686
414, 0.5211673789029521, 0.5520013052916166
415, 0.8301603382318135, 0.7680243518144164
416, 0.9067814639704378, 0.9968964153248842
417, 0.48436815325044524, 0.09165317485945412
418, 0.8584575405260272, 0.26350347983074895
419, 0.5437423956793722, 0.1798688283411669
420, 0.3402339667328682, 0.25541745011024275
421, 0.8089859005762619, 0.012266258392639617
422, 0.19809460716750504, 0.25367013746539757
423, 0.25328903541610337, 0.6516168671683894
424, 0.6884807434657073, 0.5387533820953935
425, 0.13812002193237494, 0.44855095207204154
426, 0.9880819804379822, 0.09842359253871003
427, 0.4074481913750593, 0.1625388010749126
428, 0.33267119737996376, 0.9179345202951527
429, 0.35835112177502904, 0.890152462298638
430, 0.04809988887678662, 0.6778130786883204
431, 0.10974785583772495, 0.9023833560271949
432, 0.0019691573234184023, 0.17908745788328295
433, 0.3231263748360753, 0.7616724494066577
434, 0.7267315276074867, 0.09668288873243758
435, 0.6711443289789477, 0.7419361476698026
436, 0.928695126517095, 0.904472815614088
437, 0.10108266851155168, 0.6805611037675369
438, 0.22136187791663997, 0.07409846034051282
439, 0.4707647300846953, 0.964392922943235
440, 0.44609893004135026, 0.9832449000349365
441, 0.23016488723051698, 0.5930485817291129
442, 0.26867050407928594, 0.3081895342255053
443, 0.3828975001375723, 0.6361734510944601
444, 0.974294913461619, 0.8672447687167392
445, 0.8347045427821601, 0.2386067498683957
446, 0.46451457219903947, 0.3820697019118299
447, 0.8770977939266194, 0.028327349502809684
448, 0.6518958044823452, 0.7772781970986532
449, 0.11677245580943474, 0.9857914065982994
450, 0.7739633847879346, 0.36524233981940335
451, 0.9355714558411957, 0.6007615528297257
452, 0.042250972563345646, 0.12440034960893132
453, 0.9721408346018292, 0.10755659885057944
454, 0.06786060786353154, 0.1949845394413794
455, 0.8495613812001003, 0.9634398066085479
456, 0.2942334469546487, 0.9226650071552185
457, 0.6628620934189563, 0.32966326090035847
458, 0.50585553332179, 0.16048975807526056
459, 0.15563300513756495, 0.999736979379497
460, 0.3727734129586783, 0.8987128724133064
461, 0.09745774940028817, 0.542471110101263
462, 0.42184940871467946, 0.5920960979224308
463, 0.09924482302228099, 0.15146226897393433
464, 0.9430051231582898, 0.5968165120931139
465, 0.6664444344262597, 0.40355780318756596
466, 0.4564432883710571, 0.6802648308158091
467, 0.09334909799135971, 0.8931611155593123
468, 0.16483652686496875, 0.39302196922436095
469, 0.5547569308308771, 0.24666592317297487
470, 0.41920961285996383, 0.738470602076829
471, 0.8663895261317354, 0.6365779895243293
472, 0.3429871506063211, 0.25462441232286503
473, 0.6534476033829795, 0.7534490620291149
474, 0.6983415373358742, 0.29714197977656864
475, 0.9055819896486982, 0.8743297024239333
476, 0.799718895305393, 0.5991754387321511
477, 0.47146162979751216, 0.1544320625514567
478, 0.5964215109612492, 0.6106070898169943
479, 0.5639899247964907, 0.05028680810365771
480, 0.3422940253641771, 0.776210366250391
481, 0.8680217635162465, 0.08426972537097155
482, 0.8898298762930164, 0.8183988689471271
483, 0.3362343610494768, 0.9304249428075656
484, 0.3592171706995432, 0.5036180672752154
485, 0.8529945411803352, 0.043311614320626135
486, 0.4129718915597702, 0.2930019686509546
487, 0.969054776535829, 0.0794267579807375
488, 0.7029206533826237, 0.0702857748443273
489, 0.4366442414331806, 0.2652015650327255
490, 0.4460900812824631, 0.6911348969654598
491, 0.6138609044521928, 0.57487576748629
492, 0.48374418905275196, 0.7067415749851607
493, 0.06900030581370065, 0.10046801050912912
494, 0.6922989022519874, 0.6810462398183752
495, 0.057890091808302735, 0.37834950547239266
496, 0.7947976602293565, 0.0035174537245833415
497, 0.7921258679377816, 0.8261437925436752
498, 0.5855217037317885, 0.440847557846089
499, 0.3362414526422811, 0.7770297309242299
500, 0.9225085115021817, 0.7414241987654695
501, 0.2577830767165682, 0.46441690794789214
502, 0.21698433426686414, 0.10667294944060135
503, 0.8625893207190588, 0.8176242930849987
504, 0.6491632525327435, 0.4295435543939653
505, 0.15479695737104116, 0.4407123798987548
506, 0.14598896934782946, 0.8482102139434206
507, 0.5368309312894242, 0.018917755682631987
508, 0.5057374042541976, 0.05155815631541416
509, 0.41996960681735795, 0.40324576281975033
510, 0.3788802932483537, 0.3766179051032066
511, 0.4287427509544237, 0.21066817048293707
512, 0.4635285260367705, 0.2889814539212183
513, 0.24487929616189152, 0.5405134867285422
514, 0.28277879188214516, 0.7356870036461831
515, 0.36454911546981006, 0.8072932848397124
516, 0.9928022793368241, 0.4590644816884144
517, 0.04507983407133498, 0.23479045638948182
518, 0.5716124072694855, 0.270468852652649
519, 0.20483527403294066, 0.5428664414518142
end_nodes
0, 1
0, 2
0, 3
0, 4
0, 5
0, 6
0, 7
0, 8
0, 9
0, 10
0, 11
0, 12
0, 13
0, 14
0, 15
0, 16
0, 17
0, 18
0, 19
0, 20
0, 21
0, 22
23, 1
23, 6
23, 7
23, 8
23, 9
23, 15
23, 19
23, 20
23, 25
23, 26
23, 28
23, 31
23, 36
23, 39
23, 42
23, 43
23, 44
23, 46
23, 50
23, 51
23, 54
23, 55
24, 21
24, 123
24, 132
24, 143
24, 175
24, 355
27, 3
27, 9
27, 39
27, 187
27, 265
27, 289
27, 391
27, 456
29, 21
29, 123
29, 132
29, 143
29, 175
29, 355
30, 28
30, 122
30, 147
30, 193
30, 250
30, 283
30, 307
30, 332
30, 376
30, 385
30, 411
30, 416
30, 455
32, 254
33, 2
34, 1
34, 10
34, 26
34, 28
34, 41
34, 43
34, 47
34, 71
34, 72
34, 76
34, 80
34, 83
34, 84
34, 99
34, 103
34, 105
34, 106
34, 114
34, 121
34, 122
34, 124
34, 126
35, 6
35, 7
35, 10
35, 11
35, 17
35, 19
35, 20
35, 31
35, 38
35, 41
35, 42
35, 46
35, 47
35, 68
35, 71
35, 77
35, 78
35, 84
35, 89
35, 90
35, 93
35, 102
37, 9
37, 15
37, 25
37, 36
37, 39
37, 58
37, 59
37, 63
37, 74
37, 91
37, 96
37, 107
37, 112
37, 133
37, 138
37, 145
37, 149
37, 152
37, 154
37, 187
37, 189
37, 211
40, 48
40, 216
40, 235
40, 257
45, 9
45, 15
45, 25
45, 36
45, 39
45, 58
45, 59
45, 63
45, 74
45, 91
45, 96
45, 107
45, 112
45, 133
45, 138
45, 145
45, 149
45, 152
45, 154
45, 187
45, 189
45, 211
49, 289
52, 118
52, 144
52, 174
52, 233
52, 432
52, 517
53, 48
53, 216
53, 257
57, 28
57, 147
57, 193
57, 207
57, 250
57, 283
57, 307
57, 332
57, 372
57, 376
57, 385
57, 411
57, 416
57, 455
60, 6
60, 7
60, 10
60, 11
60, 17
60, 19
60, 20
60, 31
60, 38
60, 41
60, 42
60, 46
60, 47
60, 68
60, 71
60, 77
60, 78
60, 84
60, 89
60, 90
60, 93
60, 102
61, 12
61, 22
61, 50
61, 55
61, 64
61, 72
61, 86
61, 87
61, 103
61, 115
61, 126
61, 127
61, 134
61, 155
61, 166
61, 167
61, 190
61, 196
61, 199
61, 204
61, 218
61, 232
62, 6
62, 7
62, 10
62, 11
62, 17
62, 19
62, 20
62, 31
62, 38
62, 41
62, 42
62, 46
62, 47
62, 68
62, 71
62, 77
62, 78
62, 84
62, 89
62, 90
62, 93
62, 102
66, 9
66, 15
66, 25
66, 36
66, 39
66, 58
66, 59
66, 63
66, 74
66, 91
66, 96
66, 107
66, 112
66, 133
66, 138
66, 145
66, 149
66, 152
66, 154
66, 187
66, 189
66, 211
67, 9
67, 15
67, 25
67, 36
67, 39
67, 58
67, 59
67, 63
67, 74
67, 91
67, 96
67, 107
67, 112
67, 133
67, 138
67, 145
67, 149
67, 152
67, 154
67, 187
67, 189
67, 211
69, 1
69, 4
69, 8
69, 18
69, 26
69, 28
69, 43
69, 48
69, 56
69, 65
69, 76
69, 80
69, 81
69, 83
69, 95
69, 98
69, 99
69, 104
69, 105
69, 106
69, 114
69, 117
70, 286
73, 9
73, 15
73, 25
73, 36
73, 39
73, 58
73, 59
73, 63
73, 74
73, 91
73, 96
73, 107
73, 112
73, 133
73, 138
73, 145
73, 149
73, 152
73, 154
73, 187
73, 189
73, 211
75, 4
75, 9
75, 10
75, 11
75, 12
75, 15
75, 17
75, 18
75, 22
75, 25
75, 36
75, 38
75, 39
75, 41
75, 47
75, 48
75, 50
75, 51
75, 55
75, 56
75, 58
75, 59
79, 9
79, 15
79, 36
79, 39
79, 59
79, 74
79, 76
79, 80
79, 83
79, 91
79, 96
79, 99
79, 106
79, 149
79, 160
79, 187
79, 201
79, 213
79, 228
79, 258
79, 285
79, 293
82, 3
82, 9
82, 15
82, 25
82, 36
82, 39
82, 54
82, 58
82, 59
82, 63
82, 74
82, 91
82, 94
82, 96
82, 107
82, 112
82, 133
82, 138
82, 142
82, 145
82, 149
82, 152
85, 1
85, 8
85, 10
85, 11
85, 12
85, 15
85, 17
85, 21
85, 22
85, 25
85, 26
85, 28
85, 38
85, 41
85, 43
85, 47
85, 48
85, 58
85, 59
85, 63
85, 64
85, 71
88, 1
88, 9
88, 10
88, 11
88, 12
88, 15
88, 22
88, 25
88, 26
88, 28
88, 36
88, 39
88, 41
88, 47
88, 48
88, 56
88, 58
88, 59
88, 63
88, 64
88, 71
88, 72
92, 18
92, 177
92, 186
92, 236
92, 338
92, 423
92, 428
92, 429
92, 483
92, 514
97, 9
97, 15
97, 25
97, 36
97, 39
97, 58
97, 59
97, 63
97, 74
97, 91
97, 96
97, 107
97, 112
97, 133
97, 138
97, 145
97, 149
97, 152
97, 154
97, 187
97, 189
97, 211
100, 9
100, 12
100, 15
100, 22
100, 36
100, 39
100, 41
100, 47
100, 50
100, 55
100, 64
100, 71
100, 72
100, 74
100, 84
100, 86
100, 87
100, 103
100, 115
100, 116
100, 121
100, 126
101, 9
101, 15
101, 25
101, 36
101, 39
101, 58
101, 59
101, 63
101, 74
101, 91
101, 96
101, 107
101, 112
101, 133
101, 138
101, 145
101, 149
101, 152
101, 154
101, 187
101, 189
101, 211
108, 1
108, 4
108, 8
108, 18
108, 26
108, 28
108, 43
108, 48
108, 56
108, 65
108, 76
108, 80
108, 81
108, 83
108, 95
108, 98
108, 99
108, 104
108, 105
108, 106
108, 114
108, 117
109, 188
109, 296
109, 390
109, 392
110, 1
110, 4
110, 8
110, 18
110, 26
110, 28
110, 43
110, 48
110, 56
110, 65
110, 76
110, 80
110, 81
110, 83
110, 95
110, 98
110, 99
110, 104
110, 105
110, 106
110, 114
110, 117
111, 456
113, 9
113, 15
113, 25
113, 36
113, 39
113, 58
113, 59
113, 63
113, 72
113, 74
113, 91
113, 96
113, 103
113, 107
113, 112
113, 126
113, 133
113, 138
113, 145
113, 149
113, 152
113, 154
119, 1
119, 3
119, 8
119, 9
119, 15
119, 26
119, 28
119, 36
119, 39
119, 43
119, 48
119, 74
119, 76
119, 80
119, 83
119, 95
119, 99
119, 105
119, 106
119, 114
119, 122
119, 124
120, 48
120, 95
120, 216
120, 235
120, 257
120, 320
120, 347
125, 1
125, 4
125, 8
125, 18
125, 26
125, 28
125, 43
125, 48
125, 56
125, 65
125, 76
125, 80
125, 81
125, 83
125, 95
125, 98
125, 99
125, 104
125, 105
125, 106
125, 114
125, 117
128, 3
128, 9
128, 12
128, 15
128, 22
128, 25
128, 36
128, 39
128, 56
128, 58
128, 59
128, 63
128, 64
128, 65
128, 71
128, 72
128, 74
128, 81
128, 86
128, 91
128, 96
128, 98
136, 21
136, 123
136, 132
136, 143
136, 355
139, 72
139, 135
139, 137
139, 159
139, 188
139, 208
139, 215
139, 223
139, 256
139, 275
139, 279
139, 296
139, 308
139, 343
139, 406
139, 450
139, 487
140, 9
140, 15
140, 25
140, 36
140, 39
140, 58
140, 59
140, 63
140, 74
140, 91
140, 96
140, 107
140, 112
140, 133
140, 138
140, 145
140, 149
140, 152
140, 154
140, 187
140, 189
140, 211
146, 9
146, 15
146, 25
146, 36
146, 39
146, 58
146, 59
146, 63
146, 74
146, 91
146, 96
146, 107
146, 112
146, 133
146, 138
146, 145
146, 149
146, 152
146, 154
146, 187
146, 189
146, 211
148, 1
148, 6
148, 7
148, 8
148, 9
148, 12
148, 15
148, 17
148, 19
148, 20
148, 22
148, 25
148, 26
148, 28
148, 31
148, 36
148, 38
148, 39
148, 42
148, 43
148, 46
148, 48
150, 6
150, 7
150, 10
150, 11
150, 17
150, 19
150, 20
150, 31
150, 38
150, 41
150, 42
150, 46
150, 47
150, 55
150, 68
150, 71
150, 77
150, 78
150, 84
150, 89
150, 90
150, 93
151, 1
151, 8
151, 26
151, 28
151, 71
151, 76
151, 95
151, 105
151, 114
151, 116
151, 122
151, 124
151, 130
151, 131
151, 147
151, 157
151, 175
151, 193
151, 194
151, 203
151, 207
151, 210
153, 6
153, 7
153, 10
153, 11
153, 17
153, 19
153, 20
153, 31
153, 38
153, 41
153, 42
153, 46
153, 47
153, 68
153, 71
153, 77
153, 78
153, 84
153, 89
153, 90
153, 93
153, 102
156, 21
156, 80
156, 83
156, 99
156, 106
156, 123
156, 132
156, 143
156, 160
156, 201
156, 295
156, 317
156, 331
156, 355
156, 358
156, 368
156, 383
156, 387
156, 415
156, 444
156, 482
158, 9
158, 15
158, 25
158, 36
158, 39
158, 58
158, 59
158, 63
158, 72
158, 74
158, 91
158, 96
158, 103
158, 107
158, 112
158, 126
158, 133
158, 138
158, 145
158, 149
158, 152
158, 154
161, 76
161, 83
161, 106
161, 160
161, 201
161, 228
161, 295
161, 317
161, 330
161, 331
161, 358
161, 369
161, 383
161, 409
161, 415
161, 444
161, 482
161, 503
162, 1
162, 10
162, 21
162, 43
162, 47
162, 71
162, 76
162, 80
162, 83
162, 99
162, 105
162, 106
162, 114
162, 116
162, 122
162, 123
162, 124
162, 130
162, 131
162, 132
162, 143
162, 157
163, 1
163, 4
163, 8
163, 18
163, 26
163, 28
163, 39
163, 43
163, 48
163, 56
163, 65
163, 76
163, 80
163, 83
163, 95
163, 99
163, 105
163, 106
163, 114
163, 117
163, 122
163, 124
164, 206
164, 336
165, 1
165, 4
165, 8
165, 18
165, 26
165, 28
165, 43
165, 48
165, 56
165, 65
165, 76
165, 80
165, 81
165, 83
165, 95
165, 98
165, 99
165, 104
165, 105
165, 106
165, 114
165, 117
169, 456
170, 12
170, 22
170, 25
170, 36
170, 41
170, 47
170, 58
170, 59
170, 63
170, 64
170, 71
170, 72
170, 74
170, 81
170, 86
170, 87
170, 91
170, 96
170, 98
170, 103
170, 104
170, 107
172, 25
172, 36
172, 58
172, 59
172, 63
172, 74
172, 91
172, 96
172, 107
172, 112
172, 133
172, 138
172, 145
172, 149
172, 152
172, 154
172, 187
172, 189
172, 211
172, 213
172, 266
172, 276
179, 25
179, 58
179, 59
179, 63
179, 74
179, 91
179, 96
179, 107
179, 112
179, 133
179, 138
179, 145
179, 149
179, 152
179, 154
179, 187
179, 189
179, 211
179, 213
179, 266
179, 276
179, 293
182, 12
182, 22
182, 25
182, 58
182, 59
182, 63
182, 64
182, 72
182, 74
182, 81
182, 86
182, 91
182, 96
182, 98
182, 103
182, 107
182, 112
182, 126
182, 127
182, 129
182, 133
182, 138
183, 21
183, 123
183, 132
183, 143
183, 355
184, 48
184, 95
184, 207
184, 216
184, 235
184, 250
184, 257
184, 292
184, 320
184, 332
184, 347
184, 357
184, 372
185, 17
185, 38
185, 72
185, 77
185, 102
185, 103
185, 126
185, 135
185, 159
185, 188
185, 199
185, 208
185, 220
185, 223
185, 256
185, 275
185, 278
185, 296
185, 304
185, 308
185, 329
185, 343
191, 17
191, 38
191, 77
191, 102
191, 188
191, 220
191, 278
191, 296
191, 329
191, 384
191, 388
191, 390
191, 392
191, 405
191, 504
195, 10
195, 11
195, 12
195, 17
195, 22
195, 38
195, 41
195, 47
195, 50
195, 55
195, 59
195, 64
195, 71
195, 72
195, 74
195, 77
195, 78
195, 84
195, 86
195, 87
195, 91
195, 96
198, 3
198, 54
198, 58
198, 63
198, 91
198, 94
198, 112
198, 138
198, 145
198, 149
198, 152
198, 154
198, 168
198, 171
198, 180
198, 189
198, 206
198, 211
198, 219
198, 229
198, 258
198, 265
200, 76
200, 83
200, 106
200, 160
200, 228
200, 295
200, 330
200, 331
200, 358
200, 369
200, 383
200, 409
200, 415
200, 444
200, 475
200, 482
200, 503
202, 1
202, 8
202, 18
202, 26
202, 28
202, 43
202, 48
202, 76
202, 80
202, 83
202, 95
202, 99
202, 105
202, 106
202, 114
202, 117
202, 122
202, 124
202, 130
202, 147
202, 160
202, 186
205, 13
205, 277
205, 318
212, 1
212, 4
212, 8
212, 18
212, 26
212, 28
212, 43
212, 48
212, 56
212, 65
212, 76
212, 80
212, 81
212, 83
212, 95
212, 98
212, 99
212, 104
212, 105
212, 106
212, 114
212, 117
214, 41
214, 47
214, 80
214, 83
214, 121
214, 131
214, 157
214, 194
214, 197
214, 201
214, 221
214, 227
214, 240
214, 248
214, 254
214, 259
214, 272
214, 297
214, 317
214, 321
214, 350
214, 367
217, 3
217, 5
217, 16
217, 58
217, 63
217, 72
217, 74
217, 81
217, 91
217, 94
217, 96
217, 98
217, 104
217, 107
217, 112
217, 129
217, 133
217, 138
217, 142
217, 145
217, 149
217, 152
222, 456
224, 18
224, 177
224, 186
224, 236
224, 338
224, 423
224, 428
224, 429
224, 483
224, 514
226, 1
226, 6
226, 7
226, 8
226, 19
226, 20
226, 26
226, 28
226, 31
226, 42
226, 43
226, 46
226, 48
226, 50
226, 55
226, 63
226, 68
226, 76
226, 80
226, 83
226, 89
226, 90
230, 1
230, 21
230, 71
230, 76
230, 80
230, 83
230, 99
230, 106
230, 116
230, 123
230, 124
230, 130
230, 132
230, 143
230, 160
230, 175
230, 194
230, 201
230, 203
230, 210
230, 221
230, 228
231, 18
231, 186
231, 338
231, 428
231, 429
231, 483
231, 514
234, 127
234, 284
234, 488
234, 496
237, 14
237, 16
238, 7
238, 19
238, 20
238, 46
238, 68
238, 86
238, 89
238, 115
238, 127
238, 134
238, 138
238, 155
238, 166
238, 167
238, 178
238, 181
238, 189
238, 204
238, 209
238, 225
238, 241
238, 243
239, 3
239, 22
239, 72
239, 81
239, 86
239, 91
239, 96
239, 98
239, 103
239, 104
239, 107
239, 112
239, 126
239, 129
239, 133
239, 138
239, 145
239, 149
239, 152
239, 154
239, 173
239, 187
244, 21
244, 80
244, 83
244, 106
244, 123
244, 132
244, 143
244, 201
244, 295
244, 317
244, 331
244, 355
244, 383
244, 387
245, 71
245, 116
245, 210
245, 395
245, 471
247, 84
247, 141
247, 220
247, 242
247, 251
247, 262
247, 288
247, 344
247, 361
247, 516
249, 11
249, 80
249, 83
249, 84
249, 99
249, 102
249, 106
249, 141
249, 160
249, 197
249, 201
249, 220
249, 242
249, 248
249, 251
249, 262
249, 288
249, 295
249, 297
249, 303
249, 317
249, 331
252, 349
252, 458
255, 10
255, 41
255, 47
255, 71
255, 76
255, 80
255, 83
255, 99
255, 106
255, 116
255, 121
255, 131
255, 157
255, 160
255, 194
255, 197
255, 201
255, 203
255, 221
255, 227
255, 228
255, 240
260, 456
261, 1
261, 8
261, 10
261, 26
261, 28
261, 41
261, 43
261, 47
261, 71
261, 76
261, 83
261, 105
261, 106
261, 114
261, 116
261, 121
261, 122
261, 123
261, 124
261, 130
261, 131
261, 132
263, 71
263, 116
263, 194
263, 203
263, 221
263, 451
263, 464
263, 471
268, 14
268, 16
270, 96
270, 107
270, 112
270, 133
270, 138
270, 145
270, 149
270, 152
270, 154
270, 187
270, 189
270, 211
270, 213
270, 266
270, 276
270, 293
270, 323
270, 327
270, 337
270, 371
270, 391
270, 417
271, 86
271, 481
273, 187
273, 229
273, 289
273, 391
274, 12
274, 22
274, 64
274, 72
274, 86
274, 87
274, 103
274, 107
274, 112
274, 115
274, 126
274, 127
274, 133
274, 134
274, 138
274, 145
274, 149
274, 152
274, 154
274, 155
274, 166
274, 167
280, 1
280, 4
280, 8
280, 18
280, 26
280, 28
280, 43
280, 48
280, 56
280, 65
280, 76
280, 80
280, 81
280, 95
280, 98
280, 99
280, 104
280, 105
280, 106
280, 114
280, 117
280, 122
281, 1
281, 8
281, 10
281, 26
281, 28
281, 41
281, 47
281, 48
281, 71
281, 76
281, 95
281, 105
281, 114
281, 116
281, 121
281, 122
281, 124
281, 130
281, 131
281, 147
281, 157
281, 175
282, 12
282, 22
282, 50
282, 55
282, 64
282, 72
282, 86
282, 87
282, 103
282, 115
282, 126
282, 127
282, 134
282, 155
282, 166
282, 167
282, 187
282, 190
282, 196
282, 199
282, 204
282, 232
290, 18
290, 186
290, 338
290, 423
290, 428
290, 429
290, 483
290, 514
291, 4
291, 10
291, 11
291, 12
291, 17
291, 18
291, 22
291, 38
291, 41
291, 47
291, 48
291, 50
291, 51
291, 55
291, 56
291, 64
291, 65
291, 71
291, 72
291, 77
291, 78
291, 81
294, 21
294, 80
294, 123
294, 132
294, 143
294, 201
294, 317
294, 355
294, 387
300, 3
300, 72
300, 81
300, 98
300, 103
300, 104
300, 107
300, 112
300, 126
300, 129
300, 133
300, 138
300, 145
300, 149
300, 152
300, 154
300, 168
300, 171
300, 173
300, 187
300, 189
300, 206
301, 11
301, 12
301, 17
301, 22
301, 38
301, 43
301, 64
301, 72
301, 76
301, 77
301, 80
301, 84
301, 86
301, 99
301, 102
301, 103
301, 105
301, 106
301, 114
301, 122
301, 124
301, 126
302, 189
302, 266
302, 276
302, 298
302, 349
302, 371
302, 417
302, 458
302, 479
302, 489
302, 508
306, 4
306, 8
306, 18
306, 26
306, 28
306, 43
306, 48
306, 56
306, 65
306, 81
306, 95
306, 98
306, 99
306, 104
306, 105
306, 114
306, 117
306, 122
306, 124
306, 129
306, 130
306, 147
309, 51
309, 112
309, 145
309, 152
309, 189
309, 266
309, 276
309, 371
309, 417
309, 427
309, 508
310, 19
310, 89
310, 267
311, 11
311, 17
311, 38
311, 72
311, 77
311, 84
311, 99
311, 102
311, 103
311, 126
311, 141
311, 160
311, 188
311, 201
311, 220
311, 242
311, 248
311, 251
311, 262
311, 278
311, 288
311, 295
312, 10
312, 47
312, 71
312, 116
312, 131
312, 157
312, 194
312, 201
312, 203
312, 221
312, 227
312, 240
312, 254
312, 259
312, 272
312, 295
312, 317
312, 321
312, 367
312, 383
312, 387
312, 451
313, 115
313, 127
313, 166
313, 167
313, 204
313, 241
313, 246
313, 284
313, 305
313, 315
313, 341
313, 362
313, 421
313, 434
313, 488
313, 496
313, 512
314, 122
314, 147
314, 193
314, 207
314, 250
314, 283
314, 307
314, 332
314, 372
314, 376
314, 385
314, 411
314, 416
314, 455
316, 3
316, 54
316, 94
316, 168
316, 171
316, 180
316, 206
316, 219
316, 229
316, 258
316, 265
316, 285
316, 286
316, 289
316, 336
316, 348
316, 397
316, 422
316, 438
316, 502
325, 107
325, 133
325, 145
325, 149
325, 152
325, 154
325, 187
325, 189
325, 211
325, 213
325, 266
325, 276
325, 293
325, 323
325, 327
325, 337
325, 371
325, 391
325, 417
325, 420
325, 427
325, 442
326, 12
326, 17
326, 22
326, 38
326, 72
326, 77
326, 86
326, 102
326, 103
326, 126
326, 135
326, 137
326, 159
326, 188
326, 196
326, 199
326, 208
326, 220
326, 223
326, 232
326, 256
326, 275
328, 181
333, 6
333, 7
333, 10
333, 11
333, 17
333, 19
333, 20
333, 31
333, 38
333, 41
333, 42
333, 46
333, 47
333, 55
333, 68
333, 77
333, 78
333, 81
333, 84
333, 89
333, 90
333, 93
335, 86
335, 127
335, 155
335, 166
335, 167
335, 232
335, 241
335, 284
335, 305
335, 315
335, 324
335, 341
335, 362
335, 412
335, 421
335, 434
335, 447
335, 469
335, 481
335, 485
335, 488
335, 496
339, 2
340, 41
340, 47
340, 99
340, 121
340, 124
340, 130
340, 131
340, 141
340, 157
340, 160
340, 194
340, 197
340, 201
340, 221
340, 227
340, 228
340, 240
340, 242
340, 248
340, 251
340, 254
340, 259
342, 21
342, 99
342, 105
342, 114
342, 116
342, 123
342, 124
342, 130
342, 131
342, 132
342, 143
342, 157
342, 160
342, 175
342, 194
342, 201
342, 203
342, 210
342, 221
342, 228
342, 254
342, 269
345, 12
345, 22
345, 64
345, 72
345, 86
345, 87
345, 103
345, 115
345, 126
345, 127
345, 133
345, 134
345, 154
345, 155
345, 166
345, 167
345, 187
345, 189
345, 196
345, 199
345, 204
345, 211
346, 3
346, 456
351, 116
351, 194
351, 451
351, 471
354, 154
354, 187
354, 189
354, 211
354, 213
354, 266
354, 276
354, 293
354, 323
354, 327
354, 337
354, 371
354, 391
354, 417
354, 420
354, 427
354, 442
354, 472
354, 508
356, 51
359, 154
359, 187
359, 189
359, 211
359, 213
359, 266
359, 276
359, 293
359, 323
359, 327
359, 337
359, 371
359, 391
359, 417
359, 420
359, 427
359, 442
359, 472
359, 508
363, 14
363, 16
364, 21
364, 116
364, 123
364, 132
364, 143
364, 160
364, 175
364, 194
364, 201
364, 210
364, 228
364, 295
364, 317
364, 330
364, 331
364, 355
364, 358
364, 368
364, 369
364, 383
364, 387
364, 395
365, 51
365, 55
365, 189
365, 266
365, 276
365, 371
365, 417
365, 427
365, 477
365, 508
365, 511
370, 12
370, 22
370, 50
370, 55
370, 64
370, 86
370, 87
370, 103
370, 115
370, 126
370, 127
370, 134
370, 155
370, 166
370, 167
370, 190
370, 196
370, 199
370, 204
370, 218
370, 232
370, 241
373, 456
374, 456
375, 21
375, 123
375, 132
375, 143
375, 175
375, 201
375, 295
375, 317
375, 331
375, 355
375, 383
375, 387
375, 395
378, 11
378, 12
378, 22
378, 41
378, 47
378, 50
378, 55
378, 64
378, 78
378, 84
378, 86
378, 87
378, 102
378, 103
378, 115
378, 116
378, 121
378, 126
378, 127
378, 131
378, 134
378, 141
379, 159
379, 188
379, 296
379, 390
379, 392
379, 450
379, 465
380, 456
381, 3
381, 4
381, 10
381, 12
381, 18
381, 22
381, 41
381, 56
381, 64
381, 65
381, 81
381, 86
381, 87
381, 98
381, 103
381, 104
381, 115
381, 116
381, 117
381, 121
381, 126
381, 127
382, 46
382, 50
382, 68
382, 115
382, 127
382, 134
382, 166
382, 167
382, 181
382, 204
382, 209
382, 241
382, 243
382, 246
382, 266
382, 276
382, 284
382, 298
382, 305
382, 315
382, 341
382, 349
386, 211
386, 213
386, 266
386, 276
386, 293
386, 323
386, 327
386, 337
386, 371
386, 391
386, 417
386, 420
386, 427
386, 442
386, 472
386, 508
393, 11
393, 84
393, 141
393, 197
393, 201
393, 220
393, 242
393, 248
393, 251
393, 262
393, 288
393, 295
393, 297
393, 303
393, 317
393, 331
393, 344
393, 350
393, 361
393, 367
393, 383
393, 387
394, 211
394, 213
394, 266
394, 276
394, 293
394, 323
394, 327
394, 337
394, 371
394, 391
394, 417
394, 420
394, 427
394, 442
394, 472
394, 508
396, 122
396, 147
396, 193
396, 250
396, 283
396, 307
396, 332
396, 376
396, 385
396, 411
396, 416
396, 455
399, 4
399, 8
399, 18
399, 26
399, 43
399, 56
399, 65
399, 81
399, 95
399, 98
399, 104
399, 105
399, 114
399, 117
399, 122
399, 124
399, 129
399, 130
399, 147
399, 160
399, 173
399, 176
400, 21
400, 116
400, 123
400, 131
400, 132
400, 143
400, 160
400, 175
400, 194
400, 201
400, 203
400, 210
400, 221
400, 228
400, 254
400, 269
400, 295
400, 317
400, 330
400, 331
400, 355
400, 358
402, 4
402, 8
402, 18
402, 26
402, 43
402, 56
402, 65
402, 81
402, 95
402, 98
402, 104
402, 105
402, 114
402, 117
402, 122
402, 124
402, 129
402, 130
402, 147
402, 160
402, 173
402, 176
403, 211
403, 213
403, 266
403, 276
403, 293
403, 323
403, 327
403, 337
403, 371
403, 391
403, 417
403, 420
403, 427
403, 442
403, 472
403, 508
407, 456
408, 22
408, 86
408, 103
408, 126
408, 196
408, 199
408, 211
408, 213
408, 232
408, 266
408, 276
408, 293
408, 323
408, 327
408, 337
408, 371
408, 391
408, 398
408, 417
408, 420
408, 427
408, 442
410, 18
410, 177
410, 186
410, 338
410, 423
410, 428
410, 429
410, 483
410, 514
413, 211
413, 213
413, 266
413, 276
413, 293
413, 323
413, 327
413, 337
413, 371
413, 391
413, 417
413, 420
413, 427
413, 442
413, 472
413, 508
414, 41
414, 121
414, 131
414, 157
414, 197
414, 227
414, 240
414, 242
414, 248
414, 251
414, 288
414, 297
414, 321
414, 350
414, 367
414, 424
425, 4
425, 8
425, 43
425, 56
425, 65
425, 81
425, 95
425, 104
425, 105
425, 114
425, 117
425, 122
425, 124
425, 130
425, 147
425, 160
425, 176
425, 177
425, 186
425, 192
425, 193
425, 201
430, 12
430, 50
430, 55
430, 64
430, 86
430, 87
430, 103
430, 115
430, 126
430, 127
430, 134
430, 155
430, 166
430, 167
430, 190
430, 196
430, 199
430, 204
430, 218
430, 232
430, 241
430, 246
431, 213
431, 266
431, 276
431, 293
431, 323
431, 327
431, 337
431, 371
431, 391
431, 417
431, 420
431, 427
431, 442
431, 472
431, 508
437, 12
437, 50
437, 55
437, 64
437, 86
437, 87
437, 103
437, 115
437, 126
437, 127
437, 134
437, 155
437, 166
437, 167
437, 190
437, 196
437, 199
437, 204
437, 213
437, 232
437, 241
437, 246
441, 4
441, 10
441, 56
441, 64
441, 65
441, 84
441, 86
441, 87
441, 94
441, 95
441, 104
441, 116
441, 117
441, 121
441, 122
441, 126
441, 127
441, 131
441, 141
441, 147
441, 155
441, 157
443, 95
443, 105
443, 114
443, 122
443, 124
443, 130
443, 147
443, 175
443, 193
443, 207
443, 210
443, 250
443, 283
443, 292
443, 307
443, 332
443, 334
443, 352
443, 357
443, 366
443, 372
443, 376
445, 178
446, 64
446, 155
446, 196
446, 199
446, 232
446, 241
446, 315
446, 324
446, 398
446, 447
446, 481
446, 485
446, 487
449, 213
449, 266
449, 276
449, 293
449, 323
449, 327
449, 337
449, 371
449, 391
449, 417
449, 420
449, 427
449, 442
449, 472
449, 508
452, 18
452, 177
452, 186
452, 236
452, 338
452, 423
452, 428
452, 429
452, 483
452, 514
454, 177
454, 186
454, 236
454, 338
454, 423
454, 428
454, 429
454, 483
454, 514
459, 213
459, 266
459, 276
459, 293
459, 323
459, 327
459, 337
459, 371
459, 391
459, 417
459, 420
459, 427
459, 442
459, 472
459, 508
460, 118
460, 144
460, 174
460, 233
460, 432
460, 517
461, 6
461, 7
461, 10
461, 11
461, 17
461, 19
461, 20
461, 31
461, 38
461, 42
461, 46
461, 68
461, 77
461, 78
461, 84
461, 89
461, 90
461, 93
461, 102
461, 116
461, 121
461, 131
462, 10
462, 21
462, 116
462, 121
462, 122
462, 123
462, 124
462, 130
462, 131
462, 132
462, 143
462, 157
462, 160
462, 175
462, 194
462, 197
462, 201
462, 203
462, 210
462, 221
462, 227
462, 228
463, 456
466, 122
466, 124
466, 130
466, 147
466, 193
466, 207
466, 250
466, 283
466, 307
466, 332
466, 334
466, 352
466, 366
466, 372
466, 376
466, 385
466, 404
466, 411
466, 416
466, 436
466, 448
466, 455
467, 213
467, 266
467, 276
467, 293
467, 323
467, 327
467, 337
467, 371
467, 391
467, 417
467, 420
467, 427
467, 442
467, 472
467, 508
468, 122
468, 124
468, 130
468, 147
468, 160
468, 193
468, 201
468, 228
468, 269
468, 295
468, 307
468, 317
468, 319
468, 330
468, 331
468, 334
468, 352
468, 358
468, 360
468, 366
468, 368
468, 369
470, 95
470, 216
470, 235
470, 257
470, 292
470, 320
470, 347
474, 19
474, 178
478, 116
478, 194
478, 201
478, 203
478, 210
478, 221
478, 254
478, 317
478, 387
478, 395
478, 451
478, 464
478, 471
478, 476
484, 17
484, 38
484, 77
484, 84
484, 102
484, 135
484, 141
484, 159
484, 160
484, 188
484, 196
484, 199
484, 201
484, 208
484, 220
484, 223
484, 232
484, 256
484, 262
484, 275
484, 278
484, 295
486, 115
486, 298
486, 349
486, 489
490, 95
490, 124
490, 147
490, 193
490, 207
490, 250
490, 283
490, 307
490, 332
490, 352
490, 357
490, 366
490, 372
490, 376
490, 385
490, 411
490, 416
490, 455
491, 131
491, 157
491, 194
491, 197
491, 221
491, 227
491, 240
491, 254
491, 259
491, 272
491, 321
491, 367
491, 451
491, 464
492, 124
492, 147
492, 193
492, 207
492, 250
492, 283
492, 307
492, 332
492, 334
492, 352
492, 366
492, 372
492, 376
492, 385
492, 411
492, 416
492, 455
493, 456
494, 21
494, 123
494, 132
494, 143
494, 295
494, 317
494, 331
494, 355
494, 383
494, 387
495, 4
495, 56
495, 65
495, 81
495, 98
495, 104
495, 117
495, 129
495, 130
495, 147
495, 160
495, 173
495, 176
495, 177
495, 192
495, 193
495, 207
495, 216
495, 228
495, 235
495, 236
495, 250
498, 77
498, 102
498, 188
498, 296
498, 329
498, 384
498, 388
498, 390
498, 392
498, 504
500, 21
500, 123
500, 132
500, 143
500, 355
501, 6
501, 7
501, 19
501, 20
501, 46
501, 50
501, 51
501, 55
501, 68
501, 89
501, 115
501, 127
501, 130
501, 134
501, 160
501, 166
501, 167
501, 178
501, 181
501, 204
501, 209
501, 225
505, 117
505, 130
505, 147
505, 160
505, 186
505, 193
505, 207
505, 216
505, 228
505, 235
505, 250
505, 257
505, 269
505, 283
505, 292
505, 295
505, 299
505, 307
505, 317
505, 319
505, 320
505, 330
506, 213
506, 266
506, 276
506, 293
506, 323
506, 327
506, 337
506, 371
506, 391
506, 417
506, 420
506, 427
506, 442
506, 472
506, 508
507, 51
509, 64
509, 127
509, 155
509, 166
509, 167
509, 196
509, 232
509, 241
509, 305
509, 315
509, 324
509, 341
509, 398
509, 412
509, 421
509, 434
509, 447
509, 481
509, 485
509, 496
509, 518
510, 127
510, 166
510, 167
510, 241
510, 284
510, 305
510, 315
510, 341
510, 362
510, 412
510, 421
510, 434
510, 469
510, 488
510, 496
513, 11
513, 17
513, 21
513, 38
513, 64
513, 77
513, 78
513, 84
513, 87
513, 102
513, 115
513, 116
513, 121
513, 127
513, 130
513, 131
513, 134
513, 135
513, 137
513, 141
513, 147
513, 155
519, 3
519, 4
519, 6
519, 11
519, 17
519, 19
519, 20
519, 21
519, 31
519, 38
519, 42
519, 50
519, 55
519, 56
519, 65
519, 77
519, 78
519, 84
519, 87
519, 89
519, 90
519, 93
end