160
4
0, 0.4412599865125021, 0.8478729852892049
1, 0.3223010248774614, 0.0803527160988311
2, 0.5299363794751951, 0.59890767518161
3, 0.29809461379640034, 0.2112692549083599
4, 0.7209519287625605, 0.9405280668307182
5, 0.8179329413860398, 0.861455837581843
6, 0.9841376778328704, 0.8467386142892247
7, 0.1554603291804142, 0.3771282774636947
8, 0.6765610967581622, 0.7851116753875238
9, 0.5004007163005447, 0.7240970696357769
10, 0.17094056765786647, 0.18323942201405907
11, 0.6302701516485006, 0.5927576415849841
12, 0.7483584159000338, 0.8404374711540472
13, 0.09039766660577675, 0.9594232990105663
14, 0.9303093624475621, 0.6362985603397631
15, 0.5622999259186897, 0.5657719074674031
16, 0.8483553150467691, 0.606551293585943
17, 0.8852148984990429, 0.20139403204412032
18, 0.0724181163214972, 0.12284712977763501
19, 0.08805520903273278, 0.11324013639391362
20, 0.7517938874249837, 0.48046142936585556
21, 0.8840796620264972, 0.4149832770372227
22, 0.1128550233346477, 0.2024824638215802
23, 0.7730178227930821, 0.15313559411218292
24, 0.2004831683259628, 0.3768374289760832
25, 0.8146506252041363, 0.8828178238384693
26, 0.2069373158919412, 0.16582505929655422
27, 0.36483237652582967, 0.5355032096234412
28, 0.18326100156435032, 0.1627292845801559
29, 0.022331604198827293, 0.9368601194603796
30, 0.33478535035023105, 0.7505296220106068
31, 0.4993884749291019, 0.6279154578411067
32, 0.5789200349803739, 0.44810514595774265
33, 0.7756858594094591, 0.5256477271306847
34, 0.9529177845063262, 0.7604360846857346
35, 0.9185956972420974, 0.9419624965097034
36, 0.1318279863250187, 0.441584339712787
37, 0.4922897939570682, 0.5594511540864615
38, 0.4318860908946851, 0.6075320618294906
39, 0.43644602469005256, 0.6720888827991008
40, 0.12841145694788503, 0.46367706661550057
41, 0.3982291957968582, 0.016302021992789628
42, 0.2506685182820284, 0.6391258598960421
43, 0.8305633512242304, 0.017577144725631988
44, 0.8977931222612202, 0.1793013399137151
45, 0.3323079754058188, 0.7019304795000867
46, 0.3666962123627612, 0.6395495239659796
47, 0.6942852127205502, 0.8173166385818308
48, 0.5853633481346946, 0.5933076839712011
49, 0.41759388931579766, 0.15097204331889524
50, 0.1689259584184123, 0.9703644290930582
51, 0.9638707142170831, 0.7566341604444167
52, 0.13423408354645305, 0.9170849293471752
53, 0.22656326415541828, 0.25558030944119736
54, 0.1029550449115284, 0.7731996974643839
55, 0.9261840261173838, 0.22631816790376402
56, 0.9036996240468625, 0.5653780164467117
57, 0.07057735095509576, 0.7000662387299692
58, 0.5612398256424349, 0.5006963495957658
59, 0.6470881433230761, 0.0824989630354045
60, 0.7279149956185621, 0.009400280283750506
61, 0.26947767057124417, 0.3424363748459991
62, 0.231290486693413, 0.8994310855929747
63, 0.792202382810899, 0.9936968794581218
64, 0.48874185548674376, 0.29058345784031214
65, 0.5573571128719127, 0.27725352573198936
66, 0.851187019021657, 0.7893214071220865
67, 0.8540576204112539, 0.33878142667580846
68, 0.3097809595590105, 0.1274565988309777
69, 0.824954028054276, 0.19756311135494375
70, 0.37131790240424734, 0.3859996529661788
71, 0.6318239139292783, 0.8158126117094374
72, 0.2534107254284499, 0.9991255640175934
73, 0.17874103238808037, 0.9215152701972723
74, 0.3952142728674011, 0.4480695012500532
75, 0.09257036892367443, 0.5544892785697555
76, 0.5043352739981517, 0.3819071385636844
77, 0.07549912553732818, 0.6125471600938215
78, 0.8325713458852962, 0.469592872928584
79, 0.23287153906950897, 0.7577499369929832
80, 0.05072836799230562, 0.13381651918940773
81, 0.9939434242865129, 0.5203900123185891
82, 0.3095694703792158, 0.5459621635356862
83, 0.7392115097074878, 0.7177606071997451
84, 0.17636883091724287, 0.5037528625878372
85, 0.07111879597339432, 0.9944598429776347
86, 0.20461106407618757, 0.23525944913709362
87, 0.34143652603785146, 0.6683738582446963
88, 0.3135455268231073, 0.06968245975971099
89, 0.43012147590886685, 0.2566252946814426
90, 0.9096283347188068, 0.17345003318321817
91, 0.8074315840458636, 0.8656445076945433
92, 0.3210167867444912, 0.1195264541403005
93, 0.6587939693389876, 0.557956445438502
94, 0.878599248207345, 0.4636023690079909
95, 0.06513860165751428, 0.6010326150684691
96, 0.5726254328371974, 0.6492100411408274
97, 0.8695271147690319, 0.8342061196161643
98, 0.5793504019816849, 0.858039863954299
99, 0.5125190305250349, 0.5736946055018046
100, 0.2766344873296175, 0.36795926392237577
101, 0.14460698845703412, 0.9670726792506886
102, 0.5165545721576682, 0.784303834635216
103, 0.10569790456993411, 0.5160418215599711
104, 0.14503688745268473, 0.24566059042634658
105, 0.6567085612558856, 0.7360062527119001
106, 0.8443332174192686, 0.6598068515989115
107, 0.3614025137466097, 0.9498142180378488
108, 0.8202069124052832, 0.8772085244544898
109, 0.3576063781342187, 0.3452288325870343
110, 0.8621171484185006, 0.5354538039937637
111, 0.1055876766459598, 0.5351023872895495
112, 0.8996632085193822, 0.8735497783703504
113, 0.21799817971671187, 0.2814460936091361
114, 0.3168695160317576, 0.5051937017779198
115, 0.26892964452936075, 0.5284031584406357
116, 0.5537429277378682, 0.6306201132221035
117, 0.828672481230268, 0.03216790415008297
118, 0.6232187570305311, 0.7381709727365171
119, 0.1860397278714312, 0.8815889794071161
120, 0.985327717177385, 0.5696304012694928
121, 0.7290038954568637, 0.11611575859725132
122, 0.22507721502514733, 0.9103794258859411
123, 0.7063494209231114, 0.05491973010339968
124, 0.9939391681098262, 0.817163299357868
125, 0.4620281107122963, 0.9913783405749499
126, 0.5178613921549711, 0.6373855881674884
127, 0.4327437518446754, 0.18787500218558006
128, 0.6143122706182037, 0.14344818503648415
129, 0.12460950302338103, 0.6573602637760719
130, 0.015593609617429616, 0.5004539733501377
131, 0.5391311085243206, 0.17106833724472592
132, 0.5203228527710295, 0.9112864823755432
133, 0.3737789754197465, 0.9769324749688878
134, 0.23283003387359713, 0.07576631927523403
135, 0.18533883589837896, 0.5443372153679511
136, 0.2602415343071871, 0.27457983990113455
137, 0.21247040590285104, 0.3497713038171294
138, 0.2462536441740354, 0.0434464171735236
139, 0.5745843671994932, 0.1671464918724722
140, 0.9539572863698347, 0.7099832890696232
141, 0.010335190195720156, 0.783506404001919
142, 0.7429205178608547, 0.37438041990089266
143, 0.014101043070837926, 0.14693734373395684
144, 0.03518293812496287, 0.36489712054775414
145, 0.909664870537556, 0.6730436507400764
146, 0.6819087454155435, 0.7816044642076063
147, 0.35498911765712604, 0.6567816711440022
148, 0.7304290673623377, 0.552352662161378
149, 0.09097554174310851, 0.7483196800703034
150, 0.49903898935137436, 0.47636146187444683
151, 0.7899476883226707, 0.9064287801496776
152, 0.13862313599051124, 0.7413524126420911
153, 0.3645117803017096, 0.29342470102665363
154, 0.4471214464415272, 0.06407749191926393
155, 0.9468934820581866, 0.9142922539991445
156, 0.2638130650041821, 0.4329089974719278
157, 0.6126786335717089, 0.6279533182553265
158, 0.2450631076248394, 0.5432873331965212
159, 0.3463056652672025, 0.9950636021331994
end_nodes
0, 1
0, 2
0, 3
0, 4
0, 5
0, 6
0, 7
0, 8
0, 9
0, 10
0, 11
0, 12
1, 2
1, 3
1, 6
1, 10
1, 11
1, 14
1, 15
1, 16
1, 17
1, 18
1, 19
2, 9
2, 11
2, 15
2, 31
2, 37
2, 38
2, 39
2, 48
2, 70
2, 74
3, 10
3, 26
3, 27
3, 46
3, 53
3, 61
3, 68
3, 86
3, 92
3, 100
4, 5
4, 6
4, 13
4, 25
4, 29
4, 35
4, 50
4, 52
4, 54
4, 62
4, 63
5, 6
5, 25
5, 91
5, 98
5, 108
5, 112
6, 8
6, 11
6, 12
6, 14
6, 16
6, 17
6, 21
6, 32
7, 10
7, 18
7, 22
7, 24
7, 29
7, 30
7, 36
7, 40
7, 42
7, 45
7, 54
8, 11
8, 12
8, 47
8, 66
8, 71
8, 83
8, 97
8, 102
8, 105
8, 118
9, 11
9, 96
9, 116
9, 126
10, 18
10, 22
10, 24
10, 26
10, 28
10, 46
10, 61
10, 82
11, 15
11, 32
11, 48
11, 58
11, 64
11, 66
12, 47
12, 71
12, 97
13, 29
13, 50
13, 72
13, 85
13, 101
13, 107
14, 16
14, 20
14, 21
14, 33
14, 34
14, 49
14, 56
14, 65
14, 67
14, 69
15, 48
15, 58
15, 150
16, 33
16, 34
16, 106
16, 127
16, 145
16, 148
17, 21
17, 23
17, 41
17, 43
17, 44
17, 49
17, 51
17, 55
17, 59
17, 60
18, 19
18, 22
18, 28
18, 29
18, 36
18, 40
18, 57
18, 75
18, 77
19, 41
19, 80
19, 88
19, 134
19, 138
19, 143
20, 33
20, 127
21, 51
21, 69
21, 140
22, 104
23, 41
23, 59
24, 82
24, 87
24, 115
24, 137
24, 147
24, 156
25, 108
25, 112
25, 151
26, 68
27, 46
29, 40
29, 52
29, 54
29, 57
29, 62
29, 73
29, 80
29, 85
30, 42
30, 45
30, 54
30, 79
30, 129
30, 152
30, 158
31, 39
32, 64
32, 93
33, 127
34, 145
35, 63
35, 155
36, 40
37, 38
37, 74
38, 39
38, 70
38, 74
39, 70
40, 57
40, 75
40, 77
40, 103
40, 111
41, 59
41, 60
41, 88
41, 123
41, 134
41, 138
41, 154
42, 84
42, 129
42, 135
43, 44
43, 55
43, 60
43, 90
43, 117
44, 55
45, 158
46, 100
46, 113
46, 114
47, 71
49, 56
49, 65
49, 67
49, 69
49, 78
49, 94
49, 110
49, 128
49, 131
49, 139
50, 63
50, 72
50, 101
50, 125
50, 133
50, 159
51, 140
52, 62
52, 73
52, 122
53, 61
53, 86
53, 136
54, 62
54, 79
54, 119
54, 129
54, 132
54, 149
54, 152
55, 81
55, 90
55, 120
55, 124
56, 67
56, 78
56, 94
56, 110
57, 77
57, 95
57, 111
59, 121
59, 123
60, 117
60, 121
60, 123
61, 86
61, 100
61, 113
61, 136
62, 119
62, 122
62, 132
63, 72
63, 125
63, 133
63, 159
64, 76
64, 89
65, 110
66, 83
66, 146
67, 69
67, 94
67, 131
69, 131
70, 74
70, 99
70, 153
72, 85
72, 101
72, 159
75, 77
75, 103
76, 89
77, 111
78, 94
78, 142
79, 152
80, 130
80, 141
80, 143
80, 144
81, 120
81, 124
82, 147
82, 156
83, 146
84, 129
84, 135
87, 115
87, 147
88, 134
88, 154
91, 98
92, 109
94, 142
96, 116
99, 153
100, 113
100, 114
102, 118
102, 157
105, 118
105, 157
106, 148
108, 112
112, 151
113, 114
118, 157
120, 124
121, 123
125, 159
128, 139
129, 135
129, 152
130, 141
130, 143
130, 144
137, 156
141, 143
141, 144
end