200
4
0, 0.20798277777564056, 0.09193326116140577
1, 0.0033310054790560706, 0.2896245631435115
2, 0.41545107918695, 0.2192263947911567
3, 0.6386578294131029, 0.9438423664852575
4, 0.22164304043727312, 0.9941486983692639
5, 0.3610362089375222, 0.13569512044554022
6, 0.36257661584480716, 0.856699780011757
7, 0.4300171258752088, 0.48784504783761373
8, 0.9885516982743662, 0.04209347441561062
9, 0.8846216253709931, 0.6184501469966563
10, 0.7045520909139091, 0.9292407133429383
11, 0.2645773732438189, 0.16587290305571056
12, 0.4720738173604577, 0.316849504639392
13, 0.968084245724912, 0.3682051984994955
14, 0.3944665049032938, 0.18729565566566164
15, 0.09192158431129749, 0.5070976379111944
16, 0.6805616664592935, 0.4938209888335636
17, 0.6526071747969809, 0.056892261816452905
18, 0.04294625709994704, 0.26550639574128576
19, 0.6132408198577943, 0.9141626700887191
20, 0.34498464707859144, 0.08662540137520702
21, 0.6419701550056208, 0.9673994303306479
22, 0.8968062523124738, 0.3410866097516204
23, 0.5409499513611536, 0.5087533574806921
24, 0.1286361120404098, 0.33537515558183373
25, 0.3522246923365465, 0.2962809189067366
26, 0.6630638521907125, 0.36581442807562137
27, 0.22980277235744306, 0.3811034640961162
28, 0.6863453617037203, 0.6799948758630431
29, 0.0771933576493189, 0.3418295328614812
30, 0.35400707910177964, 0.9689266923251033
31, 0.5388209381818089, 0.7745324865618691
32, 0.19997214985274092, 0.5584669169844306
33, 0.5098703220371404, 0.5304836848704992
34, 0.3456746151009321, 0.2944647094887859
35, 0.43883240927045764, 0.7867528630318875
36, 0.08990419335190836, 0.01921475143912077
37, 0.12227804109392992, 0.7209415670573252
38, 0.33625403218857697, 0.03297629684109238
39, 0.940484190653887, 0.5684743153180465
40, 0.6409979917225841, 0.14544057233946628
41, 0.6909414445299044, 0.23008522727264202
42, 0.40222034592965406, 0.45445344297153556
43, 0.36634196583837086, 0.7954968698091631
44, 0.46987386005374676, 0.5319382087507941
45, 0.7138580245700302, 0.7160605281067124
46, 0.7575136416867816, 0.9228861826164568
47, 0.14567021283757686, 0.9966392970603215
48, 0.06729154076702493, 0.042781943289196045
49, 0.4819331375449337, 0.34109135124614043
50, 0.6926670233128143, 0.9043891429650422
51, 0.5610544917346281, 0.3533135064281919
52, 0.3535371680737506, 0.12024254305641591
53, 0.19912865197090912, 0.16535575190881646
54, 0.33602068211346914, 0.44318952003509704
55, 0.14215424559246037, 0.2903356138665363
56, 0.022275503867422053, 0.7286291524477365
57, 0.6308575998383267, 0.7386880319578444
58, 0.16418917528277144, 0.2730256499580168
59, 0.08876590921085814, 0.10074846604486942
60, 0.8185592324298857, 0.721766531972847
61, 0.37169359754855835, 0.9721383954105641
62, 0.39954928886146346, 0.7732034850272222
63, 0.5395077124478601, 0.6000697812565713
64, 0.770375651356324, 0.5574357317276418
65, 0.8035427963523205, 0.39847215889052867
66, 0.3107031190930124, 0.249824818494786
67, 0.04437432112237327, 0.7378011208345168
68, 0.37765009413625683, 0.8730242386783368
69, 0.8128179745589716, 0.35001147140369104
70, 0.9078950178039416, 0.6157744366638291
71, 0.16955060977224512, 0.025309167822246237
72, 0.6228409160673359, 0.025300229637977845
73, 0.30766610520774984, 0.44406366235695416
74, 0.0269383857548674, 0.08869124798799433
75, 0.20546844320950453, 0.3001830249600981
76, 0.8823486290227277, 0.289764280671039
77, 0.7313290316378775, 0.40135913281790503
78, 0.7275821938886576, 0.5918365462103805
79, 0.2676595854202195, 0.2998127385562418
80, 0.11934968595367568, 0.7478307659305101
81, 0.3532887310061792, 0.24170970497275468
82, 0.27330282929515737, 0.19297111453621785
83, 0.9139344538349249, 0.46142134208456265
84, 0.4377826437134219, 0.73072836667872
85, 0.712640468878826, 0.014402678871437091
86, 0.3657216121943584, 0.2796817051710797
87, 0.9644046400449079, 0.9831218518489896
88, 0.5275375575307951, 0.29612878340656934
89, 0.5033999712926313, 0.31955658198664727
90, 0.8798995948876925, 0.10813392329437355
91, 0.008327407132918796, 0.355126416011337
92, 0.8156249224117789, 0.4825427380232912
93, 0.4648458100785877, 0.022367407661997074
94, 0.24350560562754697, 0.1892045552283581
95, 0.10360945165080737, 0.8872577120378384
96, 0.5832826934357858, 0.9726025175021743
97, 0.4711245234572039, 0.35553734149887206
98, 0.003327767572074869, 0.11306029594939893
99, 0.1599986146214991, 0.3607315088545734
100, 0.8890519461800693, 0.8062412587141842
101, 0.21285253891891132, 0.611909308858066
102, 0.36193850878217915, 0.2300718684712152
103, 0.29505487209863135, 0.21729191318286134
104, 0.002519810372679232, 0.6014953089135274
105, 0.7025706766634149, 0.8874000994426919
106, 0.40237159834084635, 0.5664625979446866
107, 0.3743817151582025, 0.8351814438008663
108, 0.1861008320067422, 0.8102727827907041
109, 0.7921936206777447, 0.5391396299268179
110, 0.5356058869076401, 0.3925349282415638
111, 0.8941098354152174, 0.32792923895043713
112, 0.760153401055891, 0.649609671374236
113, 0.9467051525653449, 0.9213416156355481
114, 0.9059263382279827, 0.058611234969154546
115, 0.6101570704596619, 0.9761952810309407
116, 0.841971847415892, 0.3853998085809146
117, 0.49034231643890136, 0.9547965281754477
118, 0.15487612976575904, 0.35836443494724524
119, 0.22776428967375695, 0.3029636985213524
120, 0.18354085700317146, 0.3326383541080341
121, 0.17130777958534438, 0.953762309273655
122, 0.9669628827519899, 0.8437534629358756
123, 0.847717901412535, 0.49284253593947136
124, 0.7283496754148663, 0.3471402095819066
125, 0.5008244558255265, 0.7755304413243261
126, 0.6957277442464852, 0.6880162002406207
127, 0.20064600278632783, 0.8129368490780404
128, 0.9412571925465053, 0.6746110008487902
129, 0.4374057610334241, 0.3129441843372679
130, 0.23997712322020404, 0.8696572878209935
131, 0.0639964653244659, 0.20880746788299742
132, 0.8660095979656705, 0.1651380217107703
133, 0.47357833312667397, 0.35698858790714205
134, 0.5992269428999593, 0.6755189697449747
135, 0.3778581889091327, 0.36552553100082297
136, 0.3121649634584588, 0.8318661273692951
137, 0.8759056379566362, 0.4563771122438375
138, 0.31969855167283967, 0.5881541581467807
139, 0.3244863694545054, 0.7057177827284259
140, 0.3791815103316776, 0.7450651232139416
141, 0.044880429866933635, 0.23414027392057057
142, 0.5364759606757563, 0.5976281678719283
143, 0.5077116031895582, 0.9923310756178476
144, 0.5397448129414008, 0.25227338571979596
145, 0.41416638227982716, 0.11817227843377642
146, 0.2169740854743637, 0.7782323085028477
147, 0.2536953705768392, 0.05029622880381068
148, 0.547589731953726, 0.17695087335353454
149, 0.2741431908310912, 0.30710689813045744
150, 0.10555439974189995, 0.8832710605930284
151, 0.534403141527749, 0.5111412458315764
152, 0.5759934743088723, 0.9728918950444405
153, 0.2354511363816707, 0.5871721849077659
154, 0.13299538762971974, 0.42950754161584836
155, 0.5258192425419601, 0.347041622221293
156, 0.9952835835295261, 0.2135927322682304
157, 0.2674516601123468, 0.7679418750696835
158, 0.7595364293605807, 0.39137478171179063
159, 0.7907662362011385, 0.8903988745221422
160, 0.8534972491744135, 0.9510011151620698
161, 0.4599697512515061, 0.9450046235611828
162, 0.2191315337051104, 0.9345375288841657
163, 0.06969652727603337, 0.45735849728893074
164, 0.6359198480268338, 0.5960372915816465
165, 0.9868897578745071, 0.8081178925245418
166, 0.21100812985254858, 0.4286117100163451
167, 0.72124861146391, 0.5169694027709355
168, 0.002482264398932954, 0.6329611092474758
169, 0.48162382942220927, 0.45763723642318654
170, 0.9548131067152263, 0.16137503034670697
171, 0.0007764342110919698, 0.4545198522785845
172, 0.6594825179165139, 0.3306228020521559
173, 0.7581909313352767, 0.684651940573568
174, 0.528000035743535, 0.3228351830452437
175, 0.9771322544844095, 0.5972565832908885
176, 0.30207798953625387, 0.5826563514991342
177, 0.4133545171062427, 0.12487837096296917
178, 0.38939023681583995, 0.39795514171089763
179, 0.4869985959713794, 0.5136656204723195
180, 0.0689627766147074, 0.16299478654229727
181, 0.36955269915582845, 0.44911486098941045
182, 0.7210424818611236, 0.06836454891027366
183, 0.10387501077939176, 0.6204516399060589
184, 0.5885718515215508, 0.9151367500155487
185, 0.7852585001586821, 0.32756900221426954
186, 0.0244473249372269, 0.5498768105557725
187, 0.04917242852124304, 0.049798239063438055
188, 0.809479011771031, 0.16395108979015816
189, 0.6815040611815586, 0.7841083015075792
190, 0.6218143679490978, 0.36962181055051524
191, 0.3938852864813972, 0.5740711821895074
192, 0.13266564739433828, 0.6806870547234266
193, 0.9913847224395249, 0.7566123187429304
194, 0.48637435500821513, 0.1713591477623665
195, 0.28616974267450856, 0.5062406543494732
196, 0.42711138016304917, 0.41852856142880035
197, 0.9234111830922687, 0.1723484436567202
198, 0.6836054081993418, 0.8072695644084752
199, 0.26244119738338256, 0.1332047041347586
end_nodes
0, 1
0, 2
0, 3
0, 4
0, 5
0, 6
0, 7
0, 8
0, 9
0, 10
0, 11
0, 12
0, 13
0, 14
1, 4
1, 15
1, 18
1, 24
1, 29
1, 32
1, 36
1, 37
1, 47
1, 48
1, 53
1, 55
1, 56
2, 9
2, 13
2, 14
2, 26
2, 39
2, 51
2, 65
2, 69
2, 70
2, 77
2, 83
2, 88
2, 89
3, 4
3, 6
3, 7
3, 10
3, 19
3, 21
3, 30
3, 31
3, 35
3, 42
3, 43
3, 46
3, 54
4, 6
4, 15
4, 21
4, 27
4, 30
4, 32
4, 37
4, 47
4, 53
4, 61
4, 68
5, 8
5, 13
5, 20
5, 22
5, 40
5, 41
5, 52
5, 76
5, 90
5, 111
5, 114
5, 132
5, 145
6, 27
6, 43
6, 54
6, 68
6, 73
6, 79
6, 94
6, 107
6, 117
6, 119
6, 130
7, 10
7, 42
7, 178
8, 13
8, 17
8, 20
8, 36
8, 38
8, 71
8, 72
8, 76
8, 85
8, 87
8, 90
8, 93
9, 10
9, 11
9, 12
9, 16
9, 23
9, 25
9, 28
9, 33
9, 34
9, 44
9, 45
9, 46
10, 28
10, 44
10, 45
10, 46
10, 50
10, 57
10, 60
10, 63
10, 105
10, 126
11, 12
11, 16
11, 25
11, 34
11, 44
11, 49
11, 66
11, 81
11, 82
11, 86
11, 97
11, 102
12, 102
12, 155
13, 14
13, 22
13, 39
13, 65
13, 69
13, 76
13, 83
13, 87
13, 111
13, 113
14, 144
15, 32
15, 108
15, 127
15, 163
15, 192
16, 25
16, 49
16, 97
16, 110
16, 129
16, 133
16, 167
17, 38
17, 59
17, 71
17, 147
18, 53
18, 55
18, 58
19, 35
19, 54
19, 84
19, 106
19, 125
19, 191
20, 52
20, 145
20, 182
21, 46
21, 87
21, 96
21, 113
21, 115
21, 143
21, 152
21, 160
23, 33
23, 34
23, 44
23, 64
23, 135
23, 151
23, 169
23, 179
23, 196
24, 29
24, 32
24, 55
24, 58
24, 99
24, 118
24, 120
24, 154
25, 34
25, 86
25, 97
26, 39
26, 77
26, 92
26, 123
27, 119
27, 130
27, 136
27, 139
27, 153
27, 157
28, 44
28, 57
28, 63
28, 78
28, 105
28, 112
28, 126
28, 134
28, 142
28, 164
28, 173
28, 189
29, 32
29, 154
30, 61
30, 68
30, 117
30, 161
31, 54
31, 79
31, 94
31, 149
31, 181
32, 53
32, 99
32, 118
32, 120
32, 127
32, 154
32, 162
33, 44
33, 151
34, 64
34, 103
34, 135
35, 43
35, 54
35, 62
35, 84
35, 140
35, 184
35, 191
36, 48
36, 59
36, 71
36, 85
36, 93
36, 131
36, 141
36, 147
36, 180
36, 187
37, 47
37, 80
37, 121
37, 183
38, 71
39, 46
39, 70
39, 83
39, 88
39, 92
39, 100
39, 113
39, 123
39, 128
39, 137
39, 158
40, 90
40, 132
41, 76
41, 132
41, 148
41, 188
41, 194
41, 197
43, 54
43, 62
43, 107
43, 140
43, 184
44, 66
44, 78
44, 82
44, 103
44, 135
44, 142
44, 151
44, 164
45, 60
45, 126
45, 173
46, 70
46, 100
46, 113
46, 159
47, 56
47, 67
47, 80
47, 91
47, 95
47, 121
47, 143
47, 150
47, 186
48, 74
48, 98
48, 187
49, 81
49, 129
50, 57
50, 63
50, 134
51, 89
51, 174
53, 58
53, 75
53, 101
53, 120
53, 146
53, 162
53, 166
54, 73
54, 79
54, 106
54, 140
54, 191
55, 58
56, 67
56, 91
56, 104
56, 168
56, 171
56, 186
57, 134
57, 189
57, 198
58, 120
59, 131
59, 147
62, 140
63, 134
63, 142
65, 69
65, 83
65, 116
65, 124
65, 172
66, 82
67, 95
67, 150
67, 186
68, 117
68, 161
69, 116
69, 124
69, 172
69, 185
70, 88
70, 109
70, 190
71, 147
72, 85
72, 93
73, 79
73, 138
74, 98
75, 166
76, 111
76, 170
76, 197
77, 123
77, 158
78, 112
78, 164
79, 94
79, 138
79, 149
81, 97
81, 129
81, 133
83, 137
83, 158
84, 125
84, 191
85, 93
86, 97
87, 113
87, 115
87, 122
87, 143
87, 156
87, 160
87, 165
87, 175
87, 193
88, 190
89, 199
90, 114
90, 132
90, 197
91, 186
94, 149
94, 181
95, 150
96, 143
96, 152
97, 133
98, 171
98, 187
99, 118
99, 120
100, 113
100, 128
100, 159
101, 146
101, 166
103, 135
104, 168
104, 171
105, 126
106, 191
108, 127
110, 129
110, 133
113, 128
113, 160
115, 143
117, 161
119, 139
119, 176
119, 195
123, 158
124, 172
125, 191
126, 173
129, 133
130, 136
130, 153
130, 157
131, 141
131, 180
132, 188
132, 197
135, 169
135, 179
135, 196
136, 157
137, 158
141, 180
143, 152
145, 177
145, 182
146, 166
148, 188
148, 194
149, 181
150, 186
153, 157
156, 175
156, 193
163, 192
165, 193
168, 171
169, 196
176, 195
177, 182
179, 196
188, 194
189, 198
end