280
4
0, 0.8181443121665167, 0.9789490817800143
1, 0.5069222721459858, 0.6082079197991141
2, 0.999909084763327, 0.3420538107534439
3, 0.23419205988078062, 0.6834452870177251
4, 0.10779062791336447, 0.9468671307846298
5, 0.5115052564538012, 0.31030723004577476
6, 0.12448022012116311, 0.2838069827556403
7, 0.018615534527289146, 0.851217729841855
8, 0.24387570063453123, 0.6936019361412946
9, 0.08469166125253791, 0.6464175598835679
10, 0.9276255661252418, 0.6289423304838145
11, 0.10912418882616037, 0.8220857920143111
12, 0.5959081688499709, 0.48427976675847706
13, 0.09087400085023645, 0.22993438503151276
14, 0.564726862869219, 0.8240658446258908
15, 0.5391769053803012, 0.21748902398919667
16, 0.3111217433102793, 0.5469762938349528
17, 0.6754252389208194, 0.5123537626447938
18, 0.13934237253474946, 0.008505516963182025
19, 0.8012607988414739, 0.5463163258613503
20, 0.3075679735363426, 0.7318250125940758
21, 0.3716950244446726, 0.9857121328608567
22, 0.1043206841192944, 0.3275882042931457
23, 0.16239813593573693, 0.24464678928804418
24, 0.9360695192104772, 0.6279847465999945
25, 0.8492171394551329, 0.3773861246622695
26, 0.2926354118619966, 0.6324568003648297
27, 0.392057849119132, 0.004923912293531174
28, 0.3293972793358161, 0.890065149975946
29, 0.5990712269330098, 0.3831923244259485
30, 0.257085349933859, 0.5377923042314038
31, 0.6678792179942721, 0.7572549897466133
32, 0.7259727321098063, 0.47556813664172204
33, 0.625054915453675, 0.7869789188152835
34, 0.19799024051639924, 0.3271143363263934
35, 0.33571914225478006, 0.38794146356846926
36, 0.8143478131507859, 0.544215118559184
37, 0.8285676985123227, 0.04630633758157765
38, 0.9241351516187047, 0.5716309388879385
39, 0.31047636835037806, 0.154016495886672
40, 0.8300537847781362, 0.14542135635771403
41, 0.6154408648809535, 0.5954629541255704
42, 0.5256528982318043, 0.11691634679788865
43, 0.06244661035727872, 0.9848504827182157
44, 0.26005293411894115, 0.14735670688401892
45, 0.8782409946678127, 0.980582577279321
46, 0.1068545439979478, 0.6011538738453339
47, 0.6706197279481835, 0.7404683907897313
48, 0.2636397468572157, 0.5115782492171497
49, 0.9671890379709925, 0.3870190140620574
50, 0.628314828529094, 0.8752005553571983
51, 0.08980457338575365, 0.19452673656265407
52, 0.9477925056487407, 0.3952797248622606
53, 0.7837014018710272, 0.6345558502039016
54, 0.6681650611150688, 0.6664098069058314
55, 0.10386289434992291, 0.7956961063018497
56, 0.5246301128792292, 0.14585094928104358
57, 0.846105826522137, 0.1086419514749658
58, 0.6982752424303428, 0.5230436371268596
59, 0.5745156778713955, 0.6369806739829417
60, 0.41262103966586605, 0.6358799293032961
61, 0.507896919689813, 0.4323991248631601
62, 0.975365799114785, 0.6313222975532887
63, 0.6396767126627819, 0.5127945770040149
64, 0.5765459030689217, 0.630441556458822
65, 0.24138502890019464, 0.28231210427001596
66, 0.9774958954916837, 0.38253779300870383
67, 0.8468641986867509, 0.556436384622676
68, 0.9697361218491569, 0.055915843911033214
69, 0.41484523565389675, 0.4325079015209444
70, 0.5347477613949718, 0.4357930425365072
71, 0.4230298580513183, 0.5241006772229095
72, 0.7879819673519447, 0.47427426689896446
73, 0.49315523380511384, 0.6608505761766591
74, 0.6084618068897757, 0.3959801525536223
75, 0.7124490175355283, 0.3062602043282959
76, 0.7083458777814932, 0.30292051797032093
77, 0.6451939075457201, 0.3066424453603399
78, 0.5564017729920199, 0.5616357491690137
79, 0.6595100054649846, 0.04125792218818758
80, 0.008483830896777733, 0.41526080285282374
81, 0.01867650634481366, 0.2858602390273578
82, 0.35545736877518075, 0.45722879603422584
83, 0.21647803859922332, 0.3022448688826972
84, 0.6966876080865072, 0.2524073881675841
85, 0.870063874295451, 0.6155790736340764
86, 0.047517611450771935, 0.7019230501758568
87, 0.36207703218249077, 0.4127262958636607
88, 0.8472503138542257, 0.2840697934120364
89, 0.34324693112883753, 0.9700846388775789
90, 0.9834832841049256, 0.570289082543065
91, 0.03297313668611179, 0.6460884300672176
92, 0.043670128488832005, 0.2542159892804281
93, 0.6101696731998576, 0.27630012539485727
94, 0.8420766631199922, 0.08213633175114476
95, 0.08024645380768425, 0.22555091601760113
96, 0.4666436630784162, 0.2250803221213834
97, 0.12804275447899915, 0.0762675145545717
98, 0.9336304724602551, 0.7033732126431501
99, 0.6030158989099899, 0.8866496704881928
100, 0.6311149309825375, 0.5193721090877645
101, 0.9350875123715963, 0.9608192647953037
102, 0.975899707082743, 0.6835429998885169
103, 0.7559401681006234, 0.8626161642116005
104, 0.8098583203511629, 0.5386979802511899
105, 0.4231929553698941, 0.9383614992783953
106, 0.5992814543475473, 0.7774985865713303
107, 0.6955666625933768, 0.48651239554944115
108, 0.02306558441657225, 0.34595242456629094
109, 0.3321533948799822, 0.9852256714361424
110, 0.491551233392458, 0.494657335380723
111, 0.15429092869491856, 0.3710825987385259
112, 0.989786048392815, 0.8344041680448451
113, 0.2794824057495454, 0.39968335308232783
114, 0.12105894240395809, 0.22884719600846504
115, 0.18237756484281042, 0.8532026211222442
116, 0.05627768403550981, 0.5188924182290897
117, 0.6361462454346447, 0.8065277060571389
118, 0.832117168042383, 0.5921856012468976
119, 0.7814975825263512, 0.4376107324466002
120, 0.44082457045487455, 0.2638806448503138
121, 0.09485151010341875, 0.6333638254755072
122, 0.7297136264596956, 0.40276000947720425
123, 0.2833882789607106, 0.7343184372208195
124, 0.7618309914507368, 0.2798447356013183
125, 0.8080271164488564, 0.4813571026177943
126, 0.17788123873033246, 0.8526874943901085
127, 0.11281886856870704, 0.5156168324063346
128, 0.2254485396615009, 0.4793938148888892
129, 0.7883671962273195, 0.10846535334919061
130, 0.31748751549264387, 0.7121191684430835
131, 0.824210984249861, 0.5960728951825519
132, 0.8461063765617604, 0.28416240595270215
133, 0.3114935189305955, 0.9609996209127161
134, 0.6527170313791253, 0.5370683484640948
135, 0.6812119597086399, 0.45441740491260907
136, 0.6870940933019765, 0.5742665910924665
137, 0.6514464544621781, 0.6137432441297533
138, 0.2998535580841373, 0.8454622088740732
139, 0.8547107957421117, 0.1904850395674671
140, 0.6348679520230364, 0.9237459607383272
141, 0.3448535097991714, 0.43143764330922796
142, 0.3246102088608891, 0.5487348486262377
143, 0.6168881853351386, 0.961559158878321
144, 0.48512153421662163, 0.4473397299455598
145, 0.8557933240035472, 0.5265453579321957
146, 0.5835361690522838, 0.22942817381431646
147, 0.08821574447025149, 0.7315162013946399
148, 0.8880478330522609, 0.3290578651666124
149, 0.3214629624139451, 0.0889961450215574
150, 0.13200838164263795, 0.2380308576563841
151, 0.8632162113819467, 0.34951929065562515
152, 0.7071164916692849, 0.20078599997766822
153, 0.8120188603956829, 0.547855369179239
154, 0.6790255369103695, 0.17444051834618068
155, 0.43783020914384985, 0.7542720863254211
156, 0.9180215531305757, 0.24304761702938216
157, 0.4565421058082654, 0.4584998478680362
158, 0.11553866329739537, 0.4248000257338457
159, 0.0802075387035075, 0.029335530913420893
160, 0.40749803735485846, 0.12286206721455206
161, 0.9382337945983277, 0.5367903087392853
162, 0.5917555500209171, 0.046732243793921935
163, 0.06316873376181464, 0.9550111579999369
164, 0.7345255245023267, 0.04240782910198637
165, 0.994552713937363, 0.22142171713769843
166, 0.44641783966301496, 0.46595427968707026
167, 0.5029545423764378, 0.4187062663518152
168, 0.648644082556446, 0.9388191845994047
169, 0.8585571389000782, 0.12932828850465128
170, 0.34516921122409283, 0.4138069678910603
171, 0.14704577072487524, 0.7522058865468031
172, 0.659115352966513, 0.08430361537279374
173, 0.11188982538279546, 0.7384195769281082
174, 0.3050202530621625, 0.3552171577337979
175, 0.23413556124699475, 0.24521340636638078
176, 0.9033279641207645, 0.7809622396908581
177, 0.14820894520396033, 0.2881897685767406
178, 0.23525701210889416, 0.40430064183068326
179, 0.27904718568317743, 0.20898238710214545
180, 0.4463504516535265, 0.679726755207953
181, 0.4151692802043059, 0.30758122115324504
182, 0.9245397280584805, 0.6177087952633427
183, 0.6843283083502907, 0.2968809434465913
184, 0.7907490372668335, 0.33084361649512817
185, 0.5401663330321885, 0.6718244539414081
186, 0.8567005915105573, 0.4094464499423307
187, 0.5314592386426831, 0.7579560363769328
188, 0.7031610808156536, 0.6178651670196502
189, 0.24074840213201965, 0.5481931082720106
190, 0.3127971584015916, 0.2555200277778489
191, 0.8922948151178068, 0.3768795391462195
192, 0.4555369721450009, 0.9803391671862335
193, 0.9328087570006496, 0.7218104984874549
194, 0.6082847767607998, 0.6250945107404233
195, 0.2056157322518426, 0.3079301927017074
196, 0.5584216999849857, 0.5183141435475123
197, 0.9869472252151728, 0.47149736125383623
198, 0.7448044714292584, 0.4909722485462814
199, 0.5488425848362362, 0.03224273217253748
200, 0.6425741023408491, 0.3058147871900089
201, 0.44493951056359604, 0.9530900862697822
202, 0.2726160222866818, 0.6013424947591067
203, 0.21954514016997295, 0.3133907000090739
204, 0.2719002440428385, 0.6197776649933959
205, 0.5412473677022777, 0.154823447783492
206, 0.6139198523444573, 0.6047818010527664
207, 0.3868661402266794, 0.40579665235627405
208, 0.9407259424227368, 0.8442640963724498
209, 0.39304893786329365, 0.70064968673496
210, 0.10331960789488004, 0.8384298913230317
211, 0.5596695655369641, 0.3950059766415477
212, 0.7293837560821761, 0.6296991375733433
213, 0.367320901193918, 0.4836073052611043
214, 0.8588072121869317, 0.13420681972071036
215, 0.39513039832863694, 0.3886880364512645
216, 0.7443822492750888, 0.5270433088599211
217, 0.16042265587259708, 0.7357143358662959
218, 0.8531121995408507, 0.9200008855787676
219, 0.026087044760590206, 0.49823378518101247
220, 0.961594149832671, 0.9518141067168128
221, 0.45409927408383066, 0.06474311208887484
222, 0.7252645759425937, 0.7961581315282479
223, 0.15866892749814343, 0.8375204998823162
224, 0.7361024266953613, 0.9103357387331397
225, 0.9503558607254097, 0.9597353442619796
226, 0.24180296545522573, 0.5853638520432154
227, 0.17071864179904073, 0.43925807974427866
228, 0.640865407072739, 0.045599752832315765
229, 0.5403487075842762, 0.13695018734080278
230, 0.6360441184439228, 0.18193125271028754
231, 0.5964711153138798, 0.6827299492935514
232, 0.3153837425319309, 0.6757341491224926
233, 0.2501159199077133, 0.6621556874922235
234, 0.8519725001629914, 0.8511111235439218
235, 0.79487730039131, 0.3750374844298505
236, 0.30254261181965936, 0.9853583771020809
237, 0.5739899477037456, 0.993180463333908
238, 0.2776504396631879, 0.7602468227200214
239, 0.2130919057012629, 0.14467933922061615
240, 0.4254643514058106, 0.038508019733042076
241, 0.30607341508043784, 0.14843728790713773
242, 0.7012913210172512, 0.9020707049467543
243, 0.8744970543800121, 0.4885514018193001
244, 0.8676849062392341, 0.8203183353177955
245, 0.6560138179692465, 0.24631310002214502
246, 0.47884338108681757, 0.8169453215988933
247, 0.9034173898339845, 0.015614343578498224
248, 0.8462631240726196, 0.23867928310941122
249, 0.5974816422552572, 0.30549177432830066
250, 0.12053101804763566, 0.19442992247449642
251, 0.9714867990017915, 0.18162305440376492
252, 0.037028602750475925, 0.2206982147746227
253, 0.3092856971674114, 0.7109914412539058
254, 0.41494620149668726, 0.13934422511413513
255, 0.6743864249627111, 0.19180997181796555
256, 0.09813677931520226, 0.06278437719703978
257, 0.7141819607105021, 0.6232706803022027
258, 0.3380522890716263, 0.6865376896022525
259, 0.3350251402859572, 0.972560727463198
260, 0.2983572487002395, 0.11179424164113605
261, 0.4304009301218992, 0.06278278750044741
262, 0.21059856890956752, 0.14898160897799828
263, 0.9366511706434729, 0.35343051615936394
264, 0.2336112684599415, 0.0829982861139007
265, 0.18464370068879754, 0.7011868176330147
266, 0.6594173271875297, 0.16676295651514061
267, 0.4104280428313505, 0.2850504428791557
268, 0.7042665179205476, 0.31356261873296243
269, 0.79035600271116, 0.1539795864150838
270, 0.15565521346134148, 0.013088616180858992
271, 0.6568270470146499, 0.11639178481720869
272, 0.02039085086206316, 0.3226066428008829
273, 0.6283468437757164, 0.1568711715949891
274, 0.8980826778019535, 0.7369782996207845
275, 0.7602204567340122, 0.13602328364346072
276, 0.010032287696269848, 0.06274157997108798
277, 0.8531178050001703, 0.10141078921470059
278, 0.7512523567081136, 0.07038298342170568
279, 0.9084044571655595, 0.199532856698443
end_nodes
0, 1
0, 2
0, 3
0, 4
0, 5
0, 6
0, 7
0, 8
0, 9
0, 10
0, 11
0, 12
0, 13
0, 14
0, 15
0, 16
17, 5
17, 13
17, 15
17, 18
17, 23
17, 27
17, 29
17, 37
17, 39
17, 42
17, 44
17, 51
17, 56
17, 61
17, 65
17, 70
19, 5
19, 15
19, 18
19, 25
19, 27
19, 29
19, 32
19, 37
19, 39
19, 40
19, 42
19, 44
19, 56
19, 57
19, 68
19, 72
20, 3
20, 5
20, 6
20, 8
20, 9
20, 13
20, 15
20, 16
20, 18
20, 22
20, 23
20, 26
20, 27
20, 29
20, 30
20, 34
21, 1
21, 2
21, 3
21, 4
21, 5
21, 6
21, 7
21, 8
21, 9
21, 10
21, 11
21, 12
21, 13
21, 15
21, 16
21, 18
24, 1
24, 2
24, 3
24, 4
24, 5
24, 6
24, 7
24, 8
24, 9
24, 11
24, 12
24, 13
24, 15
24, 16
24, 18
24, 22
28, 1
28, 2
28, 3
28, 4
28, 5
28, 6
28, 7
28, 8
28, 9
28, 10
28, 11
28, 12
28, 13
28, 15
28, 16
28, 18
31, 1
31, 2
31, 3
31, 4
31, 5
31, 6
31, 7
31, 8
31, 9
31, 11
31, 12
31, 13
31, 15
31, 16
31, 18
31, 22
33, 1
33, 2
33, 3
33, 4
33, 5
33, 6
33, 7
33, 8
33, 9
33, 11
33, 12
33, 13
33, 15
33, 16
33, 18
33, 22
36, 5
36, 15
36, 18
36, 25
36, 27
36, 29
36, 32
36, 37
36, 39
36, 40
36, 42
36, 56
36, 57
36, 68
36, 72
36, 75
38, 2
38, 49
38, 52
38, 66
38, 68
38, 156
38, 161
38, 165
38, 197
38, 247
38, 251
38, 263
38, 279
41, 5
41, 6
41, 12
41, 13
41, 15
41, 16
41, 18
41, 22
41, 23
41, 27
41, 29
41, 30
41, 34
41, 35
41, 39
41, 42
43, 1
43, 2
43, 3
43, 5
43, 6
43, 7
43, 8
43, 9
43, 10
43, 11
43, 12
43, 13
43, 15
43, 16
43, 18
43, 22
45, 1
45, 2
45, 3
45, 4
45, 5
45, 6
45, 7
45, 8
45, 9
45, 10
45, 11
45, 12
45, 13
45, 14
45, 15
45, 16
47, 1
47, 2
47, 3
47, 4
47, 5
47, 6
47, 7
47, 8
47, 9
47, 11
47, 12
47, 13
47, 15
47, 16
47, 18
47, 22
50, 1
50, 2
50, 3
50, 4
50, 5
50, 6
50, 7
50, 8
50, 9
50, 10
50, 11
50, 12
50, 13
50, 14
50, 15
50, 16
53, 1
53, 2
53, 5
53, 6
53, 9
53, 12
53, 13
53, 15
53, 16
53, 18
53, 22
53, 23
53, 25
53, 26
53, 27
53, 29
54, 1
54, 3
54, 6
54, 8
54, 9
54, 12
54, 13
54, 16
54, 18
54, 22
54, 23
54, 25
54, 26
54, 27
54, 29
54, 30
58, 13
58, 18
58, 23
58, 27
58, 29
58, 37
58, 39
58, 40
58, 42
58, 44
58, 51
58, 56
58, 57
58, 61
58, 65
58, 70
59, 1
59, 6
59, 9
59, 16
59, 18
59, 22
59, 23
59, 26
59, 27
59, 30
59, 34
59, 35
59, 39
59, 42
59, 44
59, 46
60, 6
60, 16
60, 22
60, 26
60, 30
60, 46
60, 48
60, 80
60, 81
60, 92
60, 95
60, 108
60, 111
60, 116
60, 121
60, 127
62, 1
62, 2
62, 3
62, 4
62, 7
62, 8
62, 9
62, 11
62, 12
62, 22
62, 23
62, 25
62, 26
62, 27
62, 29
62, 30
63, 12
63, 23
63, 27
63, 29
63, 34
63, 35
63, 39
63, 42
63, 44
63, 51
63, 56
63, 61
63, 65
63, 70
63, 74
63, 77
64, 1
64, 22
64, 23
64, 27
64, 30
64, 34
64, 35
64, 39
64, 42
64, 44
64, 46
64, 48
64, 51
64, 56
64, 61
64, 65
67, 2
67, 25
67, 27
67, 37
67, 40
67, 42
67, 49
67, 52
67, 56
67, 57
67, 66
67, 68
67, 72
67, 75
67, 76
67, 77
73, 9
73, 22
73, 23
73, 26
73, 30
73, 34
73, 35
73, 44
73, 46
73, 48
73, 51
73, 65
73, 71
73, 80
73, 81
73, 82
85, 2
85, 12
85, 22
85, 23
85, 25
85, 27
85, 29
85, 32
85, 34
85, 35
85, 37
85, 39
85, 40
85, 42
85, 44
85, 49
89, 1
89, 2
89, 3
89, 4
89, 7
89, 8
89, 10
89, 11
89, 22
89, 23
89, 25
89, 26
89, 27
89, 29
89, 30
89, 32
98, 3
98, 4
98, 7
98, 8
98, 11
98, 23
98, 25
98, 26
98, 27
98, 29
98, 30
98, 32
98, 34
98, 35
98, 37
98, 39
99, 3
99, 4
99, 7
99, 8
99, 10
99, 11
99, 23
99, 25
99, 26
99, 29
99, 30
99, 32
99, 34
99, 35
99, 37
99, 39
100, 23
100, 29
100, 34
100, 35
100, 39
100, 42
100, 44
100, 51
100, 56
100, 61
100, 65
100, 69
100, 70
100, 74
100, 77
100, 79
101, 4
101, 7
101, 10
101, 11
101, 14
101, 25
101, 26
101, 29
101, 30
101, 32
101, 34
101, 35
101, 37
101, 39
101, 40
101, 42
102, 4
102, 7
102, 11
102, 25
102, 26
102, 30
102, 32
102, 34
102, 35
102, 37
102, 39
102, 40
102, 42
102, 44
102, 46
102, 48
103, 4
103, 10
103, 25
103, 26
103, 30
103, 32
103, 34
103, 35
103, 37
103, 39
103, 40
103, 42
103, 44
103, 46
103, 48
103, 49
104, 25
104, 37
104, 39
104, 40
104, 42
104, 56
104, 57
104, 68
104, 72
104, 75
104, 76
104, 77
104, 79
104, 84
104, 88
104, 93
105, 10
105, 25
105, 26
105, 30
105, 32
105, 34
105, 35
105, 37
105, 40
105, 42
105, 44
105, 46
105, 48
105, 49
105, 51
105, 52
106, 25
106, 26
106, 30
106, 32
106, 34
106, 35
106, 37
106, 40
106, 44
106, 46
106, 48
106, 51
106, 55
106, 56
106, 57
106, 61
107, 37
107, 44
107, 56
107, 74
107, 75
107, 76
107, 77
107, 79
107, 84
107, 93
107, 94
107, 96
107, 97
107, 120
107, 124
107, 129
109, 10
109, 26
109, 32
109, 34
109, 35
109, 37
109, 40
109, 44
109, 46
109, 48
109, 49
109, 51
109, 52
109, 55
109, 56
109, 57
112, 32
112, 35
112, 40
112, 44
112, 46
112, 48
112, 49
112, 51
112, 52
112, 55
112, 56
112, 57
112, 61
112, 65
112, 66
112, 68
115, 46
115, 48
115, 51
115, 55
115, 56
115, 61
115, 65
115, 69
115, 71
115, 79
115, 80
115, 81
115, 82
115, 83
115, 86
115, 87
117, 10
117, 32
117, 40
117, 46
117, 48
117, 49
117, 51
117, 52
117, 55
117, 56
117, 57
117, 61
117, 65
117, 66
117, 68
117, 69
118, 32
118, 40
118, 49
118, 51
118, 52
118, 56
118, 57
118, 61
118, 65
118, 66
118, 68
118, 70
118, 72
118, 74
118, 75
118, 76
119, 75
119, 76
119, 79
119, 84
119, 152
119, 154
119, 162
119, 172
119, 183
119, 199
119, 228
119, 230
119, 245
119, 255
119, 266
119, 268
123, 46
123, 48
123, 51
123, 61
123, 65
123, 69
123, 71
123, 79
123, 80
123, 81
123, 82
123, 83
123, 87
123, 91
123, 92
123, 93
125, 40
125, 57
125, 68
125, 75
125, 76
125, 79
125, 84
125, 88
125, 94
125, 124
125, 129
125, 132
125, 139
125, 148
125, 151
125, 152
126, 46
126, 48
126, 51
126, 55
126, 65
126, 69
126, 79
126, 80
126, 81
126, 82
126, 83
126, 86
126, 87
126, 91
126, 92
126, 95
131, 32
131, 49
131, 51
131, 52
131, 57
131, 61
131, 65
131, 66
131, 68
131, 69
131, 70
131, 72
131, 74
131, 75
131, 76
131, 77
133, 10
133, 46
133, 48
133, 49
133, 52
133, 55
133, 57
133, 61
133, 65
133, 66
133, 68
133, 69
133, 70
133, 71
133, 74
133, 75
134, 61
134, 65
134, 69
134, 70
134, 74
134, 75
134, 76
134, 77
134, 79
134, 81
134, 83
134, 84
134, 87
134, 92
134, 93
134, 95
136, 57
136, 61
136, 65
136, 69
136, 70
136, 74
136, 75
136, 76
136, 77
136, 79
136, 80
136, 81
136, 82
136, 83
136, 84
136, 87
137, 48
137, 57
137, 61
137, 69
137, 70
137, 71
137, 74
137, 75
137, 76
137, 77
137, 78
137, 79
137, 80
137, 81
137, 82
137, 83
138, 46
138, 48
138, 49
138, 52
138, 55
138, 57
138, 66
138, 68
138, 69
138, 70
138, 71
138, 74
138, 75
138, 76
138, 77
138, 78
140, 10
140, 49
140, 52
140, 55
140, 66
140, 68
140, 69
140, 70
140, 71
140, 74
140, 75
140, 76
140, 77
140, 78
140, 79
140, 80
143, 10
143, 49
143, 52
143, 55
143, 66
143, 68
143, 69
143, 70
143, 71
143, 74
143, 75
143, 76
143, 77
143, 78
143, 79
143, 80
145, 49
145, 52
145, 66
145, 68
145, 75
145, 76
145, 79
145, 84
145, 88
145, 94
145, 124
145, 129
145, 132
145, 139
145, 148
145, 151
153, 52
153, 68
153, 72
153, 74
153, 76
153, 77
153, 79
153, 84
153, 88
153, 93
153, 94
153, 96
153, 120
153, 122
153, 124
153, 129
168, 49
168, 52
168, 55
168, 66
168, 69
168, 70
168, 71
168, 74
168, 76
168, 77
168, 78
168, 79
168, 80
168, 81
168, 82
168, 83
171, 80
171, 81
171, 83
171, 86
171, 91
171, 92
171, 95
171, 97
171, 108
171, 111
171, 114
171, 116
171, 121
171, 127
171, 147
171, 150
176, 52
176, 55
176, 66
176, 69
176, 70
176, 71
176, 72
176, 74
176, 77
176, 78
176, 80
176, 81
176, 82
176, 83
176, 84
176, 86
180, 80
180, 81
180, 86
180, 91
180, 92
180, 108
180, 111
180, 116
180, 121
180, 127
180, 128
180, 142
180, 158
180, 189
180, 202
180, 204
182, 66
182, 88
182, 90
182, 94
182, 129
182, 132
182, 139
182, 148
182, 151
182, 156
182, 161
182, 165
182, 169
182, 191
182, 197
182, 214
185, 69
185, 71
185, 80
185, 81
185, 82
185, 83
185, 86
185, 87
185, 91
185, 92
185, 95
185, 96
185, 97
185, 108
185, 110
185, 111
186, 88
186, 94
186, 129
186, 132
186, 139
186, 148
186, 151
186, 156
186, 169
186, 214
186, 247
186, 248
186, 251
186, 269
186, 277
186, 278
187, 55
187, 80
187, 81
187, 82
187, 83
187, 86
187, 91
187, 92
187, 95
187, 97
187, 108
187, 111
187, 113
187, 114
187, 116
187, 121
188, 70
188, 71
188, 74
188, 77
188, 78
188, 80
188, 81
188, 82
188, 83
188, 84
188, 87
188, 88
188, 92
188, 93
188, 94
188, 95
192, 55
192, 66
192, 71
192, 78
192, 81
192, 82
192, 83
192, 84
192, 86
192, 87
192, 88
192, 90
192, 91
192, 92
192, 93
192, 94
193, 55
193, 66
193, 71
193, 72
193, 78
193, 82
193, 83
193, 84
193, 86
193, 87
193, 88
193, 90
193, 91
193, 92
193, 93
193, 94
194, 71
194, 78
194, 82
194, 83
194, 87
194, 92
194, 93
194, 95
194, 96
194, 97
194, 108
194, 110
194, 111
194, 113
194, 114
194, 116
198, 84
198, 88
198, 93
198, 94
198, 96
198, 122
198, 124
198, 129
198, 132
198, 139
198, 146
198, 149
198, 152
198, 154
198, 160
198, 162
201, 55
201, 71
201, 78
201, 82
201, 83
201, 84
201, 86
201, 87
201, 88
201, 90
201, 91
201, 92
201, 93
201, 94
201, 95
201, 96
206, 78
206, 82
206, 87
206, 92
206, 93
206, 95
206, 96
206, 97
206, 108
206, 110
206, 111
206, 113
206, 114
206, 116
206, 120
206, 127
208, 72
208, 78
208, 84
208, 86
208, 87
208, 88
208, 90
208, 91
208, 92
208, 93
208, 94
208, 95
208, 96
208, 97
208, 108
208, 110
210, 86
210, 91
210, 92
210, 108
210, 116
210, 121
210, 147
210, 219
210, 252
210, 272
210, 276
212, 78
212, 84
212, 87
212, 88
212, 93
212, 94
212, 95
212, 96
212, 97
212, 108
212, 110
212, 111
212, 113
212, 114
212, 116
212, 120
216, 88
216, 93
216, 94
216, 96
216, 97
216, 120
216, 122
216, 124
216, 129
216, 132
216, 135
216, 139
216, 146
216, 149
216, 152
216, 154
217, 86
217, 91
217, 95
217, 97
217, 108
217, 111
217, 114
217, 116
217, 121
217, 127
217, 149
217, 150
217, 158
217, 159
217, 175
217, 177
218, 78
218, 86
218, 87
218, 88
218, 90
218, 91
218, 93
218, 94
218, 95
218, 96
218, 97
218, 108
218, 110
218, 111
218, 113
218, 114
220, 72
220, 78
220, 86
220, 87
220, 88
220, 90
220, 91
220, 94
220, 95
220, 96
220, 97
220, 108
220, 110
220, 111
220, 113
220, 114
222, 86
222, 90
222, 91
222, 95
222, 96
222, 97
222, 108
222, 110
222, 111
222, 113
222, 114
222, 116
222, 120
222, 121
222, 122
222, 124
223, 91
223, 97
223, 108
223, 111
223, 113
223, 114
223, 116
223, 121
223, 127
223, 128
223, 141
223, 147
223, 149
223, 150
223, 158
223, 159
224, 14
224, 90
224, 96
224, 97
224, 108
224, 110
224, 111
224, 113
224, 114
224, 116
224, 120
224, 121
224, 122
224, 124
224, 127
224, 128
225, 72
225, 90
225, 96
225, 97
225, 110
225, 111
225, 113
225, 114
225, 116
225, 120
225, 121
225, 122
225, 124
225, 127
225, 128
225, 129
231, 96
231, 110
231, 111
231, 113
231, 114
231, 116
231, 120
231, 121
231, 127
231, 128
231, 130
231, 141
231, 142
231, 144
231, 146
231, 147
234, 90
234, 110
234, 113
234, 114
234, 116
234, 120
234, 121
234, 122
234, 124
234, 127
234, 128
234, 129
234, 130
234, 132
234, 135
234, 139
236, 90
236, 110
236, 113
236, 114
236, 116
236, 120
236, 121
236, 122
236, 124
236, 127
236, 128
236, 129
236, 130
236, 132
236, 135
236, 139
237, 90
237, 110
237, 113
237, 114
237, 120
237, 121
237, 122
237, 124
237, 127
237, 128
237, 129
237, 130
237, 132
237, 135
237, 139
237, 141
238, 110
238, 113
238, 120
238, 121
238, 127
238, 128
238, 129
238, 130
238, 141
238, 142
238, 144
238, 146
238, 149
238, 150
238, 152
238, 154
242, 14
242, 90
242, 110
242, 113
242, 120
242, 121
242, 122
242, 124
242, 127
242, 128
242, 129
242, 130
242, 132
242, 135
242, 139
242, 141
243, 129
243, 132
243, 139
243, 148
243, 151
243, 156
243, 164
243, 165
243, 169
243, 191
243, 214
243, 247
243, 248
243, 251
243, 263
243, 269
244, 72
244, 90
244, 120
244, 122
244, 124
244, 127
244, 128
244, 129
244, 130
244, 132
244, 135
244, 139
244, 141
244, 142
244, 144
244, 146
246, 90
246, 120
246, 122
246, 124
246, 127
246, 128
246, 130
246, 132
246, 135
246, 139
246, 141
246, 142
246, 144
246, 146
246, 147
246, 148
257, 122
257, 124
257, 128
257, 132
257, 135
257, 139
257, 141
257, 142
257, 144
257, 146
257, 148
257, 149
257, 150
257, 151
257, 152
257, 154
259, 122
259, 128
259, 130
259, 132
259, 135
259, 139
259, 141
259, 142
259, 144
259, 146
259, 147
259, 148
259, 149
259, 150
259, 151
259, 152
274, 72
274, 122
274, 128
274, 130
274, 132
274, 135
274, 139
274, 141
274, 142
274, 144
274, 146
274, 147
274, 148
274, 149
274, 150
274, 151
end