120
4
0, 0.08116078837834584, 0.22467872050086624
1, 0.2964414772874151, 0.6987995856639769
2, 0.964295163579384, 0.3731880910870977
3, 0.5823711292097756, 0.8703334446425499
4, 0.27587743106736307, 0.18559320349716157
5, 0.23190642829971087, 0.5965305095996258
6, 0.5245699139714948, 0.8856401629293902
7, 0.22838409536018156, 0.7791153975219275
8, 0.7851796117406747, 0.9724867485816525
9, 0.7246956113397187, 0.9964597516783882
10, 0.3388468429534738, 0.9122846170569189
11, 0.6317364577850407, 0.5833636382158948
12, 0.36098673914671364, 0.6894307850401533
13, 0.14032180580905718, 0.7706607213476244
14, 0.5871017217081137, 0.8231136286968788
15, 0.6738985021665537, 0.26086843904336465
16, 0.04653281256356401, 0.7191290715807344
17, 0.5772433619778085, 0.647029915869699
18, 0.6384336419998135, 0.234473456558002
19, 0.6854664441940479, 0.8353731131991711
20, 0.5262312997158283, 0.554751384851749
21, 0.6524513659448268, 0.18821203749741078
22, 0.7428015271461942, 0.6844872566419239
23, 0.24271034425722826, 0.2207779186597817
24, 0.24174324579918172, 0.6036235612607233
25, 0.8305694248884706, 0.11805737609097933
26, 0.9305384811848427, 0.1350562220521443
27, 0.7402416787701012, 0.4449435845429085
28, 0.20608943043325323, 0.5554243654988832
29, 0.4866021475704454, 0.19133719337706534
30, 0.36120427395810184, 0.19129509327491023
31, 0.037583835060594484, 0.7342259027156989
32, 0.7193109431690082, 0.5825205295889918
33, 0.5882572918949066, 0.8594542882649955
34, 0.6653162255817846, 0.8087024849103055
35, 0.8252832529372228, 0.36490711902400574
36, 0.22455529246204253, 0.8982488840393414
37, 0.38138728934460453, 0.01167287396269201
38, 0.40286748675954465, 0.3161155083955912
39, 0.16744675615116722, 0.5661921068528899
40, 0.13624693514091435, 0.9176374781408728
41, 0.5798485189961383, 0.9690279648308682
42, 0.4280986947273523, 0.262897308732435
43, 0.8167019930916769, 0.6000181882060371
44, 0.2118150625106987, 0.5669193103501684
45, 0.5310030392300902, 0.15786285259001298
46, 0.5258240486611737, 0.6943266465397173
47, 0.7234686509456603, 0.9290652399343207
48, 0.0491146798695794, 0.19777653481478819
49, 0.4530384259496645, 0.01927499917186415
50, 0.3687215630615627, 0.9062573282661256
51, 0.38004338576000674, 0.15633875588918078
52, 0.023317603383253283, 0.5228606886644209
53, 0.011708383403848499, 0.31786741149229325
54, 0.9552275511896593, 0.3608219148077555
55, 0.03969530023369494, 0.976046613073597
56, 0.2457574869270963, 0.048839273309124964
57, 0.5957068647620352, 0.6251861289076023
58, 0.3788821475844314, 0.8154250993329406
59, 0.8088461177086091, 0.22876311157693707
60, 0.21559265443606235, 0.724829451152522
61, 0.1729363031747425, 0.7242124197692345
62, 0.2558232651286687, 0.1351761296364955
63, 0.7202481764507837, 0.7549259521357741
64, 0.18029681111642182, 0.3559173570841978
65, 0.15348234832434993, 0.007232157809658357
66, 0.15088972404773304, 0.5274369458772052
67, 0.01926637525686714, 0.26374238244035
68, 0.13727305071174634, 0.6254604326131731
69, 0.4263306065314192, 0.21957546996756272
70, 0.2153691617169724, 0.24798508507391093
71, 0.7970479279104391, 0.7862839542886094
72, 0.692451478078259, 0.5748187277092003
73, 0.728928164331381, 0.28308887754978496
74, 0.047199817971617875, 0.6149097784202466
75, 0.5196636696609384, 0.9905757159128565
76, 0.46015221379500537, 0.554202840414998
77, 0.21779535298529817, 0.22123832452125525
78, 0.9105617904335286, 0.9027909175257366
79, 0.3719170967780634, 0.8877313397767175
80, 0.3309302617470433, 0.05675202785730005
81, 0.24922123004098684, 0.3517935594495166
82, 0.09200267942191243, 0.13291888528056328
83, 0.1352908607934753, 0.9588924764856611
84, 0.6423383958433394, 0.028458058455894886
85, 0.29643221836950284, 0.33820250649081596
86, 0.26747735426509556, 0.2153767914574708
87, 0.6311516558814722, 0.550312963057463
88, 0.5467355202841443, 0.3175375235103183
89, 0.3892234627914305, 0.4422983627568895
90, 0.8003414419771329, 0.6932186410901537
91, 0.09790869752184417, 0.6803565646734344
92, 0.11176727629378447, 0.3688192677989399
93, 0.1677243882715258, 0.6825592854506712
94, 0.831819673580644, 0.2458975040707707
95, 0.4295528568681898, 0.6423826698576018
96, 0.6109942009204261, 0.8025633268219927
97, 0.6043429329351387, 0.6393181939434633
98, 0.5212295314320987, 0.7724209561689866
99, 0.4120149599722376, 0.41637408621809624
100, 0.2649541671522906, 0.8589799595488764
101, 0.9797636076852687, 0.5354156595561362
102, 0.4455179805079018, 0.5802579648586853
103, 0.20554867203367877, 0.5607156345120293
104, 0.18263208222319738, 0.9424369252406252
105, 0.6042649351965753, 0.8688586293100546
106, 0.8482301520980933, 0.8224734929591069
107, 0.7005316562521463, 0.409345641433425
108, 0.08427283478539704, 0.8905497741104604
109, 0.29637567149627375, 0.4262788793032555
110, 0.8919487711580864, 0.9439344473352749
111, 0.19460664648474113, 0.4915494865589013
112, 0.3119500363067127, 0.5554988796811028
113, 0.04282079944410444, 0.9221214419212663
114, 0.18734044057089017, 0.37037486077674153
115, 0.250462877808178, 0.44301071395355107
116, 0.25237256672979647, 0.9171614098347702
117, 0.12187492919691933, 0.1644142588336286
118, 0.40147391832872203, 0.708947566310005
119, 0.6745335057960068, 0.29262068872767466
end_nodes
0, 1
0, 2
0, 3
0, 4
0, 5
0, 6
0, 7
0, 8
0, 9
0, 10
1, 5
1, 6
1, 10
1, 12
1, 24
1, 41
1, 44
1, 50
1, 58
2, 4
2, 8
2, 11
2, 15
2, 17
2, 18
2, 19
2, 20
2, 21
3, 6
3, 9
3, 33
3, 41
3, 64
3, 98
3, 105
3, 112
3, 114
4, 15
4, 18
4, 21
4, 23
4, 25
4, 26
4, 29
4, 30
5, 24
5, 28
5, 44
5, 111
6, 12
6, 41
6, 112
6, 114
6, 118
7, 10
7, 13
7, 16
7, 31
7, 36
7, 39
7, 40
7, 48
7, 52
8, 9
8, 14
8, 19
8, 34
8, 46
8, 47
8, 70
8, 71
9, 14
9, 40
9, 41
9, 47
9, 55
9, 75
9, 83
10, 28
10, 36
10, 40
10, 41
10, 44
10, 50
10, 60
11, 17
11, 20
11, 57
11, 76
11, 87
12, 118
13, 31
13, 40
13, 55
13, 108
13, 113
14, 47
14, 95
14, 96
15, 18
15, 69
15, 73
15, 119
16, 31
16, 52
16, 61
16, 74
16, 91
17, 19
17, 22
17, 32
17, 34
17, 43
17, 57
17, 63
17, 72
18, 21
18, 29
18, 30
19, 34
19, 43
19, 63
19, 71
19, 90
20, 27
20, 35
20, 38
20, 70
20, 76
20, 85
20, 87
20, 88
21, 26
21, 29
21, 54
21, 59
21, 94
22, 43
22, 63
23, 42
23, 77
23, 86
24, 111
25, 26
25, 37
25, 45
25, 48
25, 49
25, 51
25, 56
25, 62
25, 65
26, 45
26, 49
26, 54
26, 59
26, 84
26, 94
27, 35
28, 44
29, 30
31, 52
31, 55
31, 113
32, 43
32, 72
32, 97
33, 98
33, 105
34, 76
35, 70
35, 88
35, 107
36, 40
36, 100
37, 49
37, 65
37, 84
38, 70
38, 88
38, 99
39, 48
39, 66
39, 92
40, 41
40, 55
40, 83
40, 104
40, 108
41, 50
41, 58
41, 79
41, 116
42, 77
42, 86
43, 63
43, 72
43, 97
46, 70
46, 81
46, 102
46, 109
48, 51
48, 52
48, 53
48, 56
48, 62
48, 65
48, 66
49, 84
50, 58
50, 79
51, 62
52, 53
52, 55
52, 61
52, 68
52, 74
52, 91
53, 55
53, 67
54, 94
55, 75
55, 83
55, 108
55, 113
56, 62
56, 65
56, 80
56, 82
56, 117
57, 76
58, 79
59, 94
60, 103
61, 91
62, 117
64, 114
64, 115
65, 80
65, 82
68, 93
69, 119
70, 76
70, 81
70, 85
70, 88
70, 89
71, 90
73, 119
74, 91
76, 89
78, 101
78, 106
78, 110
81, 102
81, 109
83, 104
85, 89
88, 107
95, 96
98, 105
101, 106
106, 110
112, 114
end