440
4
0, 0.7846536667387513, 0.48392395080905815
1, 0.8069355881859342, 0.8439932831162213
2, 0.5421505323337797, 0.7085684751711637
3, 0.6074158924496601, 0.7510417158654222
4, 0.29782255377776945, 0.5186754568995949
5, 0.8130724433115085, 0.3168598698300763
6, 0.24932936136472905, 0.6545740114728954
7, 0.8912729322043911, 0.6771948923657327
8, 0.62178124666085, 0.7351394880585668
9, 0.38450975182028246, 0.35172151114651284
10, 0.5844480500223503, 0.6218577178031326
11, 0.5718749779867769, 0.3252402074635278
12, 0.8077629209705857, 0.7157589007775489
13, 0.9705808596575655, 0.24644368043880804
14, 0.8305162708326413, 0.8295580572110787
15, 0.7933776089094983, 0.4496303825396566
16, 0.9432312799401917, 0.9144687269619804
17, 0.05674394766530155, 0.012763579781163714
18, 0.005009193421143809, 0.7931340078426188
19, 0.2122190130722602, 0.4787368662839556
20, 0.5027255772082141, 0.5705097021835398
21, 0.1945245257652869, 0.8830608437269316
22, 0.8155749024978558, 0.3306699410722509
23, 0.22598986725289905, 0.32658622821450134
24, 0.11017586780852939, 0.31260735793216343
25, 0.7386132533821009, 0.5697389404688604
26, 0.267650068731494, 0.3503071404478345
27, 0.637689687138731, 0.4318368269893571
28, 0.9480408736241941, 0.5854869135427928
29, 0.01465592542016092, 0.053045859162240805
30, 0.23320963913701953, 0.40098354947153314
31, 0.7047897327113875, 0.7023077103991935
32, 0.9592281799930976, 0.30417828971671645
33, 0.6359856509712706, 0.6011497725603712
34, 0.3981255070557581, 0.06814709041258882
35, 0.0067756152762551425, 0.9980888029016878
36, 0.6814344071770013, 0.5724260858121064
37, 0.17382023302185245, 0.5218905972533683
38, 0.04944579041511188, 0.15233925215489452
39, 0.8047943377675268, 0.8644996396537474
40, 0.576325420640315, 0.5406803564540409
41, 0.957071471742902, 0.647922002350372
42, 0.460209154910867, 0.19376010108089703
43, 0.795821079113287, 0.5511081996780576
44, 0.5107728976527545, 0.29727354994690636
45, 0.544013528980959, 0.22619834540186712
46, 0.36482125143751754, 0.7406281109913038
47, 0.10040472900765818, 0.94334359248998
48, 0.8746768065164453, 0.5314533379227959
49, 0.6346737252749534, 0.018001780893036723
50, 0.38810208390196277, 0.3495230908355794
51, 0.4072020941691542, 0.8717297926747777
52, 0.07440288992655708, 0.9762333448598058
53, 0.8411847834048529, 0.6885885924210647
54, 0.6852078122646901, 0.5815447101549012
55, 0.4487871190484435, 0.2631131822961863
56, 0.7450216908971866, 0.1895775162573008
57, 0.023392698879410867, 0.44057821913016626
58, 0.9156444966296785, 0.43547159102099564
59, 0.4854918327871378, 0.4952512645092827
60, 0.6330151877665433, 0.013185607987771908
61, 0.0853262953683408, 0.2189675039753607
62, 0.0117071588829889, 0.2968474065856639
63, 0.6685678185561039, 0.8062675783697244
64, 0.7136630329527317, 0.5311435118170469
65, 0.20005224236012864, 0.8027321885717482
66, 0.6882443387461594, 0.06868929975571192
67, 0.8657080887865988, 0.960057521720606
68, 0.1912361538943811, 0.016523166381383403
69, 0.8431110888930153, 0.8900302795669315
70, 0.11490895506651799, 0.9551263506076022
71, 0.6058485868785477, 0.8897862925596276
72, 0.9590993878580609, 0.38722701328963216
73, 0.0299819223229435, 0.3925310013801403
74, 0.5208801086306872, 0.2478060054159652
75, 0.0011373724448299205, 0.08959360219926371
76, 0.13442014401997615, 0.9932435464861676
77, 0.4669947131316816, 0.6938763828952785
78, 0.07416658091114925, 0.6513699128796164
79, 0.8096488179302191, 0.37854128933918807
80, 0.41929167404517276, 0.5824813112287757
81, 0.9953570135919831, 0.49674108824862007
82, 0.3477712357121091, 0.3270629061035434
83, 0.9461118757277396, 0.09909583765586882
84, 0.7569623478394722, 0.8930617260897966
85, 0.7846091270608205, 0.46172361335285983
86, 0.8895826965421594, 0.9641360648054389
87, 0.07925525678441336, 0.40123585721575317
88, 0.4501552574393155, 0.5954826291488581
89, 0.11933341105602069, 0.018438725457563865
90, 0.22272335626703255, 0.4390673707503966
91, 0.0952714563082343, 0.6873120414826436
92, 0.7196270175385036, 0.2675371070255135
93, 0.24500049757055542, 0.7772264529366227
94, 0.8738030334330401, 0.4032748924415773
95, 0.09770334970132333, 0.2226906807093978
96, 0.28829361286473587, 0.5198120877765398
97, 0.7286112234917664, 0.882570982645153
98, 0.5100238725593401, 0.017950922569674455
99, 0.22033495106164658, 0.30751908580441223
100, 0.5626248631609531, 0.6955906969560901
101, 0.1397085791197269, 0.4082546103433441
102, 0.8616148430039086, 0.2799467677329225
103, 0.2584895599117132, 0.6558525874157067
104, 0.29104632894075855, 0.4017831998554806
105, 0.41732144049482867, 0.5356559751095414
106, 0.4586424090019069, 0.7892681297639406
107, 0.9860109598212561, 0.1895927304706685
108, 0.6338003247660956, 0.7583253147399938
109, 0.3001357347285012, 0.32337863014458734
110, 0.5946043370460982, 0.18970297427878402
111, 0.38112709842252357, 0.640085714099118
112, 0.34891636955302463, 0.3946482913317888
113, 0.46472451390232405, 0.6893579522147008
114, 0.4551871595000804, 0.47370496101522586
115, 0.7941138656825243, 0.03845732640264188
116, 0.7097174250891067, 0.6345357224781855
117, 0.5688311976894458, 0.459943835764693
118, 0.5509929043342575, 0.9211078290560074
119, 0.43380690076577455, 0.6596033420513668
120, 0.2300358730367008, 0.994606026492678
121, 0.9870151401309457, 0.5776049055080811
122, 0.5455654849824351, 0.503505924109398
123, 0.6335093844483372, 0.800744365497382
124, 0.3777870062044647, 0.5502224178957864
125, 0.8282112691243416, 0.014584969779902424
126, 0.9466766347345036, 0.7266981052309125
127, 0.6738700212551909, 0.6990786605457924
128, 0.4409770450779831, 0.3147302318333318
129, 0.5476190878761376, 0.9896207045570373
130, 0.7593272038729044, 0.5833558335450106
131, 0.14757105393315373, 0.9662972509488662
132, 0.36456831709068094, 0.7683717531351909
133, 0.8591047203060154, 0.29294141706760835
134, 0.6387148856154444, 0.07707196504709335
135, 0.5898694396132855, 0.565835808196367
136, 0.3315381160448332, 0.976532482799239
137, 0.08618372923563311, 0.4698034329388838
138, 0.5045609589235386, 0.41190419026026126
139, 0.6497316243760459, 0.20856592780340333
140, 0.7534186272625749, 0.04783863101643615
141, 0.9241268101772653, 0.8121879136575523
142, 0.07467411368580357, 0.6188881315529536
143, 0.15755351208209456, 0.9053249922470288
144, 0.9750144985078986, 0.31010309119392754
145, 0.79744660662273, 0.8804941171361105
146, 0.560330150618414, 0.3897473696127811
147, 0.7401900066240216, 0.13688992357078622
148, 0.355771364144559, 0.02207454740913939
149, 0.17980385121674713, 0.5585279854970961
150, 0.38576023767346646, 0.9210071669496994
151, 0.9359440105598371, 0.5705804310759237
152, 0.821744424537689, 0.786930048715329
153, 0.8656997828132492, 0.1805399630529707
154, 0.5960649700358119, 0.7657175425069143
155, 0.3289810918684897, 0.8161532338945502
156, 0.7926242672062077, 0.23378717185027897
157, 0.2577186450946848, 0.953811965080126
158, 0.3722606170858388, 0.9837791629622135
159, 0.19290597704935708, 0.5802621623555024
160, 0.8847703540513582, 0.039130937845481606
161, 0.67186287222016, 0.9468733616566718
162, 0.5024234033088936, 0.5646499582350114
163, 0.9446739497258596, 0.14512647834010517
164, 0.9102351349633759, 0.506911773192593
165, 0.6345827587841656, 0.5069131468053037
166, 0.13822261071593323, 0.607769416839097
167, 0.7011339279260478, 0.46172642853909307
168, 0.08339777677560045, 0.09557270285298958
169, 0.5162243043074082, 0.3677676814462556
170, 0.7529399482670287, 0.647762301513487
171, 0.09535548075235001, 0.21812521102922167
172, 0.8873244508087482, 0.4818125925498059
173, 0.7794275012543785, 0.9236811040008299
174, 0.7524246406614662, 0.12350808510094835
175, 0.6112313129371058, 0.8550493444352871
176, 0.9791697862512316, 0.9687251704424463
177, 0.43590285944347784, 0.005835406656486075
178, 0.4697785948051926, 0.32807804234846105
179, 0.4509917556024554, 0.5762506101076584
180, 0.02980350717976421, 0.20901321761832092
181, 0.5250132259511482, 0.15614285698076102
182, 0.25854900492968236, 0.6250808422904613
183, 0.776903920755861, 0.8981777023927594
184, 0.1667355848144918, 0.9616783340859089
185, 0.09080504144255863, 0.44211705176689253
186, 0.23139002060505143, 0.9714711134408938
187, 0.8162329415370215, 0.5662095671793547
188, 0.3011912668557234, 0.7769362736737886
189, 0.27263501071172813, 0.5502516601345245
190, 0.8769320840399135, 0.34366100159635127
191, 0.14283470830438305, 0.7071181067692441
192, 0.436502993146732, 0.07444248446061774
193, 0.19686183357529197, 0.06890429578658752
194, 0.9987634929089714, 0.6919390385460047
195, 0.9784807877624084, 0.872422797684309
196, 0.6126763271147161, 0.7170931606655302
197, 0.741762793050738, 0.8254251445445207
198, 0.5074515580179099, 0.27436459628419085
199, 0.6094591503316712, 0.7435049789055568
200, 0.4356762743618777, 0.7349154105472441
201, 0.3902403541249212, 0.9225041746688727
202, 0.953830662758017, 0.09522105777051404
203, 0.4230368532590474, 0.6955112175690582
204, 0.8398481881547492, 0.7696140606387728
205, 0.974029301097219, 0.639836721681474
206, 0.08228092528071251, 0.8676788296534692
207, 0.15968049602123047, 0.8339032778887261
208, 0.8339910158916723, 0.644836953887721
209, 0.7832795300906574, 0.9232737323544127
210, 0.4041980394265585, 0.13278507521723104
211, 0.012192862941931337, 0.983005331669477
212, 0.8509624778624344, 0.5077556820920455
213, 0.8772764608052965, 0.9269706357623198
214, 0.9156089235357204, 0.2891747352672194
215, 0.35098903515479696, 0.5366406830287337
216, 0.036078856600888054, 0.351479796813404
217, 0.76305010093347, 0.05544317824525835
218, 0.909719869804908, 0.5814968606292256
219, 0.7002767831071207, 0.44772270298356454
220, 0.5129155635127529, 0.46775919669708477
221, 0.8405296883738475, 0.9948377822122525
222, 0.758973757728933, 0.40854462137555037
223, 0.4677132775370284, 0.2651652703698294
224, 0.30316284737336285, 0.254672674699449
225, 0.2051557500582043, 0.24396405891427053
226, 0.4296233140459418, 0.9382771966763566
227, 0.8401292951000006, 0.422607507211855
228, 0.9763859113585187, 0.7485294275213745
229, 0.11965964961727427, 0.9266709660639406
230, 0.09942898013162016, 0.1819221531913202
231, 0.967462805388228, 0.2815880448263831
232, 0.254834158106075, 0.5045388732731574
233, 0.9198687297438434, 0.8095227122717216
234, 0.579575618686882, 0.9975981017735299
235, 0.3752761998528983, 0.8058148388659298
236, 0.7564506194722607, 0.9258600876251981
237, 0.5233410799639471, 0.43367662852175526
238, 0.9265135538477804, 0.9479046904529866
239, 0.9454681123457309, 0.2830440644673651
240, 0.16043858511168996, 0.1735224647340886
241, 0.03395047878689239, 0.06225659055004862
242, 0.07274627129929523, 0.6197454755718868
243, 0.15717017504726538, 0.44002887493699117
244, 0.6331004488108453, 0.3678707421091485
245, 0.6018055029903709, 0.9149841887172079
246, 0.3543584500682677, 0.19687064326966353
247, 0.7177754415601764, 0.0715825439692429
248, 0.5177734584944877, 0.7334606991453123
249, 0.5976748059350531, 0.7265054056168851
250, 0.6419294971617813, 0.27854540395284444
251, 0.4678766111186723, 0.6819238325546951
252, 0.21056960576050454, 0.7885529451991798
253, 0.6301459736638123, 0.7114250282405108
254, 0.5962700155412938, 0.7829139603262314
255, 0.09001867334568336, 0.9713439435286557
256, 0.7295784008746529, 0.6136149804791443
257, 0.7458720700333752, 0.27200021778229166
258, 0.7389287028262976, 0.6161338337294261
259, 0.09650841282221767, 0.7223699895378902
260, 0.05429901388420266, 0.3701592971922154
261, 0.560187813164323, 0.5044240027893434
262, 0.4035652093226344, 0.7024132458042529
263, 0.41634321242460304, 0.2557228365474601
264, 0.16460732297490355, 0.3301045779472881
265, 0.681192789517683, 0.7298092971674955
266, 0.8532906760569676, 0.11364978871837572
267, 0.5783964763696117, 0.11277466523587532
268, 0.26427223232586705, 0.2149345482377505
269, 0.6259658484409548, 0.8745111386104248
270, 0.11360137379547808, 0.7275391391823818
271, 0.8591541472134823, 0.8029632434017051
272, 0.7044294314165451, 0.23719765524579017
273, 0.6369436685132788, 0.4496418727899495
274, 0.4725298924257796, 0.7544413881754544
275, 0.084068413748291, 0.6945154531090473
276, 0.8621024076798915, 0.6812509527666992
277, 0.7373437222931816, 0.8036866185182836
278, 0.32923821165170153, 0.28335923876724145
279, 0.7288851818759156, 0.9455486196347351
280, 0.0041089697204781395, 0.5316804356243876
281, 0.5754031683086035, 0.12073406262374409
282, 0.7537066264114478, 0.4087142107732662
283, 0.6775813458947214, 0.9349003804173669
284, 0.3769171101347848, 0.9757135935269631
285, 0.5378017420171182, 0.5905133854348206
286, 0.9317423991961427, 0.15514604619471584
287, 0.9935602830855617, 0.46726732816311023
288, 0.9801352723118948, 0.668566941544147
289, 0.5077146178920047, 0.8164288230424743
290, 0.18011310988763463, 0.002680275728482062
291, 0.6151652420029756, 0.9820572313979536
292, 0.49591212218786573, 0.8347025631090584
293, 0.9806538693916388, 0.7950808528418116
294, 0.6728248704498953, 0.725860171105349
295, 0.47229624812818904, 0.4376890971090369
296, 0.5302446184252702, 0.9766030672377928
297, 0.658612010428023, 0.5289997588568441
298, 0.2820765753070389, 0.2757593587870608
299, 0.5658030189909702, 0.15503196953020448
300, 0.49091437604221566, 0.2511753853825026
301, 0.15221198286286886, 0.15324612835818108
302, 0.06544939391770155, 0.5981353371435497
303, 0.20642273542600864, 0.9604285306434542
304, 0.52640300351694, 0.5315366139208721
305, 0.5052806507386972, 0.5843983721201139
306, 0.409712275330001, 0.8236913087181214
307, 0.07194837137243593, 0.8753400086940599
308, 0.9291076157077076, 0.7542053665035622
309, 0.013453200335627802, 0.7398492970560183
310, 0.8374722401925321, 0.46878829199859184
311, 0.5380168298012206, 0.20183039224923205
312, 0.007500864945097163, 0.3281248586073231
313, 0.8962313784382203, 0.9322145751083044
314, 0.7225850584057768, 0.4582317971755602
315, 0.3540882769388992, 0.2695355493502377
316, 0.005619351055411004, 0.5921969917711957
317, 0.41829440467676926, 0.9218760193681125
318, 0.623071680516961, 0.1807604050731939
319, 0.4341891446335594, 0.3183522933923614
320, 0.2696317377896673, 0.48044366229401425
321, 0.9475896353075433, 0.7400924906219388
322, 0.3009946527216151, 0.4259372954345605
323, 0.11669087879593987, 0.7939920316632281
324, 0.26730835920990836, 0.8145423302204962
325, 0.033575838980121064, 0.7875652196744062
326, 0.284799040631288, 0.9383627725459266
327, 0.5604598079717628, 0.4827844011620006
328, 0.7574009356945581, 0.1570026571696388
329, 0.9709058108569454, 0.14265378953471752
330, 0.023005468313695432, 0.4633958841394008
331, 0.4141128020395375, 0.40694405870629746
332, 0.997777771745958, 0.6326186077014541
333, 0.5874766942775821, 0.37506375024631644
334, 0.8998796533799027, 0.6675670253713375
335, 0.5862418972646614, 0.5501685966303838
336, 0.422232036580766, 0.021486687956391082
337, 0.4630135622395424, 0.7765666461870818
338, 0.9922011652656472, 0.6246378504739609
339, 0.8823152996038609, 0.5881353858174354
340, 0.49189150744642873, 0.9776402541108163
341, 0.5792908582773767, 0.6341151921331548
342, 0.22031562490463052, 0.5757287341487245
343, 0.2905692249561558, 0.41799297364420873
344, 0.8123968940339413, 0.16029603932451142
345, 0.8791378745357838, 0.7779062580830257
346, 0.43586459204312333, 0.8524492202660524
347, 0.6375401591246309, 0.7831430808273507
348, 0.4268960361470181, 0.07048934005372842
349, 0.5902150856222498, 0.19358936370551505
350, 0.7711501538436799, 0.18172171786638003
351, 0.12129631075261305, 0.45696727365694934
352, 0.3819932389559755, 0.7624793719798503
353, 0.2423636554279145, 0.1187402371645162
354, 0.5104951021039289, 0.2937289954787802
355, 0.7076682938832357, 0.7024629292791575
356, 0.6986414090889502, 0.05550884475813289
357, 0.7379769613539168, 0.9379300724300804
358, 0.8562030277629419, 0.8033858486305757
359, 0.48584233677007516, 0.0007253013523766949
360, 0.9945410882753578, 0.1730408672937006
361, 0.34577339641328353, 0.05859768068269966
362, 0.13462422540477836, 0.16793937048734597
363, 0.9479435819459755, 0.39050860567374335
364, 0.4036374580164225, 0.9110076090430654
365, 0.211272631704013, 0.04555974081840197
366, 0.4532491414784656, 0.2751142253994452
367, 0.5755028818404663, 0.04239513228734593
368, 0.9050142387637855, 0.6328479099199856
369, 0.3311041452401875, 0.35627296292137633
370, 0.3506879197202626, 0.5537490580513402
371, 0.5159206322863308, 0.3175781065526042
372, 0.5049284231358783, 0.853840829760409
373, 0.2588816330244589, 0.8856680394923151
374, 0.4166659884608661, 0.0005658153090548623
375, 0.1510611672856922, 0.8464445085976801
376, 0.4995487951339048, 0.14303347648856968
377, 0.054363174152494254, 0.6605670866256582
378, 0.6329074055885461, 0.3482399106105255
379, 0.9413575786362031, 0.5111689046743962
380, 0.1727528823912614, 0.1798612163399247
381, 0.08726512252100338, 0.05399149798276348
382, 0.6227917392744583, 0.563307860606005
383, 0.37968589762643257, 0.07448971337739485
384, 0.020708806309497674, 0.321808099817663
385, 0.9377151630779972, 0.19506987770650042
386, 0.3027982335018754, 0.7589318924478982
387, 0.6735328507533606, 0.3402695961513824
388, 0.9525431452722894, 0.3788284714711251
389, 0.27086003699380345, 0.16143330151972046
390, 0.6064435754043286, 0.3096493750195173
391, 0.9923209731404826, 0.554893336716331
392, 0.5508581345548285, 0.20262415614789053
393, 0.7597464891729299, 0.15863345758830916
394, 0.0880517050376991, 0.0668707230828226
395, 0.09167072571733492, 0.8768980605687132
396, 0.7022697745260179, 0.5914954043537609
397, 0.9447709498587955, 0.1362309964901317
398, 0.5940624022886778, 0.6139224747537594
399, 0.9224965519488535, 0.3676378630135647
400, 0.046895120247271826, 0.23382920303604082
401, 0.6802859191722509, 0.4289641426913027
402, 0.6934481229147036, 0.15477427593486792
403, 0.7684268139149796, 0.642450230089438
404, 0.03798292969725181, 0.11393061091189449
405, 0.9233555163572894, 0.8419550589859351
406, 0.9162078417622467, 0.4746340298805787
407, 0.26390214960794667, 0.40960490960795526
408, 0.07035461367874651, 0.9119377996306136
409, 0.5372477372065906, 0.37719854832370014
410, 0.7068554185314879, 0.4181945565422919
411, 0.05984153610431564, 0.5205651286963194
412, 0.3316637339515568, 0.7820033503862884
413, 0.19304853599278105, 0.3492148979316534
414, 0.26388045169640917, 0.3348138887838209
415, 0.29921498950892844, 0.8336134102346417
416, 0.9942042125479356, 0.4324874470154124
417, 0.2552014665044847, 0.36776869236029286
418, 0.04130523041183232, 0.43244480626343484
419, 0.9232782366020573, 0.5303873517774816
420, 0.7626778083254585, 0.23318192563042195
421, 0.6216716965238389, 0.4523235560600123
422, 0.4044021481582759, 0.6290230390383548
423, 0.32635264988014234, 0.5820380949628158
424, 0.09960881895251905, 0.583330472418387
425, 0.3181425613855936, 0.088345870624013
426, 0.41680982973730485, 0.7091825334225303
427, 0.12868061611597592, 0.11881965083960211
428, 0.9055324064512394, 0.9825107828923136
429, 0.5159346380884858, 0.8095790267696173
430, 0.5308347603168481, 0.013488522050752239
431, 0.671786182344518, 0.34089209232636053
432, 0.08121724455112678, 0.1809892338750837
433, 0.33686401892042495, 0.987631690508299
434, 0.16986353782877694, 0.7424626357280812
435, 0.016196513827793302, 0.5384625405768112
436, 0.8762636466838508, 0.4035301637728951
437, 0.18933915306904947, 0.7532302078536183
438, 0.6750140473941542, 0.49813970959281284
439, 0.02179377333927157, 0.4645141310694977
end_nodes
0, 1
0, 2
0, 3
0, 4
0, 5
0, 6
0, 7
0, 8
0, 9
0, 10
0, 11
0, 12
0, 13
0, 14
0, 15
0, 16
0, 17
0, 18
0, 19
0, 20
1, 3
1, 8
1, 12
1, 14
1, 16
1, 18
1, 21
1, 25
1, 31
1, 35
1, 39
1, 46
1, 47
1, 51
1, 52
1, 63
1, 65
1, 67
1, 69
2, 3
2, 10
2, 18
2, 33
2, 36
2, 46
2, 54
2, 63
2, 77
2, 100
2, 113
2, 119
2, 123
2, 135
2, 154
2, 196
2, 199
2, 200
2, 203
3, 8
3, 54
3, 63
3, 108
3, 197
3, 199
3, 253
3, 277
3, 396
4, 6
4, 18
4, 19
4, 20
4, 37
4, 40
4, 57
4, 59
4, 78
4, 80
4, 91
4, 96
4, 105
4, 122
4, 124
4, 137
4, 142
4, 149
4, 159
5, 11
5, 13
5, 15
5, 17
5, 22
5, 34
5, 42
5, 44
5, 45
5, 49
5, 55
5, 56
5, 60
5, 66
5, 68
5, 74
5, 79
5, 83
5, 85
6, 18
6, 20
6, 80
6, 88
6, 103
6, 111
6, 179
6, 182
6, 189
6, 191
6, 259
6, 270
6, 297
6, 305
6, 335
6, 370
6, 422
6, 423
7, 13
7, 16
7, 28
7, 32
7, 41
7, 48
7, 58
7, 72
7, 81
7, 94
7, 107
7, 121
7, 126
7, 141
7, 144
7, 151
7, 164
7, 172
7, 176
8, 25
8, 31
8, 108
8, 116
8, 127
8, 170
8, 256
8, 258
8, 265
8, 277
8, 294
9, 17
9, 19
9, 23
9, 24
9, 26
9, 27
9, 29
9, 30
9, 38
9, 50
9, 57
9, 61
9, 62
9, 73
9, 75
9, 82
9, 87
9, 90
9, 95
10, 33
10, 36
10, 64
10, 135
10, 341
10, 382
10, 398
11, 44
11, 85
11, 222
11, 244
11, 282
11, 378
11, 387
11, 390
11, 410
11, 431
12, 14
12, 152
13, 15
13, 22
13, 32
13, 58
13, 79
13, 83
13, 94
13, 102
13, 107
13, 133
13, 163
13, 164
13, 172
13, 190
13, 202
13, 214
13, 218
14, 16
14, 43
14, 53
14, 152
14, 204
14, 208
14, 271
14, 345
14, 358
15, 79
15, 190
16, 53
16, 67
16, 69
16, 86
16, 141
16, 176
16, 187
16, 208
16, 213
16, 221
16, 233
16, 238
16, 271
16, 276
16, 313
16, 345
17, 27
17, 29
17, 42
17, 49
17, 50
17, 55
17, 60
17, 68
17, 74
17, 89
17, 98
17, 128
17, 146
17, 168
17, 169
17, 177
17, 178
18, 21
18, 35
18, 46
18, 47
18, 52
18, 57
18, 62
18, 65
18, 75
18, 78
18, 91
18, 93
18, 103
18, 106
18, 111
19, 57
19, 59
19, 90
19, 112
19, 114
19, 117
19, 138
19, 167
19, 185
19, 220
19, 232
19, 237
19, 243
19, 273
19, 295
19, 320
19, 322
20, 40
20, 105
20, 124
20, 162
20, 179
20, 215
21, 47
21, 51
21, 143
21, 155
21, 175
21, 206
21, 207
21, 229
21, 292
21, 306
21, 307
21, 324
21, 346
21, 372
21, 373
21, 375
21, 395
21, 415
22, 79
22, 214
23, 61
23, 62
23, 99
23, 109
23, 180
23, 400
24, 26
24, 62
24, 73
24, 216
24, 260
24, 264
24, 384
24, 413
24, 414
25, 116
25, 130
25, 170
25, 256
25, 258
25, 403
26, 73
26, 260
26, 264
26, 369
26, 413
26, 414
27, 50
27, 146
27, 169
27, 219
27, 263
27, 278
27, 314
27, 333
27, 366
27, 371
27, 389
27, 401
27, 409
28, 81
28, 121
28, 334
28, 391
29, 75
29, 168
29, 240
29, 241
29, 298
29, 301
29, 362
29, 380
29, 404
30, 57
30, 90
30, 104
30, 185
30, 243
30, 407
31, 170
31, 265
31, 294
31, 355
32, 164
33, 36
33, 341
34, 49
34, 68
34, 92
34, 98
34, 110
34, 134
34, 139
34, 148
34, 181
34, 192
34, 257
34, 267
34, 272
34, 281
34, 299
34, 318
34, 336
34, 348
34, 349
35, 39
35, 52
35, 67
35, 71
35, 76
35, 84
35, 97
35, 118
35, 120
35, 129
35, 131
35, 136
35, 145
35, 150
35, 157
35, 158
35, 161
35, 173
37, 57
37, 96
37, 137
37, 142
37, 149
37, 242
37, 302
37, 330
37, 411
37, 424
38, 61
38, 75
38, 82
38, 95
38, 171
38, 180
38, 225
38, 230
38, 432
39, 67
39, 71
39, 97
39, 145
39, 157
39, 173
39, 209
40, 105
40, 122
40, 162
40, 165
40, 261
40, 304
40, 438
41, 121
41, 126
41, 176
41, 194
41, 195
41, 205
41, 228
41, 288
41, 293
41, 321
41, 332
41, 338
42, 45
42, 74
43, 208
44, 55
44, 198
44, 354
44, 390
45, 74
46, 93
46, 106
46, 123
46, 132
46, 154
46, 188
46, 200
46, 248
46, 252
46, 254
46, 274
46, 337
46, 352
46, 386
46, 412
46, 429
47, 51
47, 52
47, 70
47, 143
47, 229
47, 255
47, 269
47, 307
47, 364
47, 373
47, 395
47, 408
48, 94
48, 212
48, 227
48, 310
48, 339
49, 60
49, 98
49, 134
49, 257
49, 272
49, 367
49, 402
49, 420
49, 430
50, 224
50, 268
50, 278
51, 373
52, 131
52, 150
52, 184
52, 211
52, 255
52, 269
52, 326
52, 364
52, 408
53, 204
53, 208
53, 345
54, 100
54, 196
54, 199
54, 253
54, 396
55, 74
55, 198
55, 223
55, 246
55, 250
55, 300
55, 353
56, 60
56, 66
57, 62
57, 73
57, 87
57, 101
57, 137
57, 185
57, 232
57, 309
57, 330
57, 351
57, 384
57, 418
57, 435
57, 439
58, 164
58, 172
58, 406
59, 320
59, 327
60, 66
60, 83
60, 115
60, 125
60, 140
60, 153
60, 160
60, 174
60, 177
60, 202
60, 217
60, 247
60, 266
60, 344
60, 356
60, 359
61, 95
61, 99
61, 109
61, 180
62, 75
62, 180
62, 280
62, 312
62, 316
62, 384
62, 400
62, 435
63, 123
63, 197
63, 347
64, 135
64, 382
64, 398
65, 106
65, 235
65, 289
65, 323
65, 429
66, 147
66, 156
66, 174
66, 328
66, 350
66, 393
67, 69
67, 129
67, 136
67, 158
67, 161
67, 173
67, 209
67, 213
67, 221
67, 234
67, 279
67, 283
67, 284
67, 291
67, 296
67, 313
68, 89
68, 92
68, 98
68, 148
68, 181
68, 193
68, 210
68, 311
68, 336
68, 349
68, 361
68, 365
68, 376
68, 383
68, 392
68, 425
69, 213
70, 255
70, 364
71, 157
71, 303
71, 317
72, 81
72, 144
72, 151
72, 287
72, 368
72, 379
72, 416
73, 87
73, 216
73, 260
73, 369
73, 384
73, 417
74, 246
74, 250
74, 300
74, 353
75, 82
75, 180
75, 280
75, 298
75, 312
75, 404
76, 129
76, 158
76, 291
76, 433
77, 113
77, 119
77, 203
78, 91
78, 142
78, 159
78, 166
78, 242
78, 275
78, 302
78, 309
78, 330
78, 342
78, 377
79, 190
79, 214
80, 124
80, 179
80, 370
80, 423
81, 151
81, 287
81, 332
81, 338
81, 360
81, 391
81, 416
82, 225
83, 102
83, 140
83, 153
83, 163
83, 202
83, 217
83, 266
83, 286
83, 385
83, 397
84, 118
84, 145
84, 173
84, 183
84, 186
84, 226
84, 236
84, 245
85, 222
85, 282
85, 410
86, 176
86, 221
86, 238
86, 428
87, 101
87, 417
87, 418
88, 297
88, 305
89, 193
90, 104
90, 243
90, 343
90, 407
91, 275
91, 342
92, 110
92, 349
93, 252
93, 386
94, 172
94, 227
94, 239
94, 339
94, 399
94, 436
95, 171
95, 432
96, 149
97, 145
98, 336
99, 109
100, 196
101, 418
102, 133
102, 286
102, 385
103, 111
104, 407
105, 162
106, 132
106, 235
106, 252
106, 323
106, 352
106, 412
106, 429
107, 144
107, 202
107, 218
107, 231
107, 329
107, 360
107, 363
107, 388
107, 416
107, 419
108, 277
111, 297
111, 305
111, 422
112, 138
112, 322
112, 331
113, 119
113, 251
114, 167
115, 160
115, 202
116, 256
117, 167
117, 220
117, 273
117, 421
118, 145
118, 226
119, 135
119, 203
119, 251
119, 262
119, 285
119, 325
119, 426
119, 434
119, 437
120, 129
120, 234
121, 334
121, 338
121, 391
122, 165
122, 261
122, 304
122, 438
123, 154
123, 254
123, 347
124, 179
124, 215
125, 160
125, 359
126, 308
126, 321
127, 170
127, 258
128, 169
128, 224
128, 268
128, 278
128, 315
128, 319
129, 234
129, 291
130, 403
131, 150
131, 184
132, 352
132, 412
134, 192
134, 267
134, 272
134, 281
134, 318
134, 348
134, 367
135, 285
135, 325
135, 382
135, 434
136, 161
136, 284
138, 167
138, 237
138, 273
138, 295
138, 322
138, 331
139, 257
139, 272
140, 217
141, 176
142, 149
142, 159
142, 166
142, 242
143, 229
144, 388
144, 416
144, 419
145, 173
145, 183
146, 178
146, 409
147, 328
147, 350
148, 336
150, 184
150, 201
150, 326
151, 368
151, 379
153, 156
153, 247
153, 266
153, 344
153, 350
153, 356
153, 393
154, 248
154, 254
154, 274
155, 306
155, 324
155, 415
156, 350
158, 291
158, 296
158, 340
158, 433
159, 166
160, 202
161, 279
161, 283
163, 385
163, 397
164, 406
165, 261
165, 438
167, 220
167, 273
167, 421
168, 241
168, 301
168, 381
168, 394
168, 427
169, 178
169, 278
169, 319
169, 409
170, 258
170, 355
171, 432
172, 399
172, 436
173, 183
173, 209
173, 236
173, 283
173, 357
174, 344
174, 393
175, 292
175, 346
175, 372
176, 194
176, 195
176, 221
176, 238
176, 293
176, 308
176, 321
176, 428
177, 290
177, 359
177, 374
178, 409
180, 400
181, 349
181, 376
181, 383
182, 189
185, 243
185, 351
186, 236
186, 245
187, 233
187, 276
188, 252
188, 412
189, 259
191, 259
191, 270
192, 267
192, 348
193, 210
193, 311
193, 365
193, 425
194, 228
194, 288
194, 293
194, 332
194, 360
195, 293
196, 199
196, 249
198, 354
199, 249
200, 248
202, 329
202, 360
203, 426
204, 345
205, 332
205, 338
206, 307
207, 324
207, 375
210, 311
210, 425
212, 310
213, 313
216, 384
217, 266
218, 231
219, 314
219, 401
221, 234
221, 428
222, 282
222, 378
222, 387
222, 431
223, 250
224, 268
224, 278
224, 315
225, 230
227, 239
227, 310
228, 293
229, 395
233, 276
233, 405
235, 429
237, 273
237, 295
240, 298
242, 302
242, 424
244, 410
246, 300
246, 353
247, 356
252, 412
253, 396
254, 274
255, 364
256, 258
257, 272
257, 402
257, 420
259, 270
260, 413
262, 426
262, 437
263, 366
263, 389
264, 413
265, 294
266, 356
267, 281
268, 315
269, 364
271, 345
271, 358
272, 299
272, 318
272, 402
273, 421
276, 405
278, 319
279, 283
280, 312
280, 316
281, 318
283, 357
285, 434
286, 385
287, 416
288, 332
289, 429
290, 374
291, 296
291, 433
292, 306
292, 346
297, 305
297, 335
298, 362
298, 404
299, 318
301, 380
301, 381
301, 427
302, 330
302, 411
302, 424
303, 317
305, 422
306, 415
307, 395
308, 321
309, 330
309, 377
311, 392
314, 401
320, 327
322, 331
325, 426
325, 434
325, 437
328, 350
328, 393
329, 360
330, 377
330, 411
332, 338
332, 360
333, 371
333, 401
337, 429
338, 391
344, 393
345, 358
346, 372
350, 393
359, 374
360, 416
361, 383
362, 404
363, 419
365, 425
366, 371
366, 389
368, 379
370, 423
371, 401
376, 383
378, 431
380, 381
381, 394
381, 427
382, 398
385, 397
387, 431
388, 419
394, 427
399, 436
426, 437
435, 439
end