320
4
0, 0.8864667054238626, 0.4314051012000494
1, 0.6601269797392199, 0.785109988852717
2, 0.08233999061032704, 0.3274493613200603
3, 0.06040058980075036, 0.2307331311508828
4, 0.5620390926814554, 0.5957238326132434
5, 0.1638841335706792, 0.9877775785566694
6, 0.6015989082169485, 0.39175609433424685
7, 0.634310637597769, 0.9156132259546509
8, 0.5864337053665171, 0.5725539573579492
9, 0.944970487157935, 0.935733710886837
10, 0.9627592424615512, 0.665465256600223
11, 0.1251895712556238, 0.9593164841338255
12, 0.9748204451643231, 0.1455507207299206
13, 0.011834483516391492, 0.07837987097072174
14, 0.30694018371306364, 0.30897919684032216
15, 0.30761814471198834, 0.1725575463503305
16, 0.6583445999846282, 0.11921949088840267
17, 0.4855737852227203, 0.9068282793608211
18, 0.6034980234815812, 0.31959705758696355
19, 0.977941590035385, 0.9198199925998551
20, 0.914720858512695, 0.35083851383001696
21, 0.7061456667313855, 0.731958480789539
22, 0.3654591056866001, 0.18311878767628986
23, 0.551092464377433, 0.1316159693886736
24, 0.010599983902297438, 0.016164247304163548
25, 0.6061186580489635, 0.9059318909541736
26, 0.8714679286746314, 0.2928498744382517
27, 0.2232753802669465, 0.20167792713347465
28, 0.29027505851824276, 0.9147179686963087
29, 0.6910466227824029, 0.39961664868937874
30, 0.10474096267061084, 0.8618577816275562
31, 0.2595235426084467, 0.1386806040191907
32, 0.042836430251123936, 0.7599164389970946
33, 0.5507197193027575, 0.48772780368427604
34, 0.3259444053762084, 0.4722541831953445
35, 0.11067135123684413, 0.6857751991965491
36, 0.8974849538902433, 0.4068731114255507
37, 0.28683919535974245, 0.8588751773091843
38, 0.3044476159355072, 0.41248606190834725
39, 0.6310523558572053, 0.327881555515829
40, 0.3341495742108771, 0.668950379450819
41, 0.7140108842992102, 0.5768020853472577
42, 0.15548102578205547, 0.7379969727140508
43, 0.9690473611095433, 0.6148239430515066
44, 0.7524178419977088, 0.014623464851580503
45, 0.1905837087565494, 0.7350409102075282
46, 0.6479319149322628, 0.31420267050807504
47, 0.6686650168497222, 0.19200095606187195
48, 0.14136970911399838, 0.3815953090045552
49, 0.363816610021369, 0.49136008335675896
50, 0.8720388805020742, 0.6892516522234007
51, 0.3772999576027717, 0.3116207825401137
52, 0.9669849440749074, 0.8030008762241709
53, 0.9554103698120858, 0.479274419507315
54, 0.0037532225792102913, 0.5055078271315504
55, 0.6215772879234248, 0.4304092625595489
56, 0.40612762576772876, 0.5838265219895762
57, 0.5258278134146751, 0.40984020347016215
58, 0.8742883940303499, 0.4274835715201527
59, 0.4713462350413803, 0.9352817734796034
60, 0.4120882901279789, 0.9943240228290532
61, 0.3738981259325923, 0.1250952896293983
62, 0.2915720394549818, 0.49649429435218195
63, 0.9524903325492154, 0.21498213290120705
64, 0.777500943252545, 0.15734839618189034
65, 0.9648996834683743, 0.6782294796472854
66, 0.7511389042688245, 0.1344622479370049
67, 0.31102631829038285, 0.5979809598804984
68, 0.699854792922534, 0.7671548231604658
69, 0.2693977767013247, 0.5106976901424908
70, 0.1465080811406846, 0.499348692471421
71, 0.6582854029748988, 0.13703027951471292
72, 0.7689520706310774, 0.676541719575832
73, 0.07621954838171763, 0.20872494913261508
74, 0.9306591000461534, 0.25912568333316255
75, 0.7243254679656802, 0.7593585998003642
76, 0.41896330602747, 0.5092019727975179
77, 0.8804400003109055, 0.2017004507920449
78, 0.20182291985199752, 0.35428408701538816
79, 0.5626197825884923, 0.5141327184351109
80, 0.36719112608265225, 0.5847760605591158
81, 0.3446700579172819, 0.6784673819147963
82, 0.5365352654327964, 0.5009445672399832
83, 0.03084722640799009, 0.6165492629418002
84, 0.1880140641575384, 0.17145335038197107
85, 0.949003587926334, 0.8275121982104209
86, 0.6484995448987525, 0.7261832449993846
87, 0.6213808200463328, 0.8895118872620443
88, 0.5812953714707445, 0.3983811753137739
89, 0.9432705328005782, 0.9060765416794818
90, 0.28843604696710023, 0.4987067762316838
91, 0.982795953499334, 0.7169087756391261
92, 0.71065399447646, 0.8752120933495384
93, 0.9514577122752215, 0.6676804316318352
94, 0.2620523122909232, 0.8022958622051422
95, 0.490411945833338, 0.6489594866616063
96, 0.7801168329861636, 0.0033384946855794517
97, 0.22990191021822892, 0.6004618773539308
98, 0.3353309153537283, 0.38060444042001307
99, 0.901960406836932, 0.0010055984029324616
100, 0.3212549457886186, 0.43894070512510885
101, 0.667903867712322, 0.019181554189656724
102, 0.012613779348011889, 0.9001768911474772
103, 0.14015898658869075, 0.8189879167155188
104, 0.13358040368998458, 0.9057255947461514
105, 0.35094143509588704, 0.9783585931099558
106, 0.2840356783871463, 0.8165469284781322
107, 0.7430582740605445, 0.9500850082165216
108, 0.6512822622803229, 0.09975124025574622
109, 0.38736664080656336, 0.15271091800321612
110, 0.42542281862043674, 0.1998998309705582
111, 0.767148512678267, 0.5067305701307758
112, 0.052813361761041344, 0.23388182096853005
113, 0.6822941516233398, 0.9805726158683133
114, 0.4738023090194007, 0.5717125123271544
115, 0.020897453209076433, 0.4635924102500084
116, 0.03832469883869427, 0.029831646701046544
117, 0.7018222015569174, 0.09612686136729065
118, 0.35094048852223514, 0.5070548853796712
119, 0.9975746093218334, 0.7928754517030329
120, 0.020802132850111232, 0.16334200853374403
121, 0.2779045630066974, 0.9084425598366052
122, 0.23340588847952048, 0.2583082303386036
123, 0.15949123760335393, 0.7453690620236445
124, 0.7727747438767181, 0.5184743646600334
125, 0.5867606483847457, 0.2625329032611394
126, 0.5793744974982232, 0.9734338689338617
127, 0.22590107741290355, 0.35900058417521297
128, 0.4919605660180524, 0.7517976830054097
129, 0.9053480602972813, 0.9804995074079847
130, 0.31605020841426623, 0.278491663872695
131, 0.9340662043028433, 0.7697008839907373
132, 0.4359776098640046, 0.3722823776550551
133, 0.9114370819035124, 0.28972831590729664
134, 0.9870887000846803, 0.5389282360596781
135, 0.4222458616847862, 0.3835254367278087
136, 0.5573410577559901, 0.5672070729496275
137, 0.14041348856261915, 0.6214748065695176
138, 0.38577976466277397, 0.9343287282483015
139, 0.6286259916967696, 0.5863169391115212
140, 0.011372839857126449, 0.04521999505007879
141, 0.6757666644589659, 0.924716354998778
142, 0.36938258069007923, 0.218662624109918
143, 0.2063483965582441, 0.5935858162893989
144, 0.6835236862319216, 0.9332647841678477
145, 0.487752869180324, 0.09177794263450112
146, 0.5016319114306454, 0.06315270913750215
147, 0.06960988963794035, 0.9772237760018276
148, 0.03856356295816954, 0.6371955363058887
149, 0.2450213835355487, 0.24700885127098926
150, 0.597664923387365, 0.32710771191726484
151, 0.8524391899871785, 0.16795045829514244
152, 0.9811942170423733, 0.9467398188863294
153, 0.27221137418802677, 0.43073538105491893
154, 0.5900149068224844, 0.8663262241808232
155, 0.931184081810656, 0.8054175445428442
156, 0.9665329141243822, 0.3324902059299423
157, 0.739170795857567, 0.20706856822794517
158, 0.5697329846771112, 0.47223345764617664
159, 0.0028094964569485015, 0.009709570362088416
160, 0.7296845228743268, 0.7538794039837967
161, 0.04189082219693796, 0.7562254632737552
162, 0.044426777319145794, 0.49370467062866086
163, 0.3440814985389047, 0.3709741732317192
164, 0.21149779059158025, 0.18690896925657596
165, 0.747875861729978, 0.9070595162338828
166, 0.6483956812581677, 0.6288110396837125
167, 0.2526343501562649, 0.5133631969803949
168, 0.538542216624439, 0.975173511401557
169, 0.7578189213234676, 0.39473877618841957
170, 0.6960729966697309, 0.45768879349172265
171, 0.5917048980023437, 0.07726806959402521
172, 0.1418696316200666, 0.2984373584199922
173, 0.19805652728912282, 0.10317568996639537
174, 0.21885462999049, 0.3669243576162615
175, 0.45001487476635393, 0.6136292167730218
176, 0.646274758825253, 0.5986686166661633
177, 0.2767479509576173, 0.06769019542333188
178, 0.5398567663052075, 0.733089589932134
179, 0.8943946040138763, 0.5360231769547207
180, 0.6617036708874925, 0.5975851169761816
181, 0.5925983656315924, 0.11035323310689049
182, 0.9176210377572749, 0.7513189266738931
183, 0.29357161583194014, 0.28920396104760204
184, 0.7291853952587869, 0.43862192214316076
185, 0.7270235691616761, 0.7534902376573418
186, 0.38367873773531214, 0.05249944190362388
187, 0.45008935973832254, 0.23901057436247364
188, 0.09569891833596778, 0.7601899635899578
189, 0.38041722182228155, 0.8286050541556675
190, 0.5408351763818098, 0.09539838710014148
191, 0.10715134346103072, 0.16614224172994752
192, 0.9079019819425806, 0.41499198391947034
193, 0.9561099241602715, 0.9578656984388162
194, 0.9817241938965242, 0.8121571022224285
195, 0.574517851732771, 0.6728338934320984
196, 0.532433975154566, 0.10169450524763013
197, 0.5157060165046844, 0.7099250389774963
198, 0.03514091155031951, 0.8256712457357898
199, 0.35974936331484586, 0.31696845907970284
200, 0.6535180918731764, 0.641813731709662
201, 0.37057480265615717, 0.4244603812616339
202, 0.29309009083122395, 0.5787143550304881
203, 0.2685303414376733, 0.18893984735020408
204, 0.05685733201581955, 0.8825932317164611
205, 0.01187281676591967, 0.33290734267518574
206, 0.7135341087202082, 0.6344479785916485
207, 0.2653584227729888, 0.03846600776436393
208, 0.8563839538663062, 0.4168275075368051
209, 0.6556959514283881, 0.4347103453765746
210, 0.4891460845499159, 0.23133003656422324
211, 0.9972356793414363, 0.3148133079877776
212, 0.5611938763404486, 0.07684579562209959
213, 0.6362839502772012, 0.15604226845369984
214, 0.3764951562951624, 0.9066907302895282
215, 0.43192380906336214, 0.4565041708331494
216, 0.8499849093024247, 0.05848494313245545
217, 0.4846746768693988, 0.42992906274811704
218, 0.9892636952847301, 0.4491374667231268
219, 0.8679385545021907, 0.9964141208397078
220, 0.6806055139736883, 0.8376556674088407
221, 0.8525438267249591, 0.4126822909094988
222, 0.1315262930722958, 0.25906382434802255
223, 0.7918013461619305, 0.6271107729250113
224, 0.3930713129036095, 0.8010537877495257
225, 0.5374624426795835, 0.4301788580568491
226, 0.5334814040680078, 0.8861434384439619
227, 0.4094072696525455, 0.9354701594416471
228, 0.7788125415863307, 0.7191686186791335
229, 0.7978595608543748, 0.8936179008969406
230, 0.31757255857540745, 0.45023969773371686
231, 0.21482664000316265, 0.9888274800108575
232, 0.3014102465118923, 0.2867459448290054
233, 0.3878495066393517, 0.028918120169952766
234, 0.5755216847039838, 0.5581938842576097
235, 0.7322969579379899, 0.4395639789693776
236, 0.8138672153754168, 0.17980572069613554
237, 0.29684291646291827, 0.6936811180879
238, 0.674607970391805, 0.339898459058796
239, 0.02336502964169651, 0.4273297083310905
240, 0.15785187471080409, 0.7206616556437841
241, 0.4793983822903065, 0.7864717912686608
242, 0.5327204251840748, 0.2794875294468977
243, 0.08089574657223053, 0.9768957620017695
244, 0.829585120310734, 0.5090774012079626
245, 0.09531547610124302, 0.33337138768695895
246, 0.8759010449620988, 0.8241986828003204
247, 0.5752567802057458, 0.7037166330612771
248, 0.4584726987052732, 0.28473340172144035
249, 0.5475550263018387, 0.7730913564601661
250, 0.6116723988709993, 0.7198061906421683
251, 0.7760673032826715, 0.2565806088962391
252, 0.3966943359275239, 0.2237989269749302
253, 0.20863858855823925, 0.5701412892925029
254, 0.3574439236233613, 0.10467570189894881
255, 0.3941910359812457, 0.6659312469917018
256, 0.23163124724672857, 0.33857005762214143
257, 0.8519400466504344, 0.18595142068994075
258, 0.271589194165038, 0.2546978872681803
259, 0.4464165710803233, 0.43334481100556155
260, 0.32195928067419455, 0.27573226504939763
261, 0.9296920471256163, 0.3186713111794224
262, 0.6321076492355445, 0.8648787210914335
263, 0.8088821113921226, 0.26708046669231955
264, 0.22819821810326069, 0.3189605516715516
265, 0.49127504419564727, 0.5571092083301415
266, 0.5609485540377673, 0.24611522822508947
267, 0.96907651228548, 0.4960739555711208
268, 0.3069670185291167, 0.5377812199136955
269, 0.4034145978617433, 0.81439181642619
270, 0.9427342859598403, 0.18358649503782265
271, 0.7618269155240464, 0.21434509376283029
272, 0.571601935002972, 0.10438525688015277
273, 0.2671646198871913, 0.8685455009761107
274, 0.31068110839835394, 0.11540185884659404
275, 0.5484057187466492, 0.8369206299512718
276, 0.5874911480745348, 0.8768735339943118
277, 0.4380701778285112, 0.4807303936541084
278, 0.2546676499768561, 0.13469300880097257
279, 0.8756522514331122, 0.6077663694168672
280, 0.065189030258056, 0.23109591414456587
281, 0.5343115199554122, 0.16544625905544863
282, 0.06697910858421952, 0.07499770348226609
283, 0.38066039540103713, 0.1884627116114671
284, 0.9986046255254531, 0.3558343086324397
285, 0.4741730584469569, 0.6196289428698776
286, 0.2570482046685605, 0.2706376241704287
287, 0.7240202256856004, 0.6284190260117377
288, 0.010887597837945795, 0.5245090734774487
289, 0.7881627819975691, 0.2133356543759426
290, 0.2119499689951173, 0.6756231647682219
291, 0.15724921416266535, 0.39097255067419046
292, 0.29347076885314816, 0.9004355494410923
293, 0.45034648788145626, 0.9021542010132017
294, 0.8650939603552082, 0.7945645222407363
295, 0.6942558117701897, 0.7096050565889028
296, 0.6693179754908073, 0.6256780247139647
297, 0.9741800730837429, 0.7305191670948447
298, 0.6729058442465058, 0.4904604096942632
299, 0.37043255168453715, 0.8973460040071332
300, 0.8731208804593191, 0.464274176155295
301, 0.7195593958803278, 0.44538287654950126
302, 0.9319842543433565, 0.9121986732933332
303, 0.12283889814032778, 0.5649392699326885
304, 0.4772079260801676, 0.23379620157871084
305, 0.2740353339624849, 0.9720543348055748
306, 0.6401668679586708, 0.14646988363448143
307, 0.17056803327362247, 0.7200892100363688
308, 0.6558445803704738, 0.40098347532262957
309, 0.9678873603212205, 0.7119468845669581
310, 0.7308004829464507, 0.12031980645624185
311, 0.03560776961539569, 0.058681125718744065
312, 0.4765424069902391, 0.9976307073529325
313, 0.4163270762416277, 0.4663506751434172
314, 0.870976205836476, 0.4473409079413715
315, 0.6915371836093341, 0.9496107400869765
316, 0.8046355352911266, 0.5718168093318455
317, 0.08697379363323221, 0.6748587575433574
318, 0.7821882744577898, 0.9033122475382838
319, 0.17909661236212893, 0.6580245340315914
end_nodes
0, 1
0, 2
0, 3
0, 4
0, 5
0, 6
0, 7
0, 8
0, 9
0, 10
0, 11
0, 12
0, 13
0, 14
0, 15
0, 16
0, 17
1, 7
1, 17
1, 21
1, 25
1, 59
1, 60
1, 68
1, 86
1, 87
1, 126
1, 154
1, 168
1, 226
1, 244
1, 262
1, 275
2, 3
2, 4
2, 6
2, 8
2, 11
2, 13
2, 14
2, 29
2, 30
2, 32
2, 33
2, 34
2, 35
2, 38
2, 40
2, 42
3, 13
3, 14
3, 18
3, 27
3, 51
3, 58
3, 73
3, 84
3, 122
3, 130
3, 149
3, 150
3, 164
3, 169
3, 172
4, 8
4, 11
4, 34
4, 40
4, 42
4, 45
4, 48
4, 49
4, 56
4, 62
4, 67
4, 69
4, 76
4, 80
4, 81
5, 11
5, 17
5, 28
5, 37
5, 41
5, 59
5, 60
5, 102
5, 105
5, 121
5, 124
5, 128
5, 138
5, 147
5, 166
5, 176
6, 29
6, 132
6, 308
7, 9
7, 50
7, 68
7, 72
7, 75
7, 87
7, 92
7, 107
7, 113
7, 126
7, 129
7, 141
7, 144
7, 152
7, 160
8, 33
8, 38
8, 55
8, 57
8, 76
8, 79
8, 82
8, 88
8, 100
8, 136
8, 153
8, 158
8, 170
8, 184
9, 10
9, 19
9, 43
9, 50
9, 52
9, 65
9, 85
9, 89
9, 91
9, 92
9, 93
9, 119
9, 131
9, 134
9, 152
10, 12
10, 20
10, 36
10, 43
10, 53
10, 85
10, 93
10, 156
10, 192
10, 211
10, 218
10, 261
10, 267
10, 284
11, 30
11, 32
11, 35
11, 37
11, 42
11, 45
11, 81
11, 94
11, 95
11, 102
11, 103
11, 104
11, 106
12, 16
12, 20
12, 24
12, 26
12, 36
12, 44
12, 53
12, 63
12, 64
12, 66
12, 74
12, 77
12, 96
12, 99
12, 101
13, 15
13, 16
13, 18
13, 22
13, 23
13, 24
13, 31
13, 32
13, 39
13, 47
13, 54
13, 58
13, 61
13, 71
14, 29
14, 51
14, 172
14, 199
14, 222
14, 256
14, 264
15, 22
15, 39
15, 46
15, 110
15, 125
15, 142
15, 187
15, 208
15, 210
15, 221
15, 238
15, 242
15, 252
15, 266
15, 283
16, 24
16, 26
16, 47
16, 64
16, 66
16, 71
16, 77
16, 116
16, 140
16, 145
16, 157
16, 177
16, 181
16, 190
17, 28
17, 41
17, 59
17, 121
17, 128
17, 138
17, 166
17, 178
17, 200
17, 206
17, 214
17, 227
17, 241
17, 244
18, 27
18, 58
18, 84
18, 122
18, 149
18, 150
18, 164
18, 169
18, 203
18, 248
18, 258
18, 260
19, 119
19, 152
20, 36
20, 192
20, 261
21, 68
21, 316
22, 31
22, 47
22, 109
22, 110
22, 278
22, 283
23, 47
23, 61
23, 71
23, 213
23, 274
23, 281
23, 306
24, 44
24, 54
24, 96
24, 99
24, 101
24, 108
24, 116
24, 117
24, 140
24, 145
24, 146
24, 159
24, 171
24, 186
25, 126
25, 168
26, 74
26, 77
26, 133
26, 157
26, 236
26, 251
26, 263
26, 270
26, 271
26, 289
27, 149
27, 164
27, 248
27, 280
28, 121
29, 256
30, 32
30, 188
30, 317
31, 278
32, 54
32, 83
32, 102
32, 112
32, 115
32, 120
32, 148
32, 161
32, 162
32, 198
32, 204
32, 205
32, 239
33, 38
33, 57
33, 78
33, 79
33, 82
33, 98
33, 127
33, 135
33, 163
33, 174
33, 201
33, 215
33, 217
33, 259
33, 277
34, 48
34, 49
35, 42
35, 103
35, 303
36, 192
37, 176
37, 224
37, 273
38, 100
38, 215
38, 234
38, 245
38, 277
38, 313
39, 142
39, 238
39, 242
39, 252
40, 42
40, 48
40, 67
40, 69
40, 70
40, 97
40, 137
40, 143
40, 167
40, 175
40, 202
40, 240
40, 253
40, 285
40, 290
41, 166
41, 195
41, 200
41, 206
41, 250
41, 296
41, 314
42, 45
42, 103
42, 104
42, 123
42, 137
42, 237
42, 240
42, 303
42, 307
43, 65
43, 134
43, 218
43, 309
44, 96
44, 101
44, 216
45, 81
45, 104
45, 123
45, 237
46, 47
46, 125
46, 210
46, 221
46, 304
47, 71
47, 109
47, 110
47, 125
47, 173
47, 208
47, 213
47, 221
47, 266
47, 281
47, 306
48, 62
48, 69
48, 90
48, 118
48, 167
48, 291
49, 265
50, 72
50, 92
50, 160
50, 179
50, 182
50, 185
50, 220
50, 223
50, 228
50, 229
50, 246
50, 279
50, 294
50, 300
50, 302
51, 183
51, 199
52, 91
52, 134
52, 297
53, 156
53, 261
54, 83
54, 102
54, 115
54, 159
54, 161
54, 205
54, 288
55, 88
55, 170
55, 184
55, 209
55, 301
56, 69
56, 80
56, 114
56, 268
57, 79
57, 88
57, 135
57, 158
57, 217
57, 225
58, 169
59, 60
59, 105
59, 226
59, 227
59, 305
60, 105
60, 113
60, 126
60, 129
60, 154
60, 168
60, 219
60, 226
60, 231
60, 276
60, 312
61, 173
61, 274
61, 281
62, 90
62, 118
63, 74
64, 66
64, 77
64, 151
64, 257
65, 309
67, 69
67, 80
67, 175
67, 268
68, 316
69, 90
69, 114
69, 167
69, 202
69, 268
70, 97
70, 137
70, 143
70, 253
71, 254
71, 306
72, 185
72, 223
72, 228
73, 84
73, 191
74, 133
75, 160
75, 185
76, 136
76, 153
77, 151
77, 236
77, 257
77, 270
78, 88
78, 127
78, 163
78, 174
80, 268
81, 94
81, 95
81, 106
81, 255
82, 234
82, 277
83, 115
83, 288
84, 164
84, 191
84, 203
85, 93
86, 244
86, 275
86, 295
87, 126
87, 262
88, 135
88, 158
88, 163
88, 184
89, 93
89, 131
91, 119
91, 134
91, 194
91, 218
91, 284
91, 297
92, 165
92, 229
92, 318
93, 131
94, 106
95, 106
95, 255
96, 99
96, 216
97, 143
97, 253
98, 127
98, 163
98, 259
99, 159
100, 245
101, 117
101, 146
101, 171
101, 207
101, 233
102, 147
102, 161
102, 198
102, 204
102, 243
104, 123
105, 231
105, 305
107, 113
107, 129
107, 144
107, 315
108, 117
109, 278
110, 266
110, 283
111, 139
112, 120
112, 148
112, 162
113, 126
113, 129
113, 144
113, 315
115, 205
115, 288
116, 140
116, 177
116, 196
117, 171
117, 212
118, 291
119, 152
119, 194
119, 284
120, 148
121, 128
121, 214
121, 241
121, 292
121, 293
121, 299
122, 149
122, 258
124, 176
124, 180
124, 197
125, 210
125, 266
126, 168
127, 163
128, 166
128, 178
128, 189
128, 241
128, 247
128, 269
129, 141
129, 152
129, 193
129, 219
130, 150
130, 169
130, 232
130, 286
131, 155
132, 308
134, 218
134, 297
134, 309
135, 163
135, 217
137, 143
137, 240
137, 290
137, 319
138, 227
140, 177
140, 181
140, 282
140, 311
141, 152
141, 193
142, 252
144, 315
145, 190
145, 272
146, 171
146, 186
146, 207
147, 243
148, 162
149, 248
149, 258
149, 280
150, 169
150, 260
151, 257
152, 193
153, 230
154, 276
157, 251
157, 263
157, 271
158, 225
160, 185
160, 220
163, 259
165, 318
166, 189
166, 200
166, 247
166, 249
167, 202
168, 276
169, 232
170, 298
170, 301
171, 186
171, 212
172, 222
173, 281
174, 201
175, 285
176, 180
176, 197
176, 224
176, 273
177, 181
177, 196
178, 247
178, 249
179, 182
179, 279
179, 300
180, 197
184, 209
184, 235
184, 298
184, 301
185, 228
187, 238
187, 242
188, 317
189, 269
190, 272
190, 310
195, 314
198, 204
200, 250
200, 296
205, 239
206, 314
207, 233
208, 221
209, 301
210, 304
211, 267
211, 284
213, 306
214, 293
215, 277
215, 313
218, 284
219, 312
223, 300
229, 246
229, 294
229, 302
232, 286
234, 277
236, 289
238, 242
240, 290
240, 307
240, 319
241, 292
241, 293
241, 299
244, 275
244, 287
244, 295
246, 294
246, 302
247, 249
250, 296
251, 263
256, 264
277, 313
279, 300
282, 311
290, 319
292, 299
293, 299
298, 301
end