140
4
0, 0.7843986496101429, 0.4639359962415106
1, 0.4396802290898314, 0.04164033314638993
2, 0.23067342779384203, 0.6308341874740236
3, 0.6140160787688882, 0.5851168118049115
4, 0.5113342310399605, 0.14496704847001174
5, 0.12290950072953255, 0.5757494785444545
6, 0.2630097954474441, 0.46054570806721007
7, 0.3307247967536784, 0.845612405963704
8, 0.7159579507553576, 0.9139004484906327
9, 0.20871905573918537, 0.52587320903502
10, 0.8084910351154826, 0.6868251291123071
11, 0.8165041768995089, 0.8275572687841819
12, 0.7695487617772192, 0.5143883461001045
13, 0.6191669306342144, 0.9233233949263353
14, 0.9657583465364215, 0.3485796224794393
15, 0.026286983115081264, 0.34723044472675113
16, 0.1740578240734194, 0.32015807622266557
17, 0.8957511089914895, 0.8618416276932795
18, 0.29824715362083276, 0.117763774583726
19, 0.16621922545520806, 0.2598190026081548
20, 0.49648984205121915, 0.8799806373526171
21, 0.7344194784201469, 0.28622184474153367
22, 0.33235131497641834, 0.659678187172266
23, 0.14775459456910012, 0.8329154057098694
24, 0.10049549811805858, 0.3991338473680818
25, 0.039343159867173405, 0.015038125959272786
26, 0.13734599107425538, 0.6202951428307504
27, 0.6619722699797004, 0.5625766023665113
28, 0.39257938353138444, 0.8590474387277295
29, 0.17751349933542082, 0.004312250569933895
30, 0.7050276113362728, 0.6567056897676323
31, 0.7194612940216062, 0.04723983462511305
32, 0.6835552720225293, 0.7882531746541049
33, 0.9119931580120525, 0.3921253114427824
34, 0.2625958647212485, 0.0034465790097374382
35, 0.9376098492402668, 0.14265293987243022
36, 0.6229895139422833, 0.1557732028612303
37, 0.6038901930349688, 0.9717695860954247
38, 0.8450581043610232, 0.8153618915817716
39, 0.6835767222557246, 0.39991317540235805
40, 0.3427179369926534, 0.7118990875056468
41, 0.8537946673926367, 0.7186225450290958
42, 0.5153309065276845, 0.19962407342063393
43, 0.7380948649637735, 0.872140238644189
44, 0.7887907516961381, 0.8048175382085138
45, 0.96013507611328, 0.1277043616946657
46, 0.45970307744434746, 0.16600323538217931
47, 0.26830432279799965, 0.8490743713255344
48, 0.7863987189835873, 0.4518037903289457
49, 0.4281262101609151, 0.34880337811365747
50, 0.3048056946590101, 0.35874628870043646
51, 0.5357183717034509, 0.19187798488664454
52, 0.4039364394493571, 0.617705792876925
53, 0.5699718605301531, 0.15443046991745102
54, 0.24577549181948355, 0.22511000768265232
55, 0.12128649504397382, 0.8678600827314861
56, 0.2312085743244604, 0.8129033375924671
57, 0.1378401317827037, 0.3162868593646153
58, 0.4494247448250137, 0.12765655266818965
59, 0.5320739223163093, 0.31282420939895794
60, 0.03267064417677701, 0.18362319896521662
61, 0.9079138812793308, 0.2590029795055867
62, 0.17737431824061956, 0.33701409385161774
63, 0.20864139858127717, 0.4245513718188447
64, 0.8040684547327903, 0.02531872391576362
65, 0.4910151614559102, 0.5318071339516647
66, 0.33942597785622264, 0.5795852562298578
67, 0.1164048807157555, 0.7000503289030018
68, 0.3155675057818975, 0.3002356750173857
69, 0.6166390579301553, 0.01072002174587694
70, 0.32853362786688267, 0.06400310122218733
71, 0.6721945343835115, 0.9721165774066258
72, 0.6999645924003745, 0.30382531520144807
73, 0.09049730253562183, 0.6584597348164214
74, 0.31635573053547095, 0.7007101787067364
75, 0.3944417487803856, 0.911399052040507
76, 0.8753470006027827, 0.4010175845915246
77, 0.7519140582803527, 0.6871444002338968
78, 0.6624565465310093, 0.9245829755852517
79, 0.4369853377378832, 0.548511486908892
80, 0.8871669626545534, 0.19284011413144286
81, 0.8612548668394368, 0.17811730660800873
82, 0.3091778028289336, 0.7626110664202396
83, 0.18452070507488272, 0.8092467232709011
84, 0.8695572772875001, 0.1522898776213032
85, 0.7825505640569238, 0.9892554580219179
86, 0.4512978890280216, 0.21539182337675244
87, 0.6157665462421302, 0.003832812747236125
88, 0.9092630967138786, 0.7752215609202637
89, 0.5068053100080686, 0.2335043829262924
90, 0.011631754863362764, 0.5843137570492448
91, 0.052433638679101335, 0.7414470341854877
92, 0.03678276263605518, 0.19905517092532898
93, 0.7810644096997064, 0.6017548581677749
94, 0.9707400349692599, 0.23559271262775794
95, 0.7282432242076353, 0.4836802903082472
96, 0.5947248618762644, 0.8030300214288685
97, 0.0821170005256765, 0.2867056314838926
98, 0.8928823513480327, 0.27958155995333545
99, 0.8970564278093587, 0.010141351840440405
100, 0.34096750458915814, 0.05413016899887135
101, 0.06503236653879219, 0.3346175123995946
102, 0.25136460334426425, 0.6849601798605975
103, 0.044262070518424346, 0.6773421042118275
104, 0.07937854671574496, 0.9869991866651052
105, 0.1334018099471097, 0.6498752574665251
106, 0.24171563379808014, 0.09793198494227584
107, 0.04866570777130863, 0.5842551759230457
108, 0.3640464194145623, 0.6789865178577171
109, 0.02992893272507602, 0.5558596108653905
110, 0.8901464781347338, 0.9175251219233415
111, 0.9797971205512603, 0.6778377800361287
112, 0.31977734802032376, 0.10952567170592553
113, 0.5712393518082903, 0.038200080152450244
114, 0.27998256742975514, 0.33511320044054727
115, 0.05039066911928147, 0.18774888773726217
116, 0.37718145748479404, 0.6280107320655344
117, 0.11456912633620331, 0.29575315581067574
118, 0.03476084899562348, 0.03082594155468088
119, 0.15480431913351478, 0.8220597579167628
120, 0.9448057851141619, 0.9716939875258164
121, 0.22681650508360218, 0.9305478660616409
122, 0.09684028820624202, 0.8011472944389973
123, 0.34121880893345824, 0.8024020690532769
124, 0.9111903702426345, 0.4288004593277406
125, 0.29655885231010204, 0.16073122491118164
126, 0.7267113192578654, 0.3186976895691134
127, 0.6199699437993613, 0.8006309060178579
128, 0.585186830331665, 0.3473514392624355
129, 0.9983408485182398, 0.6049121815366895
130, 0.3641624296855276, 0.4915761966494733
131, 0.08224750775428546, 0.11905259934564472
132, 0.2061320737406498, 0.34854013160022146
133, 0.3398308394149272, 0.9366453708159154
134, 0.4877696167970479, 0.45481941761527545
135, 0.01283624916764603, 0.8503921389314371
136, 0.2873252680855015, 0.7630072361003079
137, 0.9213555523336846, 0.27714500812002785
138, 0.18925669682634916, 0.6033794654347221
139, 0.5720519802612077, 0.06781222739807635
end_nodes
0, 1
0, 2
0, 3
0, 4
0, 5
0, 6
0, 7
0, 8
0, 9
0, 10
0, 11
12, 1
12, 2
12, 3
12, 4
12, 5
12, 6
12, 7
12, 8
12, 9
12, 10
12, 11
13, 35
13, 37
13, 45
13, 48
13, 61
13, 80
13, 81
13, 84
13, 94
13, 98
13, 99
14, 1
14, 2
14, 3
14, 4
14, 5
14, 6
14, 7
14, 9
14, 15
14, 16
14, 18
17, 1
17, 2
17, 3
17, 4
17, 5
17, 6
17, 7
17, 9
17, 15
17, 16
17, 18
20, 35
20, 45
20, 48
20, 61
20, 80
20, 81
20, 84
20, 94
20, 98
20, 137
21, 8
21, 10
21, 11
21, 30
21, 32
21, 38
21, 41
21, 43
21, 44
21, 71
21, 77
27, 2
27, 3
27, 5
27, 6
27, 7
27, 8
27, 9
27, 15
27, 16
27, 19
27, 22
28, 35
28, 45
28, 48
28, 61
28, 80
28, 81
28, 84
28, 94
28, 98
28, 137
31, 8
31, 10
31, 11
31, 30
31, 32
31, 38
31, 41
31, 43
31, 44
31, 71
31, 77
33, 1
33, 2
33, 3
33, 4
33, 5
33, 6
33, 7
33, 9
33, 15
33, 16
33, 18
36, 8
36, 10
36, 11
36, 30
36, 32
36, 38
36, 43
36, 44
36, 71
36, 77
36, 78
39, 1
39, 4
39, 8
39, 10
39, 11
39, 18
39, 25
39, 29
39, 30
39, 32
39, 34
42, 58
46, 100
49, 19
49, 25
49, 54
49, 60
49, 68
49, 92
49, 115
49, 118
49, 131
51, 1
51, 8
51, 11
51, 30
51, 32
51, 38
51, 43
51, 44
51, 71
51, 77
51, 78
53, 8
53, 10
53, 11
53, 30
53, 32
53, 38
53, 43
53, 44
53, 71
53, 77
53, 78
59, 18
59, 25
59, 29
59, 34
59, 70
59, 86
59, 106
59, 112
59, 118
59, 125
64, 8
64, 10
64, 11
64, 30
64, 32
64, 38
64, 41
64, 43
64, 44
64, 71
64, 77
69, 8
69, 10
69, 11
69, 30
69, 32
69, 38
69, 43
69, 44
69, 71
69, 77
69, 78
72, 10
72, 11
72, 30
72, 32
72, 38
72, 43
72, 44
72, 71
72, 77
72, 78
72, 85
75, 35
75, 45
75, 48
75, 61
75, 80
75, 81
75, 84
75, 94
75, 98
75, 137
76, 1
76, 2
76, 3
76, 4
76, 5
76, 6
76, 7
76, 9
76, 15
76, 16
76, 18
87, 10
87, 30
87, 32
87, 38
87, 43
87, 44
87, 71
87, 77
87, 78
87, 85
87, 110
88, 1
88, 2
88, 3
88, 4
88, 5
88, 6
88, 7
88, 9
88, 15
88, 16
88, 18
89, 34
89, 70
89, 100
93, 2
93, 3
93, 5
93, 6
93, 7
93, 9
93, 15
93, 16
93, 18
93, 19
93, 22
95, 1
95, 2
95, 4
95, 5
95, 6
95, 9
95, 15
95, 16
95, 18
95, 19
95, 22
96, 35
96, 45
96, 48
96, 61
96, 80
96, 81
96, 84
96, 94
96, 98
96, 137
111, 1
111, 2
111, 3
111, 4
111, 5
111, 6
111, 7
111, 9
111, 15
111, 16
111, 18
113, 30
113, 32
113, 38
113, 43
113, 44
113, 71
113, 77
113, 78
113, 85
113, 110
113, 120
123, 47
123, 104
124, 3
124, 4
124, 7
124, 15
124, 16
124, 18
124, 19
124, 22
124, 23
124, 24
124, 25
126, 38
126, 43
126, 44
126, 71
126, 77
126, 78
126, 85
126, 110
126, 120
127, 35
127, 45
127, 48
127, 61
127, 80
127, 81
127, 84
127, 94
127, 98
127, 137
128, 25
128, 29
128, 34
128, 70
128, 78
128, 85
128, 86
128, 100
128, 106
128, 112
128, 118
129, 15
129, 16
129, 19
129, 22
129, 23
129, 24
129, 25
129, 26
129, 29
129, 34
129, 40
133, 35
133, 45
133, 48
133, 61
133, 80
133, 81
133, 84
133, 94
133, 98
133, 137
134, 19
134, 24
134, 50
134, 57
134, 60
134, 62
134, 63
134, 92
134, 97
134, 101
134, 114
139, 78
139, 85
139, 110
139, 120
end