300
4
0, 0.747612729254417, 0.18187326744617272
1, 0.8836108397189724, 0.9218071764358198
2, 0.8626537195576935, 0.26228449252612007
3, 0.241266302226816, 0.14151989854629876
4, 0.050807778011589866, 0.30122000190815745
5, 0.4114810679837766, 0.6772140931647498
6, 0.753036479539867, 0.13254791104147312
7, 0.5404306029599887, 0.1163659058471056
8, 0.43002265334368384, 0.5032696740514903
9, 0.30044938649704067, 0.412310317072345
10, 0.1410592168577831, 0.8683550018462999
11, 0.4396715228886937, 0.011604222476253478
12, 0.7147065449792294, 0.8267701257262753
13, 0.7222226727130137, 0.1869284733067046
14, 0.9257111942720336, 0.30127444570130735
15, 0.603472760618938, 0.6487144705329033
16, 0.05720299785493088, 0.3717179711187887
17, 0.059840652324232524, 0.6050976863445681
18, 0.27619284915056264, 0.4302403843725927
19, 0.5751632703673657, 0.28015112191089697
20, 0.23296854511344323, 0.43948272963390944
21, 0.08011618026932388, 0.8157438349121369
22, 0.7488838648657649, 0.05855160500943579
23, 0.9449510830900846, 0.6968063747335952
24, 0.14427862639694877, 0.7649354188593424
25, 0.24569373902698521, 0.5457976724263924
26, 0.9801873743930538, 0.05610936438908587
27, 0.7831777522667349, 0.4257144464317999
28, 0.9899078858849861, 0.054187582960401715
29, 0.6626147048427995, 0.8795434874859844
30, 0.5235507858130036, 0.34842587118405866
31, 0.6559054997185422, 0.33481408892911735
32, 0.707554484256509, 0.29050525324433574
33, 0.9785330168528424, 0.2872307104946836
34, 0.11379941679794203, 0.9389681542014153
35, 0.4901999245991697, 0.27711879146236473
36, 0.0763865175632017, 0.20568839079125778
37, 0.25407227215917505, 0.3949429813521963
38, 0.6668190596240309, 0.11677767422301855
39, 0.13968577344989508, 0.27346203916656564
40, 0.7452606919484482, 0.25937490130045604
41, 0.9987634556701531, 0.927990741306204
42, 0.8583431781602283, 0.15047964003061653
43, 0.13661001820444862, 0.8370646906582264
44, 0.3099555034257636, 0.8021483001239247
45, 0.1484710740138343, 0.8324884489203933
46, 0.12374256465409472, 0.41260164253626797
47, 0.7413405608285049, 0.9886445439235858
48, 0.20310001111159026, 0.22120805320403358
49, 0.6184594331384319, 0.6057945014759372
50, 0.34699945764872075, 0.445157503914694
51, 0.04244469181554267, 0.1425090229859438
52, 0.6562312065391357, 0.784898632397536
53, 0.6805504024151048, 0.3127056503201344
54, 0.22252870262919144, 0.22102439692080156
55, 0.39010781720654086, 0.4164087614284916
56, 0.7532059909300794, 0.5106993073039928
57, 0.7861671169481643, 0.8068994293150149
58, 0.6718282540370749, 0.970046807255054
59, 0.5067807432359366, 0.3280763912299217
60, 0.8917750988108218, 0.053568561570783046
61, 0.8125440441432753, 0.40029211902677053
62, 0.2155771252766988, 0.17441660010439108
63, 0.38199242403779576, 0.8326951199445143
64, 0.7757747019452752, 0.44901256642069165
65, 0.5543859787534146, 0.575524913631986
66, 0.34784450767634045, 0.8467283173437663
67, 0.5557384039969138, 0.6472852926222978
68, 0.35219149938141137, 0.15733714776377106
69, 0.5580444873436678, 0.8587765952784885
70, 0.9568485385122275, 0.47477519238773647
71, 0.6263137615223574, 0.4572428722755202
72, 0.08654649038957496, 0.7953128460167471
73, 0.920029006344134, 0.01009047861971435
74, 0.8894798728544846, 0.9480044798809946
75, 0.08231614131148335, 0.33212460755319884
76, 0.8040043169160691, 0.7890373963840087
77, 0.06722355001918678, 0.997547343580298
78, 0.7870857123780888, 0.9799095867580372
79, 0.7792101507959233, 0.2757073594963305
80, 0.9677321052022159, 0.325038015656295
81, 0.48884991669788014, 0.30884500449792573
82, 0.17975918108610445, 0.4356912874423503
83, 0.10172788763733664, 0.6007528944115832
84, 0.8359755239098408, 0.051174580706444206
85, 0.8440697497102092, 0.49389975303187983
86, 0.34804208643784185, 0.23673301242310762
87, 0.23822789041750014, 0.22637178695767135
88, 0.719701360719258, 0.15217498491962755
89, 0.3989119290869655, 0.5395454330554074
90, 0.561866276962714, 0.7821821633201983
91, 0.4707423038412575, 0.08446444690379307
92, 0.11855026092520449, 0.4490082150669801
93, 0.712426890216516, 0.4728149156856162
94, 0.23903231675988545, 0.6792863691145655
95, 0.03762567073452938, 0.5006822567920493
96, 0.5103542605445014, 0.4053305084186968
97, 0.44221993256592307, 0.34698430378510514
98, 0.15853034330115356, 0.8421563143926944
99, 0.8293155348262093, 0.8512721451532972
100, 0.3879390932906427, 0.5289274319441616
101, 0.4406017678506472, 0.7147283173435293
102, 0.09510507487619024, 0.5535197522341692
103, 0.35630012636565145, 0.09817705766680784
104, 0.14986995740825915, 0.05051542092972561
105, 0.40358619104502824, 0.888265918876124
106, 0.12743200272859545, 0.4355194794780941
107, 0.6237710045068411, 0.3339291181052678
108, 0.7293909777545595, 0.6052579352935263
109, 0.20066651532947277, 0.08574236817796232
110, 0.09617752762904508, 0.635277793994413
111, 0.9776523993298792, 0.06467020703258852
112, 0.7705359966034407, 0.9898487578092261
113, 0.1658906402546737, 0.052191025475827546
114, 0.5535282959287402, 0.8802302783736593
115, 0.6474560858609791, 0.7950465064558675
116, 0.3368270319436014, 0.47892799400245545
117, 0.4557521761760456, 0.4985312181866328
118, 0.6852914942078945, 0.8251823300762999
119, 0.052890565908335296, 0.21471065911269038
120, 0.5917545592022165, 0.003952853186230509
121, 0.3766447828653948, 0.20369082768598812
122, 0.1311656483471626, 0.9495338847798722
123, 0.028237876325697076, 0.7119871301686082
124, 0.338671668780518, 0.8734967182187445
125, 0.3202921988243598, 0.4559205300005713
126, 0.8339703887955884, 0.881049908981426
127, 0.04829184281830845, 0.07322782252780335
128, 0.13530359360837196, 0.20729634020577925
129, 0.17568162683557775, 0.22272712627196956
130, 0.9150512551671739, 0.05437936710856506
131, 0.9545778098100725, 0.15711363796773803
132, 0.28559912128663745, 0.5202737091263916
133, 0.3915387734593181, 0.9267448624236901
134, 0.8523398453232113, 0.12506657181978897
135, 0.18911406224827787, 0.04610696165053907
136, 0.3302971877173212, 0.369096369070824
137, 0.002296128945568965, 0.734121210408192
138, 0.4464080875875467, 0.9067433527666073
139, 0.365053456693459, 0.34160731630476227
140, 0.7580961705162218, 0.8714635908057403
141, 0.5855974557300457, 0.41782611604784725
142, 0.9289710877772617, 0.8981633878512585
143, 0.2735807578896515, 0.3064485698103053
144, 0.7472032305777203, 0.4477840767300081
145, 0.32728110630702145, 0.6235323008638035
146, 0.195431077966143, 0.9476505390958233
147, 0.781206318237481, 0.4361163270501588
148, 0.580180391022152, 0.6477144841071247
149, 0.9723721137613217, 0.6679830681941838
150, 0.1207206146409403, 0.4734146256046088
151, 0.6413114543786047, 0.5028015609923917
152, 0.4684354917800556, 0.8887707050595265
153, 0.03099564417839995, 0.9148674363017201
154, 0.9776602147661088, 0.03170220498537035
155, 0.03700154351728213, 0.46289617700387853
156, 0.7478652591090154, 0.5278430869829643
157, 0.6064457814808523, 0.5847591158518501
158, 0.9082458616367588, 0.8959472762285926
159, 0.4070056039122233, 0.9220646665058482
160, 0.5128582425639546, 0.4049475509784308
161, 0.9646175982690631, 0.3426473287001307
162, 0.9708476495804812, 0.30022140206945946
163, 0.43597107057369267, 0.892663027125172
164, 0.7735685435987277, 0.3728464193053185
165, 0.46712565632172254, 0.3154415657117794
166, 0.280358264231801, 0.8835702822131962
167, 0.8170977396810625, 0.902915636422974
168, 0.5352752396536778, 0.7513587269052537
169, 0.7802839806199807, 0.28048176455001894
170, 0.7112859107823808, 0.5613349255176596
171, 0.8197538284952542, 0.03261963953070579
172, 0.21183613250399724, 0.46989788318462977
173, 0.23154497220822723, 0.5441624356242626
174, 0.10430183226792833, 0.9051654309776409
175, 0.8973385090724798, 0.9285819536365084
176, 0.9198900611068684, 0.12562677213911777
177, 0.9078327762609167, 0.567584968488764
178, 0.6915300135462735, 0.23932075178141188
179, 0.3614806523108919, 0.03202040150052066
180, 0.8240194158887274, 0.1710755964996412
181, 0.326635593497104, 0.02910200099995175
182, 0.7312312292739436, 0.46035065539943276
183, 0.48405373102430516, 0.3146461753964138
184, 0.6058711781720251, 0.16702300276573911
185, 0.5091415136889555, 0.3157048381460429
186, 0.08304215769047962, 0.35285817295121014
187, 0.6039888458219137, 0.5138909792250025
188, 0.6824271686817212, 0.011756955414834014
189, 0.47025029749443525, 0.1251304749200688
190, 0.8976404142210179, 0.06462997510147339
191, 0.6622660591220834, 0.8383611181651213
192, 0.2163237369971982, 0.7638092696419447
193, 0.9723173709186849, 0.8635032109251302
194, 0.5179664198086082, 0.5189654062366759
195, 0.8096803839834643, 0.48879564199191294
196, 0.34180676548675626, 0.8870382080728485
197, 0.6519202086465615, 0.08574051526815041
198, 0.8459364681763906, 0.6520321840594298
199, 0.9920017434372135, 0.7332596501955485
200, 0.14823578700967954, 0.23200272210537187
201, 0.10364196045558238, 0.7282107223869224
202, 0.7618525934568601, 0.21051017432313557
203, 0.15601154124712946, 0.19567035215812512
204, 0.5441180738312602, 0.3373372718878954
205, 0.16342670127736858, 0.09485335094473257
206, 0.7963095506902731, 0.175471803645326
207, 0.30268833834787434, 0.20090811830266742
208, 0.13328952538397765, 0.03533802925699969
209, 0.060287629603978266, 0.6197755971368978
210, 0.8795296738959025, 0.33474798022817986
211, 0.009518086582134155, 0.09119824517831898
212, 0.8262725637345947, 0.9603047573326987
213, 0.09211303486354572, 0.897027798901235
214, 0.7126250903850616, 0.8614369906029321
215, 0.1247637169038357, 0.11745475145651874
216, 0.1344929794469346, 0.44797387081404694
217, 0.8820860821450021, 0.25866684013940366
218, 0.16394470257359217, 0.15153856322274395
219, 0.24169760393219986, 0.04119157191627354
220, 0.102985194905435, 0.238911788400207
221, 0.8095412708131157, 0.2545551487356076
222, 0.1051755727031517, 0.8519969162282424
223, 0.9117746943582669, 0.8265894355327189
224, 0.8900486527436883, 0.233488352894881
225, 0.80584455498054, 0.2002398471115331
226, 0.0554319759417744, 0.2994763416108316
227, 0.9913330377617268, 0.9355407399429708
228, 0.4329160961144993, 0.9039290285443277
229, 0.009112812474497689, 0.9593925065918956
230, 0.7231163899937978, 0.21289629667968246
231, 0.30464798072835586, 0.8413888943136782
232, 0.3800001168491015, 0.43167781891747825
233, 0.9047950302326289, 0.8631712151566506
234, 0.19716190484697105, 0.9364988749821511
235, 0.5998243764105851, 0.7687602057060257
236, 0.9107356214237392, 0.24685439287057187
237, 0.6434159631531313, 0.7181077848124101
238, 0.5246355184347008, 0.8655051356623241
239, 0.631221487567392, 0.45746297235391065
240, 0.24299895345268474, 0.7177266605508742
241, 0.057211496895577585, 0.5819394671377675
242, 0.42966726376723685, 0.6661424256815721
243, 0.9205206842827925, 0.5789244977821201
244, 0.811177991418928, 0.4047945409878524
245, 0.15410264500765236, 0.9851360191767798
246, 0.8549846322449175, 0.19988234369511682
247, 0.03735085285992534, 0.06574877910578703
248, 0.3089503859919903, 0.23677597583898635
249, 0.9073788045406275, 0.4125838475478034
250, 0.955825451400668, 0.9885203975846466
251, 0.1660315092353073, 0.8926001404819172
252, 0.039393773487110595, 0.9847861330587638
253, 0.075032082123492, 0.7310678263904778
254, 0.7740801515506442, 0.9755440593030886
255, 0.2367774484011086, 0.3590296700266018
256, 0.4490778778838541, 0.18658374639244302
257, 0.673834034974973, 0.7688900651081787
258, 0.055270524249991015, 0.3630423764250028
259, 0.17790842835742393, 0.2010442326840226
260, 0.3276048917860258, 0.4787833347545931
261, 0.20381469937462804, 0.5849816121440142
262, 0.14014437592684126, 0.7219011413798001
263, 0.3217776061643385, 0.7251170807571689
264, 0.4702055819564325, 0.9019303118742978
265, 0.6235525920982404, 0.062354880615409725
266, 0.7894348015326726, 0.12181582414339609
267, 0.5715689869941909, 0.03205877467766449
268, 0.3795518325162903, 0.45037747590583754
269, 0.5916994891082331, 0.9549222472893792
270, 0.31040911635743806, 0.6031374886500521
271, 0.6439445558386518, 0.5334696718760475
272, 0.5483516063579817, 0.7773978180290781
273, 0.88159411209227, 0.3085238014420846
274, 0.3424433448614457, 0.2829637119909959
275, 0.7912686583746684, 0.3272166894532885
276, 0.3915098496422269, 0.6978980858304984
277, 0.8914854832086153, 0.45668673779926905
278, 0.3993652702844557, 0.3441030363186163
279, 0.098779706214012, 0.37084601787993887
280, 0.39893354258672986, 0.4015508724917092
281, 0.18845480343730858, 0.3134060392303045
282, 0.06410423704049217, 0.21646026510391492
283, 0.21737335654869094, 0.40097382023123396
284, 0.8808093509473166, 0.17300560903168183
285, 0.35487106166159965, 0.38424364479938167
286, 0.5576455374498586, 0.6733928624086308
287, 0.9297664114265364, 0.4558153719318908
288, 0.7649378158825416, 0.7800380102668426
289, 0.2696477163163272, 0.5638221427007619
290, 0.8333521299514275, 0.7667382452552249
291, 0.9103458329953544, 0.03843531820949331
292, 0.4851773699104094, 0.9195626704459715
293, 0.04202817160506578, 0.39118466957702436
294, 0.9553766789194486, 0.9995204857930414
295, 0.8117749871981245, 0.10188782018163167
296, 0.8165895844729294, 0.33544984324522276
297, 0.5184590858530854, 0.5911472878059676
298, 0.37703424091466475, 0.08503733715155248
299, 0.9367732240689286, 0.6173612334723313
end_nodes
0, 1
0, 2
0, 3
0, 4
0, 5
0, 6
0, 7
0, 8
0, 9
0, 10
0, 11
0, 12
0, 13
0, 14
0, 15
0, 16
0, 17
1, 2
1, 5
1, 10
1, 12
1, 14
1, 23
1, 26
1, 27
1, 28
1, 29
1, 33
1, 34
1, 40
1, 41
1, 44
1, 47
2, 14
2, 61
2, 79
2, 85
2, 169
2, 195
2, 198
2, 202
2, 210
2, 221
2, 244
2, 249
2, 273
2, 275
2, 277
3, 4
3, 7
3, 11
3, 36
3, 39
3, 48
3, 51
3, 54
3, 62
3, 68
3, 86
3, 87
3, 91
3, 103
3, 104
3, 109
4, 13
4, 16
4, 17
4, 36
4, 39
4, 51
4, 62
4, 75
4, 77
4, 86
4, 95
4, 119
4, 123
4, 128
4, 129
5, 10
5, 12
5, 15
5, 31
5, 32
5, 44
5, 52
5, 53
5, 65
5, 67
5, 71
5, 90
5, 101
5, 107
5, 115
6, 11
6, 14
6, 22
6, 26
6, 38
6, 42
6, 60
6, 73
6, 84
6, 88
6, 111
6, 120
6, 130
6, 131
6, 134
6, 154
7, 11
7, 91
7, 184
7, 189
8, 10
8, 17
8, 21
8, 24
8, 25
8, 30
8, 43
8, 45
8, 50
8, 55
8, 72
8, 83
8, 89
8, 94
8, 96
8, 98
9, 16
9, 17
9, 18
9, 19
9, 20
9, 35
9, 37
9, 46
9, 59
9, 81
9, 82
9, 92
9, 97
9, 102
9, 106
9, 136
10, 21
10, 29
10, 34
10, 43
10, 44
10, 45
10, 63
10, 66
10, 69
10, 77
10, 98
10, 105
10, 107
11, 38
11, 88
11, 91
11, 103
11, 104
11, 109
11, 113
11, 120
11, 135
11, 179
11, 181
11, 197
11, 208
12, 15
12, 40
12, 49
12, 52
12, 56
12, 57
12, 64
12, 76
12, 93
12, 99
12, 108
12, 115
12, 126
12, 144
13, 16
13, 75
13, 143
13, 186
13, 274
13, 281
14, 26
14, 42
14, 111
14, 131
14, 177
14, 180
14, 206
14, 217
14, 224
14, 225
14, 236
14, 243
14, 246
15, 32
15, 49
15, 52
15, 65
15, 67
15, 71
15, 148
15, 151
15, 157
15, 187
15, 237
15, 239
15, 257
15, 286
16, 17
16, 35
16, 37
16, 46
16, 75
16, 92
16, 102
16, 106
16, 136
16, 139
16, 143
16, 150
16, 186
17, 18
17, 21
17, 25
17, 50
17, 55
17, 59
17, 72
17, 77
17, 83
17, 102
17, 110
17, 116
18, 102
19, 59
19, 97
19, 185
20, 92
20, 102
20, 150
20, 172
20, 216
21, 24
21, 43
21, 72
21, 77
21, 174
21, 209
21, 213
21, 222
21, 253
22, 73
22, 84
22, 120
22, 171
22, 188
23, 33
23, 41
23, 70
23, 142
23, 149
23, 158
23, 193
23, 199
23, 223
23, 233
23, 299
24, 43
24, 94
25, 116
25, 132
25, 173
26, 28
26, 111
26, 154
26, 243
26, 287
27, 40
27, 164
28, 33
28, 41
28, 80
28, 149
28, 154
28, 161
28, 162
28, 199
29, 44
29, 69
29, 114
29, 124
29, 152
29, 238
30, 55
30, 96
30, 160
30, 204
30, 280
31, 53
32, 53
32, 71
32, 151
32, 239
33, 70
33, 80
33, 149
33, 161
33, 162
33, 299
34, 47
34, 58
34, 77
34, 105
34, 122
34, 133
34, 138
34, 146
34, 159
34, 163
34, 166
34, 196
34, 228
34, 234
34, 245
35, 81
35, 136
35, 139
35, 165
35, 278
36, 51
36, 119
36, 128
36, 203
36, 218
36, 220
36, 282
37, 136
38, 88
39, 48
39, 54
39, 62
39, 86
39, 87
39, 129
39, 207
39, 226
39, 248
40, 56
40, 64
40, 108
40, 144
40, 147
40, 164
40, 290
41, 47
41, 74
41, 78
41, 112
41, 142
41, 158
41, 175
41, 193
41, 199
41, 212
41, 227
41, 250
41, 254
41, 294
42, 131
42, 180
42, 224
42, 236
42, 246
42, 284
43, 45
43, 89
43, 94
43, 240
44, 63
44, 69
44, 90
44, 101
44, 118
44, 140
44, 167
44, 191
44, 214
44, 231
44, 272
44, 276
45, 89
45, 98
45, 145
45, 192
45, 240
46, 106
46, 283
47, 58
47, 77
47, 78
47, 112
47, 122
47, 146
47, 245
47, 254
47, 294
48, 54
49, 93
49, 170
49, 271
50, 55
50, 116
50, 232
50, 260
50, 268
51, 95
51, 104
51, 119
51, 123
51, 127
51, 137
51, 155
51, 205
51, 208
51, 211
51, 215
51, 218
51, 229
51, 247
52, 235
52, 237
52, 257
52, 286
54, 87
55, 125
55, 232
55, 268
55, 280
56, 64
56, 144
56, 156
57, 76
57, 99
57, 290
58, 269
59, 97
59, 185
60, 73
60, 130
60, 154
60, 291
60, 295
61, 244
61, 275
61, 296
62, 129
62, 200
62, 259
63, 66
63, 69
63, 231
64, 76
64, 288
64, 290
65, 67
65, 71
65, 148
65, 187
65, 242
65, 297
66, 69
67, 148
67, 242
68, 86
68, 121
68, 256
69, 238
70, 299
71, 157
71, 187
71, 239
71, 297
72, 83
72, 100
72, 110
72, 201
72, 253
72, 261
72, 262
72, 270
72, 289
73, 84
73, 120
73, 154
73, 171
73, 188
73, 291
74, 175
74, 212
75, 186
75, 281
76, 288
76, 290
77, 123
77, 153
77, 174
77, 209
77, 213
77, 229
77, 241
77, 245
77, 252
77, 294
78, 112
79, 169
79, 195
79, 202
79, 221
80, 161
80, 162
81, 165
81, 183
81, 278
81, 285
82, 92
82, 106
83, 100
83, 110
83, 201
83, 261
83, 289
85, 195
85, 198
86, 121
86, 207
86, 248
86, 256
87, 207
89, 240
90, 101
90, 118
90, 168
90, 272
91, 103
91, 298
92, 106
92, 150
92, 216
93, 170
93, 182
93, 271
95, 123
95, 155
95, 293
96, 160
97, 185
98, 145
98, 192
99, 126
99, 290
100, 270
100, 289
101, 272
102, 150
102, 172
103, 298
104, 109
104, 113
104, 135
104, 205
104, 208
105, 163
105, 166
105, 196
107, 141
107, 194
107, 230
107, 263
108, 144
109, 113
109, 179
109, 181
109, 219
111, 131
111, 134
111, 176
111, 266
112, 227
112, 250
112, 294
113, 135
113, 219
114, 124
114, 152
116, 132
116, 173
116, 260
117, 178
118, 140
118, 167
118, 168
118, 191
118, 214
119, 282
120, 188
120, 197
120, 265
120, 267
121, 256
122, 146
122, 245
123, 153
123, 155
123, 229
123, 241
124, 152
125, 280
126, 290
127, 208
127, 247
128, 203
128, 220
129, 200
129, 226
130, 154
130, 190
130, 295
131, 134
131, 176
131, 236
131, 284
133, 159
133, 234
133, 292
134, 176
134, 266
136, 139
136, 255
136, 279
137, 211
137, 229
138, 159
138, 163
138, 228
138, 264
138, 292
139, 255
139, 279
140, 167
140, 214
141, 194
141, 230
142, 158
142, 193
143, 186
144, 156
145, 192
147, 290
149, 199
150, 216
151, 239
153, 229
154, 190
154, 291
157, 187
158, 233
159, 292
160, 204
163, 228
163, 264
165, 278
166, 196
166, 251
169, 195
169, 275
171, 188
174, 213
174, 222
175, 212
175, 254
177, 243
179, 181
180, 246
181, 219
183, 285
184, 189
186, 274
186, 281
191, 214
194, 230
195, 198
195, 202
195, 244
195, 275
197, 265
197, 267
201, 261
202, 221
204, 280
205, 215
206, 217
206, 225
207, 248
208, 247
210, 249
210, 277
211, 247
212, 254
223, 233
224, 246
227, 250
229, 252
232, 268
236, 284
237, 257
243, 287
244, 275
249, 273
249, 277
250, 294
255, 279
261, 262
261, 289
262, 289
264, 292
265, 267
274, 281
275, 296
end