580
4
0, 0.9749182266478044, 0.342834471405031
1, 0.1262674717466331, 0.9703758084750698
2, 0.04740755462714863, 0.5561705622502842
3, 0.38350315395573176, 0.46838142740628363
4, 0.3020686084643104, 0.8929748023766052
5, 0.881839079482647, 0.4518711593335788
6, 0.3672332224616909, 0.36353534641047835
7, 0.9453384912950452, 0.21238352788016068
8, 0.6042655798029865, 0.07920997423331877
9, 0.12480543846607173, 0.18766281795862916
10, 0.14655286899756836, 0.7422393489322634
11, 0.047276088695070606, 0.9769930089781009
12, 0.7875424559070135, 0.09718896824758749
13, 0.2752959841484749, 0.66505487655295
14, 0.3620792874032688, 0.3020194781834731
15, 0.459017573379509, 0.0727518061220499
16, 0.5954536953589173, 0.16537840256395386
17, 0.03219728512215503, 0.4627331271436097
18, 0.3609596966500085, 0.27656996188118044
19, 0.6197190278347263, 0.12288384854718348
20, 0.720875737244434, 0.40852800302916836
21, 0.5232391516432254, 0.41766853980356666
22, 0.8041108471578708, 0.32673552936036787
23, 0.4819275624073529, 0.6228521089034865
24, 0.4736941177153585, 0.39042525565880326
25, 0.35398349695091214, 0.48379143945868164
26, 0.9696513048064827, 0.5683193562409382
27, 0.000530984356498565, 0.3062354124988138
28, 0.8357953242476562, 0.7792767085929957
29, 0.828813572715916, 0.8650346614208461
30, 0.740794068876325, 0.018990752215460205
31, 0.8774742806670898, 0.9158232317414834
32, 0.4899375826355533, 0.03464803551854567
33, 0.6143697016173304, 0.7190525619300203
34, 0.9821319125532614, 0.41696900127891556
35, 0.6817026679281323, 0.048362404444084794
36, 0.11593753691494413, 0.9770771158259522
37, 0.8876538016621863, 0.6013399644356161
38, 0.5835652028162784, 0.7480046711265087
39, 0.9399875919147503, 0.5181868326893331
40, 0.4187288661286742, 0.2581600972010979
41, 0.8665989715254702, 0.21733704170771861
42, 0.2520692954671022, 0.3708557035853354
43, 0.099708310848724, 0.3041144460464853
44, 0.30121381132340497, 0.27924408200160833
45, 0.8518678486663, 0.5254436353833601
46, 0.5630483405011889, 0.9429983182610667
47, 0.31371675578415614, 0.5374988535492504
48, 0.6564776907373925, 0.3671276072202596
49, 0.1415841760842621, 0.44140478346089085
50, 0.29029409865466127, 0.8936160541243794
51, 0.09585168673882838, 0.7733617388098306
52, 0.716081300951056, 0.5369634828242152
53, 0.2122303553516235, 0.07833052860784495
54, 0.29743231993130015, 0.9846245741465789
55, 0.6574566295745874, 0.6693321391652028
56, 0.17938167106189817, 0.2343763563284127
57, 0.14046973797866347, 0.9242576753785601
58, 0.062202622718633194, 0.6552548019728778
59, 0.2875747449761218, 0.027325395552566856
60, 0.798662740799416, 0.6936748983257447
61, 0.16149325879066667, 0.8676232981494005
62, 0.9330718980965599, 0.756223787415968
63, 0.201046487341897, 0.8178585350428957
64, 0.9139047304800216, 0.8866554669103865
65, 0.9919960523700836, 0.4392847908869997
66, 0.018700363603354808, 0.6015402596131345
67, 0.577818137230117, 0.061536051963904215
68, 0.8982975261826527, 0.733415708772753
69, 0.8395432248939806, 0.938033597005569
70, 0.6289944631356594, 0.7540998850127834
71, 0.7993685961997076, 0.15495209695350298
72, 0.3383140214256487, 0.17720457575346538
73, 0.9976751849366187, 0.5921937310236595
74, 0.478066597023186, 0.6438874923952965
75, 0.9871806605444158, 0.43578565046675266
76, 0.47522800621965255, 0.3496842272703864
77, 0.10934212896558415, 0.2987636949087602
78, 0.8664350249418136, 0.10238420894373013
79, 0.21594827624022106, 0.6261527563504324
80, 0.178566753176836, 0.9984278133930713
81, 0.7214469645761558, 0.16029876163004408
82, 0.7874884056555916, 0.5287293947910185
83, 0.7899276998042998, 0.3413140901982147
84, 0.6372156266318756, 0.7136732749444387
85, 0.32162170935956425, 0.41842068472941873
86, 0.3729418341437961, 0.38302083728247016
87, 0.3001965079497714, 0.9048408283346445
88, 0.16277100859524696, 0.0978492661231487
89, 0.0929413315169938, 0.4078201657818795
90, 0.18365694925326703, 0.4000921361214197
91, 0.6877542578447019, 0.48751097777760544
92, 0.7873617580692225, 0.5897241497002217
93, 0.22381895780669603, 0.5543141317759988
94, 0.31401186662390823, 0.8845590170797697
95, 0.03125247562245281, 0.07444623987685106
96, 0.43669208673842297, 0.31853046817508424
97, 0.7556320162348394, 0.40442547738326784
98, 0.07110613176607838, 0.209288076713796
99, 0.38235187102912194, 0.4681270771574264
100, 0.5767865877837528, 0.41149253505395955
101, 0.869564070620617, 0.08977237571254715
102, 0.1385620145856682, 0.6912439034151763
103, 0.005431869015663837, 0.5060256813967167
104, 0.3625713927065446, 0.8463254009337193
105, 0.8675709174083601, 0.008104533123967306
106, 0.5946032941746515, 0.8791727576054641
107, 0.6765139524159929, 0.8341440547670304
108, 0.7114476213226715, 0.5843247708430557
109, 0.23470407498039425, 0.8130049720734563
110, 0.898602948238425, 0.7163401130907119
111, 0.4102746582687119, 0.45558360156376854
112, 0.8344446779129884, 0.1997512236897141
113, 0.40976173885737655, 0.3620088568619251
114, 0.9627413301270834, 0.33462956273781774
115, 0.07747590082453337, 0.3223310148267686
116, 0.13858847685936138, 0.3296731224116328
117, 0.3142478241686322, 0.15834693246423437
118, 0.6086812913330455, 0.5174257874212266
119, 0.06351427067799831, 0.10695713194704382
120, 0.19374841810702936, 0.41977538723177865
121, 0.5161869431266509, 0.9311514741860365
122, 0.3233755969138452, 0.8843299780287475
123, 0.9426377771083881, 0.8017450139791383
124, 0.25071181777765095, 0.8410777840767975
125, 0.9696794204198915, 0.35530266917142794
126, 0.6611049994700335, 0.8175415214263478
127, 0.3547559184707919, 0.4327337824135348
128, 0.9071691088847317, 0.0871226006432243
129, 0.09131303654370204, 0.6734979864518231
130, 0.8988501646994855, 0.9793677335633514
131, 0.7805592857871883, 0.04082384785659798
132, 0.5925276247588689, 0.7456439105153664
133, 0.43742922013996366, 0.23995256879933335
134, 0.73666662276643, 0.7787893323826379
135, 0.753009088923301, 0.09198735454647089
136, 0.3568889196140934, 0.7676547481809372
137, 0.9814093403396128, 0.1630668941342217
138, 0.021172017612895555, 0.9230974684467188
139, 0.28906024416705745, 0.9320135608837169
140, 0.025520739241300716, 0.993211332205038
141, 0.15517009282635097, 0.4564052308142602
142, 0.8597926309663053, 0.03363981975228447
143, 0.18563303410276666, 0.8663231386296364
144, 0.7837953734012251, 0.26739117696864956
145, 0.23561215255755652, 0.9438812735051283
146, 0.10006673615378292, 0.10737627038446995
147, 0.1134929499060282, 0.9119617296680347
148, 0.6195263517951941, 0.7402933826770967
149, 0.9197155435463762, 0.8797221003521923
150, 0.15034040251310465, 0.8269503713719254
151, 0.8668352823067612, 0.11472227455573081
152, 0.8338347180680592, 0.9574779952165655
153, 0.7122899016217001, 0.40594348496924393
154, 0.7688832252803642, 0.2875478886959443
155, 0.5083738075672037, 0.8380081943481335
156, 0.9751311919763758, 0.8810863027938707
157, 0.2442347883330872, 0.5690355056743762
158, 0.6188314630509494, 0.4454411326022235
159, 0.6656667886277078, 0.44593228208592117
160, 0.15117067746017543, 0.41304471228997275
161, 0.5096086070539309, 0.7581692150442161
162, 0.13749149861413645, 0.5480552580742137
163, 0.6584397257726644, 0.871904760941828
164, 0.9206826746100608, 0.6498617876521824
165, 0.24603039610720967, 0.3509667421389646
166, 0.8179433035450661, 0.5723563156283284
167, 0.035101814529199915, 0.76360922251394
168, 0.2831340747021317, 0.49076823687919247
169, 0.38089664640505183, 0.42722297175874446
170, 0.14970877721756048, 0.7482713773301105
171, 0.8711718653950572, 0.9174297571830805
172, 0.6539038984299141, 0.32895054666785717
173, 0.723179930505305, 0.8807716033872766
174, 0.7855741826409783, 0.9849430504312637
175, 0.8421908323733883, 0.4028020775803859
176, 0.9939931550209271, 0.8065234922822038
177, 0.9008428797165858, 0.7701475064058128
178, 0.15572885109412504, 0.9461941698931905
179, 0.6611399983507246, 0.8972457777447624
180, 0.9160157258707606, 0.10550506771874446
181, 0.14343484960052133, 0.9048776134147996
182, 0.14885995120499207, 0.7347327709658565
183, 0.017332170274939718, 0.7827781465863741
184, 0.3475867533597886, 0.874382856662892
185, 0.5715436266255218, 0.5668023125069251
186, 0.598545308264087, 0.23896918525720545
187, 0.6122730121771143, 0.69880371032851
188, 0.34061585254114624, 0.8435251742860901
189, 0.49313518241373744, 0.43536108118227246
190, 0.5648139556187268, 0.06536406052347321
191, 0.06776082345671786, 0.6132973748705046
192, 0.7876426017162447, 0.5142150309124185
193, 0.3611160819240903, 0.26758490083636555
194, 0.08918163083850073, 0.4133823948876494
195, 0.3408310371224269, 0.09843905533659214
196, 0.29128739056394326, 0.2321015989357912
197, 0.0013343222597279603, 0.8691167895021144
198, 0.43030171740298107, 0.12949115247441312
199, 0.09612067388850398, 0.15192408984322592
200, 0.35609285640994304, 0.5901198937106042
201, 0.7235879951353921, 0.5894869596897341
202, 0.6597149651865972, 0.9751196191996649
203, 0.7293187596973303, 0.13059401214554733
204, 0.5472849656170553, 0.2993333560141769
205, 0.6906109778877025, 0.7060785731560978
206, 0.8117905491814517, 0.26287956974573734
207, 0.3810445226450748, 0.7245002590161758
208, 0.9266050149500761, 0.0927893540619904
209, 0.2623578198859531, 0.6740267983739786
210, 0.9250619876024974, 0.41553813556997976
211, 0.904330565032377, 0.962200172745504
212, 0.4500535170149269, 0.47488838013763957
213, 0.43806861631976146, 0.823050811523759
214, 0.5630314297146851, 0.24865720499745136
215, 0.27314579476473844, 0.31555083701351583
216, 0.6046233544526931, 0.42168847646579055
217, 0.09102146260965682, 0.45475349072353444
218, 0.7094101252312222, 0.3058873365387803
219, 0.12403002251602713, 0.8660816559498594
220, 0.7832482197561663, 0.5166421439596284
221, 0.6363113387338123, 0.7492036898311616
222, 0.6029413778138113, 0.4468442383860066
223, 0.8465146262402333, 0.8798219324475879
224, 0.6673750658613846, 0.6940665608551442
225, 0.5608390785574042, 0.012406595837540113
226, 0.9579790556117779, 0.18372012129495974
227, 0.5221433031253738, 0.9889329922549656
228, 0.9480683003474568, 0.9566112138372375
229, 0.6773259390642351, 0.6754059648079902
230, 0.10266222481312048, 0.7435707232569158
231, 0.35475264687794783, 0.07393501314819673
232, 0.6137336465045625, 0.5166744927251194
233, 0.5901575027647421, 0.9184137414330372
234, 0.2578575365861192, 0.9604728962190594
235, 0.4724637193903847, 0.9706600751048428
236, 0.2406540016012937, 0.9055907504972803
237, 0.4343756012583472, 0.2829870392826157
238, 0.03384631292616336, 0.45418327412774584
239, 0.5268021016264788, 0.9613072164545021
240, 0.14342068067717784, 0.5520972740820672
241, 0.9219926989715665, 0.2967949444989837
242, 0.7125659535245652, 0.38674178189402963
243, 0.6494509554589194, 0.7222965184253903
244, 0.4734099976996413, 0.7646970110375231
245, 0.0700575490033416, 0.3047434532574852
246, 0.4490490787643764, 0.7376265693775889
247, 0.5641492286919124, 0.213332301214614
248, 0.06149773209085285, 0.6363478350107968
249, 0.7278098300021696, 0.6719103401538101
250, 0.04717949644455399, 0.07857424512391908
251, 0.9564164426990395, 0.08295372979364657
252, 0.9399409125456875, 0.11348057937792011
253, 0.5437376116167454, 0.339500211077693
254, 0.068677653641119, 0.6221562339226071
255, 0.5291988318988603, 0.5542130342705583
256, 0.6387723001575033, 0.5526474016150559
257, 0.4055736829219677, 0.7426921534034134
258, 0.5125542802080603, 0.7639556331862933
259, 0.6388303235397552, 0.38547540961501015
260, 0.5499247131325422, 0.09449667663622574
261, 0.5073852603576479, 0.046438574146647316
262, 0.2369627416411184, 0.3244445318185728
263, 0.5738682863140246, 0.8692810616605315
264, 0.3361427959777864, 0.9793064087552409
265, 0.018542690473338452, 0.7371364486245205
266, 0.7299375158179071, 0.7474297216646424
267, 0.4354762699113708, 0.3791523348408279
268, 0.09894395619075635, 0.033153301069758334
269, 0.06226506211059801, 0.06856079611910115
270, 0.5305875041423289, 0.7695981148213168
271, 0.4137459411435591, 0.7166535907934183
272, 0.8649371270570946, 0.6451953095733624
273, 0.7069211487194539, 0.6903183518699026
274, 0.9104482024930747, 0.8909296665529852
275, 0.3983032846403718, 0.24443206402411466
276, 0.8386073015194202, 0.5171875539530516
277, 0.8341601775680022, 0.9549172856434398
278, 0.03360512857215503, 0.21729234267517128
279, 0.670415868477795, 0.5533400980503499
280, 0.3350997869181731, 0.5515824176166194
281, 0.5981332701727969, 0.37525322639855285
282, 0.31642031712271423, 0.034862193498088834
283, 0.9072633761436673, 0.2679186112140902
284, 0.3144115859146036, 0.1902988801989246
285, 0.07284375214128713, 0.6069716657591834
286, 0.5286054656937249, 0.30943543565891796
287, 0.28953263495317894, 0.808834580783563
288, 0.7739273907710156, 0.7880238463517683
289, 0.9230131349694839, 0.37751435448767956
290, 0.48386303914092366, 0.7511803802404383
291, 0.5624335328295164, 0.30023890420545096
292, 0.8443284426279641, 0.7323178884931356
293, 0.9005060213618938, 0.8776156111083293
294, 0.428418010761334, 0.6704248423828687
295, 0.026480367423331153, 0.5210620357309369
296, 0.011033220231242868, 0.5069755482413771
297, 0.5443090295337563, 0.6617638698711111
298, 0.6687228577912273, 0.6471951931552441
299, 0.6347638544960482, 0.4152346416130779
300, 0.8259340119584189, 0.5292734833263866
301, 0.2855119980682782, 0.32504528085021234
302, 0.511406230358833, 0.11036719162041275
303, 0.7614466374315969, 0.3152299270761564
304, 0.49830559912548933, 0.7087713493655592
305, 0.3704118208431416, 0.9960585427946883
306, 0.5749673922169111, 0.19589073706300253
307, 0.8687236294192525, 0.6923115922675687
308, 0.6600327360775943, 0.9540646320409009
309, 0.7850896162816554, 0.2615861662854476
310, 0.12056900799738357, 0.30246036144741006
311, 0.24006947846019921, 0.7275078940536628
312, 0.4734036080587011, 0.531340832110725
313, 0.9111820915133894, 0.7900800438488187
314, 0.6487672642861042, 0.9884690770455891
315, 0.10355469336534384, 0.8973892749850287
316, 0.7804845348329358, 0.9648120161002072
317, 0.20788465877974405, 0.8828847793635919
318, 0.9063799180098422, 0.6681944585417506
319, 0.7732570129264705, 0.5874565120796124
320, 0.5515466051358859, 0.49064494756630983
321, 0.7388367834674187, 0.20844778306252942
322, 0.02423534146664752, 0.10091658572116058
323, 0.0561406604976612, 0.7903226013873509
324, 0.06929691157926188, 0.436293539841458
325, 0.5340317905678212, 0.5242249324054961
326, 0.3085101721588759, 0.5027609285104343
327, 0.9189607451320894, 0.6067415844603324
328, 0.35146566141259716, 0.16200246603965152
329, 0.34261109949206126, 0.3013462368403389
330, 0.2627831279803945, 0.1909798724131886
331, 0.5773901993513919, 0.7007483272346795
332, 0.43958944631361774, 0.31971635212019556
333, 0.3988933843321262, 0.10373772620370358
334, 0.7958576941605429, 0.5131325424106623
335, 0.0654173886524676, 0.9772118705801625
336, 0.019479394521121463, 0.8829576019714104
337, 0.4238021870626797, 0.36428397535787427
338, 0.16092509604145366, 0.4788576460771592
339, 0.4900137072476738, 0.4510207627894045
340, 0.24731424311073225, 0.733317520461796
341, 0.8325052408448201, 0.5473060325758258
342, 0.1722448588051061, 0.8878575793212243
343, 0.5831334672148442, 0.7283826426861105
344, 0.18237630903082003, 0.3312810205272908
345, 0.06620145123422227, 0.7349478334658417
346, 0.4667732770163009, 0.3513856755510456
347, 0.9890161583825411, 0.4163925494308114
348, 0.5834232136682508, 0.6956036897525649
349, 0.2331786784205715, 0.3906440725736262
350, 0.13789584586352, 0.31393740772791034
351, 0.26322035058478277, 0.2449086490672827
352, 0.639801090709041, 0.9927794842656917
353, 0.7814961217115468, 0.6217148676598367
354, 0.6518957690992886, 0.7261725805143854
355, 0.32820194660535285, 0.47118136155342294
356, 0.06197262327229758, 0.5705363710437862
357, 0.13032562388256053, 0.4358767292470541
358, 0.21519901413246167, 0.6181080543948401
359, 0.8163514442246456, 0.6776869350870998
360, 0.790333408119288, 0.25632101415723485
361, 0.812448788619533, 0.21903967344772624
362, 0.4426326583028133, 0.9695449671391065
363, 0.35613461603326735, 0.6478428442285273
364, 0.3633531278530907, 0.7874085359251648
365, 0.732087497843191, 0.9694370995658046
366, 0.7342900063887731, 0.5643716952952793
367, 0.3438099979718019, 0.3272356294175096
368, 0.342881878991279, 0.027954654187534178
369, 0.38438499338916143, 0.14022983605592665
370, 0.05971652077001666, 0.8813021153295941
371, 0.9289234191505346, 0.7576537954606533
372, 0.055553740784687, 0.1139242705811424
373, 0.31840766967407375, 0.6786065720513593
374, 0.9458232050330078, 0.3759388188791727
375, 0.0163633414258606, 0.514233806132157
376, 0.7828530838685702, 0.024248427901771175
377, 0.4803383188233763, 0.4178444826345854
378, 0.3779494120851862, 0.734583461856574
379, 0.4668463823616402, 0.36835303272368214
380, 0.888120037197681, 0.8703835018995149
381, 0.803667211527049, 0.22379445363362926
382, 0.49509173072190005, 0.980398492671325
383, 0.16028601592099778, 0.1167070744846257
384, 0.27275516001951017, 0.08937031577043175
385, 0.5115745598951956, 0.627654024703081
386, 0.5576962595552998, 0.4610680906466834
387, 0.9536874790810587, 0.7673927692167108
388, 0.0824414012246939, 0.3206406742304241
389, 0.2822097710549336, 0.7440341411836431
390, 0.7672005672507768, 0.8811231479702997
391, 0.3946797186035145, 0.8443121695029798
392, 0.864344018042279, 0.5074828478113645
393, 0.3108533614134479, 0.1672540513682842
394, 0.8815874894588988, 0.1777124001360434
395, 0.8924660788282197, 0.9971654976638975
396, 0.010862518642257069, 0.6380820089636399
397, 0.14655613238242526, 0.8422041046899319
398, 0.2691439756253837, 0.4690147035638168
399, 0.9818841392868192, 0.5114389898214141
400, 0.38675354397345574, 0.636306213279048
401, 0.3465357900058297, 0.6666872714362783
402, 0.019323326023885756, 0.944415930246907
403, 0.6851393084069216, 0.41726321553725854
404, 0.7023027733789673, 0.5947330881334447
405, 0.17116570639910955, 0.9244802868538459
406, 0.24039635285867889, 0.5153630937712483
407, 0.03987499864722466, 0.4881492379769431
408, 0.20591064833472217, 0.25703354541254153
409, 0.048029665905824914, 0.10608069892169325
410, 0.6666574462135852, 0.8905673558486352
411, 0.3636763605702341, 0.27636814328405745
412, 0.06278994292720519, 0.5828990250413745
413, 0.6448240120815563, 0.7322592223341385
414, 0.2942746396197179, 0.2153394639535242
415, 0.5749618224500646, 0.9474183055724901
416, 0.42140814389995795, 0.9731204575359237
417, 0.5102508074824582, 0.6580160048358207
418, 0.37430927265665936, 0.9549747236969751
419, 0.3651826501544755, 0.3650229083030746
420, 0.7372150088705687, 0.14751043464541347
421, 0.4946844182629825, 0.8763822040988115
422, 0.39611290382106046, 0.33338379971624077
423, 0.9823831522008444, 0.8586692059591541
424, 0.44678031982290134, 0.189329842483277
425, 0.7075436253262635, 0.02537767859980966
426, 0.23551246722765729, 0.9713852765615164
427, 0.9269317638530766, 0.7086278596260267
428, 0.004294624060612762, 0.33768742270341157
429, 0.7008743585620619, 0.821813634140461
430, 0.4636658057956836, 0.6913042462214638
431, 0.349875127896234, 0.8470020216730219
432, 0.5501753373928094, 0.8594785792234843
433, 0.1297091884692142, 0.599068051396748
434, 0.03966003486113745, 0.637715196681266
435, 0.37220423378984646, 0.38612210327873153
436, 0.9241520086431967, 0.053334806967104464
437, 0.1740857428441288, 0.1633681397312966
438, 0.01671494205187607, 0.5030634383869176
439, 0.6999276253965276, 0.6612007124702307
440, 0.535224963443136, 0.7167895573395766
441, 0.4865198047062873, 0.2954476824606611
442, 0.720285449868729, 0.8245283076802251
443, 0.8919670973123044, 0.34511776599631905
444, 0.9687706172486656, 0.7417386308280584
445, 0.6715401732076959, 0.8421179816376542
446, 0.5784941872189916, 0.43572426928389607
447, 0.06430086164901838, 0.6465928326610603
448, 0.7940060245724841, 0.830638814108597
449, 0.004128725850919057, 0.8059061966880962
450, 0.878853196257228, 0.5651436428557576
451, 0.13054858683688153, 0.138802526098182
452, 0.14738782373586046, 0.0056279053441105065
453, 0.6441963191869855, 0.15883919019047943
454, 0.15700144384332926, 0.7696557532474743
455, 0.9260626495210664, 0.14555790721672868
456, 0.48132286245738376, 0.47338117425160386
457, 0.21530411217609602, 0.772102117982106
458, 0.8445391175583723, 0.8076491172401464
459, 0.5011524124594946, 0.4403415704591024
460, 0.7543905599304076, 0.35619004774609186
461, 0.5485802428727667, 0.5447737577096606
462, 0.8037927869361029, 0.4759047630890081
463, 0.4054822022644674, 0.4919724568195084
464, 0.08465439929794738, 0.558719051790572
465, 0.8077249376405922, 0.3302279388057149
466, 0.7683370010701595, 0.7288900848974117
467, 0.2866353941468127, 0.8822815932751013
468, 0.5694861517293573, 0.18468892105161938
469, 0.9596818125411467, 0.5240192812121406
470, 0.6357213624693931, 0.8518635481459061
471, 0.30964986439378295, 0.6238961459593323
472, 0.6962820791261668, 0.8589179645544657
473, 0.6190589689427999, 0.8162039521417767
474, 0.04350746695161167, 0.6497957164614895
475, 0.3641394472487709, 0.9843145078434373
476, 0.8552030111247824, 0.5359528723185355
477, 0.4545107653786674, 0.4781194750889395
478, 0.6165067876161325, 0.563297763758419
479, 0.5503484076041218, 0.39720291297846866
480, 0.9669771294121178, 0.2565179078113696
481, 0.07128514790626905, 0.32646341839800486
482, 0.7403084242531083, 0.499776319161479
483, 0.6843202691912881, 0.002973522948985896
484, 0.26310267612925553, 0.8593176991892384
485, 0.3484221810509055, 0.5981251642895071
486, 0.7016648021349684, 0.8491157994951847
487, 0.36741305614787334, 0.5112288807477511
488, 0.07262160092167669, 0.5221663611686367
489, 0.5715005118643786, 0.22986635788654464
490, 0.012929209449952905, 0.31717198904143595
491, 0.5058183023280807, 0.8964030078957569
492, 0.4882935510476152, 0.5329253256499279
493, 0.8543289196198618, 0.27493668685204475
494, 0.8860997194242695, 0.47485669345557335
495, 0.8458365139931412, 0.30362840688838144
496, 0.8559457909957283, 0.03675312533615038
497, 0.5287637941520914, 0.11687895362573708
498, 0.9593319558265382, 0.3717509287175571
499, 0.12414452461688985, 0.9258168499680202
500, 0.5180995541182964, 0.7447715523527636
501, 0.03993301010494621, 0.4445889454771397
502, 0.7403386035063402, 0.3291018863637991
503, 0.2544012520664284, 0.42217731132685377
504, 0.25474301950291445, 0.37096989660033786
505, 0.8163351636477754, 0.25773910889292584
506, 0.2601450814868972, 0.8850034532833497
507, 0.4960474611900212, 0.5496750636064143
508, 0.06880707817267562, 0.9355805806610843
509, 0.37822767646251243, 0.16375350446665105
510, 0.6023719664237556, 0.9983118811663957
511, 0.5820838641521927, 0.23609405283293772
512, 0.45708229211485385, 0.09022040223826899
513, 0.3044606581719055, 0.6807430502128573
514, 0.674528534779964, 0.6357269836577476
515, 0.40005942033236064, 0.12109680621700025
516, 0.638804596540867, 0.9071068273717934
517, 0.07306577350306143, 0.1362541545507543
518, 0.025209385375406956, 0.23704679021078257
519, 0.9085999433297698, 0.7293052734765818
520, 0.6963083649978259, 0.5045847094430597
521, 0.22336332343966836, 0.5283750819970847
522, 0.0017298836896920688, 0.20083556588186724
523, 0.01667233414712188, 0.1378565832897527
524, 0.6535032554960643, 0.9874892393720951
525, 0.14957558767527257, 0.473842391627706
526, 0.23280827489635714, 0.9548649666424959
527, 0.1825185102210478, 0.14623833962180266
528, 0.7417867986993127, 0.7092436733273622
529, 0.7443004660009692, 0.3655411015023615
530, 0.4487607218677161, 0.13077779960230684
531, 0.5946749834176863, 0.37254373580968037
532, 0.3133379063668371, 0.1789475029876555
533, 0.8467015527427622, 0.14476238850620704
534, 0.7655461362964203, 0.17787922565442604
535, 0.8278396747627114, 0.8801847035056395
536, 0.14604407903048522, 0.17274179098160958
537, 0.7115003390290467, 0.6025855815725217
538, 0.21921433260503664, 0.2249331438055011
539, 0.6373424757797254, 0.09794079236887698
540, 0.14550842855208534, 0.6166601751471295
541, 0.4302715918346044, 0.11578347464317373
542, 0.7889618262260834, 0.31095113477664627
543, 0.7535391517849239, 0.1832523476255613
544, 0.6076420767489691, 0.9158242410695735
545, 0.665162320101677, 0.8610900999435289
546, 0.03884555923302435, 0.9045126527277273
547, 0.43186428344777117, 0.9673755587696061
548, 0.5789679286978173, 0.04423526230041641
549, 0.7208394909239552, 0.5859712740627626
550, 0.8971929775767873, 0.699339722118751
551, 0.5271771919772723, 0.46857295441603997
552, 0.5341623501675016, 0.4962298334798131
553, 0.6903421832810599, 0.6989287789382252
554, 0.6635237007314663, 0.46484472170930313
555, 0.08370461080824576, 0.5305022641128521
556, 0.24581042894874305, 0.8102094171543861
557, 0.4420745354006457, 0.9639228030786235
558, 0.8621688657565448, 0.7029627104740261
559, 0.8970357713034572, 0.5410950653226755
560, 0.4634477629852656, 0.23276507373112298
561, 0.40937016417731975, 0.22220177332892355
562, 0.04877635399738345, 0.4268605592947313
563, 0.18522537201306988, 0.3833512948337432
564, 0.10003917838801624, 0.01048987974593496
565, 0.05451640374791222, 0.8745648977713913
566, 0.14305353870615234, 0.5723447140019765
567, 0.6803611049981725, 0.7453557208651928
568, 0.45911442768923916, 0.6608736345201514
569, 0.35307693863008116, 0.741121863816299
570, 0.1670073828517542, 0.8838552621692279
571, 0.7102321519527793, 0.39470544398199947
572, 0.5401060709295, 0.3460979820459351
573, 0.1070576589658282, 0.06230843564743094
574, 0.6889132945815186, 0.8599452462561857
575, 0.8114026439804513, 0.8779234236728635
576, 0.8507184193952064, 0.9653597391158278
577, 0.06733872254134499, 0.27974560887010014
578, 0.997017000644944, 0.5890590164189288
579, 0.7374296823949233, 0.7814555499558086
end_nodes
0, 1
0, 2
0, 3
0, 4
0, 5
0, 6
0, 7
0, 8
0, 9
0, 10
0, 11
0, 12
0, 13
0, 14
0, 15
0, 16
0, 17
0, 18
0, 19
0, 20
0, 21
0, 22
0, 23
0, 24
25, 2
25, 162
25, 240
25, 356
25, 406
25, 412
25, 464
25, 521
26, 1
26, 2
26, 3
26, 4
26, 6
26, 7
26, 8
26, 9
26, 10
26, 11
26, 12
26, 13
26, 14
26, 15
26, 16
26, 17
26, 18
26, 19
26, 21
26, 22
26, 23
26, 24
26, 27
26, 28
29, 1
29, 2
29, 3
29, 4
29, 6
29, 7
29, 8
29, 9
29, 10
29, 11
29, 12
29, 13
29, 14
29, 15
29, 16
29, 17
29, 18
29, 19
29, 21
29, 22
29, 23
29, 24
29, 27
29, 30
31, 1
31, 2
31, 3
31, 4
31, 6
31, 7
31, 8
31, 9
31, 10
31, 11
31, 12
31, 13
31, 14
31, 15
31, 16
31, 17
31, 18
31, 19
31, 21
31, 22
31, 23
31, 24
31, 27
31, 30
33, 132
33, 155
33, 305
33, 362
33, 416
33, 421
33, 475
33, 547
33, 557
34, 1
34, 2
34, 3
34, 4
34, 6
34, 7
34, 8
34, 9
34, 10
34, 11
34, 12
34, 13
34, 14
34, 15
34, 16
34, 17
34, 18
34, 19
34, 21
34, 22
34, 23
34, 24
34, 27
34, 28
37, 1
37, 2
37, 3
37, 4
37, 6
37, 7
37, 8
37, 9
37, 10
37, 11
37, 12
37, 13
37, 14
37, 15
37, 16
37, 17
37, 18
37, 19
37, 21
37, 22
37, 23
37, 24
37, 27
37, 28
38, 155
38, 305
38, 416
38, 421
38, 475
38, 547
39, 1
39, 2
39, 3
39, 4
39, 6
39, 7
39, 8
39, 9
39, 10
39, 11
39, 12
39, 13
39, 14
39, 15
39, 16
39, 17
39, 18
39, 19
39, 21
39, 22
39, 23
39, 24
39, 27
39, 28
41, 8
41, 9
41, 12
41, 15
41, 16
41, 19
41, 30
41, 32
41, 35
41, 53
41, 56
41, 59
41, 67
41, 71
41, 72
41, 81
41, 88
41, 95
41, 98
41, 112
41, 117
41, 119
41, 131
41, 133
45, 1
45, 2
45, 3
45, 4
45, 6
45, 8
45, 9
45, 10
45, 11
45, 12
45, 13
45, 14
45, 15
45, 16
45, 17
45, 18
45, 19
45, 21
45, 22
45, 23
45, 24
45, 27
45, 30
45, 32
46, 227
48, 6
48, 9
48, 14
48, 17
48, 18
48, 24
48, 27
48, 42
48, 43
48, 44
48, 49
48, 56
48, 76
48, 77
48, 85
48, 86
48, 89
48, 90
48, 96
48, 98
48, 103
48, 113
48, 115
48, 116
52, 1
52, 4
52, 11
52, 36
52, 50
52, 54
52, 57
52, 61
52, 63
52, 80
52, 87
52, 94
52, 104
52, 109
52, 122
52, 124
52, 136
52, 138
52, 139
52, 140
52, 143
52, 145
52, 147
52, 161
55, 132
55, 155
55, 305
55, 362
55, 416
55, 418
55, 421
55, 475
55, 491
55, 547
55, 557
60, 1
60, 2
60, 3
60, 4
60, 6
60, 9
60, 10
60, 11
60, 13
60, 14
60, 15
60, 17
60, 18
60, 21
60, 23
60, 24
60, 27
60, 32
60, 36
60, 40
60, 42
60, 43
60, 44
60, 47
62, 1
62, 2
62, 3
62, 4
62, 6
62, 7
62, 8
62, 9
62, 10
62, 11
62, 12
62, 13
62, 14
62, 15
62, 16
62, 17
62, 18
62, 19
62, 21
62, 22
62, 23
62, 24
62, 27
62, 30
64, 1
64, 2
64, 3
64, 4
64, 6
64, 7
64, 8
64, 9
64, 10
64, 11
64, 12
64, 13
64, 14
64, 15
64, 16
64, 17
64, 18
64, 19
64, 21
64, 22
64, 23
64, 24
64, 27
64, 30
65, 1
65, 2
65, 3
65, 4
65, 6
65, 7
65, 8
65, 9
65, 10
65, 11
65, 12
65, 13
65, 14
65, 15
65, 16
65, 17
65, 18
65, 19
65, 21
65, 22
65, 23
65, 24
65, 27
65, 28
68, 1
68, 2
68, 3
68, 4
68, 6
68, 7
68, 8
68, 9
68, 10
68, 11
68, 12
68, 13
68, 14
68, 15
68, 16
68, 17
68, 18
68, 19
68, 21
68, 22
68, 23
68, 24
68, 27
68, 28
69, 1
69, 2
69, 3
69, 4
69, 6
69, 7
69, 8
69, 9
69, 10
69, 11
69, 12
69, 13
69, 14
69, 15
69, 16
69, 17
69, 18
69, 19
69, 21
69, 22
69, 23
69, 24
69, 27
69, 30
70, 1
70, 4
70, 10
70, 11
70, 36
70, 50
70, 51
70, 54
70, 57
70, 61
70, 63
70, 80
70, 87
70, 94
70, 104
70, 109
70, 122
70, 124
70, 136
70, 138
70, 139
70, 140
70, 143
70, 145
73, 1
73, 2
73, 3
73, 4
73, 6
73, 7
73, 8
73, 9
73, 10
73, 11
73, 12
73, 13
73, 14
73, 15
73, 16
73, 17
73, 18
73, 19
73, 21
73, 22
73, 23
73, 24
73, 27
73, 28
74, 11
74, 36
74, 57
74, 61
74, 63
74, 109
74, 124
74, 138
74, 140
74, 143
74, 147
74, 150
74, 181
74, 207
74, 219
74, 287
74, 294
74, 315
74, 317
74, 335
74, 336
74, 342
74, 370
74, 378
75, 1
75, 2
75, 3
75, 4
75, 6
75, 7
75, 8
75, 9
75, 10
75, 11
75, 12
75, 13
75, 14
75, 15
75, 16
75, 17
75, 18
75, 19
75, 21
75, 22
75, 23
75, 24
75, 27
75, 28
78, 142
78, 496
82, 54
82, 84
82, 106
82, 121
82, 132
82, 148
82, 155
82, 161
82, 187
82, 213
82, 224
82, 227
82, 229
82, 233
82, 234
82, 235
82, 239
82, 243
82, 258
82, 263
82, 264
82, 270
82, 305
82, 331
83, 2
83, 3
83, 6
83, 9
83, 10
83, 13
83, 14
83, 15
83, 16
83, 17
83, 18
83, 21
83, 24
83, 27
83, 32
83, 40
83, 42
83, 43
83, 44
83, 47
83, 49
83, 51
83, 53
83, 56
91, 1
91, 4
91, 10
91, 11
91, 13
91, 23
91, 36
91, 50
91, 51
91, 57
91, 58
91, 61
91, 63
91, 79
91, 80
91, 94
91, 102
91, 109
91, 118
91, 124
91, 129
91, 136
91, 138
91, 140
92, 1
92, 2
92, 3
92, 4
92, 6
92, 8
92, 9
92, 10
92, 11
92, 13
92, 14
92, 15
92, 16
92, 17
92, 18
92, 19
92, 21
92, 23
92, 24
92, 27
92, 32
92, 36
92, 40
92, 42
97, 1
97, 2
97, 3
97, 6
97, 9
97, 10
97, 11
97, 13
97, 14
97, 17
97, 18
97, 21
97, 23
97, 24
97, 27
97, 36
97, 42
97, 43
97, 44
97, 47
97, 49
97, 51
97, 56
97, 57
100, 2
100, 3
100, 17
100, 21
100, 49
100, 66
100, 85
100, 99
100, 103
100, 111
100, 120
100, 127
100, 141
100, 162
100, 168
100, 169
100, 189
100, 217
100, 238
100, 240
100, 295
100, 296
100, 324
100, 326
101, 142
101, 496
107, 54
107, 106
107, 121
107, 227
107, 233
107, 235
107, 239
107, 264
107, 305
107, 362
107, 382
107, 415
107, 416
107, 418
107, 445
107, 470
107, 475
107, 491
107, 544
107, 547
107, 557
108, 54
108, 87
108, 132
108, 139
108, 155
108, 161
108, 184
108, 187
108, 213
108, 234
108, 258
108, 264
108, 270
108, 305
108, 331
108, 343
108, 348
108, 362
108, 391
108, 416
108, 418
108, 421
108, 426
108, 475
110, 1
110, 2
110, 3
110, 4
110, 6
110, 7
110, 8
110, 9
110, 10
110, 11
110, 12
110, 13
110, 14
110, 15
110, 16
110, 17
110, 18
110, 19
110, 21
110, 22
110, 23
110, 24
110, 27
110, 28
114, 1
114, 2
114, 3
114, 4
114, 6
114, 7
114, 8
114, 9
114, 10
114, 11
114, 12
114, 13
114, 14
114, 15
114, 16
114, 17
114, 18
114, 19
114, 20
114, 21
114, 22
114, 23
114, 24
114, 27
123, 1
123, 2
123, 3
123, 4
123, 6
123, 7
123, 8
123, 9
123, 10
123, 12
123, 13
123, 14
123, 15
123, 16
123, 17
123, 18
123, 19
123, 21
123, 22
123, 23
123, 24
123, 27
123, 30
123, 32
125, 3
125, 4
125, 5
125, 6
125, 7
125, 8
125, 12
125, 13
125, 14
125, 15
125, 16
125, 18
125, 19
125, 20
125, 21
125, 22
125, 23
125, 24
125, 27
125, 28
125, 30
125, 32
125, 35
125, 36
126, 36
126, 54
126, 80
126, 87
126, 106
126, 121
126, 139
126, 140
126, 145
126, 178
126, 227
126, 233
126, 234
126, 235
126, 239
126, 263
126, 264
126, 305
126, 335
126, 362
126, 382
126, 415
126, 416
126, 418
130, 7
130, 8
130, 12
130, 15
130, 16
130, 19
130, 22
130, 23
130, 27
130, 30
130, 32
130, 35
130, 36
130, 40
130, 42
130, 43
130, 44
130, 47
130, 49
130, 50
130, 51
130, 53
130, 54
130, 56
134, 36
134, 50
134, 54
134, 57
134, 61
134, 63
134, 80
134, 87
134, 94
134, 104
134, 106
134, 109
134, 121
134, 122
134, 124
134, 138
134, 139
134, 140
134, 143
134, 145
134, 147
134, 150
134, 155
134, 163
137, 8
137, 12
137, 16
137, 19
137, 20
137, 28
137, 30
137, 32
137, 35
137, 36
137, 40
137, 42
137, 43
137, 44
137, 47
137, 49
137, 50
137, 51
137, 53
137, 54
137, 56
137, 57
137, 58
137, 59
149, 7
149, 8
149, 12
149, 19
149, 22
149, 30
149, 32
149, 35
149, 36
149, 40
149, 42
149, 43
149, 44
149, 47
149, 49
149, 50
149, 51
149, 53
149, 54
149, 56
149, 57
149, 58
149, 59
149, 61
151, 142
151, 496
152, 7
152, 12
152, 22
152, 30
152, 32
152, 35
152, 36
152, 40
152, 42
152, 43
152, 44
152, 47
152, 49
152, 50
152, 51
152, 53
152, 54
152, 56
152, 57
152, 58
152, 59
152, 61
152, 63
152, 66
153, 42
153, 43
153, 47
153, 49
153, 51
153, 58
153, 63
153, 66
153, 76
153, 77
153, 79
153, 85
153, 86
153, 89
153, 90
153, 93
153, 99
153, 102
153, 103
153, 111
153, 113
153, 115
153, 116
153, 120
156, 7
156, 22
156, 30
156, 32
156, 35
156, 36
156, 40
156, 42
156, 43
156, 44
156, 47
156, 49
156, 50
156, 51
156, 53
156, 54
156, 56
156, 57
156, 58
156, 59
156, 61
156, 63
156, 66
156, 67
164, 7
164, 22
164, 28
164, 30
164, 32
164, 35
164, 36
164, 40
164, 42
164, 43
164, 44
164, 47
164, 49
164, 50
164, 51
164, 53
164, 54
164, 56
164, 57
164, 58
164, 59
164, 61
164, 63
164, 66
166, 30
166, 32
166, 35
166, 36
166, 40
166, 42
166, 43
166, 44
166, 47
166, 49
166, 50
166, 51
166, 53
166, 54
166, 56
166, 57
166, 58
166, 59
166, 61
166, 63
166, 66
166, 67
166, 72
166, 76
171, 7
171, 30
171, 32
171, 35
171, 36
171, 40
171, 42
171, 43
171, 44
171, 47
171, 49
171, 50
171, 51
171, 53
171, 54
171, 56
171, 57
171, 58
171, 59
171, 61
171, 63
171, 66
171, 67
171, 71
172, 40
172, 43
172, 44
172, 56
172, 72
172, 77
172, 88
172, 95
172, 96
172, 98
172, 115
172, 116
172, 117
172, 119
172, 133
172, 146
172, 193
172, 196
172, 199
172, 204
172, 215
172, 237
172, 245
172, 250
175, 32
175, 36
175, 40
175, 42
175, 43
175, 44
175, 47
175, 49
175, 50
175, 51
175, 53
175, 54
175, 56
175, 57
175, 58
175, 59
175, 61
175, 63
175, 66
175, 72
175, 76
175, 77
175, 79
175, 80
176, 30
176, 32
176, 35
176, 36
176, 40
176, 42
176, 43
176, 44
176, 47
176, 49
176, 50
176, 51
176, 53
176, 54
176, 56
176, 57
176, 58
176, 59
176, 61
176, 63
176, 66
176, 67
176, 71
176, 72
177, 30
177, 32
177, 35
177, 36
177, 40
177, 42
177, 43
177, 44
177, 47
177, 49
177, 50
177, 51
177, 53
177, 54
177, 56
177, 57
177, 58
177, 59
177, 61
177, 63
177, 66
177, 67
177, 71
177, 72
179, 510
185, 36
185, 51
185, 57
185, 61
185, 63
185, 109
185, 124
185, 136
185, 138
185, 140
185, 143
185, 147
185, 150
185, 170
185, 178
185, 181
185, 182
185, 183
185, 197
185, 207
185, 219
185, 230
185, 287
185, 294
188, 50
188, 80
188, 145
188, 526
192, 36
192, 50
192, 54
192, 80
192, 84
192, 87
192, 94
192, 104
192, 106
192, 121
192, 122
192, 132
192, 139
192, 145
192, 148
192, 155
192, 161
192, 178
192, 184
192, 187
192, 213
192, 224
192, 227
192, 229
201, 54
201, 84
201, 121
201, 132
201, 148
201, 155
201, 187
201, 235
201, 264
201, 270
201, 305
201, 343
201, 362
201, 416
201, 418
201, 421
201, 432
201, 475
201, 491
201, 547
201, 557
205, 36
205, 47
205, 49
205, 50
205, 51
205, 54
205, 57
205, 58
205, 61
205, 63
205, 66
205, 79
205, 80
205, 87
205, 89
205, 93
205, 94
205, 102
205, 103
205, 104
205, 109
205, 121
205, 122
205, 124
206, 32
206, 35
206, 40
206, 42
206, 43
206, 44
206, 49
206, 53
206, 56
206, 59
206, 67
206, 72
206, 76
206, 77
206, 81
206, 85
206, 86
206, 88
206, 89
206, 90
206, 95
206, 96
206, 98
206, 103
210, 28
210, 30
210, 32
210, 35
210, 40
210, 42
210, 43
210, 44
210, 47
210, 49
210, 50
210, 51
210, 53
210, 54
210, 56
210, 57
210, 58
210, 59
210, 61
210, 63
210, 66
210, 67
210, 71
210, 72
211, 30
211, 32
211, 35
211, 40
211, 42
211, 43
211, 44
211, 47
211, 49
211, 50
211, 51
211, 53
211, 54
211, 56
211, 57
211, 58
211, 59
211, 61
211, 63
211, 66
211, 67
211, 71
211, 72
211, 76
216, 47
216, 58
216, 66
216, 93
216, 99
216, 103
216, 111
216, 157
216, 162
216, 168
216, 189
216, 191
216, 212
216, 240
216, 248
216, 254
216, 285
216, 295
216, 296
216, 326
216, 338
216, 355
216, 356
216, 375
220, 50
220, 54
220, 80
220, 84
220, 87
220, 94
220, 104
220, 121
220, 122
220, 132
220, 139
220, 145
220, 148
220, 155
220, 161
220, 178
220, 184
220, 187
220, 213
220, 224
220, 227
220, 229
220, 234
220, 235
221, 50
221, 51
221, 57
221, 61
221, 63
221, 80
221, 87
221, 94
221, 102
221, 104
221, 109
221, 122
221, 124
221, 129
221, 136
221, 138
221, 139
221, 140
221, 143
221, 145
221, 147
221, 150
221, 155
221, 167
223, 30
223, 32
223, 35
223, 40
223, 42
223, 43
223, 44
223, 47
223, 49
223, 50
223, 51
223, 53
223, 56
223, 57
223, 58
223, 59
223, 61
223, 63
223, 66
223, 67
223, 71
223, 72
223, 76
223, 77
226, 20
226, 28
226, 30
226, 32
226, 35
226, 40
226, 42
226, 43
226, 44
226, 47
226, 49
226, 50
226, 51
226, 53
226, 56
226, 57
226, 58
226, 59
226, 61
226, 63
226, 66
226, 67
226, 71
226, 72
228, 30
228, 32
228, 35
228, 40
228, 42
228, 43
228, 44
228, 47
228, 49
228, 51
228, 53
228, 56
228, 57
228, 58
228, 59
228, 61
228, 63
228, 66
228, 67
228, 71
228, 72
228, 76
228, 77
228, 79
232, 58
232, 61
232, 63
232, 79
232, 102
232, 109
232, 124
232, 129
232, 138
232, 140
232, 143
232, 147
232, 150
232, 167
232, 170
232, 181
232, 182
232, 183
232, 197
232, 200
232, 207
232, 209
232, 219
232, 230
241, 20
241, 35
241, 40
241, 42
241, 43
241, 44
241, 47
241, 49
241, 53
241, 56
241, 58
241, 59
241, 61
241, 63
241, 66
241, 67
241, 71
241, 72
241, 76
241, 77
241, 79
241, 80
241, 81
241, 84
242, 44
242, 47
242, 56
242, 58
242, 66
242, 76
242, 77
242, 79
242, 85
242, 86
242, 89
242, 90
242, 93
242, 96
242, 98
242, 99
242, 102
242, 103
242, 111
242, 113
242, 115
242, 116
242, 120
242, 127
244, 80
244, 87
244, 122
244, 139
244, 184
244, 234
244, 391
244, 426
244, 526
246, 80
246, 145
246, 178
246, 236
246, 405
246, 467
246, 506
246, 526
249, 58
249, 66
249, 77
249, 79
249, 80
249, 85
249, 86
249, 87
249, 89
249, 90
249, 93
249, 94
249, 95
249, 98
249, 99
249, 102
249, 103
249, 104
249, 109
249, 111
249, 113
249, 115
249, 116
249, 119
253, 77
253, 96
253, 98
253, 115
253, 116
253, 165
253, 215
253, 245
253, 262
253, 278
253, 301
253, 310
253, 329
253, 332
253, 344
253, 350
253, 367
253, 388
253, 408
253, 422
253, 428
253, 481
253, 490
253, 518
256, 80
256, 87
256, 94
256, 104
256, 109
256, 122
256, 124
256, 136
256, 138
256, 139
256, 140
256, 143
256, 145
256, 147
256, 150
256, 178
256, 181
256, 184
256, 197
256, 207
256, 219
256, 234
256, 236
256, 257
259, 66
259, 76
259, 77
259, 85
259, 86
259, 89
259, 90
259, 99
259, 103
259, 111
259, 113
259, 115
259, 116
259, 120
259, 127
259, 141
259, 160
259, 162
259, 165
259, 168
259, 169
259, 189
259, 194
259, 215
266, 58
266, 66
266, 79
266, 80
266, 87
266, 94
266, 102
266, 104
266, 106
266, 109
266, 121
266, 122
266, 124
266, 129
266, 136
266, 138
266, 139
266, 140
266, 143
266, 145
266, 147
266, 150
266, 155
266, 163
271, 124
271, 136
271, 140
271, 143
271, 147
271, 178
271, 181
271, 287
271, 315
271, 317
271, 335
271, 342
271, 402
271, 405
271, 484
271, 499
271, 508
271, 570
272, 28
272, 35
272, 40
272, 53
272, 59
272, 66
272, 67
272, 71
272, 72
272, 76
272, 77
272, 79
272, 80
272, 81
272, 85
272, 86
272, 87
272, 88
272, 89
272, 90
272, 93
272, 94
272, 95
272, 96
273, 66
273, 77
273, 79
273, 80
273, 87
273, 89
273, 90
273, 93
273, 94
273, 99
273, 102
273, 103
273, 104
273, 109
273, 115
273, 116
273, 120
273, 121
273, 122
273, 124
273, 129
273, 132
273, 136
273, 138
274, 35
274, 40
274, 53
274, 59
274, 67
274, 71
274, 72
274, 76
274, 77
274, 79
274, 80
274, 81
274, 85
274, 86
274, 87
274, 88
274, 89
274, 90
274, 93
274, 94
274, 95
274, 96
274, 98
274, 99
276, 35
276, 53
276, 59
276, 67
276, 71
276, 72
276, 76
276, 77
276, 79
276, 80
276, 81
276, 84
276, 85
276, 86
276, 87
276, 88
276, 89
276, 90
276, 93
276, 94
276, 95
276, 96
276, 98
276, 99
277, 35
277, 53
277, 59
277, 67
277, 71
277, 72
277, 76
277, 77
277, 79
277, 80
277, 81
277, 85
277, 86
277, 87
277, 88
277, 89
277, 90
277, 93
277, 94
277, 95
277, 96
277, 98
277, 99
277, 102
279, 80
279, 87
279, 94
279, 104
279, 109
279, 122
279, 124
279, 136
279, 138
279, 139
279, 140
279, 143
279, 145
279, 147
279, 150
279, 178
279, 181
279, 184
279, 207
279, 213
279, 219
279, 234
279, 236
279, 257
281, 76
281, 77
281, 85
281, 86
281, 89
281, 90
281, 103
281, 113
281, 115
281, 116
281, 120
281, 141
281, 160
281, 165
281, 194
281, 215
281, 217
281, 238
281, 245
281, 262
281, 267
281, 296
281, 301
281, 310
283, 20
283, 35
283, 59
283, 67
283, 71
283, 72
283, 76
283, 77
283, 79
283, 80
283, 81
283, 85
283, 86
283, 87
283, 88
283, 89
283, 90
283, 93
283, 94
283, 95
283, 96
283, 98
283, 99
283, 102
288, 87
288, 94
288, 104
288, 106
288, 121
288, 122
288, 138
288, 139
288, 140
288, 145
288, 147
288, 155
288, 173
288, 178
288, 181
288, 184
288, 202
288, 227
288, 234
288, 235
288, 236
288, 239
288, 263
288, 264
289, 28
289, 59
289, 67
289, 71
289, 72
289, 76
289, 77
289, 79
289, 81
289, 84
289, 85
289, 86
289, 87
289, 88
289, 89
289, 90
289, 93
289, 94
289, 95
289, 96
289, 98
289, 99
289, 102
289, 103
290, 87
290, 94
290, 104
290, 122
290, 139
290, 145
290, 184
290, 234
290, 391
290, 426
290, 526
292, 67
292, 71
292, 72
292, 76
292, 77
292, 79
292, 81
292, 85
292, 86
292, 87
292, 88
292, 89
292, 90
292, 93
292, 94
292, 95
292, 96
292, 98
292, 99
292, 102
292, 103
292, 104
292, 105
292, 106
293, 67
293, 71
293, 72
293, 76
293, 77
293, 79
293, 81
293, 85
293, 86
293, 88
293, 89
293, 90
293, 93
293, 94
293, 95
293, 96
293, 98
293, 99
293, 102
293, 103
293, 104
293, 105
293, 106
293, 109
297, 94
297, 104
297, 122
297, 139
297, 140
297, 145
297, 178
297, 184
297, 234
297, 236
297, 304
297, 317
297, 335
297, 364
297, 405
297, 426
297, 431
297, 467
297, 484
297, 499
297, 506
297, 526
298, 132
298, 155
298, 264
298, 305
298, 343
298, 362
298, 416
298, 418
298, 421
298, 475
298, 491
298, 547
298, 557
299, 79
299, 93
299, 99
299, 103
299, 111
299, 129
299, 141
299, 157
299, 162
299, 168
299, 189
299, 191
299, 212
299, 240
299, 248
299, 254
299, 265
299, 280
299, 285
299, 295
299, 296
299, 326
299, 338
299, 355
300, 67
300, 71
300, 72
300, 76
300, 77
300, 79
300, 81
300, 84
300, 85
300, 86
300, 88
300, 89
300, 90
300, 93
300, 95
300, 96
300, 98
300, 99
300, 102
300, 103
300, 104
300, 109
300, 111
300, 113
307, 28
307, 67
307, 71
307, 72
307, 76
307, 77
307, 79
307, 81
307, 85
307, 86
307, 88
307, 89
307, 90
307, 93
307, 95
307, 96
307, 98
307, 99
307, 102
307, 103
307, 104
307, 105
307, 106
307, 109
313, 67
313, 71
313, 72
313, 76
313, 79
313, 81
313, 85
313, 86
313, 88
313, 89
313, 90
313, 93
313, 95
313, 96
313, 98
313, 99
313, 102
313, 103
313, 104
313, 105
313, 106
313, 109
313, 111
313, 112
318, 28
318, 71
318, 76
318, 79
318, 81
318, 85
318, 86
318, 88
318, 89
318, 90
318, 93
318, 95
318, 96
318, 98
318, 99
318, 102
318, 103
318, 104
318, 105
318, 106
318, 109
318, 111
318, 112
318, 113
319, 84
319, 85
319, 86
319, 88
319, 89
319, 90
319, 93
319, 95
319, 96
319, 98
319, 99
319, 102
319, 103
319, 104
319, 109
319, 111
319, 113
319, 115
319, 116
319, 117
319, 119
319, 120
319, 122
319, 124
327, 28
327, 71
327, 81
327, 85
327, 86
327, 88
327, 89
327, 90
327, 93
327, 95
327, 96
327, 98
327, 99
327, 102
327, 103
327, 104
327, 105
327, 106
327, 109
327, 111
327, 112
327, 113
327, 115
327, 116
334, 84
334, 104
334, 106
334, 121
334, 122
334, 132
334, 139
334, 145
334, 148
334, 155
334, 161
334, 184
334, 187
334, 213
334, 224
334, 227
334, 229
334, 233
334, 234
334, 235
334, 239
334, 243
334, 258
334, 263
339, 93
339, 162
339, 168
339, 191
339, 240
339, 285
339, 326
339, 356
339, 396
339, 406
339, 412
339, 464
339, 521
339, 555
339, 566
341, 71
341, 81
341, 84
341, 85
341, 86
341, 88
341, 89
341, 90
341, 93
341, 95
341, 96
341, 98
341, 99
341, 102
341, 103
341, 106
341, 109
341, 111
341, 113
341, 115
341, 116
341, 117
341, 119
341, 120
347, 28
347, 81
347, 84
347, 85
347, 86
347, 88
347, 90
347, 93
347, 95
347, 96
347, 98
347, 99
347, 102
347, 103
347, 105
347, 106
347, 109
347, 111
347, 112
347, 113
347, 115
347, 116
347, 117
347, 118
353, 86
353, 88
353, 95
353, 96
353, 98
353, 99
353, 102
353, 103
353, 106
353, 109
353, 111
353, 113
353, 115
353, 116
353, 117
353, 119
353, 120
353, 121
353, 122
353, 124
353, 127
353, 129
353, 132
353, 133
354, 102
354, 122
354, 124
354, 129
354, 136
354, 138
354, 139
354, 140
354, 143
354, 145
354, 147
354, 148
354, 150
354, 155
354, 167
354, 170
354, 178
354, 181
354, 182
354, 183
354, 184
354, 191
354, 197
354, 207
359, 88
359, 95
359, 96
359, 98
359, 106
359, 111
359, 113
359, 115
359, 116
359, 117
359, 119
359, 120
359, 121
359, 122
359, 124
359, 127
359, 129
359, 133
359, 136
359, 138
359, 139
359, 140
359, 141
359, 143
361, 81
361, 88
361, 95
361, 117
361, 119
361, 135
361, 146
361, 190
361, 195
361, 196
361, 198
361, 199
361, 203
361, 225
361, 231
361, 247
361, 250
361, 260
361, 261
361, 268
361, 269
361, 278
361, 282
361, 284
366, 84
366, 122
366, 132
366, 139
366, 148
366, 155
366, 161
366, 184
366, 187
366, 213
366, 234
366, 235
366, 258
366, 264
366, 270
366, 305
366, 331
366, 343
366, 348
366, 362
366, 391
366, 416
366, 418
366, 421
371, 81
371, 88
371, 95
371, 96
371, 105
371, 106
371, 111
371, 112
371, 113
371, 115
371, 116
371, 117
371, 119
371, 120
371, 121
371, 122
371, 124
371, 127
371, 128
371, 129
371, 131
371, 133
371, 135
371, 136
374, 5
374, 28
374, 81
374, 84
374, 88
374, 105
374, 106
374, 111
374, 112
374, 113
374, 115
374, 116
374, 117
374, 118
374, 119
374, 120
374, 121
374, 122
374, 124
374, 127
374, 128
374, 129
374, 131
374, 132
380, 81
380, 105
380, 106
380, 111
380, 112
380, 113
380, 115
380, 116
380, 117
380, 119
380, 120
380, 121
380, 122
380, 124
380, 127
380, 128
380, 129
380, 131
380, 133
380, 135
380, 136
380, 138
380, 139
380, 140
381, 81
381, 117
381, 119
381, 133
381, 135
381, 146
381, 186
381, 190
381, 195
381, 196
381, 198
381, 199
381, 203
381, 225
381, 231
381, 247
381, 250
381, 260
381, 261
381, 268
381, 269
381, 275
381, 278
381, 282
385, 124
385, 136
385, 138
385, 140
385, 143
385, 147
385, 150
385, 178
385, 181
385, 207
385, 219
385, 287
385, 294
385, 315
385, 317
385, 335
385, 336
385, 342
385, 370
385, 378
385, 389
385, 397
385, 402
385, 405
387, 81
387, 105
387, 106
387, 111
387, 112
387, 113
387, 115
387, 116
387, 117
387, 119
387, 120
387, 121
387, 124
387, 127
387, 128
387, 129
387, 131
387, 133
387, 135
387, 136
387, 138
387, 139
387, 140
387, 141
392, 84
392, 105
392, 106
392, 111
392, 112
392, 113
392, 115
392, 116
392, 117
392, 118
392, 119
392, 120
392, 121
392, 124
392, 127
392, 128
392, 129
392, 131
392, 132
392, 133
392, 135
392, 136
392, 138
392, 139
394, 105
394, 131
394, 135
394, 142
394, 376
394, 425
394, 483
394, 496
394, 533
395, 105
395, 111
395, 112
395, 113
395, 115
395, 116
395, 117
395, 119
395, 120
395, 121
395, 127
395, 128
395, 129
395, 131
395, 133
395, 135
395, 136
395, 138
395, 139
395, 140
395, 141
395, 142
395, 143
395, 144
399, 28
399, 105
399, 106
399, 111
399, 112
399, 113
399, 115
399, 116
399, 117
399, 118
399, 119
399, 120
399, 121
399, 127
399, 128
399, 129
399, 131
399, 132
399, 133
399, 135
399, 136
399, 138
399, 139
399, 140
404, 132
404, 155
404, 161
404, 187
404, 213
404, 234
404, 258
404, 264
404, 270
404, 305
404, 331
404, 343
404, 348
404, 362
404, 391
404, 416
404, 418
404, 421
404, 426
404, 475
404, 491
404, 500
404, 547
404, 557
410, 227
410, 510
417, 136
417, 140
417, 143
417, 147
417, 178
417, 181
417, 236
417, 257
417, 287
417, 315
417, 317
417, 335
417, 342
417, 364
417, 378
417, 402
417, 405
417, 430
417, 467
417, 484
417, 499
417, 506
417, 508
417, 556
423, 105
423, 111
423, 112
423, 113
423, 115
423, 116
423, 117
423, 119
423, 120
423, 121
423, 127
423, 128
423, 129
423, 131
423, 133
423, 135
423, 136
423, 138
423, 140
423, 141
423, 142
423, 143
423, 144
423, 145
427, 28
427, 105
427, 112
427, 113
427, 115
427, 116
427, 117
427, 119
427, 120
427, 121
427, 127
427, 128
427, 129
427, 131
427, 133
427, 135
427, 136
427, 138
427, 141
427, 142
427, 143
427, 144
427, 145
427, 146
429, 121
429, 163
429, 227
429, 235
429, 239
429, 263
429, 264
429, 305
429, 362
429, 382
429, 415
429, 416
429, 418
429, 426
429, 470
429, 475
429, 491
429, 510
429, 516
429, 544
429, 545
429, 547
429, 557
440, 184
440, 213
440, 234
440, 391
440, 426
440, 526
442, 163
442, 227
442, 235
442, 239
442, 264
442, 305
442, 308
442, 314
442, 352
442, 362
442, 382
442, 415
442, 416
442, 475
442, 510
442, 516
442, 544
442, 547
442, 557
443, 20
443, 84
443, 105
443, 112
443, 113
443, 117
443, 118
443, 119
443, 120
443, 127
443, 128
443, 129
443, 131
443, 132
443, 133
443, 135
443, 136
443, 138
443, 141
443, 142
443, 143
443, 144
443, 145
443, 146
444, 105
444, 112
444, 117
444, 119
444, 120
444, 127
444, 128
444, 129
444, 131
444, 133
444, 135
444, 136
444, 141
444, 142
444, 143
444, 144
444, 145
444, 146
444, 147
444, 150
444, 154
444, 155
444, 157
444, 160
446, 157
446, 162
446, 191
446, 212
446, 240
446, 248
446, 254
446, 280
446, 285
446, 326
446, 356
446, 396
446, 406
446, 412
446, 433
446, 434
446, 447
446, 456
446, 463
446, 464
446, 474
446, 477
446, 487
446, 521
450, 28
450, 105
450, 112
450, 117
450, 119
450, 120
450, 127
450, 128
450, 129
450, 131
450, 132
450, 133
450, 135
450, 141
450, 142
450, 143
450, 144
450, 145
450, 146
450, 147
450, 148
450, 150
450, 154
450, 155
455, 180
455, 208
455, 436
458, 105
458, 112
458, 117
458, 119
458, 120
458, 127
458, 128
458, 129
458, 131
458, 133
458, 135
458, 141
458, 142
458, 143
458, 144
458, 145
458, 146
458, 147
458, 150
458, 154
458, 155
458, 157
458, 160
458, 162
459, 162
459, 168
459, 240
459, 295
459, 326
459, 355
459, 356
459, 375
459, 406
459, 412
459, 464
459, 488
459, 521
459, 555
459, 566
460, 117
460, 119
460, 120
460, 127
460, 129
460, 133
460, 141
460, 146
460, 157
460, 160
460, 162
460, 165
460, 167
460, 168
460, 169
460, 183
460, 189
460, 191
460, 193
460, 194
460, 195
460, 196
460, 198
460, 199
462, 84
462, 132
462, 143
462, 145
462, 147
462, 148
462, 150
462, 155
462, 161
462, 167
462, 170
462, 178
462, 181
462, 182
462, 183
462, 184
462, 187
462, 197
462, 207
462, 209
462, 213
462, 219
462, 227
462, 229
465, 117
465, 119
465, 127
465, 129
465, 133
465, 141
465, 146
465, 147
465, 150
465, 154
465, 157
465, 158
465, 159
465, 160
465, 162
465, 165
465, 167
465, 168
465, 169
465, 170
465, 182
465, 183
465, 186
465, 189
466, 127
466, 141
466, 143
466, 147
466, 150
466, 155
466, 157
466, 160
466, 162
466, 163
466, 165
466, 167
466, 168
466, 170
466, 178
466, 181
466, 182
466, 183
466, 184
466, 191
466, 194
466, 197
466, 200
466, 202
469, 105
469, 112
469, 118
469, 127
469, 128
469, 131
469, 132
469, 133
469, 135
469, 141
469, 142
469, 144
469, 146
469, 147
469, 148
469, 150
469, 154
469, 155
469, 157
469, 160
469, 161
469, 162
469, 163
469, 165
472, 227
472, 239
472, 382
472, 415
472, 510
472, 516
472, 544
473, 147
473, 155
473, 178
473, 181
473, 184
473, 234
473, 235
473, 236
473, 263
473, 264
473, 305
473, 335
473, 362
473, 382
473, 402
473, 405
473, 416
473, 418
473, 421
473, 426
473, 432
473, 467
473, 475
473, 491
476, 84
476, 105
476, 112
476, 118
476, 127
476, 131
476, 132
476, 133
476, 135
476, 141
476, 142
476, 144
476, 146
476, 147
476, 148
476, 150
476, 154
476, 157
476, 160
476, 161
476, 162
476, 163
476, 165
476, 167
478, 147
478, 150
478, 178
478, 181
478, 197
478, 207
478, 219
478, 236
478, 257
478, 287
478, 294
478, 311
478, 315
478, 317
478, 335
478, 336
478, 340
478, 342
478, 364
478, 370
478, 378
478, 389
478, 397
478, 402
479, 127
479, 141
479, 160
479, 169
479, 194
479, 217
479, 238
479, 295
479, 296
479, 324
479, 338
479, 349
479, 357
479, 375
479, 398
479, 407
479, 435
479, 438
479, 488
479, 501
479, 503
479, 525
479, 562
479, 563
480, 20
480, 84
480, 105
480, 112
480, 118
480, 128
480, 131
480, 132
480, 133
480, 135
480, 141
480, 142
480, 144
480, 146
480, 148
480, 150
480, 154
480, 157
480, 158
480, 159
480, 160
480, 161
480, 162
480, 163
482, 150
482, 161
482, 167
482, 170
482, 178
482, 181
482, 182
482, 183
482, 184
482, 197
482, 207
482, 209
482, 213
482, 219
482, 230
482, 234
482, 236
482, 257
482, 258
482, 264
482, 270
482, 287
482, 294
482, 304
486, 227
486, 235
486, 239
486, 382
486, 415
486, 510
486, 516
486, 544
493, 112
493, 131
493, 133
493, 135
493, 141
493, 144
493, 146
493, 154
493, 157
493, 160
493, 162
493, 165
493, 167
493, 168
493, 169
493, 170
493, 182
493, 183
493, 186
493, 190
493, 191
493, 193
493, 194
493, 195
494, 84
494, 112
494, 118
494, 128
494, 131
494, 132
494, 133
494, 135
494, 141
494, 142
494, 144
494, 146
494, 148
494, 150
494, 154
494, 157
494, 160
494, 161
494, 162
494, 163
494, 165
494, 167
494, 168
494, 169
495, 20
495, 118
495, 131
495, 135
495, 141
495, 144
495, 146
495, 150
495, 154
495, 157
495, 158
495, 159
495, 160
495, 162
495, 165
495, 167
495, 168
495, 169
495, 170
495, 181
495, 182
495, 183
495, 186
495, 190
498, 5
498, 84
498, 112
498, 118
498, 128
498, 131
498, 132
498, 135
498, 141
498, 142
498, 144
498, 146
498, 148
498, 150
498, 154
498, 157
498, 158
498, 159
498, 160
498, 161
498, 162
498, 163
498, 165
498, 167
502, 146
502, 186
502, 193
502, 195
502, 196
502, 198
502, 199
502, 204
502, 214
502, 215
502, 218
502, 231
502, 237
502, 245
502, 247
502, 250
502, 262
502, 268
502, 269
502, 275
502, 278
502, 282
502, 284
502, 286
505, 135
505, 144
505, 146
505, 160
505, 165
505, 186
505, 190
505, 193
505, 194
505, 195
505, 196
505, 198
505, 199
505, 203
505, 204
505, 214
505, 215
505, 217
505, 225
505, 231
505, 237
505, 238
505, 245
505, 247
514, 187
514, 264
514, 270
514, 305
514, 343
514, 362
514, 416
514, 418
514, 421
514, 475
514, 491
514, 547
514, 557
519, 128
519, 131
519, 135
519, 142
519, 144
519, 146
519, 154
519, 157
519, 160
519, 162
519, 165
519, 167
519, 168
519, 169
519, 170
519, 173
519, 174
519, 178
519, 180
519, 181
519, 182
519, 183
519, 184
519, 186
520, 167
520, 170
520, 178
520, 181
520, 182
520, 183
520, 184
520, 197
520, 207
520, 209
520, 219
520, 230
520, 234
520, 236
520, 255
520, 257
520, 265
520, 287
520, 294
520, 304
520, 311
520, 315
520, 317
520, 323
528, 157
528, 160
528, 162
528, 165
528, 167
528, 168
528, 170
528, 178
528, 181
528, 182
528, 183
528, 184
528, 191
528, 194
528, 197
528, 200
528, 207
528, 209
528, 213
528, 217
528, 219
528, 227
528, 230
528, 233
529, 146
529, 157
529, 158
529, 160
529, 162
529, 165
529, 167
529, 168
529, 169
529, 170
529, 182
529, 183
529, 189
529, 191
529, 193
529, 194
529, 196
529, 199
529, 200
529, 204
529, 209
529, 212
529, 215
529, 217
531, 160
531, 165
531, 194
531, 215
531, 217
531, 238
531, 245
531, 262
531, 267
531, 301
531, 310
531, 324
531, 337
531, 344
531, 346
531, 349
531, 350
531, 357
531, 367
531, 379
531, 388
531, 407
531, 419
531, 422
535, 128
535, 131
535, 142
535, 144
535, 146
535, 154
535, 157
535, 160
535, 162
535, 165
535, 167
535, 168
535, 169
535, 170
535, 174
535, 178
535, 180
535, 181
535, 182
535, 183
535, 184
535, 186
535, 189
535, 190
537, 84
537, 148
537, 187
537, 235
537, 264
537, 270
537, 305
537, 343
537, 362
537, 416
537, 418
537, 421
537, 432
537, 475
537, 491
537, 547
537, 557
549, 84
549, 148
549, 187
549, 213
549, 235
549, 258
549, 264
549, 270
549, 305
549, 343
549, 362
549, 416
549, 418
549, 421
549, 432
549, 475
549, 491
549, 547
549, 557
550, 128
550, 142
550, 144
550, 146
550, 154
550, 157
550, 160
550, 162
550, 165
550, 167
550, 168
550, 169
550, 170
550, 173
550, 174
550, 178
550, 180
550, 181
550, 182
550, 183
550, 184
550, 186
550, 189
550, 190
553, 148
553, 157
553, 160
553, 167
553, 168
553, 170
553, 178
553, 181
553, 182
553, 183
553, 184
553, 191
553, 194
553, 197
553, 200
553, 207
553, 209
553, 213
553, 217
553, 219
553, 230
553, 234
553, 235
553, 236
554, 157
554, 167
554, 168
554, 170
554, 181
554, 182
554, 183
554, 191
554, 197
554, 200
554, 209
554, 219
554, 230
554, 240
554, 248
554, 254
554, 255
554, 265
554, 280
554, 285
554, 294
554, 295
554, 296
554, 311
558, 128
558, 142
558, 144
558, 146
558, 154
558, 157
558, 160
558, 163
558, 165
558, 167
558, 168
558, 169
558, 170
558, 173
558, 174
558, 180
558, 181
558, 182
558, 183
558, 184
558, 186
558, 189
558, 190
558, 191
559, 84
559, 118
559, 128
559, 142
559, 144
559, 148
559, 154
559, 157
559, 161
559, 163
559, 165
559, 167
559, 168
559, 169
559, 170
559, 173
559, 174
559, 180
559, 182
559, 183
559, 186
559, 187
559, 189
559, 190
567, 167
567, 170
567, 182
567, 183
567, 191
567, 197
567, 207
567, 209
567, 213
567, 219
567, 230
567, 234
567, 235
567, 236
567, 239
567, 248
567, 254
567, 257
567, 263
567, 264
567, 265
567, 287
567, 305
567, 311
568, 207
568, 219
568, 287
568, 315
568, 317
568, 335
568, 336
568, 342
568, 370
568, 378
568, 397
568, 402
568, 405
568, 499
568, 508
568, 546
568, 556
568, 565
568, 569
568, 570
571, 158
571, 165
571, 168
571, 169
571, 170
571, 182
571, 183
571, 189
571, 191
571, 194
571, 197
571, 200
571, 209
571, 212
571, 215
571, 217
571, 222
571, 230
571, 238
571, 240
571, 245
571, 248
571, 254
571, 262
572, 165
572, 215
572, 245
572, 262
572, 278
572, 301
572, 310
572, 329
572, 332
572, 344
572, 346
572, 350
572, 367
572, 388
572, 408
572, 422
572, 428
572, 481
572, 490
572, 518
572, 522
572, 577
574, 227
574, 239
574, 382
574, 415
574, 510
574, 516
574, 544
576, 128
576, 142
576, 144
576, 154
576, 165
576, 168
576, 169
576, 170
576, 174
576, 180
576, 182
576, 183
576, 186
576, 189
576, 190
576, 191
576, 193
576, 194
576, 195
576, 196
576, 197
576, 198
576, 199
576, 200
578, 128
578, 142
578, 144
578, 148
578, 154
578, 163
578, 168
578, 169
578, 170
578, 173
578, 174
578, 180
578, 182
578, 183
578, 186
578, 189
578, 190
578, 191
578, 193
578, 194
578, 195
578, 196
578, 197
578, 198
579, 163
579, 197
579, 219
579, 227
579, 233
579, 234
579, 235
579, 236
579, 239
579, 263
579, 264
579, 287
579, 305
579, 308
579, 315
579, 317
579, 335
579, 336
579, 342
579, 352
579, 362
579, 370
579, 382
579, 391
end