420
4
0, 0.06572685479192142, 0.78032507778436
1, 0.9761740829246234, 0.9156820377438321
2, 0.8261062002242766, 0.16645850831361886
3, 0.04347807240454293, 0.4710057545527032
4, 0.9682516271917964, 0.10956147095691393
5, 0.8023143889498513, 0.04368683406538387
6, 0.6289206535999672, 0.06314630102809726
7, 0.7224746750482951, 0.13320565870392342
8, 0.7173028621392203, 0.09095345911692543
9, 0.5124537689399203, 0.7806806584005775
10, 0.27236689404440995, 0.006420192030784921
11, 0.18144375232657617, 0.3048573947353391
12, 0.1814628204430001, 0.9572591019148972
13, 0.5665747452293116, 0.5672795289462745
14, 0.7299045264058351, 0.46095671945819083
15, 0.5331018752071878, 0.5614103992827476
16, 0.8205206886907791, 0.8558655371786389
17, 0.886069964982396, 0.06564847392533646
18, 0.33385012180108087, 0.2523738740821977
19, 0.5190542544446877, 0.8905222178588024
20, 0.891972906129605, 0.665800844806166
21, 0.2985526019674727, 0.10664132451106512
22, 0.5330112813753324, 0.4022828520564006
23, 0.3473861413872855, 0.9325648441204235
24, 0.02369697282811256, 0.8528936230105602
25, 0.7176235858363003, 0.417772045218886
26, 0.982263096266574, 0.8095347890273635
27, 0.14158982435243783, 0.49108052962231385
28, 0.6850857123532933, 0.8444176686252494
29, 0.5834902537453148, 0.9610246090440356
30, 0.42478176028545245, 0.5724342263278713
31, 0.4919846603238376, 0.6134876774581868
32, 0.2851232124271814, 0.6007059797189612
33, 0.9942647458456209, 0.6302187074723781
34, 0.725398128683073, 0.07898787350278813
35, 0.19793047766824423, 0.11613178321337148
36, 0.6264915185764602, 0.23184964219616122
37, 0.4883267329439902, 0.49286521627499313
38, 0.4430689321961274, 0.7883499232144339
39, 0.9810579132835371, 0.39433236310614483
40, 0.14764780713192616, 0.8232496936911117
41, 0.11927445709373219, 0.9896836549427375
42, 0.6558853846239173, 0.010870316640158695
43, 0.8991838635474165, 0.665495083264865
44, 0.444700475760052, 0.48685178847076205
45, 0.8510778279827405, 0.4200806467160527
46, 0.3835263950278811, 0.3269427756966987
47, 0.6240122259369099, 0.14260565059656682
48, 0.7740921638281479, 0.5697124848584457
49, 0.4928413614428938, 0.9096273553843259
50, 0.6537096997223926, 0.9749681613988278
51, 0.005236483099914091, 0.45028798546148496
52, 0.10097860317735474, 0.5759248869017252
53, 0.0552906968984459, 0.0018379862592818874
54, 0.08887695599710188, 0.97996066456129
55, 0.9204244052021127, 0.19361195293906408
56, 0.25293400239305197, 0.08556130721378308
57, 0.0695065567826153, 0.5137716490119458
58, 0.6293392066754779, 0.7723151536039259
59, 0.6722829546804834, 0.4249264617594831
60, 0.0901650036340419, 0.4717959275835113
61, 0.612602756543, 0.9727505645806488
62, 0.10110360939861662, 0.2968765985722206
63, 0.9227604121581297, 0.19096442982957484
64, 0.6336701738685168, 0.20191129049801648
65, 0.1216486852650791, 0.35070093984403183
66, 0.6663170506257856, 0.09815524071709647
67, 0.6924086927341845, 0.5621024010968564
68, 0.7830729495613679, 0.2292912168063701
69, 0.46961389129404496, 0.8532749597110287
70, 0.26147489664338974, 0.5164356306480772
71, 0.06309325678541478, 0.045181470819118275
72, 0.5260141978403051, 0.520007280652864
73, 0.9356176294636904, 0.08790612215929694
74, 0.7025926139435376, 0.0021107969620880462
75, 0.300038436382864, 0.38417793294892766
76, 0.20387128967858537, 0.2263067452551416
77, 0.027029493965684104, 0.9281839311475255
78, 0.45137256388329605, 0.2837189433508297
79, 0.36262934959430515, 0.8050280262229618
80, 0.10907523460598667, 0.7306176310427108
81, 0.6639297806485012, 0.4613489746882282
82, 0.04944607327279349, 0.49123245490286516
83, 0.5570741375091688, 0.7907887196650623
84, 0.37259136702632367, 0.12223997695161504
85, 0.5565194137001289, 0.6903841620107254
86, 0.2072551336208447, 0.5276838420964605
87, 0.48096028501957233, 0.24155789407577044
88, 0.5084774738706083, 0.4236226887127762
89, 0.4443484915032596, 0.8310370120930115
90, 0.7201387539397309, 0.4290713388257157
91, 0.23372244647038265, 0.6403329115027847
92, 0.9196745213773143, 0.5307077090030744
93, 0.5046826991904736, 0.3666544698671097
94, 0.21776086402692285, 0.19300998689965487
95, 0.565408189395389, 0.8843068814916889
96, 0.5338225521358694, 0.9198637042869732
97, 0.42326153745262274, 0.5261411427426396
98, 0.13406546751992543, 0.7425986071122217
99, 0.9690576184656752, 0.14782085737534545
100, 0.5385799121617949, 0.6347921650707261
101, 0.3813424965703023, 0.11109092719250502
102, 0.5141526601341293, 0.013276920282760729
103, 0.21987994134634448, 0.2549174382462599
104, 0.06002340623460001, 0.9068111448159499
105, 0.048205628950005575, 0.9972304259252877
106, 0.8467578408347631, 0.9658912457847421
107, 0.9933842400987739, 0.2061426793428741
108, 0.8734189759766706, 0.5285510490107603
109, 0.5630481515229647, 0.2505916287105743
110, 0.9688928358952668, 0.9509586626336521
111, 0.7000623454399062, 0.6565406641768086
112, 0.98690543983568, 0.003016824570646448
113, 0.40553662984581906, 0.3856683936122266
114, 0.9911523665521662, 0.6887651762681036
115, 0.849629870142852, 0.7069042629735542
116, 0.5241119031805364, 0.3453628486756688
117, 0.4433999988652366, 0.0904861472905123
118, 0.871454388950701, 0.37612859296009415
119, 0.916540459855055, 0.3353303164195556
120, 0.2711319209128963, 0.7985949685328785
121, 0.8493795565676949, 0.9640153898784496
122, 0.13981837265376573, 0.21678289158727848
123, 0.00044717071821664955, 0.7682444592804892
124, 0.5407444551718226, 0.11863645951143531
125, 0.9847033882019014, 0.15090043271634623
126, 0.15601250103216446, 0.21934419043706022
127, 0.844610295529707, 0.32199147068367895
128, 0.016090233232104123, 0.22525446219357803
129, 0.14360302172688777, 0.09929866717842495
130, 0.9740221641956225, 0.0964153025418999
131, 0.8831726099948509, 0.6521808613403544
132, 0.5197042951900556, 0.09844151369083487
133, 0.6224138956823567, 0.2478889569798165
134, 0.06209288677164959, 0.6586403612922795
135, 0.974674842299003, 0.7502840222686549
136, 0.372099680213661, 0.29133599862645476
137, 0.659445408370539, 0.651835313881075
138, 0.5666249356104217, 0.2232315254447651
139, 0.4549386743893423, 0.6191234404556223
140, 0.4201216450614661, 0.054777774537928314
141, 0.6941603214612111, 0.9523705722945308
142, 0.22140334198605127, 0.44757242667911834
143, 0.8700016422199672, 0.6650981602807733
144, 0.3784967959807719, 0.6710184983689159
145, 0.0029426500816777112, 0.07184512484551353
146, 0.12481980079855581, 0.3098022649952019
147, 0.4250396773419096, 0.7695231456080686
148, 0.9706778660598432, 0.25055189532540056
149, 0.7188590682852958, 0.07528594384693887
150, 0.5294228173119966, 0.2702978421244969
151, 0.8526912004208167, 0.6912706105957472
152, 0.9365057046446287, 0.35731741473556977
153, 0.8718215254506692, 0.19275618510291415
154, 0.4493401479768411, 0.5643317293417329
155, 0.8104474417139937, 0.6433545670519147
156, 0.6807308584928201, 0.5212515737850419
157, 0.4809910171484376, 0.7102821750143543
158, 0.005602517414242225, 0.8714864282368777
159, 0.9283688105876565, 0.5644871825271687
160, 0.37060236491733556, 0.2808101641882782
161, 0.6129099662302828, 0.07144643582020904
162, 0.6628763842271576, 0.8938755622964042
163, 0.9410956623622091, 0.4269069899002237
164, 0.4850023359695401, 0.9904092938543473
165, 0.45090138501813426, 0.25303379217128286
166, 0.5024259240272718, 0.48798711911670456
167, 0.812747555555243, 0.8170465972146972
168, 0.1682070923129485, 0.11798061194241194
169, 0.3609188117347325, 0.6465079825211156
170, 0.867760951079961, 0.3640829294995306
171, 0.5173049070619283, 0.9010378195637839
172, 0.5639971501353314, 0.38764014080210407
173, 0.7922000864460241, 0.44833758394893886
174, 0.5777482235475815, 0.0025692954225219333
175, 0.5933415775045975, 0.18205148495519607
176, 0.0815410576981046, 0.24378348604635758
177, 0.846752643327163, 0.7663397121164971
178, 0.28682637539506817, 0.07352892864318739
179, 0.47251334218350893, 0.8863598047749086
180, 0.24741449602206445, 0.28249483689329347
181, 0.774963193186868, 0.7840646373943707
182, 0.8670292048815189, 0.8953016511844564
183, 0.4074412047837017, 0.939357451147335
184, 0.5004178576751209, 0.9416308103340966
185, 0.6202009107070452, 0.5521152487276704
186, 0.06769740854270012, 0.4066600636849024
187, 0.9923172079725747, 0.965551808131763
188, 0.12232188748861983, 0.42526896112317836
189, 0.9955871492019401, 0.8026930459365264
190, 0.2306757940091616, 0.7209292691011956
191, 0.2328678954492639, 0.24343484112305325
192, 0.06894778102255306, 0.679369135176713
193, 0.3388793125409906, 0.8954243897556327
194, 0.14186364516385508, 0.8250115432671289
195, 0.5611908211250242, 0.9384779814502013
196, 0.39499619718190593, 0.6599894328633672
197, 0.1760862203885275, 0.9920220982115607
198, 0.8840242538393382, 0.009438826972123615
199, 0.6920079043717194, 0.7425039175579772
200, 0.9420596113834709, 0.49485687725815564
201, 0.557170643923371, 0.6019962237848033
202, 0.8529245636047326, 0.7033806757299857
203, 0.7207010234593632, 0.9021928851160631
204, 0.7584475876049893, 0.5245292607101821
205, 0.3954241897362629, 0.5031263785866088
206, 0.17073747314720644, 0.1633452540706467
207, 0.0144876646252452, 0.8755413891101013
208, 0.34754683198900527, 0.3957309396285945
209, 0.38912383002785156, 0.1923334264783737
210, 0.23134176801482031, 0.27934882298055164
211, 0.879083562292313, 0.032411740345022366
212, 0.9086952519784033, 0.5042072804003602
213, 0.3954143554729729, 0.24622328595721177
214, 0.8365147455867284, 0.4258173013958081
215, 0.4402914184708566, 0.6121057892378249
216, 0.10341068166108403, 0.9642031513784207
217, 0.16768254733038657, 0.17538333827908015
218, 0.522853544425412, 0.025933140258990295
219, 0.9160997866404194, 0.7366307256089601
220, 0.26540570803450003, 0.7836449599363158
221, 0.8052325334219619, 0.9420342442583717
222, 0.8178221022280778, 0.1526417919700599
223, 0.2538871441900338, 0.44396804988998384
224, 0.9616477509766271, 0.25247553455304717
225, 0.06629763151953993, 0.6682418985957479
226, 0.015192946465886648, 0.07508798254406501
227, 0.34120822455139144, 0.7888982115937726
228, 0.0899723059669072, 0.6224400253691706
229, 0.42552170251984545, 0.7020805911841119
230, 0.4678024535203097, 0.5390194140170592
231, 0.8762450187104134, 0.9396342214658672
232, 0.9440740403576054, 0.6739996738297691
233, 0.7475716920866575, 0.12051670200069708
234, 0.48795703644979016, 0.5942091282028374
235, 0.5840515513231277, 0.21395425284159864
236, 0.2936303558978076, 0.8005960454221743
237, 0.9123318850789759, 0.9171295750185154
238, 0.6978274952887187, 0.34543367568624195
239, 0.83821491049291, 0.7863490164142894
240, 0.5686357106821707, 0.3761120279832305
241, 0.3883586607559891, 0.16579346276369422
242, 0.6779477050541253, 0.19969007867150357
243, 0.4580612526162732, 0.3732133065750004
244, 0.14186479797104623, 0.20389190884961295
245, 0.9614303882476668, 0.21950871621752133
246, 0.9794616749436607, 0.3672865245305641
247, 0.21887247039047997, 0.17341619456796564
248, 0.2481262795544893, 0.6681074045524418
249, 0.5788372355703365, 0.6903144801396686
250, 0.6772244618361825, 0.6361375577740743
251, 0.8361060804068786, 0.7380854620869584
252, 0.2483183036844271, 0.8388809669376601
253, 0.06321454364644463, 0.9558060286079441
254, 0.7818007293162151, 0.20021904242213795
255, 0.05326954545739393, 0.2081519943217338
256, 0.05553344137582239, 0.65064801023395
257, 0.7820843687766988, 0.7818099009786591
258, 0.35977957905199287, 0.5631433818615385
259, 0.047377634861481055, 0.21946978249329285
260, 0.3708023837535317, 0.008509805632979761
261, 0.548430506548676, 0.02721307463988676
262, 0.5083474138122105, 0.7392297413628617
263, 0.644595676189818, 0.9283686698295485
264, 0.7473931488539374, 0.9529754410617937
265, 0.41430364039926115, 0.19532764106541278
266, 0.5087659272047554, 0.4972182158475973
267, 0.36300212300967694, 0.45267852273755993
268, 0.8434258133988332, 0.03572762036013366
269, 0.1179959173096693, 0.02503636951964283
270, 0.36396655519090393, 0.9405801657077469
271, 0.8116741419049331, 0.8544725613288146
272, 0.2677281625353486, 0.6641017502756883
273, 0.5200129284456558, 0.5593333332735304
274, 0.511049708405512, 0.8644525248132574
275, 0.46434637347752883, 0.31406559950683965
276, 0.3366159938093263, 0.6278890601718135
277, 0.953859613239537, 0.07258278489977654
278, 0.5541126070372211, 0.032663926804209376
279, 0.10280009523462208, 0.8919323249580611
280, 0.19451224202710815, 0.8014472092425491
281, 0.5185043652175713, 0.09270920136269512
282, 0.6426270042590667, 0.024355017962098713
283, 0.665660488903651, 0.561347156955031
284, 0.21857483006329148, 0.34213116120696696
285, 0.30815432518519226, 0.10139323397411315
286, 0.37330437464882205, 0.6075744839306063
287, 0.6370175799731503, 0.5963429171607779
288, 0.5694937148120525, 0.09938015367767938
289, 0.3151729888228918, 0.6121157428529571
290, 0.5780911892727484, 0.3651603113532902
291, 0.08963560243589619, 0.18381572609633945
292, 0.11718099558927342, 0.9111372352943917
293, 0.9227794335493587, 0.6749874060396261
294, 0.2901801578783203, 0.9015254628535558
295, 0.7884624853079302, 0.06511761839030039
296, 0.8756326998665547, 0.9223345341229586
297, 0.24220023121901413, 0.6838070445725452
298, 0.04324208082344738, 0.11087733734164573
299, 0.8678660013385566, 0.1381199357436903
300, 0.6966230323055205, 0.7264587939210151
301, 0.01204635949126398, 0.10667503647789889
302, 0.46122083469563113, 0.4326797121043361
303, 0.6887073692890412, 0.9238478918545161
304, 0.2900889771237273, 0.6120258357831531
305, 0.8679148897073363, 0.5323968181974252
306, 0.9252201363268905, 0.7781388507110477
307, 0.26827304314662137, 0.8067796246574316
308, 0.37826075571456297, 0.39273522116919
309, 0.037372902280006115, 0.8574018571315576
310, 0.7311529811802329, 0.4607906049714591
311, 0.7931628171526883, 0.9841561151290237
312, 0.45227227873302667, 0.590096662622455
313, 0.5421711459684228, 0.5918336878795415
314, 0.3300965792293461, 0.0702133325174783
315, 0.1971428577294786, 0.07359914541245771
316, 0.4040905654790262, 0.957600183809471
317, 0.3487040797669714, 0.11689854205725292
318, 0.9638957819733889, 0.4261104597810097
319, 0.30242097178524174, 0.37130287963201936
320, 0.8140481821758834, 0.4347989045708759
321, 0.11260484519376357, 0.6305784841432107
322, 0.9615992240810104, 0.18453664314937435
323, 0.11733413727506004, 0.9432543627628568
324, 0.45054654351257173, 0.4246400046455271
325, 0.14295931533879036, 0.7835390134061457
326, 0.14311010945363256, 0.4041582950838284
327, 0.746306094193117, 0.20224451575588087
328, 0.11336590814713565, 0.954674507216321
329, 0.783057111906762, 0.9634687494892883
330, 0.17783456023199118, 0.9713803704486953
331, 0.7549877035802913, 0.6161948059057375
332, 0.4623928362061146, 0.25514277094116655
333, 0.49009875875235687, 0.25127394562953453
334, 0.2152489358777918, 0.8963508408852301
335, 0.4078514487533531, 0.5062075695653956
336, 0.24335231489889841, 0.772160686713029
337, 0.8683756610053012, 0.881621348298975
338, 0.4890568292088253, 0.7434466805107975
339, 0.04702521078035249, 0.019936470014728203
340, 0.4611833305898798, 0.8861424297724922
341, 0.8269968972976791, 0.519317890493702
342, 0.5627157916066794, 0.1251925666228959
343, 0.6264324369765473, 0.05348002755328418
344, 0.9944045663519346, 0.8369692601198174
345, 0.9061863010136891, 0.9083474677424184
346, 0.6518328927213741, 0.35245169509854124
347, 0.7942189645672977, 0.06411739114192327
348, 0.9083680759158915, 0.023326252152202076
349, 0.9387933962052883, 0.6058324119734333
350, 0.6762620143098498, 0.4025782477211841
351, 0.8606479203964723, 0.8654108430311013
352, 0.7277365405786587, 0.4860816417923106
353, 0.6499944295498734, 0.058410377464388485
354, 0.33693128970913266, 0.2861345674339726
355, 0.1322606868930365, 0.5142106583287298
356, 0.9330832817769581, 0.1989603637877242
357, 0.7493950397250463, 0.06455427240105338
358, 0.21754289748863587, 0.7784729465757129
359, 0.2776085375265249, 0.5476836195314613
360, 0.002697973221742034, 0.5884747099389621
361, 0.5197130730158828, 0.2623605644874345
362, 0.22202415419933674, 0.6162063554109376
363, 0.38040582849337257, 0.6543953670400073
364, 0.45295925752308874, 0.22882997876721145
365, 0.4104355532537859, 0.21344967088450428
366, 0.5873806668874914, 0.3392740017047736
367, 0.8991747986637738, 0.7335516218355906
368, 0.8222805259437427, 0.6103691181911512
369, 0.12903002257807872, 0.2403852129991525
370, 0.9450914243127435, 0.24228480040533407
371, 0.26579506168695466, 0.6204630683178255
372, 0.11389154615597696, 0.7812026407331231
373, 0.9904947296814843, 0.5227228235792123
374, 0.5481920925245849, 0.5772617376051659
375, 0.15487276075498724, 0.295962156965797
376, 0.23069084764924308, 0.2525026611511999
377, 0.46975733980568335, 0.5639624554326991
378, 0.8663151266352141, 0.745042686269322
379, 0.5462217663989919, 0.39094188905670324
380, 0.2499480214198947, 0.19792960783275948
381, 0.48613619320088564, 0.09707575617864184
382, 0.22923658736899755, 0.019581983062362696
383, 0.6859226624779651, 0.8437952365646557
384, 0.22251735666669015, 0.9023630586290221
385, 0.69399217847511, 0.4804738135914941
386, 0.92143710858681, 0.09925324466668917
387, 0.2088865849096374, 0.39562220187341846
388, 0.8592576360528311, 0.5692488876231626
389, 0.5742144085375775, 0.24081686922304923
390, 0.4170925088245262, 0.4811686826085807
391, 0.4589160660030155, 0.09340873010580053
392, 0.11097501085003281, 0.39633625794425864
393, 0.09741445359483836, 0.7797916688201353
394, 0.29378288149834053, 0.6159629556177757
395, 0.5776133226386423, 0.10816286485672211
396, 0.9347621190726442, 0.14836292874017187
397, 0.16527362717051985, 0.7539067033582003
398, 0.4341728625257879, 0.06302154996007647
399, 0.7456355869961286, 0.13988178486467506
400, 0.8734469371929102, 0.47794410759475425
401, 0.6879735021569928, 0.507797332490418
402, 0.4412590003903034, 0.4299085003696682
403, 0.04884900053517771, 0.23902168965710602
404, 0.5961125721754984, 0.7999994780013113
405, 0.35011092816070033, 0.8314497511782295
406, 0.44644396185907287, 0.6418184428745589
407, 0.2779803933059529, 0.5368101155885034
408, 0.876312735262335, 0.6374789448209847
409, 0.15393460434423, 0.7315811122640906
410, 0.14887712975292478, 0.8180220299690351
411, 0.01196248134113509, 0.19944647784997493
412, 0.8010544201370868, 0.18108673590164048
413, 0.7281442460503053, 0.40423490830516906
414, 0.7269843749319933, 0.1945636800938666
415, 0.9407724557230703, 0.4298421099163131
416, 0.38054650859739414, 0.03396375665511586
417, 0.139265601720585, 0.2921221027626909
418, 0.37563297758518255, 0.03894489155049263
419, 0.8470166195396092, 0.8607159506560362
end_nodes
0, 1
0, 2
0, 3
0, 4
0, 5
0, 6
0, 7
0, 8
0, 9
0, 10
0, 11
0, 12
0, 13
0, 14
0, 15
0, 16
0, 17
0, 18
0, 19
0, 20
1, 4
1, 12
1, 16
1, 19
1, 20
1, 23
1, 26
1, 28
1, 29
1, 33
1, 39
1, 41
1, 43
1, 45
1, 49
1, 50
1, 54
1, 55
1, 58
2, 4
2, 17
2, 22
2, 32
2, 44
2, 68
2, 73
2, 88
2, 91
2, 112
2, 130
2, 172
2, 205
2, 222
2, 240
2, 254
2, 277
2, 290
2, 299
3, 10
3, 11
3, 24
3, 35
3, 51
3, 52
3, 53
3, 57
3, 60
3, 62
3, 65
3, 71
3, 76
3, 77
3, 82
3, 94
3, 104
3, 105
3, 122
4, 14
4, 25
4, 30
4, 33
4, 37
4, 39
4, 44
4, 55
4, 59
4, 63
4, 67
4, 68
4, 72
4, 81
4, 90
4, 97
4, 98
5, 6
5, 7
5, 8
5, 10
5, 17
5, 34
5, 42
5, 47
5, 56
5, 64
5, 66
5, 74
5, 102
5, 112
5, 133
5, 140
5, 149
5, 174
5, 178
6, 18
6, 21
6, 46
6, 47
6, 56
6, 66
6, 70
6, 75
6, 78
6, 80
6, 84
6, 86
6, 87
6, 101
6, 103
6, 109
6, 113
6, 117
7, 36
7, 93
7, 116
7, 133
7, 324
7, 402
8, 47
8, 64
8, 80
8, 109
8, 175
8, 235
8, 243
8, 359
8, 362
8, 389
9, 16
9, 20
9, 38
9, 58
9, 79
9, 83
9, 115
9, 120
9, 147
9, 151
9, 199
9, 202
9, 220
9, 227
9, 236
9, 251
9, 262
9, 271
9, 300
10, 27
10, 35
10, 53
10, 56
10, 71
10, 94
10, 102
10, 126
10, 129
10, 140
10, 146
10, 168
10, 174
10, 176
10, 178
10, 218
10, 247
11, 27
11, 52
11, 57
11, 60
11, 76
11, 94
11, 188
11, 228
11, 326
11, 355
11, 392
12, 19
12, 23
12, 40
12, 49
12, 54
12, 104
12, 171
12, 179
12, 183
12, 184
12, 193
12, 194
12, 195
12, 216
12, 252
12, 253
12, 263
12, 270
13, 14
13, 15
13, 20
13, 31
13, 43
13, 48
13, 67
13, 85
13, 100
13, 111
13, 131
13, 137
13, 139
13, 143
13, 144
13, 155
13, 156
13, 157
13, 169
14, 15
14, 30
14, 67
14, 72
14, 81
14, 90
14, 98
14, 154
14, 156
14, 230
14, 248
14, 272
14, 273
14, 276
14, 283
14, 286
14, 297
15, 169
15, 215
15, 234
15, 385
16, 28
16, 58
16, 79
16, 83
16, 120
16, 236
16, 271
16, 307
16, 337
16, 383
16, 404
17, 91
17, 93
17, 112
17, 133
17, 205
17, 211
17, 222
17, 233
17, 242
17, 268
17, 295
17, 302
17, 324
17, 327
17, 347
17, 348
17, 366
18, 75
18, 86
18, 103
18, 124
18, 136
18, 142
18, 160
18, 161
18, 180
18, 209
18, 210
18, 213
18, 223
18, 265
18, 284
18, 288
18, 319
18, 321
19, 69
19, 95
19, 162
19, 171
19, 179
19, 203
19, 252
19, 274
19, 280
19, 345
19, 405
19, 410
20, 43
20, 85
20, 115
20, 143
20, 151
20, 155
20, 157
20, 167
20, 177
20, 202
20, 219
20, 239
20, 249
20, 251
20, 262
20, 300
21, 56
21, 84
21, 101
21, 103
21, 117
21, 191
21, 241
21, 285
21, 317
21, 380
21, 391
22, 32
23, 49
23, 96
23, 183
23, 237
23, 263
23, 270
23, 303
24, 51
24, 77
24, 123
24, 158
24, 207
24, 360
25, 81
25, 90
25, 396
25, 413
26, 33
26, 39
27, 94
27, 355
28, 89
28, 182
28, 307
28, 337
29, 41
29, 50
29, 61
29, 105
29, 141
29, 164
29, 197
29, 221
29, 264
30, 37
30, 97
30, 153
30, 154
30, 166
30, 230
30, 238
30, 248
30, 266
30, 276
30, 286
30, 289
30, 377
31, 144
31, 157
31, 229
31, 313
31, 406
32, 91
32, 290
32, 379
33, 39
33, 107
33, 112
33, 114
33, 125
33, 130
33, 187
33, 189
33, 344
33, 373
34, 47
34, 66
35, 122
35, 126
35, 176
35, 206
35, 217
35, 244
36, 402
37, 97
37, 166
37, 346
38, 79
38, 236
39, 99
39, 135
39, 148
39, 246
40, 194
40, 252
40, 334
40, 410
41, 54
41, 105
41, 316
42, 74
42, 174
43, 45
43, 108
43, 131
43, 173
43, 204
43, 214
43, 219
43, 305
43, 320
43, 341
43, 388
43, 408
44, 68
44, 88
44, 172
44, 240
44, 304
44, 335
44, 371
45, 55
45, 92
45, 108
45, 118
45, 119
45, 127
45, 159
45, 170
45, 200
45, 212
45, 214
45, 232
45, 293
45, 305
45, 349
45, 400
46, 75
46, 86
46, 165
46, 223
47, 66
47, 175
48, 67
48, 131
48, 204
48, 331
48, 368
49, 96
49, 171
49, 203
49, 237
50, 61
50, 106
50, 110
50, 121
50, 164
50, 187
50, 221
50, 231
50, 264
50, 311
50, 329
51, 53
51, 128
51, 145
51, 226
51, 259
51, 298
51, 301
51, 339
51, 360
51, 403
51, 411
52, 57
52, 82
52, 134
52, 188
52, 192
52, 225
52, 228
52, 326
53, 71
53, 74
53, 145
53, 174
53, 226
53, 255
53, 259
53, 269
53, 298
53, 339
53, 403
54, 105
54, 184
54, 195
54, 216
54, 253
54, 296
54, 316
54, 330
55, 63
55, 67
55, 118
55, 119
55, 127
55, 152
55, 163
55, 170
55, 200
55, 224
55, 245
55, 318
55, 322
55, 356
55, 370
55, 415
56, 103
56, 178
56, 285
56, 321
56, 353
56, 380
57, 60
57, 188
58, 83
58, 167
58, 181
58, 251
58, 257
58, 351
58, 404
58, 419
59, 72
59, 81
59, 350
60, 392
61, 164
62, 122
62, 176
62, 186
62, 244
62, 369
63, 322
64, 243
64, 362
65, 76
65, 94
65, 375
66, 149
66, 357
67, 127
67, 173
67, 204
67, 283
67, 310
67, 352
68, 172
69, 162
69, 274
69, 280
69, 345
69, 405
70, 78
70, 86
70, 87
70, 208
70, 332
71, 129
71, 168
71, 176
71, 255
71, 269
71, 291
71, 382
72, 81
72, 153
72, 230
72, 238
72, 350
73, 130
73, 277
73, 299
73, 386
74, 112
74, 174
74, 198
75, 136
75, 165
75, 223
75, 319
75, 342
75, 354
75, 364
75, 395
76, 94
77, 105
77, 158
77, 207
77, 309
79, 236
79, 271
80, 113
80, 138
80, 150
80, 267
80, 308
80, 333
80, 359
80, 361
80, 389
80, 407
81, 90
81, 396
81, 413
82, 134
83, 404
84, 101
84, 132
84, 241
84, 281
84, 317
84, 381
85, 100
85, 111
85, 137
85, 143
85, 157
85, 201
85, 249
86, 208
86, 223
86, 332
87, 332
88, 240
88, 335
88, 371
89, 182
89, 307
91, 205
91, 290
91, 390
92, 159
92, 200
92, 212
93, 133
93, 324
93, 414
94, 146
94, 247
94, 375
94, 417
95, 162
95, 274
96, 237
97, 98
97, 289
97, 346
97, 409
98, 258
98, 273
98, 297
98, 312
98, 394
98, 409
99, 135
99, 148
99, 246
100, 157
100, 201
101, 317
101, 391
102, 174
102, 260
102, 282
103, 132
103, 161
103, 191
103, 209
103, 210
103, 241
103, 284
103, 288
103, 321
103, 376
103, 380
103, 387
104, 105
104, 253
104, 256
104, 279
104, 292
104, 323
104, 328
105, 158
105, 164
105, 197
105, 253
105, 309
106, 110
106, 121
106, 187
107, 112
107, 189
109, 138
109, 150
109, 175
109, 235
109, 267
109, 359
110, 121
110, 187
110, 231
110, 329
111, 137
111, 143
111, 250
111, 287
112, 125
112, 130
112, 198
112, 268
112, 277
112, 348
113, 275
113, 308
113, 333
113, 361
113, 407
114, 187
115, 199
115, 202
115, 251
116, 324
116, 402
117, 391
118, 119
119, 200
120, 220
120, 227
120, 236
120, 325
120, 372
122, 186
122, 206
122, 217
122, 244
122, 369
123, 145
123, 158
123, 360
124, 161
125, 130
125, 373
127, 170
127, 173
127, 214
127, 320
128, 226
128, 339
128, 411
129, 168
129, 315
129, 382
130, 277
130, 299
130, 373
130, 386
131, 204
131, 331
131, 368
132, 241
132, 281
133, 233
133, 242
133, 295
133, 399
134, 192
134, 225
135, 148
136, 160
136, 213
136, 354
136, 364
136, 395
138, 150
138, 361
139, 144
139, 190
139, 196
139, 363
139, 374
139, 397
140, 178
140, 218
140, 261
140, 278
140, 314
140, 343
140, 398
140, 416
140, 418
141, 221
141, 264
142, 321
143, 155
143, 287
144, 196
144, 229
144, 363
144, 374
144, 397
144, 406
145, 226
145, 301
145, 360
146, 247
146, 417
147, 262
147, 336
147, 338
147, 358
147, 393
148, 246
149, 357
150, 267
151, 202
151, 300
152, 163
152, 318
153, 238
154, 377
156, 185
156, 283
156, 401
157, 229
157, 249
157, 313
157, 397
158, 207
159, 200
159, 349
160, 213
161, 288
162, 274
162, 345
163, 318
163, 415
164, 197
164, 311
166, 266
167, 177
167, 181
167, 239
167, 251
167, 257
167, 306
167, 351
167, 367
168, 176
168, 291
168, 315
169, 215
169, 234
171, 203
173, 204
173, 320
173, 341
173, 388
173, 408
174, 260
174, 282
175, 235
176, 244
176, 291
177, 239
178, 314
178, 343
178, 398
179, 193
179, 252
179, 340
179, 384
180, 210
180, 284
181, 257
182, 307
183, 263
183, 270
184, 195
184, 330
185, 283
186, 369
187, 189
187, 311
187, 344
188, 326
189, 344
190, 397
191, 241
192, 225
192, 228
193, 294
193, 384
194, 410
195, 296
196, 374
199, 251
200, 212
200, 232
200, 349
204, 408
205, 222
205, 254
205, 366
205, 390
205, 412
206, 217
208, 332
209, 265
209, 288
209, 376
210, 284
211, 268
211, 348
213, 365
213, 395
214, 305
214, 320
215, 234
216, 253
218, 261
218, 416
220, 227
220, 325
220, 372
221, 264
222, 327
222, 366
222, 412
223, 319
224, 245
224, 318
224, 322
224, 370
226, 301
226, 339
226, 411
229, 397
229, 406
230, 238
231, 329
232, 293
232, 349
232, 400
233, 295
233, 399
239, 367
239, 378
242, 399
243, 362
245, 322
245, 356
248, 272
248, 276
248, 289
248, 297
248, 409
250, 287
251, 257
252, 334
252, 340
252, 384
252, 410
253, 328
254, 412
258, 394
259, 298
259, 403
261, 278
262, 336
262, 338
262, 393
263, 303
265, 288
267, 359
268, 348
272, 297
273, 297
273, 312
275, 361
276, 286
279, 292
280, 345
280, 405
281, 381
284, 387
286, 377
289, 409
290, 379
294, 384
295, 347
297, 312
297, 409
299, 386
302, 324
302, 402
304, 371
306, 351
306, 367
307, 383
308, 333
310, 352
314, 398
318, 322
318, 370
318, 415
320, 388
321, 387
322, 356
323, 328
324, 402
324, 414
325, 372
327, 366
331, 368
335, 371
336, 338
336, 393
340, 384
341, 408
342, 395
343, 398
349, 400
351, 419
358, 393
359, 389
361, 407
363, 397
364, 395
365, 395
367, 378
396, 413
416, 418
end