180
4
0, 0.7387847905545628, 0.6276237205622445
1, 0.4233840783603856, 0.29023743714844286
2, 0.2837466113299394, 0.5898423110260403
3, 0.21345408241490682, 0.5385702506547356
4, 0.375524240038142, 0.3230612936733782
5, 0.6034088618542162, 0.07751577719086733
6, 0.43871897283337213, 0.05578734265495111
7, 0.9122066615513099, 0.4284385004662423
8, 0.33216149505111225, 0.5654692830032492
9, 0.49655059480660013, 0.11341108697946467
10, 0.45701315156631517, 0.7695485870515502
11, 0.01632437797459696, 0.390836849106722
12, 0.5868613466569994, 0.15380754603023494
13, 0.30987210011561284, 0.06120505428108991
14, 0.13076964335562158, 0.2900837463792716
15, 0.6409236142613391, 0.2135224388664566
16, 0.6126656854978535, 0.7755527167353702
17, 0.9937720435505875, 0.587576067437043
18, 0.7752779802077909, 0.0472094568434388
19, 0.7126514023113107, 0.9246546516428382
20, 0.5661284152125826, 0.6969317765769291
21, 0.4836374766118261, 0.39538904910961725
22, 0.8475861151802289, 0.5405609356178513
23, 0.25875152199830276, 0.22850487968177735
24, 0.9355776960196859, 0.9438863899662836
25, 0.9851966489075312, 0.3962717629307173
26, 0.7516907346344365, 0.7766769745182319
27, 0.9452808481640816, 0.30303274849442663
28, 0.6742143048648537, 0.8541024157624427
29, 0.48706979282598006, 0.5309623663233226
30, 0.6379578509894044, 0.8280573974110618
31, 0.000787357316340942, 0.2697546027936977
32, 0.46044711497433954, 0.41136865588574245
33, 0.3198974966010668, 0.6757763474829097
34, 0.17772059569761578, 0.10779050853816263
35, 0.7684116484629263, 0.7566787681395357
36, 0.1049876153093493, 0.2324120223221544
37, 0.46059794507800444, 0.9822096297778808
38, 0.611610648954821, 0.7499518208232429
39, 0.5511268875364401, 0.7167535133091748
40, 0.599916387746879, 0.7058042022804876
41, 0.4084973782029323, 0.8187347336501589
42, 0.440142762394642, 0.08750557834213535
43, 0.18597676126480112, 0.7677159945679743
44, 0.896902964745518, 0.06126561984732981
45, 0.1177525635926766, 0.13402645243057365
46, 0.11507759154016095, 0.20957760728017272
47, 0.5337530672106755, 0.44608896109308926
48, 0.6863002014493998, 0.3320114138820742
49, 0.6467492920416313, 0.6225243780323617
50, 0.3749343851259822, 0.8430835659101911
51, 0.16145436557083104, 0.4172997160714087
52, 0.9253522108913135, 0.9014604672706978
53, 0.9622459286461414, 0.731732112104296
54, 0.9610112791193792, 0.793273660019082
55, 0.6855403772805246, 0.5592339715576837
56, 0.7014710125558746, 0.5429361206014003
57, 0.7650199955099416, 0.8268699824203187
58, 0.2981052270084994, 0.4655226865169808
59, 0.3478403741784484, 0.3574031573091355
60, 0.16275476047323845, 0.9896831422562304
61, 0.536131939906431, 0.677435241043397
62, 0.841835749460378, 0.38467355199288
63, 0.10256405651826672, 0.8464780595289774
64, 0.26756023469003876, 0.54378467864515
65, 0.7084476484769381, 0.449660691908616
66, 0.8386680838129269, 0.7097967058993055
67, 0.05355585796988016, 0.8919688542057583
68, 0.3581297451474855, 0.3306120384135066
69, 0.9331590921373714, 0.8292389874893333
70, 0.40273624445892864, 0.5714931109496372
71, 0.34164292710285793, 0.2356264359305037
72, 0.8565069086610213, 0.3349614626058435
73, 0.4337444448971307, 0.8836365592195632
74, 0.1405428764668173, 0.20887866054228799
75, 0.8044703607968956, 0.37122448288754795
76, 0.4881554962435193, 0.37288103061423394
77, 0.6619067909288254, 0.9817469774603781
78, 0.6748146881945672, 0.17961944425497167
79, 0.034358211283130546, 0.6702527920178365
80, 0.07750289889725126, 0.795933175401474
81, 0.6056718422740377, 0.24076364397304117
82, 0.9062471386016657, 0.5732741939066883
83, 0.2809898326790865, 0.1114878440888909
84, 0.7756173432400223, 0.21112779920781977
85, 0.5541673117787921, 0.04623653603267697
86, 0.9734975840962492, 0.37893118118178637
87, 0.7710302539495681, 0.45646093503629914
88, 0.6971505668975584, 0.2816268280160559
89, 0.9704419346379719, 0.4148574570855488
90, 0.37404069564418807, 0.262781918137708
91, 0.33628856209658586, 0.3542039887783398
92, 0.8555888918260612, 0.7306328225335024
93, 0.4487235886931442, 0.13271622131564575
94, 0.7840861956723381, 0.5585022000395187
95, 0.16711074421148053, 0.38702308674584107
96, 0.45390781019726634, 0.9797608326786225
97, 0.8733852363604726, 0.2775007473293559
98, 0.7516006065592447, 0.8570634464261723
99, 0.2926993827406219, 0.21168741019608273
100, 0.6153589738033516, 0.4110776466416104
101, 0.8282825462868824, 0.32398522709834665
102, 0.23793393525740303, 0.9540289694196146
103, 0.9239637360807598, 0.939240223176083
104, 0.778294608976509, 0.7380476542730978
105, 0.7801747342547191, 0.8228424303856003
106, 0.11680448628613682, 0.13509230364205138
107, 0.24016830338635387, 0.012748491036361664
108, 0.24372910511426482, 0.03070194787250735
109, 0.0047260671862683346, 0.6130609342280692
110, 0.5536401734002423, 0.9893439290048837
111, 0.36329453876858486, 0.5495942961993694
112, 0.7500823613687811, 0.8999840710846456
113, 0.3842338008013195, 0.291878299401103
114, 0.13281641983004844, 0.8088654291951127
115, 0.5453842664028812, 0.28333641546355015
116, 0.5318249846327642, 0.42023974681327436
117, 0.49777808393706646, 0.14273017353259831
118, 0.7776015301162594, 0.45530253165749834
119, 0.5884107085233984, 0.27394100660242093
120, 0.30226180056670515, 0.4496545523384924
121, 0.10448296606551766, 0.47241909066072396
122, 0.11832268335907614, 0.3121597019229797
123, 0.5258296148478054, 0.09732032574984972
124, 0.9503961004733608, 0.3262304345940096
125, 0.7110912788451469, 0.5410725270151211
126, 0.4599268877563818, 0.9069489759382633
127, 0.25430446154014885, 0.9443045204340123
128, 0.16973765815235164, 0.7510721217552538
129, 0.8972325699658261, 0.9099918342050286
130, 0.8058566443706657, 0.7112601872805092
131, 0.3250594325070386, 0.6148294872380269
132, 0.3631494936601405, 0.087620359406832
133, 0.9929313516232011, 0.25497687102924815
134, 0.7916354417594639, 0.41316091447859615
135, 0.021916846072207785, 0.730492090093611
136, 0.633779799495711, 0.8136158914214209
137, 0.01802857167477867, 0.15670240216554543
138, 0.030880118123015943, 0.4495422964726121
139, 0.4217479959091561, 0.4586136221981473
140, 0.2867598943406814, 0.9231767129053751
141, 0.07423269713529823, 0.08325484803903282
142, 0.2664836531037912, 0.19248830614376955
143, 0.7866613599307692, 0.7854961709742879
144, 0.1458712728464575, 0.2905388760687657
145, 0.15698719094052294, 0.9529737704251642
146, 0.25752876745173114, 0.08124947715880648
147, 0.7876844908469761, 0.3800065658146278
148, 0.5147890160768374, 0.8971409491759036
149, 0.8500540648988788, 0.93650170905233
150, 0.9373313995131263, 0.9639965412061973
151, 0.8079848103014208, 0.2860115382408752
152, 0.38441448007786805, 0.24338431303211017
153, 0.8230458308634051, 0.5244445919420533
154, 0.5797182535383016, 0.9932752757419959
155, 0.15769981370498787, 0.667063726488599
156, 0.7063892174374079, 0.007824154601414945
157, 0.9355852582930329, 0.19141461363816747
158, 0.8238304114328773, 0.43468667249926385
159, 0.5203677323141548, 0.42596568812614743
160, 0.2113014375663208, 0.07318887221768244
161, 0.8104909855479282, 0.9811826192890721
162, 0.5593686716375205, 0.8543547631396606
163, 0.25299850198829466, 0.1487432934240045
164, 0.8361771654022231, 0.8243716653524528
165, 0.5629051947821552, 0.6458016777241129
166, 0.9326001707250258, 0.6546960934496641
167, 0.01511957167347766, 0.17907211647634647
168, 0.869746155327074, 0.1002954264961754
169, 0.9207181733897445, 0.535365214523285
170, 0.7105149924356499, 0.1081103746939126
171, 0.0451780297434925, 0.4551516259219771
172, 0.7828740572895385, 0.9356966238430993
173, 0.43299472164394937, 0.2807843196524681
174, 0.9793391529869702, 0.31427649257061707
175, 0.14699407314755708, 0.2286720146297314
176, 0.22242890273014726, 0.917637161775341
177, 0.32776655405511235, 0.10699955636023617
178, 0.5369852349940605, 0.687366755068471
179, 0.5589363553542936, 0.9570945548670048
end_nodes
0, 1
0, 2
0, 3
0, 4
0, 5
0, 6
0, 7
0, 8
0, 9
0, 10
0, 11
0, 12
0, 13
1, 4
1, 11
1, 13
1, 14
1, 21
1, 23
1, 31
1, 34
1, 36
1, 45
1, 46
1, 47
2, 3
2, 8
2, 10
2, 20
2, 33
2, 37
2, 39
2, 41
2, 43
2, 49
2, 50
2, 60
3, 8
3, 11
3, 43
3, 63
3, 64
3, 67
3, 70
3, 79
3, 80
3, 109
3, 111
4, 11
4, 21
4, 29
4, 32
4, 47
4, 51
4, 58
4, 59
4, 68
4, 91
4, 95
5, 6
5, 7
5, 9
5, 12
5, 15
5, 18
5, 25
5, 27
5, 44
5, 48
5, 62
5, 65
6, 9
6, 13
6, 18
6, 42
6, 85
6, 93
6, 100
6, 107
6, 108
6, 115
6, 117
7, 16
7, 17
7, 19
7, 22
7, 24
7, 25
7, 26
7, 28
7, 30
7, 35
7, 37
8, 70
9, 12
9, 56
9, 81
9, 117
9, 119
9, 123
10, 16
10, 37
10, 38
10, 39
10, 40
10, 41
10, 73
10, 126
10, 131
10, 148
10, 162
11, 14
11, 29
11, 31
11, 51
11, 58
11, 95
11, 109
11, 111
11, 113
12, 56
12, 81
12, 125
13, 34
13, 42
13, 55
13, 83
13, 93
13, 100
13, 108
13, 115
13, 132
13, 137
14, 31
14, 113
14, 122
14, 144
15, 65
16, 38
16, 162
17, 24
17, 25
17, 53
17, 54
17, 69
17, 89
17, 133
17, 150
17, 166
17, 169
18, 44
18, 85
18, 107
18, 156
19, 24
19, 26
19, 28
19, 30
19, 35
19, 37
19, 52
19, 57
19, 66
19, 77
19, 82
19, 92
20, 39
20, 49
20, 61
20, 165
20, 178
21, 47
22, 28
22, 30
23, 45
23, 46
23, 74
23, 106
23, 137
23, 167
24, 52
24, 53
24, 54
24, 69
24, 77
24, 82
24, 103
24, 129
24, 149
24, 150
25, 27
25, 44
25, 72
25, 84
25, 86
25, 89
25, 97
25, 101
25, 124
25, 133
26, 28
26, 35
27, 44
27, 84
27, 97
27, 124
27, 168
27, 170
28, 30
29, 32
29, 58
29, 139
30, 37
30, 136
30, 179
31, 36
31, 46
31, 109
31, 137
31, 167
33, 37
33, 50
33, 96
34, 45
34, 71
34, 83
34, 90
34, 99
34, 137
34, 142
34, 146
34, 152
34, 163
35, 104
36, 46
36, 175
37, 41
37, 60
37, 73
37, 77
37, 96
37, 102
37, 110
38, 40
39, 49
39, 131
39, 178
41, 73
42, 93
42, 132
43, 60
43, 63
43, 114
43, 128
43, 145
44, 133
44, 156
44, 157
44, 168
44, 170
44, 174
45, 90
45, 99
45, 106
45, 137
45, 142
46, 74
46, 167
46, 175
47, 76
47, 116
47, 159
48, 62
48, 65
48, 75
48, 78
48, 87
48, 88
48, 94
48, 118
48, 134
48, 147
48, 153
48, 158
49, 165
50, 60
50, 96
50, 102
50, 127
50, 140
50, 176
51, 58
51, 59
51, 68
51, 91
51, 95
51, 120
52, 82
52, 92
52, 112
52, 129
52, 164
53, 69
54, 150
55, 173
56, 81
56, 119
57, 82
57, 130
57, 143
58, 59
58, 120
58, 139
59, 91
59, 120
60, 63
60, 67
60, 102
60, 110
60, 145
60, 154
60, 176
61, 165
62, 75
62, 78
62, 88
62, 147
62, 153
62, 158
63, 67
63, 114
63, 128
63, 145
63, 155
64, 111
65, 94
66, 82
66, 92
66, 98
66, 105
67, 79
67, 80
67, 109
67, 135
67, 155
68, 95
69, 166
69, 169
71, 90
72, 101
72, 151
74, 167
75, 88
76, 116
76, 159
77, 110
77, 150
77, 154
77, 161
77, 172
78, 88
79, 80
79, 109
81, 119
82, 92
82, 98
82, 130
82, 143
83, 146
83, 152
83, 163
83, 177
84, 97
85, 107
86, 97
86, 124
87, 94
87, 153
90, 99
92, 105
92, 112
92, 164
93, 115
93, 132
94, 153
96, 102
96, 127
96, 140
97, 124
99, 142
100, 115
101, 151
102, 127
103, 129
103, 149
106, 137
107, 108
107, 137
107, 141
107, 156
107, 160
108, 160
109, 121
109, 135
109, 138
109, 171
110, 154
112, 164
113, 122
113, 144
114, 128
118, 134
118, 153
118, 158
121, 138
121, 171
122, 144
126, 148
127, 140
129, 149
130, 143
133, 174
134, 158
137, 141
137, 160
137, 167
138, 171
147, 158
148, 162
150, 161
152, 163
152, 177
153, 158
154, 161
157, 174
166, 169
168, 170
end