200
4
0, 0.24481258877137924, 0.3808012154969178
1, 0.19917016914210317, 0.1155803785040842
2, 0.27430629688487274, 0.33156615855716365
3, 0.08600154937816351, 0.06717186521483731
4, 0.4377016008929796, 0.7168519793490158
5, 0.5678307941827011, 0.6556640322369454
6, 0.8152875397519073, 0.476095033263102
7, 0.0639192120715989, 0.6013986608011848
8, 0.9305442743918076, 0.4357665759985896
9, 0.6735561572818864, 0.17213429185590434
10, 0.5003436318669965, 0.2519683180303033
11, 0.6646756905517064, 0.6204028394480294
12, 0.07771381609804884, 0.5334618819586999
13, 0.14067268211899364, 0.5890510936631962
14, 0.5864774193406523, 0.2009807271086551
15, 0.15643422065408363, 0.19692784517241957
16, 0.0010040562118937002, 0.06446087907756748
17, 0.8262164499636336, 0.46581147735396644
18, 0.9772267559401971, 0.08579934271943768
19, 0.8172709907249651, 0.20614317829746154
20, 0.20002243715536128, 0.015001265358962512
21, 0.6237195786742536, 0.6310781681400609
22, 0.5732455834611467, 0.6345301773697203
23, 0.452843269394667, 0.08188586945876108
24, 0.016106883636283986, 0.8882599341260928
25, 0.3709929043693996, 0.9549597522963675
26, 0.6567598568945964, 0.36151235709398033
27, 0.7738011816908807, 0.334426452489723
28, 0.5390819330909672, 0.9660435990791579
29, 0.8532978634380473, 0.8126795472333062
30, 0.7045398080431804, 0.9933405229964297
31, 0.5682394904289912, 0.7571755951138778
32, 0.13427029783428046, 0.5435287448409614
33, 0.4301908284003936, 0.27785471791569294
34, 0.4589458329737194, 0.21613105525980925
35, 0.513319270001884, 0.8099615469697466
36, 0.9432310924485512, 0.672216338011254
37, 0.5933394304485332, 0.18058614640884474
38, 0.6254738557425881, 0.10629563346948734
39, 0.2924301216650045, 0.9750434983184781
40, 0.9661090490037293, 0.006886622749819549
41, 0.3569694646361983, 0.098880912632473
42, 0.5009296516968476, 0.9311007009674059
43, 0.8222401837589414, 0.3324515770896389
44, 0.016459510240834696, 0.992463502035815
45, 0.8041407315983804, 0.40478597571280717
46, 0.23116021209067905, 0.2169959638106368
47, 0.40666731366222697, 0.65474385133835
48, 0.676279250139654, 0.7611078427590537
49, 0.8423980534252458, 0.17659772544172803
50, 0.8870061697290427, 0.1452366460572604
51, 0.8857954519200723, 0.6263759224144596
52, 0.11797627190416826, 0.15079107093235888
53, 0.015780513915766403, 0.5720290450781546
54, 0.35268419251699723, 0.5389042613687804
55, 0.9408720008649798, 0.39891033612143156
56, 0.03995845874396564, 0.5754766197115648
57, 0.007379908281549219, 0.41549661108068314
58, 0.9776478618061484, 0.7485838764247763
59, 0.9590584665242955, 0.03054309940895983
60, 0.41492600545342395, 0.6993221174144928
61, 0.5813999571335768, 0.42572167505012637
62, 0.976282904604835, 0.36842440860865355
63, 0.33749680013268113, 0.9403402805198804
64, 0.5760871250603664, 0.18852672779738022
65, 0.602043549521025, 0.660983917204548
66, 0.2302019861743283, 0.41134607011430846
67, 0.23849604305105376, 0.8290963502285909
68, 0.1673520684426696, 0.9333590909683056
69, 0.1514589774269094, 0.6167344943694344
70, 0.6610297728079523, 0.07699955537601422
71, 0.34773125930947235, 0.2434472102554407
72, 0.11393987158612762, 0.32416443269170414
73, 0.06711378003127111, 0.4924463474343995
74, 0.7931455451058054, 0.762252701993535
75, 0.5085979372378282, 0.030431220332043263
76, 0.9683666864551015, 0.7673138970043154
77, 0.22844116030715889, 0.80621217625897
78, 0.5409513342785869, 0.8781615492110616
79, 0.5402180242141728, 0.9576933304613303
80, 0.8888473585761154, 0.7288193488353673
81, 0.11797152993997917, 0.39787991189638416
82, 0.8229589640169775, 0.38638361880638084
83, 0.1205304724083146, 0.141660535133039
84, 0.545098685116803, 0.33173971471951946
85, 0.0668109812150195, 0.22251703024429337
86, 0.091758577083212, 0.11794582882323179
87, 0.4897211669441911, 0.07568429970845092
88, 0.14357023418300408, 0.012010749657374475
89, 0.11726998879473505, 0.07832945587716678
90, 0.28518939385888853, 0.7784005312342315
91, 0.9829614274584783, 0.09470528337494966
92, 0.6437109326654962, 0.4838763992468166
93, 0.12013791789012129, 0.3228336853570887
94, 0.4470697284218418, 0.4016434481985156
95, 0.00500880456002839, 0.44136086226933824
96, 0.014317558900655225, 0.9926118183766274
97, 0.5540369446278468, 0.2199973501303799
98, 0.595358480941937, 0.06501370194661793
99, 0.43660867615317167, 0.9639817853344269
100, 0.9466015620509703, 0.5905933046069167
101, 0.10963541935674137, 0.675630345205931
102, 0.5648403132443048, 0.41952292949612113
103, 0.653033166250616, 0.44289849397581804
104, 0.1629054929740107, 0.46244559822136755
105, 0.4046630356496588, 0.6463432344081301
106, 0.7880556774984581, 0.504247335755341
107, 0.05484645824895673, 0.6700221087172822
108, 0.5763933866367075, 0.9920921599000093
109, 0.9908322982213323, 0.9054951788889856
110, 0.27391982956049066, 0.4327377140103418
111, 0.39233597329295367, 0.8854865246427017
112, 0.9446293926350829, 0.9217208132454904
113, 0.2084609352820238, 0.016200479409669954
114, 0.7282630692493949, 0.5108348486435423
115, 0.9857884503889648, 0.6679908133609792
116, 0.5276806816144407, 0.25071380737652826
117, 0.14279892592588417, 0.7493493371881673
118, 0.8054888189173612, 0.19211214240930075
119, 0.4359471750249819, 0.6649158172586656
120, 0.23473933611576803, 0.9176188721487109
121, 0.4913555379811835, 0.13125151485162367
122, 0.20329837539911444, 0.6737747274832416
123, 0.35347340516753223, 0.3868272623132578
124, 0.20215921663965863, 0.8265014144461788
125, 0.6172106273141359, 0.6956894607743849
126, 0.06379671336959103, 0.962178129721438
127, 0.3051232558993333, 0.5267142340063344
128, 0.23588662381599812, 0.922690520587925
129, 0.8289705122379403, 0.4034376063392121
130, 0.6985046465428552, 0.3591873458632213
131, 0.00027347626358487087, 0.6574676746273662
132, 0.029002056430059375, 0.374890818331411
133, 0.875282973267471, 0.3736204610139965
134, 0.997594772524386, 0.5703787684088973
135, 0.7839452830094421, 0.3070181919191912
136, 0.9426699532547688, 0.31358687281016706
137, 0.5463064065958361, 0.5430804677103592
138, 0.4322551108761782, 0.5900326921253122
139, 0.825867819297742, 0.7062060955188237
140, 0.4976181300509669, 0.22125413608707745
141, 0.3008585864072585, 0.9771442478608968
142, 0.2941914143533665, 0.05051009103463966
143, 0.255900965672359, 0.17464709017061353
144, 0.8405258630645447, 0.19768613168667226
145, 0.9478227766741795, 0.04880163148452421
146, 0.4836830206972845, 0.28044776300613405
147, 0.06511622960336694, 0.9632757974387117
148, 0.5913251337085411, 0.2763262267936406
149, 0.05411870687386344, 0.22140192359631838
150, 0.4986578445188615, 0.1950602055945272
151, 0.5172858837323271, 0.7974159538388301
152, 0.24586629142023086, 0.3190319085313458
153, 0.0497018708396042, 0.54920635946984
154, 0.5696782652298003, 0.3356451096640912
155, 0.8718139142946429, 0.8558331706043022
156, 0.6218621856152602, 0.6636457806338283
157, 0.3552725138042505, 0.15416537660763874
158, 0.03973137083718925, 0.3013095088784955
159, 0.8714303373425041, 0.3238695422754012
160, 0.22867912663531098, 0.4726756746212203
161, 0.6337921386750712, 0.5808465661320745
162, 0.13137322433682108, 0.9057930475763954
163, 0.859854750812508, 0.9855469746159037
164, 0.21751882485947238, 0.6334230960685259
165, 0.8768189816561208, 0.6826348448088051
166, 0.6979478673457551, 0.43823572962162405
167, 0.8976883015468454, 0.17363238927427904
168, 0.2546122347431433, 0.5599039549263953
169, 0.5502952626189769, 0.5723003210942453
170, 0.8100572401003332, 0.47717263733903204
171, 0.36447438477896676, 0.2102478997486259
172, 0.7634766500823323, 0.9817306501055476
173, 0.7028895102237835, 0.5987784847120052
174, 0.7287589679181928, 0.9703922258849672
175, 0.7443356223899154, 0.3879096216737895
176, 0.18613272308550044, 0.2581836635194398
177, 0.6321184747297308, 0.8026702578392376
178, 0.6589089671546831, 0.24750046121086366
179, 0.1020373769932873, 0.9647145022462953
180, 0.3321010455178659, 0.6396647293254606
181, 0.4621652113986653, 0.6051588197492054
182, 0.9815152649458754, 0.32739308044689175
183, 0.025358048961637736, 0.9686634186262854
184, 0.7669963941877311, 0.18539413251639714
185, 0.5589508474951774, 0.018207040913735595
186, 0.5943361474939162, 0.1837557782081185
187, 0.4283081560709482, 0.9224291413353891
188, 0.6039785383144418, 0.4499254928053248
189, 0.47367107723121604, 0.8661653443606387
190, 0.6872976678105751, 0.3319494475688356
191, 0.1274576886376655, 0.46654762772233627
192, 0.9684209585430058, 0.41929543870313835
193, 0.5621607568535857, 0.03357407216361663
194, 0.19803696844197005, 0.7672457029140707
195, 0.5662869912857882, 0.17174565659036312
196, 0.6489271991357163, 0.8261550101748899
197, 0.9561846558808517, 0.2684112208028908
198, 0.5790872263660668, 0.6801371212361108
199, 0.30885527130136525, 0.6287010271140298
end_nodes
0, 1
0, 2
0, 3
0, 4
0, 5
0, 6
0, 7
0, 8
0, 9
0, 10
0, 11
0, 12
0, 13
0, 14
15, 5
15, 6
15, 8
15, 9
15, 10
15, 11
15, 14
15, 17
15, 18
15, 19
15, 21
15, 22
15, 25
15, 26
16, 4
16, 5
16, 6
16, 8
16, 9
16, 10
16, 11
16, 14
16, 17
16, 18
16, 19
16, 21
16, 22
16, 26
20, 13
20, 24
20, 39
20, 44
20, 63
20, 66
20, 67
20, 68
20, 69
20, 77
20, 90
20, 96
20, 101
20, 117
23, 7
23, 12
23, 32
23, 53
23, 56
23, 73
23, 104
23, 107
23, 131
23, 153
23, 191
28, 3
28, 52
28, 83
28, 89
31, 172
31, 174
33, 7
33, 9
33, 10
33, 12
33, 14
33, 18
33, 32
33, 40
33, 53
33, 56
33, 59
33, 73
33, 97
33, 104
34, 7
34, 12
34, 32
34, 53
34, 56
34, 73
34, 104
34, 107
34, 131
34, 153
34, 191
37, 7
37, 12
37, 32
37, 53
37, 56
37, 73
37, 104
37, 107
37, 131
37, 153
37, 191
38, 7
38, 12
38, 32
38, 53
38, 56
38, 73
38, 104
38, 107
38, 131
38, 153
38, 191
41, 13
41, 24
41, 39
41, 44
41, 63
41, 66
41, 67
41, 68
41, 69
41, 77
41, 90
41, 96
41, 101
41, 117
42, 3
42, 52
42, 83
42, 89
46, 6
46, 8
46, 9
46, 10
46, 13
46, 14
46, 17
46, 18
46, 19
46, 24
46, 26
46, 27
46, 39
46, 40
47, 35
47, 78
51, 115
54, 30
54, 119
54, 151
54, 172
54, 174
57, 4
57, 5
57, 6
57, 8
57, 9
57, 10
57, 11
57, 14
57, 17
57, 18
57, 19
57, 21
57, 22
57, 26
60, 3
60, 52
60, 83
60, 89
60, 108
61, 6
61, 17
61, 103
61, 166
61, 170
64, 7
64, 12
64, 32
64, 53
64, 56
64, 73
64, 104
64, 107
64, 131
64, 153
64, 191
70, 7
70, 12
70, 32
70, 53
70, 56
70, 73
70, 104
70, 107
70, 131
70, 153
70, 191
71, 7
71, 12
71, 32
71, 53
71, 56
71, 73
71, 104
71, 107
71, 131
71, 153
71, 191
72, 4
72, 5
72, 6
72, 8
72, 9
72, 10
72, 11
72, 14
72, 17
72, 18
72, 19
72, 21
72, 22
72, 26
75, 7
75, 12
75, 32
75, 53
75, 56
75, 73
75, 104
75, 107
75, 131
75, 153
75, 191
79, 3
79, 52
79, 83
79, 89
81, 4
81, 5
81, 6
81, 8
81, 9
81, 10
81, 11
81, 14
81, 17
81, 18
81, 19
81, 21
81, 22
81, 26
84, 135
84, 136
84, 159
84, 182
84, 197
85, 4
85, 5
85, 6
85, 8
85, 9
85, 10
85, 11
85, 14
85, 17
85, 18
85, 19
85, 21
85, 22
85, 26
86, 4
86, 5
86, 6
86, 8
86, 9
86, 10
86, 11
86, 14
86, 17
86, 18
86, 19
86, 21
86, 22
86, 26
87, 7
87, 12
87, 32
87, 53
87, 56
87, 73
87, 104
87, 107
87, 131
87, 153
87, 191
88, 25
88, 99
88, 111
88, 127
88, 180
88, 187
88, 189
88, 199
92, 100
92, 114
92, 134
93, 4
93, 5
93, 6
93, 8
93, 9
93, 10
93, 11
93, 14
93, 17
93, 18
93, 19
93, 21
93, 22
93, 26
94, 6
94, 8
94, 17
94, 45
94, 55
94, 82
94, 100
94, 102
94, 103
94, 106
94, 114
94, 129
94, 134
94, 166
95, 4
95, 5
95, 6
95, 8
95, 9
95, 10
95, 11
95, 14
95, 17
95, 18
95, 19
95, 21
95, 22
95, 26
98, 7
98, 12
98, 32
98, 53
98, 56
98, 73
98, 104
98, 107
98, 131
98, 153
98, 191
105, 35
105, 78
110, 3
110, 4
110, 5
110, 7
110, 21
110, 22
110, 29
110, 30
110, 35
110, 39
110, 48
110, 63
110, 65
110, 74
113, 13
113, 24
113, 39
113, 44
113, 63
113, 66
113, 67
113, 68
113, 69
113, 77
113, 90
113, 96
113, 101
113, 117
121, 7
121, 12
121, 32
121, 53
121, 56
121, 73
121, 104
121, 107
121, 131
121, 153
121, 191
123, 6
123, 8
123, 17
123, 26
123, 27
123, 36
123, 43
123, 45
123, 55
123, 58
123, 62
123, 76
123, 80
123, 82
132, 4
132, 5
132, 8
132, 9
132, 10
132, 11
132, 14
132, 17
132, 18
132, 19
132, 21
132, 22
132, 26
132, 27
137, 11
137, 58
137, 76
137, 80
137, 139
137, 161
137, 165
138, 163
138, 172
138, 174
138, 177
138, 196
140, 12
140, 32
140, 53
140, 56
140, 73
140, 104
140, 107
140, 131
140, 153
140, 191
142, 13
142, 24
142, 39
142, 44
142, 63
142, 66
142, 67
142, 68
142, 69
142, 77
142, 90
142, 96
142, 101
142, 117
143, 9
143, 13
143, 14
143, 18
143, 19
143, 24
143, 39
143, 40
143, 44
143, 49
143, 50
143, 59
143, 63
143, 66
146, 18
146, 49
146, 50
146, 91
146, 118
146, 145
146, 167
146, 184
149, 4
149, 5
149, 10
149, 11
149, 19
149, 21
149, 22
149, 26
149, 27
149, 29
149, 30
149, 35
149, 36
149, 40
150, 32
150, 53
150, 56
150, 73
150, 104
150, 107
150, 131
150, 153
150, 191
152, 5
152, 11
152, 13
152, 19
152, 21
152, 22
152, 24
152, 26
152, 27
152, 29
152, 36
152, 39
152, 40
152, 43
154, 27
154, 43
154, 135
154, 136
154, 159
154, 182
154, 190
154, 197
157, 13
157, 24
157, 39
157, 40
157, 44
157, 50
157, 59
157, 63
157, 66
157, 67
157, 68
157, 69
157, 77
157, 90
158, 4
158, 21
158, 22
158, 27
158, 29
158, 30
158, 35
158, 36
158, 40
158, 43
158, 45
158, 48
158, 49
158, 50
168, 39
168, 67
168, 120
168, 128
168, 141
169, 29
169, 74
169, 109
171, 107
171, 131
171, 153
171, 191
173, 58
173, 165
176, 3
176, 13
176, 24
176, 25
176, 27
176, 29
176, 30
176, 36
176, 40
176, 43
176, 44
176, 45
176, 48
176, 49
181, 163
181, 172
181, 177
181, 196
186, 40
188, 106
188, 134
188, 170
198, 48
198, 163
end