560
4
0, 0.22117798241048092, 0.8564194684072941
1, 0.8931386729623594, 0.769112625927823
2, 0.8109503010483758, 0.48586397931682324
3, 0.5768839284934183, 0.4359201893388429
4, 0.8496161197368716, 0.16704211918623124
5, 0.29953646738184947, 0.9684686023948452
6, 0.8843696692804462, 0.3083605406549994
7, 0.3795151954562993, 0.04769171049907084
8, 0.09607889551039606, 0.24248925979856095
9, 0.7860989536480418, 0.783135745973329
10, 0.08640107979348, 0.0431200711244587
11, 0.38934202818265207, 0.6902244780513123
12, 0.6392573619898234, 0.005328545564769915
13, 0.697607663941373, 0.47222652899262185
14, 0.7189952137046619, 0.7661742339156176
15, 0.46463067563105, 0.7990470321924443
16, 0.02695906071112819, 0.3339499196423532
17, 0.2237080326923362, 0.6061945778021993
18, 0.8172079771148058, 0.2552823395306132
19, 0.4008436930603355, 0.9476529693457327
20, 0.6829646982773349, 0.3128793111299606
21, 0.02157030846782171, 0.2520817642403078
22, 0.2950787025193735, 0.7934138842872568
23, 0.68235521119276, 0.3521247565674731
24, 0.19081930546938497, 0.02273244551210374
25, 0.19788643810001294, 0.937692517837961
26, 0.22791107362338514, 0.8880234244655195
27, 0.3802391933956083, 0.6130628075897503
28, 0.9143230938311367, 0.700160340137823
29, 0.4663589223705277, 0.8396920138097826
30, 0.10446377501676196, 0.32013234865389084
31, 0.32487450411734986, 0.18640581506226495
32, 0.6180092944958753, 0.8217140693675745
33, 0.6654366908643244, 0.707847961571844
34, 0.18794806386902163, 0.8867310128006795
35, 0.8706644324539297, 0.7256036491425709
36, 0.8730260890844879, 0.6472375196430671
37, 0.2054778212696069, 0.08202314969278901
38, 0.24381940583056483, 0.721845782480171
39, 0.693205337961002, 0.9554264177085979
40, 0.8024087953977501, 0.9989453964920042
41, 0.9522219299732488, 0.5481197807121567
42, 0.13563779442880508, 0.01734907471207059
43, 0.7290277348728649, 0.9452618898094273
44, 0.45747666474612003, 0.12574688574193205
45, 0.5407794676237716, 0.9184997813174163
46, 0.6459522315871403, 0.468748806995016
47, 0.13174221863742852, 0.8108770574143842
48, 0.9448072590039641, 0.28288682188391123
49, 0.26523520609622375, 0.8218180697041465
50, 0.2698059793318133, 0.9690936165181793
51, 0.5548990417548969, 0.2618961187119968
52, 0.95301053114392, 0.14199669706957496
53, 0.9135055871939068, 0.5084431479029043
54, 0.9669986123866204, 0.6335786240354647
55, 0.9455603713681049, 0.3349211150453808
56, 0.7110262383624745, 0.07034034383133625
57, 0.3745908951058382, 0.049978726197748236
58, 0.2613187297708457, 0.7139277547332757
59, 0.666131463022331, 0.3564511851952862
60, 0.4761857012046853, 0.12780532876324047
61, 0.6141421861414547, 0.0788530899436306
62, 0.14258452680849054, 0.44482555317738237
63, 0.23766492170299824, 0.1461524995495076
64, 0.38785758417208804, 0.7594430676057099
65, 0.3963907579489936, 0.1417931329242048
66, 0.2019047282034545, 0.5172606499263999
67, 0.402148932091986, 0.6725392871682946
68, 0.8229738098943643, 0.4532691558552705
69, 0.007443414664551895, 0.32301380726342055
70, 0.7315885871624229, 0.4818546535335987
71, 0.058240360268925984, 0.7112107960135257
72, 0.08779976453361793, 0.05440636912998231
73, 0.3278488394503365, 0.2733555480197992
74, 0.4114436901216305, 0.259233169428561
75, 0.05883454109510222, 0.28278454786524476
76, 0.31809644737052567, 0.6759322898563417
77, 0.23107150111237218, 0.6627679546853389
78, 0.4501850369799416, 0.025005977877347707
79, 0.07022451253966422, 0.0713383479372347
80, 0.09944686215454746, 0.41396348146253925
81, 0.9038072129417667, 0.8150945529602045
82, 0.9590449142767142, 0.4846028354345574
83, 0.9119791953622596, 0.1407025266553139
84, 0.4083260852591972, 0.8916286348059927
85, 0.8054323417885776, 0.5688682718651991
86, 0.43581319402658825, 0.8049569021833144
87, 0.6525530567470634, 0.6258316774293342
88, 0.1963189793076563, 0.9547146595606926
89, 0.7421540651560954, 0.7496889018534608
90, 0.7984777294138728, 0.5309308679395153
91, 0.24507979766334254, 0.9609849138956432
92, 0.7080614183792402, 0.8749116455473009
93, 0.5789132321446889, 0.36838857998872854
94, 0.5109807226744626, 0.19666518237875097
95, 0.40262377897727697, 0.35430130945084937
96, 0.13081161817879006, 0.5928091173495788
97, 0.9807241506929802, 0.9479760221201136
98, 0.15058537359818647, 0.972118848405074
99, 0.47038586854882536, 0.8134554702243647
100, 0.0393210657320785, 0.6618342763811973
101, 0.816219154678853, 0.7659650511164245
102, 0.9500128346606073, 0.93112515976121
103, 0.23048519950140856, 0.6071824674862721
104, 0.5620702912471058, 0.0796967973711139
105, 0.5233414722456766, 0.8431955979562843
106, 0.8717735618084207, 0.6036744157858461
107, 0.31241205258669236, 0.4280338739597186
108, 0.8839179400154086, 0.2938882105082474
109, 0.5384100295910647, 0.882772605529649
110, 0.31487573042382155, 0.4298289999994227
111, 0.7147823884617778, 0.6202710251209723
112, 0.8475894752440747, 0.28647124475243213
113, 0.7808702402862633, 0.5088592028608717
114, 0.1572925002805966, 0.933321955421248
115, 0.7128505946689994, 0.15228862626914363
116, 0.07538213704204955, 0.650037034843865
117, 0.45653556154187613, 0.8659370970562645
118, 0.6371287865793711, 0.14376647887316718
119, 0.2896233839562721, 0.8001250838415565
120, 0.9073794484084841, 0.797849758564186
121, 0.7180595546739832, 0.8236845595033766
122, 0.27510766735120695, 0.8187129041467603
123, 0.8360510614316793, 0.8705569090277377
124, 0.19019705880925664, 0.5620850209327466
125, 0.8025895557851559, 0.10578312910595411
126, 0.024909810901519003, 0.8381969958291274
127, 0.46612677268865643, 0.781287976764101
128, 0.7787297420934434, 0.11678919076427219
129, 0.258115030118909, 0.2546496823285539
130, 0.6523492470004046, 0.1332458901114939
131, 0.5110905485846323, 0.25066067028175454
132, 0.8569767176082485, 0.4380672683735499
133, 0.5926293294412661, 0.5125463910618412
134, 0.22681493099085182, 0.4632282003502617
135, 0.13091599388169395, 0.3966164820520025
136, 0.996146571906542, 0.9106536654633339
137, 0.9222362154706824, 0.3400661182440614
138, 0.11028910819811699, 0.007711494404379793
139, 0.1863131878119697, 0.4100137624086847
140, 0.14520972611850547, 0.665622665586491
141, 0.6366213257158966, 0.4457940365424824
142, 0.4370010382949969, 0.10163001603202337
143, 0.015664486459362248, 0.923808530869957
144, 0.044039309320945796, 0.9392648503461517
145, 0.05366895098495428, 0.965445710997831
146, 0.4565098243632808, 0.6991295290342205
147, 0.3661873299371595, 0.9893216369226022
148, 0.5204369359378493, 0.1782070752806869
149, 0.46564961556545925, 0.05643490581145705
150, 0.39129883938559373, 0.41371785363339353
151, 0.5741922834625782, 0.4140725542350876
152, 0.25559939959579114, 0.5415693597343236
153, 0.12613204780378628, 0.3256964849567211
154, 0.4740437308648797, 0.09496738786238057
155, 0.5193214909048821, 0.7281043416157494
156, 0.38975482020880914, 0.8157152558319426
157, 0.2771668350987797, 0.3200837026752147
158, 0.4306608954700758, 0.2534588568810704
159, 0.1884436467645455, 0.43441462829928923
160, 0.9857322915714067, 0.3168918614606433
161, 0.8201714730279712, 0.8157714485453972
162, 0.5962666084513893, 0.9803321114816739
163, 0.6965457497196891, 0.863384911837726
164, 0.42116302803923533, 0.6755606619925573
165, 0.863253172380048, 0.613889957545579
166, 0.31005067527708186, 0.814877288761411
167, 0.7520209987629288, 0.6008977423477753
168, 0.531361445486182, 0.09085990074646155
169, 0.571600349709363, 0.73209246687386
170, 0.6587211713438414, 0.8780767500946467
171, 0.24934754436280904, 0.5821939036241031
172, 0.882424315373488, 0.4989137951166428
173, 0.628877750145229, 0.9408195014281328
174, 0.20850999070900467, 0.19813984661755135
175, 0.41215282526563446, 0.7395113402696744
176, 0.17698672751660016, 0.6056609972671105
177, 0.13252729504822802, 0.07873112336258814
178, 0.41538998912103975, 0.11583883219585067
179, 0.42851819569497884, 0.41810319726043377
180, 0.521918765014804, 0.02419889703857281
181, 0.508921677142679, 0.841225570872901
182, 0.059810133319535774, 0.8764485467328831
183, 0.3981068567230549, 0.3883559580466087
184, 0.804074876738478, 0.5355808998073188
185, 0.5356780489877877, 0.9150895271429281
186, 0.5927761610645228, 0.3609190045313805
187, 0.9831482621540408, 0.7872929670210311
188, 0.8867121283650858, 0.616064562570803
189, 0.9680798868946929, 0.326830988477979
190, 0.029641702881149756, 0.5269647461378462
191, 0.19566438279892384, 0.9503303333894072
192, 0.6557160301867788, 0.15941182550836797
193, 0.442806303211411, 0.34070706419478525
194, 0.2217986352682294, 0.5210122633319956
195, 0.7191315436817938, 0.8369033914288279
196, 0.043148408266720506, 0.2878903603691525
197, 0.9073334646841407, 0.058025196192383666
198, 0.23262997513868477, 0.3182297771382999
199, 0.30167746275164564, 0.5665408464321446
200, 0.3453772789922547, 0.7143957446186482
201, 0.8437164195192439, 0.8050129349887674
202, 0.971153745521918, 0.5564178195514067
203, 0.4940987275438118, 0.22536503708189348
204, 0.2254658679666034, 0.6854067017532661
205, 0.633767628493942, 0.4374539267366947
206, 0.33516137033209237, 0.457669371198435
207, 0.019978654879991287, 0.19560603598823512
208, 0.0030520801262479136, 0.9677511244672339
209, 0.6789153491374729, 0.9263124686196822
210, 0.778939049902126, 0.2667308505936894
211, 0.6854753270710363, 0.43894417888304305
212, 0.9835091712005134, 0.2584791697523928
213, 0.6626332495308112, 0.12958316079239118
214, 0.7819056303798747, 0.6709482170608028
215, 0.5605116566521544, 0.7914459422319892
216, 0.03690540527084796, 0.7518135890871555
217, 0.24407823104140336, 0.148293916621123
218, 0.8349222020960545, 0.9781121871370498
219, 0.4881842209173961, 0.0023963734419790717
220, 0.00898370457952613, 0.054573639267541885
221, 0.6659984666525272, 0.06618369924595413
222, 0.802058053207671, 0.9074085242931257
223, 0.8915952652680194, 0.47195732199816065
224, 0.3083159387374136, 0.15868212846908325
225, 0.4574421299730864, 0.22713304579944738
226, 0.27624480119932615, 0.19333167175701582
227, 0.8319545911907109, 0.15178655379522332
228, 0.04971539051033835, 0.29250239763343877
229, 0.4488633596325532, 0.06602643565524269
230, 0.7150938673939705, 0.34231487934685845
231, 0.8331023330239996, 0.6291234070882433
232, 0.12697493419373795, 0.8476366447579019
233, 0.6059389384554694, 0.19594141756359207
234, 0.42197910161990526, 0.527983531741676
235, 0.7913306782078064, 0.9332883990300955
236, 0.3837690750076622, 0.9054863458976422
237, 0.3505796513257592, 0.048489261098819125
238, 0.33984386079517603, 0.7220138929922413
239, 0.8899637440824715, 0.6362438746081431
240, 0.7126408165711385, 0.6095874548006143
241, 0.7867197920681782, 0.9254708561350099
242, 0.8055072929827931, 0.2214650937164796
243, 0.2227649976342544, 0.5959112888364266
244, 0.11289615194724789, 0.19281304243855768
245, 0.33240218053049164, 0.91988651245998
246, 0.35649668399996115, 0.7424618395426805
247, 0.20978558112261136, 0.15583315534174047
248, 0.09608018571886623, 0.028854790920542883
249, 0.8801952491289523, 0.6208840697661987
250, 0.38001986038168356, 0.5022834270201513
251, 0.8555092836313506, 0.27439457190912264
252, 0.4268748370692462, 0.5960275098594273
253, 0.8816263442185687, 0.294149785979511
254, 0.11234684863707678, 0.576623430882213
255, 0.29704777754843514, 0.9744202905684411
256, 0.6520762285359643, 0.8958064075409172
257, 0.31290209642355626, 0.34965895440597294
258, 0.8754229068722068, 0.277025062490423
259, 0.2551076802759791, 0.23540242282317214
260, 0.6004033400914238, 0.5135018908801512
261, 0.40305381062174706, 0.8383740423151052
262, 0.9623890846668189, 0.7160345623876329
263, 0.5232431797467963, 0.3767487994631754
264, 0.3050694305879432, 0.44509711073271707
265, 0.698155057600409, 0.8932292941298619
266, 0.9403114840803812, 0.5675132088721194
267, 0.9759190695459714, 0.9285126639161936
268, 0.6871261207807224, 0.5580246379900358
269, 0.5479486218590551, 0.324098302490768
270, 0.42812585987724816, 0.7664222705035376
271, 0.2513968097853717, 0.33371512744491605
272, 0.5818559557688561, 0.9260334517123661
273, 0.9395661278198272, 0.3383040652379192
274, 0.5636724769913707, 0.03158627290951266
275, 0.44995591183387695, 0.39678457906045317
276, 0.9699744871566983, 0.8781548490651172
277, 0.6712731770942845, 0.9300509945898141
278, 0.00808544207794648, 0.8949642337732666
279, 0.530621294613152, 0.5691693607808767
280, 0.9238895720501089, 0.532292431908767
281, 0.9728868383547246, 0.9966622805252316
282, 0.6348454938781681, 0.9096126008480313
283, 0.22075015939329734, 0.23957054026190505
284, 0.9745898610859308, 0.6488269558908873
285, 0.5750337520196631, 0.27226765252533625
286, 0.6573700283632212, 0.31951821791449
287, 0.28291210438165304, 0.4520814103446088
288, 0.5466157854418744, 0.7629377238922161
289, 0.4354008489461677, 0.22434470842847654
290, 0.2936340659908643, 0.2638276910103494
291, 0.9489406224034567, 0.30709960606880626
292, 0.3723039866921172, 0.9957007900614973
293, 0.35459906698590027, 0.6624549056444924
294, 0.1926475290270211, 0.10031691830483691
295, 0.6506602707180399, 0.11463873717434103
296, 0.5648723120229684, 0.9158633221816458
297, 0.32594145710491396, 0.7088953302669144
298, 0.36417667384788455, 0.8907680874493
299, 0.6638792106283108, 0.02474149047449281
300, 0.009485090850054112, 0.37053056400436113
301, 0.13925874409760275, 0.5448775500602113
302, 0.788456269181081, 0.6794436069372372
303, 0.46043608807753666, 0.6579176494431458
304, 0.03485836702699341, 0.9752193971155082
305, 0.7339991570815046, 0.8659652069039186
306, 0.9645286171342566, 0.4048115458341979
307, 0.6527770552695383, 0.7014283951319975
308, 0.19960092534170115, 0.9671806901754322
309, 0.16842817614656969, 0.5912297285827869
310, 0.574357984306896, 0.29812489702685796
311, 0.6658528337281385, 0.4434872638681929
312, 0.9107809372772496, 0.7457382083409083
313, 0.05703788260799414, 0.7568142181906121
314, 0.9682481689142365, 0.6193694105693438
315, 0.30925998394052034, 0.4377278430022351
316, 0.04842081537789511, 0.201294008265546
317, 0.8628201794701137, 0.7009788953870705
318, 0.6213563909755552, 0.8193731232073868
319, 0.686361808625779, 0.18433003467071707
320, 0.025763685574086925, 0.780544908426543
321, 0.22232219163899392, 0.8479842154165432
322, 0.4795231529866826, 0.2869243963362429
323, 0.2851489860762697, 0.11937935712026093
324, 0.6674628162095289, 0.8875275563197356
325, 0.013394371797383231, 0.5316966390226007
326, 0.6450833483677868, 0.6490522725181285
327, 0.47929869017186055, 0.6281794083733279
328, 0.784418597303966, 0.6215858620537277
329, 0.14568183610923502, 0.13884902873895766
330, 0.297533162554952, 0.9292254402932416
331, 0.29572070607610035, 0.964539580315489
332, 0.9996864466600849, 0.4401062150908268
333, 0.8758150887630199, 0.7235699161851393
334, 0.5827170604960826, 0.43577022459327164
335, 0.062168408750352344, 0.3493559713805414
336, 0.25825445727188456, 0.5137239094639696
337, 0.7016509167204974, 0.5331447707975521
338, 0.6904025736882907, 0.8247536285070303
339, 0.9461397027605792, 0.2855551616225893
340, 0.9123679949672808, 0.9862998521027108
341, 0.290586572896827, 0.7431271353303286
342, 0.7625057516158441, 0.11021952777715471
343, 0.2418023232125761, 0.6674935886680967
344, 0.16479646403344306, 0.9077675881975678
345, 0.815418321471302, 0.7442034557723081
346, 0.14397360721922925, 0.6609647679329461
347, 0.4195813704325406, 0.9509904931450742
348, 0.41620676080022545, 0.38321388842277193
349, 0.14336079491455644, 0.729979486703606
350, 0.28634574777711286, 0.203029559715598
351, 0.7845472730024824, 0.6858834163581062
352, 0.317153205235447, 0.5535791035826665
353, 0.15845823733465192, 0.0867436940647629
354, 0.09387422387570254, 0.7829829109888176
355, 0.7981234622842514, 0.6738958860864617
356, 0.6803849716024151, 0.6951548901602058
357, 0.4448922103198957, 0.20775403214240185
358, 0.9740664289648348, 0.3444890335619848
359, 0.6092846749000652, 0.11305053083773664
360, 0.9587272608640108, 0.18428898392277127
361, 0.962001749513031, 0.1890482135769067
362, 0.5982224038011886, 0.9996073168207845
363, 0.5428603808437674, 0.28867984081127496
364, 0.03646376020875175, 0.8666087679059291
365, 0.7348836714194394, 0.1948279869688846
366, 0.41713913900887956, 0.62940642030246
367, 0.9787523075677016, 0.6683124007702724
368, 0.9938832898753548, 0.12166682285892849
369, 0.06940020158239257, 0.8971408684555098
370, 0.7381850788200051, 0.8990684691291189
371, 0.8885091274062773, 0.2244583859801801
372, 0.29356986281769804, 0.9595756805527238
373, 0.662656648203961, 0.2482404611343807
374, 0.4059486011197926, 0.6797756245579514
375, 0.3647357440519432, 0.4954364974022668
376, 0.4453813925581229, 0.23472272213848022
377, 0.7510957737317042, 0.8401100802624614
378, 0.6813409939565649, 0.4001179891401587
379, 0.8830814038873787, 0.9113241510158904
380, 0.4398561220521343, 0.9250674437392581
381, 0.4734911829234989, 0.5245119266574282
382, 0.5061691991058069, 0.20491886388599556
383, 0.7525303645528699, 0.23856222495095436
384, 0.6695137068809689, 0.11201433863169719
385, 0.814632579785468, 0.34415628683744937
386, 0.5355081649949214, 0.11454583632361959
387, 0.033389498483883395, 0.5571050754662895
388, 0.22036703248603595, 0.5157749001299262
389, 0.4355001421286121, 0.04787092064911724
390, 0.42621290184057703, 0.825325707439766
391, 0.4759058656766728, 0.8678795244852623
392, 0.9895782688713561, 0.793323338490245
393, 0.14245154538130278, 0.777441739267665
394, 0.5389552374305987, 0.8322413493486701
395, 0.08127518151465041, 0.24374464649421212
396, 0.5242341683174749, 0.8792573490872723
397, 0.05889325373465737, 0.19626028170898246
398, 0.8464227378482561, 0.3296959164770418
399, 0.4566877193307787, 0.15761147411065946
400, 0.7058610647519449, 0.9296339258199758
401, 0.7434244602463251, 0.5799457270337202
402, 0.855368640817767, 0.1956878030385183
403, 0.053504511967729984, 0.27215173888624444
404, 0.16547328999006383, 0.3080486159238063
405, 0.45910895110933814, 0.8478868660454933
406, 0.8795404654263768, 0.903887439681091
407, 0.5966024831420732, 0.4596510652780741
408, 0.20544158812259794, 0.1839777864601625
409, 0.2863249503341244, 0.42163288283543765
410, 0.0983591150605293, 0.17024220982260796
411, 0.8381578071075838, 0.8776664629983675
412, 0.2670737308403147, 0.22550530299184413
413, 0.9421930005280204, 0.6541127552004603
414, 0.19332517222109413, 0.8652738455197961
415, 0.6057590845960906, 0.6960205270178407
416, 0.8127252120428248, 0.02524728408342225
417, 0.6133416460934492, 0.5997884375365298
418, 0.3615584253741354, 0.20931962890479572
419, 0.2760143809357164, 0.8299078090697753
420, 0.134348200770536, 0.6872158823897988
421, 0.4915301011206843, 0.4948577713546769
422, 0.21443307301638692, 0.6527979080237719
423, 0.3654198945445488, 0.5895075665862565
424, 0.5512627069333724, 0.664048369074132
425, 0.08700944427801216, 0.29540389382354604
426, 0.9931139766852257, 0.8310122424248134
427, 0.11847298605834478, 0.9263282470695051
428, 0.5631263763221178, 0.05949451308712306
429, 0.25549651043104527, 0.5393115967018217
430, 0.9455763377394626, 0.2172448961406731
431, 0.6913893962351187, 0.869684641443757
432, 0.1392394058677744, 0.5416116173500353
433, 0.6038942585325554, 0.2960048826008229
434, 0.9201209512781546, 0.7311920587690581
435, 0.7134213615710208, 0.8961836014252702
436, 0.36013906069740786, 0.18505709726628272
437, 0.7242300568522179, 0.6914650443345113
438, 0.1153629822401877, 0.7897675798748794
439, 0.8341645794116633, 0.6357736435760064
440, 0.46350585975967373, 0.051229912623319995
441, 0.6650803134883314, 0.11079571287979018
442, 0.5501840899406301, 0.2933899054803758
443, 0.1566319144264694, 0.7335722823637705
444, 0.0030304913409191503, 0.058073822335659275
445, 0.12718791308700617, 0.39328351306155107
446, 0.38278992860097893, 0.5610242631551967
447, 0.6902170109583399, 0.9680424305501039
448, 0.4344462519339407, 0.4135698709513672
449, 0.7866513435412543, 0.599364663236258
450, 0.42861623132131366, 0.021237018812244157
451, 0.42829861607252506, 0.6251774908140598
452, 0.8373927296087424, 0.32149351011461147
453, 0.2393199017371499, 0.38860058645067486
454, 0.7559852532742944, 0.33084948808697856
455, 0.6091041025189685, 0.0663751561476359
456, 0.5436302651006084, 0.1419229723841624
457, 0.020083057814276883, 0.41613322295465405
458, 0.2206053413324427, 0.512193319416483
459, 0.4567438812460932, 0.7659572266586029
460, 0.6355070627194829, 0.526515187085796
461, 0.74717980647941, 0.662436376652399
462, 0.3630578794459852, 0.45437689616410293
463, 0.8176515080589203, 0.2477511085228522
464, 0.5484591025697015, 0.24276973134302093
465, 0.7895187321590617, 0.2943423321736989
466, 0.4674573475863514, 0.31510078309068745
467, 0.47695989935087435, 0.8258472452089165
468, 0.23482901426428038, 0.7253802536950241
469, 0.42499591087646316, 0.6781928875869322
470, 0.9579937963275065, 0.4108172158978748
471, 0.24340663972746357, 0.16767701552284664
472, 0.5674077844331484, 0.13688345446693317
473, 0.44160274976265945, 0.693481982879701
474, 0.6318766213100915, 0.6985782241952295
475, 0.04866128355996324, 0.2524550299056374
476, 0.47989388997477633, 0.8927110451999355
477, 0.30881927289535827, 0.22261655554727022
478, 0.9182262982607267, 0.4379304404407274
479, 0.09902570025053026, 0.9346015838778033
480, 0.3552715386216363, 0.935653713536652
481, 0.9361048389221212, 0.2283158470672786
482, 0.47939944243896304, 0.01754225453994429
483, 0.41160997193124904, 0.9885228791920104
484, 0.8323275014195595, 0.6630366104288244
485, 0.03681509187118781, 0.5192067254894249
486, 0.7817736470801258, 0.48074486938792027
487, 0.313706271223982, 0.13769125867004706
488, 0.229058801568212, 0.7782698563037519
489, 0.6945264557200667, 0.6521157927161958
490, 0.9993228086558158, 0.011058774222118095
491, 0.8409546351452015, 0.5426377785794009
492, 0.2824903368135635, 0.6026365967839744
493, 0.1710714127552897, 0.9564044213106687
494, 0.9727344397694052, 0.7496949660976167
495, 0.2388246843340578, 0.18090497602719013
496, 0.37826881823630243, 0.7190667874080843
497, 0.6884079492103834, 0.6578225114348216
498, 0.17451736156806585, 0.07940761576101374
499, 0.505585609162031, 0.4765933745301939
500, 0.09464522311563506, 0.9863104605757932
501, 0.8984815808942895, 0.41363182909033114
502, 0.04235679103018053, 0.6665883118729481
503, 0.4148054954777489, 0.2827381026525576
504, 0.839131506201361, 0.7886043065283904
505, 0.11826498570280619, 0.4907992081253667
506, 0.7410772118352029, 0.27357355543135153
507, 0.37849078590891516, 0.07299360498724206
508, 0.9700738514983797, 0.8721168280959292
509, 0.13074733467884914, 0.06901363658242177
510, 0.3377733830117311, 0.10093832590542773
511, 0.8871888661119514, 0.02971173475985389
512, 0.31785299536107625, 0.8952281017597694
513, 0.847478838881205, 0.5752433208518818
514, 0.35777796993917765, 0.6158921430502107
515, 0.0021870398575503103, 0.3919578009834124
516, 0.3713859196017978, 0.4961138748847512
517, 0.5271182599543481, 0.7498262301975579
518, 0.9332866121039461, 0.22458859743161352
519, 0.947892784457138, 0.7841277312413114
520, 0.5267074102690534, 0.5407088163406035
521, 0.7920935204894661, 0.6778144919216348
522, 0.9484829595794726, 0.07620379479536621
523, 0.7212963484667733, 0.08265687867637928
524, 0.45666258447476127, 0.4045204810575862
525, 0.24374819602857023, 0.14154891227940358
526, 0.04844949179293112, 0.3545888356347815
527, 0.09305735146773808, 0.6932880284154349
528, 0.734011468159468, 0.8486652811555946
529, 0.1715991352142996, 0.27834598565231694
530, 0.4029383843311811, 0.652349151049008
531, 0.18506302741985292, 0.16471757276346466
532, 0.9536010350343044, 0.12407487497894865
533, 0.3318820254776753, 0.7947597952839703
534, 0.47798101713244534, 0.27373210947764437
535, 0.7230574494622356, 0.6059115555773151
536, 0.7454584416906498, 0.034554812314337324
537, 0.6646375552441915, 0.31803650591041466
538, 0.3693259811597509, 0.4980467057855549
539, 0.6560172910695372, 0.6160150978058975
540, 0.791553013698822, 0.479508253026934
541, 0.09077727046217543, 0.6503187377507914
542, 0.8193941364921151, 0.18800957585340083
543, 0.9642343550630728, 0.6776897156195986
544, 0.2513612712988088, 0.284309295929018
545, 0.3055504449861841, 0.08544232870162205
546, 0.6216564548739281, 0.24933433486645462
547, 0.7042040528213394, 0.8695180336412623
548, 0.5923693603572531, 0.3312586149124851
549, 0.49167747290637753, 0.1752061930393718
550, 0.7566944530921682, 0.5060808568501775
551, 0.16417313792901778, 0.6393117902171906
552, 0.8010005759676477, 0.2820080571246315
553, 0.7674170670625631, 0.5894747712137157
554, 0.024380416670232385, 0.24978336928314715
555, 0.9993439265752048, 0.4900248800922299
556, 0.28437552611888306, 0.25162913458386005
557, 0.7696316040724192, 0.5655055479472242
558, 0.9855567592605186, 0.3909916032544767
559, 0.19409989376233117, 0.5232664066395659
end_nodes
0, 1
0, 2
0, 3
0, 4
0, 5
0, 6
0, 7
0, 8
0, 9
0, 10
0, 11
0, 12
0, 13
0, 14
0, 15
0, 16
0, 17
0, 18
0, 19
0, 20
0, 21
0, 22
0, 23
1, 2
1, 6
1, 9
1, 14
1, 19
1, 28
1, 29
1, 32
1, 33
1, 35
1, 36
1, 39
1, 40
1, 41
1, 43
1, 45
1, 48
1, 52
1, 53
1, 54
1, 55
1, 64
2, 6
2, 13
2, 33
2, 35
2, 36
2, 49
2, 64
2, 68
2, 70
2, 85
2, 87
2, 90
2, 106
2, 111
2, 113
2, 122
2, 132
2, 146
2, 155
2, 165
2, 167
3, 12
3, 20
3, 27
3, 51
3, 56
3, 61
3, 76
3, 93
3, 115
3, 118
3, 125
3, 128
3, 130
3, 151
3, 186
3, 192
3, 213
3, 221
3, 233
3, 234
3, 252
3, 263
4, 6
4, 18
4, 20
4, 23
4, 52
4, 59
4, 67
4, 83
4, 108
4, 112
4, 125
4, 137
4, 197
4, 200
4, 205
4, 210
4, 227
4, 230
4, 238
4, 242
4, 251
4, 253
5, 19
5, 25
5, 26
5, 34
5, 39
5, 40
5, 47
5, 50
5, 71
5, 88
5, 91
5, 98
5, 100
5, 114
5, 116
5, 126
5, 143
5, 144
5, 145
5, 147
5, 162
5, 173
6, 11
6, 13
6, 22
6, 36
6, 46
6, 53
6, 68
6, 106
6, 108
6, 112
6, 119
6, 132
6, 133
6, 137
6, 141
6, 164
6, 172
6, 188
6, 211
7, 10
7, 12
7, 17
7, 24
7, 31
7, 37
7, 38
7, 42
7, 44
7, 57
7, 58
7, 60
7, 63
7, 65
7, 66
7, 73
7, 74
7, 77
7, 78
7, 94
7, 95
7, 103
8, 10
8, 21
8, 30
8, 62
8, 72
8, 75
8, 79
8, 80
8, 135
8, 153
8, 176
8, 196
8, 207
8, 220
8, 228
8, 301
8, 309
8, 316
8, 335
8, 395
8, 397
8, 403
9, 29
9, 261
9, 467
10, 37
10, 42
10, 63
10, 66
10, 72
10, 79
10, 124
10, 129
10, 138
10, 139
10, 153
10, 159
10, 174
10, 176
10, 177
10, 198
10, 220
10, 226
10, 237
10, 244
11, 18
11, 22
11, 133
11, 141
11, 164
11, 246
11, 260
11, 279
11, 311
11, 327
11, 374
11, 378
11, 465
11, 469
11, 496
11, 552
12, 24
12, 27
12, 42
12, 56
12, 58
12, 60
12, 61
12, 76
12, 78
12, 94
12, 104
12, 118
12, 125
12, 128
12, 131
12, 138
12, 148
12, 149
12, 150
12, 154
13, 49
13, 68
13, 70
13, 119
13, 146
13, 268
13, 337
13, 417
13, 460
13, 473
13, 486
13, 540
13, 550
14, 15
14, 64
14, 99
14, 127
14, 166
14, 215
14, 270
14, 288
14, 390
14, 459
14, 533
15, 86
15, 156
15, 166
15, 215
15, 419
16, 21
16, 69
16, 96
16, 100
16, 116
16, 126
16, 140
16, 143
16, 190
16, 208
16, 216
16, 254
16, 278
16, 300
16, 320
16, 325
16, 346
16, 349
16, 387
16, 420
16, 443
16, 444
17, 66
17, 77
17, 103
17, 124
17, 134
17, 157
17, 194
17, 204
17, 243
17, 321
17, 388
17, 422
17, 458
17, 468
17, 488
17, 559
18, 67
18, 112
18, 205
18, 210
18, 230
18, 378
18, 385
18, 452
18, 463
18, 552
19, 29
19, 32
19, 45
19, 84
19, 105
19, 109
19, 117
19, 121
19, 173
19, 181
19, 185
19, 195
19, 209
19, 236
19, 245
19, 256
19, 261
19, 265
19, 272
19, 277
20, 59
20, 125
20, 200
20, 227
20, 286
20, 334
20, 366
20, 383
20, 506
20, 537
20, 542
21, 96
21, 196
21, 207
21, 220
21, 301
21, 335
21, 395
21, 403
21, 444
21, 475
21, 505
21, 526
21, 551
21, 554
22, 246
22, 303
23, 67
24, 42
24, 78
24, 450
24, 482
25, 114
25, 126
25, 182
25, 344
25, 364
25, 369
25, 427
26, 71
26, 100
26, 502
27, 61
27, 76
27, 234
27, 359
27, 381
27, 421
27, 423
27, 446
27, 464
27, 514
27, 524
28, 41
28, 54
28, 202
28, 314
28, 332
28, 413
28, 555
29, 32
29, 84
29, 117
29, 181
29, 261
29, 318
29, 391
29, 394
29, 405
30, 80
30, 301
30, 505
31, 63
31, 66
31, 129
31, 139
31, 159
31, 198
31, 217
31, 224
31, 226
31, 259
31, 271
31, 290
31, 323
31, 350
31, 412
31, 453
31, 477
31, 487
31, 510
31, 544
31, 556
32, 105
32, 109
32, 121
32, 181
32, 318
32, 338
32, 380
32, 394
32, 396
32, 476
32, 504
33, 35
33, 64
33, 85
33, 87
33, 89
33, 101
33, 111
33, 155
33, 167
33, 169
33, 214
33, 231
33, 240
33, 302
33, 307
33, 317
33, 326
33, 328
33, 345
33, 351
33, 355
34, 47
34, 126
34, 216
34, 232
34, 313
34, 320
34, 354
34, 438
35, 317
35, 333
35, 345
36, 106
36, 165
36, 172
36, 188
36, 239
36, 249
37, 57
37, 63
37, 237
37, 294
37, 353
37, 498
37, 509
37, 525
37, 545
38, 73
38, 77
38, 257
38, 287
38, 321
38, 343
38, 468
38, 488
39, 40
39, 43
39, 92
39, 161
39, 162
39, 173
39, 201
39, 209
39, 235
39, 265
39, 277
39, 305
39, 370
39, 377
39, 400
39, 435
39, 447
39, 528
39, 547
40, 54
40, 81
40, 97
40, 102
40, 120
40, 123
40, 136
40, 147
40, 162
40, 187
40, 218
40, 222
40, 235
40, 262
40, 267
40, 276
40, 281
40, 284
40, 292
40, 312
41, 48
41, 52
41, 55
41, 82
41, 160
41, 189
41, 212
41, 266
41, 280
41, 291
41, 306
41, 332
41, 339
41, 358
41, 360
41, 361
41, 368
41, 470
41, 490
41, 532
41, 558
42, 138
42, 248
43, 123
43, 222
43, 235
43, 241
44, 60
44, 94
44, 142
44, 148
44, 456
45, 163
45, 170
45, 185
45, 195
45, 201
45, 256
45, 324
45, 377
45, 431
45, 528
45, 547
46, 133
46, 211
46, 311
47, 71
47, 331
47, 414
47, 438
48, 52
48, 55
48, 273
48, 339
49, 122
49, 146
49, 473
50, 98
50, 145
50, 208
51, 93
51, 151
51, 234
51, 263
51, 269
51, 285
51, 310
51, 359
51, 363
51, 442
52, 53
52, 83
52, 137
52, 197
52, 291
52, 339
52, 371
52, 430
52, 478
52, 481
52, 518
52, 522
52, 532
53, 137
53, 223
53, 430
53, 478
53, 501
54, 284
54, 312
54, 314
54, 434
54, 555
55, 273
55, 280
56, 115
56, 128
56, 130
56, 192
56, 213
56, 221
56, 319
56, 342
56, 373
56, 384
56, 441
56, 523
57, 63
57, 525
57, 545
58, 95
58, 107
58, 110
58, 131
58, 150
58, 179
58, 183
58, 193
58, 199
58, 206
58, 225
58, 250
58, 264
58, 315
58, 322
58, 348
58, 352
58, 375
58, 418
58, 436
58, 448
59, 200
59, 334
59, 366
59, 506
60, 104
60, 142
60, 149
60, 154
60, 168
60, 229
60, 386
60, 389
60, 428
60, 440
60, 456
61, 93
61, 233
61, 359
61, 464
62, 135
62, 153
62, 176
63, 177
63, 217
63, 224
63, 226
63, 294
63, 323
63, 353
63, 509
63, 525
64, 89
64, 101
64, 113
64, 127
64, 155
64, 169
64, 175
64, 270
64, 288
64, 419
64, 424
64, 459
64, 517
64, 533
65, 74
65, 94
65, 158
65, 178
65, 203
65, 225
65, 289
65, 357
65, 376
65, 382
65, 399
65, 503
65, 549
66, 134
66, 157
66, 159
66, 243
66, 271
66, 290
66, 388
66, 453
66, 458
66, 559
67, 205
67, 242
67, 407
67, 520
68, 540
69, 208
69, 300
69, 325
69, 444
69, 515
70, 550
71, 100
71, 216
71, 313
71, 331
71, 354
71, 414
71, 438
71, 502
72, 153
72, 410
73, 257
73, 287
74, 95
74, 503
75, 228
75, 335
76, 252
76, 275
76, 293
76, 297
76, 341
76, 423
76, 514
76, 524
77, 103
77, 152
77, 171
77, 287
77, 336
77, 343
77, 409
77, 429
77, 468
78, 180
78, 450
78, 482
79, 220
80, 335
80, 425
80, 505
81, 120
81, 262
81, 284
81, 367
81, 543
82, 212
82, 358
83, 197
84, 261
84, 405
85, 90
85, 167
85, 184
85, 231
85, 328
85, 356
85, 449
85, 553
86, 156
86, 419
87, 155
87, 240
87, 326
87, 401
87, 415
87, 497
87, 535
87, 539
88, 91
88, 143
88, 144
89, 101
89, 169
89, 517
90, 167
90, 184
90, 553
91, 143
92, 435
92, 528
92, 547
93, 151
93, 285
93, 310
93, 359
94, 148
94, 150
94, 382
94, 549
95, 158
95, 206
95, 225
95, 352
95, 376
95, 418
95, 436
95, 462
95, 503
95, 507
96, 526
97, 136
97, 267
97, 281
97, 340
98, 147
98, 208
98, 255
98, 292
98, 304
98, 500
99, 390
100, 116
100, 216
100, 387
100, 393
100, 485
100, 502
100, 527
102, 136
102, 218
102, 276
102, 426
103, 336
104, 168
104, 386
104, 456
105, 181
105, 476
106, 132
106, 165
106, 491
106, 513
107, 436
107, 507
108, 137
108, 253
109, 121
109, 338
109, 380
109, 396
110, 418
110, 436
110, 492
111, 240
111, 401
111, 489
111, 535
112, 251
112, 258
112, 452
113, 155
113, 424
114, 143
114, 191
114, 427
114, 479
115, 128
115, 319
115, 342
115, 373
115, 523
116, 349
116, 393
116, 485
116, 527
116, 541
117, 391
118, 186
118, 221
118, 295
118, 433
118, 546
118, 548
120, 284
121, 338
121, 504
123, 222
123, 411
124, 244
124, 422
124, 559
125, 128
125, 197
125, 227
125, 286
125, 299
125, 365
125, 416
125, 490
125, 511
125, 536
126, 143
126, 182
126, 232
126, 320
126, 344
126, 364
127, 270
127, 533
128, 299
128, 342
128, 365
129, 174
129, 198
129, 247
129, 259
129, 283
129, 329
129, 408
129, 471
129, 495
129, 531
129, 544
130, 213
130, 221
130, 384
130, 441
131, 179
131, 250
131, 448
131, 455
132, 491
133, 260
133, 279
133, 311
134, 157
134, 194
134, 458
135, 176
136, 267
136, 281
136, 426
136, 555
137, 371
137, 478
137, 481
137, 518
138, 219
138, 220
138, 248
139, 159
139, 198
139, 404
139, 529
139, 556
140, 254
140, 346
140, 443
141, 211
141, 311
141, 385
141, 398
141, 454
141, 465
143, 144
143, 145
143, 191
143, 208
143, 278
143, 364
143, 369
143, 427
143, 479
144, 145
144, 308
144, 493
145, 208
145, 308
146, 268
146, 417
146, 460
146, 473
147, 255
147, 292
147, 483
148, 456
149, 154
149, 274
149, 440
150, 183
150, 193
150, 203
150, 225
150, 322
150, 348
150, 382
150, 472
150, 534
152, 171
152, 336
152, 409
152, 429
153, 176
153, 410
154, 274
154, 428
155, 307
155, 415
155, 424
155, 474
155, 539
156, 419
158, 289
158, 376
158, 503
159, 271
160, 212
160, 332
160, 368
160, 490
160, 558
161, 201
161, 370
161, 377
162, 447
163, 170
163, 431
163, 528
163, 547
164, 327
164, 374
164, 469
165, 513
166, 419
166, 533
167, 553
167, 557
169, 517
170, 431
171, 409
172, 188
172, 249
173, 277
173, 347
174, 329
174, 531
175, 419
176, 309
177, 226
178, 399
178, 549
179, 250
179, 448
181, 391
181, 394
182, 364
183, 225
185, 195
186, 546
187, 262
187, 276
187, 367
187, 379
187, 392
187, 406
187, 426
187, 494
187, 508
187, 519
187, 555
188, 239
188, 249
189, 306
189, 361
189, 470
189, 490
190, 216
190, 320
191, 479
192, 213
193, 322
193, 348
193, 375
193, 516
193, 538
194, 458
196, 228
196, 335
196, 403
197, 490
197, 522
198, 283
198, 329
198, 529
198, 544
198, 556
199, 206
199, 418
200, 238
200, 366
200, 451
200, 530
201, 377
202, 332
202, 555
203, 225
203, 357
203, 382
204, 321
204, 488
205, 230
205, 242
205, 407
205, 520
206, 352
206, 418
207, 220
207, 316
207, 395
207, 397
207, 554
208, 278
208, 304
208, 325
208, 515
209, 265
209, 272
209, 277
209, 282
210, 230
210, 463
211, 311
211, 398
212, 358
212, 368
214, 231
214, 355
214, 437
214, 439
214, 484
216, 313
216, 320
216, 387
217, 224
218, 276
219, 490
220, 397
220, 444
221, 295
221, 441
221, 546
222, 235
222, 241
223, 501
224, 323
225, 357
225, 376
226, 259
226, 350
226, 412
226, 471
227, 383
227, 542
228, 335
229, 389
229, 440
231, 317
231, 328
231, 439
231, 461
232, 320
234, 263
234, 359
234, 363
234, 421
234, 499
235, 241
236, 261
236, 298
236, 512
238, 451
240, 489
240, 497
240, 535
242, 407
243, 388
245, 330
245, 372
245, 480
246, 469
246, 496
247, 408
247, 471
247, 495
251, 258
251, 402
252, 293
252, 297
254, 443
256, 265
256, 296
256, 324
256, 547
257, 287
258, 402
259, 412
259, 471
260, 279
261, 298
261, 467
261, 512
262, 367
262, 406
262, 494
262, 519
263, 269
263, 363
263, 442
263, 499
264, 315
265, 282
265, 296
265, 547
266, 280
268, 337
268, 417
268, 550
269, 442
270, 459
271, 453
271, 477
272, 282
276, 379
276, 426
276, 508
281, 340
283, 329
284, 367
284, 543
284, 555
285, 310
285, 359
286, 537
287, 343
288, 459
289, 376
290, 453
291, 339
292, 362
292, 500
293, 297
294, 353
295, 546
297, 341
298, 512
300, 325
300, 457
301, 432
301, 505
301, 551
302, 317
302, 351
302, 355
302, 484
302, 521
304, 500
305, 377
305, 400
305, 528
306, 490
307, 326
307, 474
308, 493
309, 445
312, 434
313, 354
314, 413
314, 555
316, 397
317, 351
317, 439
317, 484
319, 373
321, 488
322, 466
322, 472
322, 516
323, 487
323, 510
324, 547
325, 457
326, 415
326, 474
327, 374
328, 356
328, 449
328, 461
330, 372
331, 414
332, 490
332, 555
332, 558
334, 366
335, 425
335, 505
336, 409
336, 429
337, 550
342, 523
348, 375
349, 420
349, 443
349, 541
350, 412
352, 462
353, 498
353, 509
354, 438
355, 437
355, 484
355, 521
356, 449
358, 368
359, 464
360, 361
360, 490
360, 532
361, 470
361, 490
364, 369
367, 494
367, 543
367, 555
368, 490
369, 427
370, 377
371, 518
372, 480
377, 400
377, 528
378, 552
379, 508
380, 396
381, 421
383, 542
384, 441
385, 452
385, 454
385, 465
385, 552
386, 456
388, 458
389, 440
392, 426
392, 555
393, 527
395, 554
399, 549
401, 535
403, 475
404, 529
406, 519
407, 520
413, 555
415, 474
416, 490
416, 511
416, 536
418, 436
418, 492
419, 533
420, 443
423, 446
423, 514
423, 524
426, 555
431, 547
432, 551
433, 548
435, 528
436, 507
439, 484
444, 515
446, 524
448, 455
450, 482
451, 530
453, 477
454, 465
460, 473
465, 552
466, 472
468, 488
469, 496
471, 495
472, 534
481, 518
484, 521
486, 540
487, 510
490, 511
490, 522
490, 532
498, 509
516, 538
522, 532
525, 545
528, 547
end