100
4
0, 0.23034410555014395, 0.6715595331451001
1, 0.4713629237711122, 0.6411984589801749
2, 0.9668260064857898, 0.0360947329107717
3, 0.02187642093989628, 0.8708570495173756
4, 0.1486636811008648, 0.6031722901321244
5, 0.15890238946500979, 0.12431745146425865
6, 0.2849917984089434, 0.5622783499750212
7, 0.35360361186296263, 0.7407012516827282
8, 0.14942803713055497, 0.19468687336591795
9, 0.4859536737867194, 0.3804225628204818
10, 0.18384343554118598, 0.8584577325451967
11, 0.6065125071545483, 0.23940760978717923
12, 0.2677982628416652, 0.6537600056258472
13, 0.04479107107744085, 0.08519379420158024
14, 0.6523773911548719, 0.5768848342820999
15, 0.005713242667354845, 0.6036383442539044
16, 0.39718941308300393, 0.40286795548278775
17, 0.46577830670085474, 0.15680795692611993
18, 0.4348836439583401, 0.10621120645477877
19, 0.16593243457189388, 0.5014683550903356
20, 0.25643628206698355, 0.7358273258924681
21, 0.23614409322096075, 0.5460474139918315
22, 0.1592210957092799, 0.39711832465403696
23, 0.8457461274203257, 0.8548193420031711
24, 0.30231351053928956, 0.9301604501215425
25, 0.2261628281569268, 0.5072973679657278
26, 0.2990361940973323, 0.23237355275784588
27, 0.31547552874438645, 0.9490390019336982
28, 0.34977394452336574, 0.27906195340722884
29, 0.1269958262645866, 0.13710757273858631
30, 0.02054389767660536, 0.42241298334076594
31, 0.6566335993199655, 0.9916448052310095
32, 0.08323639161467433, 0.2438823926805428
33, 0.6575712258665659, 0.8311424898910807
34, 0.3176169643472899, 0.08976160287431234
35, 0.23121526168972384, 0.9675288074998837
36, 0.2967404439160145, 0.6753313593568198
37, 0.5124277037365474, 0.02180737180670056
38, 0.9196249457598948, 0.3047367523430107
39, 0.7124078534807919, 0.5470695117575269
40, 0.4157383533332939, 0.45158799604818
41, 0.6719215501678831, 0.01377329572119046
42, 0.7241777613230954, 0.8036298313973542
43, 0.45223739061046264, 0.5352018691754306
44, 0.4244666674039427, 0.3749614571085791
45, 0.3629722776187744, 0.07773680070721267
46, 0.046871766657717195, 0.47782097332828677
47, 0.4997798822460403, 0.01968334986310849
48, 0.9462719773608965, 0.018486787963643336
49, 0.7126252152102737, 0.5625485916676013
50, 0.7937305257548299, 0.8402151338628328
51, 0.5176027617478184, 0.9292249230719306
52, 0.7023901597526654, 0.8175335637945124
53, 0.0013372414948642497, 0.4222822161542681
54, 0.529242488662713, 0.11719024358629271
55, 0.06387553546305413, 0.8269864754071645
56, 0.9248256583417722, 0.23750189414927392
57, 0.504725130160159, 0.032110186701211685
58, 0.4738594706922715, 0.8108840381091286
59, 0.48755116933608067, 0.3816366792505619
60, 0.7425235262287047, 0.9132190337269799
61, 0.35614602699405995, 0.8562855472466316
62, 0.47721407622632617, 0.3385714524314022
63, 0.84469723371032, 0.8268228654737727
64, 0.26907231541261356, 0.5108764436931305
65, 0.4783386352426605, 0.6800107266935768
66, 0.7874216078854435, 0.4733556662115864
67, 0.6953943677396869, 0.3568879047853415
68, 0.4928792913839155, 0.4923874324677099
69, 0.8785268288516106, 0.23296450663049473
70, 0.2961599592443467, 0.39727396298434803
71, 0.9907370029081223, 0.8009734596486706
72, 0.8759085342741314, 0.20178549784938715
73, 0.5069864626353446, 0.18422664036238934
74, 0.21100196099562318, 0.41158592027404606
75, 0.9598535859121323, 0.897994909641641
76, 0.0736850347559731, 0.5620996176227547
77, 0.22997664227400372, 0.014988235907283043
78, 0.4832642959733858, 0.504762792343067
79, 0.014394922262843779, 0.39563573489266635
80, 0.9114143153538998, 0.9906452030087773
81, 0.8421733582925987, 0.9688096605300761
82, 0.3214554795205703, 0.035671425954469926
83, 0.48393007156618484, 0.4381850442460179
84, 0.19523337457095846, 0.738460320245675
85, 0.9905288281263896, 0.055086439189687364
86, 0.1123952674658758, 0.7355670486665894
87, 0.009638278603273043, 0.03486439179558709
88, 0.5651853232766505, 0.8142568096552711
89, 0.9637408969561518, 0.3428979700843706
90, 0.8470575562031369, 0.02538092950413373
91, 0.5616039340706527, 0.8636595982877204
92, 0.7302725776439931, 0.8378720217556663
93, 0.8730965949091621, 0.5132785744241387
94, 0.05136070200347731, 0.16673239373923288
95, 0.4115556339009063, 0.2881236885365802
96, 0.04568224712494251, 0.5884058753257358
97, 0.7198697619166655, 0.23884694342980384
98, 0.6978595375931635, 0.3225781091877874
99, 0.9593023712762122, 0.017411783924525914
end_nodes
0, 1
0, 2
0, 3
0, 4
0, 5
0, 6
0, 7
0, 8
0, 9
0, 10
11, 84
12, 1
12, 5
12, 8
12, 9
12, 13
12, 14
12, 15
12, 16
12, 19
12, 21
17, 10
17, 35
18, 10
18, 35
20, 4
20, 5
20, 8
20, 9
20, 13
20, 19
20, 21
20, 22
20, 25
20, 26
23, 15
23, 96
24, 4
24, 5
24, 8
24, 13
24, 19
24, 21
24, 22
24, 25
24, 26
24, 29
27, 4
27, 5
27, 8
27, 13
27, 19
27, 21
27, 22
27, 25
27, 26
27, 29
28, 10
28, 35
31, 4
31, 5
31, 8
31, 13
31, 19
31, 21
31, 22
31, 25
31, 26
31, 29
33, 15
33, 96
34, 10
34, 35
34, 82
36, 1
36, 5
36, 8
36, 9
36, 13
36, 14
36, 15
36, 19
36, 21
36, 22
37, 10
37, 35
38, 86
39, 86
39, 93
40, 41
42, 15
42, 96
43, 56
43, 67
43, 69
43, 86
45, 10
45, 35
47, 10
47, 35
48, 3
48, 55
50, 15
50, 96
51, 4
51, 5
51, 8
51, 13
51, 19
51, 21
51, 22
51, 25
51, 26
51, 29
52, 15
52, 96
57, 10
57, 35
58, 4
58, 5
58, 8
58, 13
58, 19
58, 21
58, 22
58, 25
58, 26
58, 29
59, 3
59, 55
60, 15
60, 96
61, 4
61, 5
61, 8
61, 13
61, 19
61, 21
61, 22
61, 25
61, 26
61, 29
62, 41
63, 15
63, 96
64, 10
64, 77
65, 15
65, 96
66, 86
68, 67
68, 69
68, 72
70, 35
70, 82
71, 96
75, 96
76, 81
76, 91
78, 67
78, 69
83, 2
83, 3
83, 55
83, 97
83, 99
89, 86
90, 3
90, 55
95, 35
end