420
4
0, 0.3275387168369651, 0.9052470199655854
1, 0.6409659593527139, 0.8946748755788274
2, 0.2904896914415166, 0.47159926550641373
3, 0.5452068648139274, 0.7618019155202621
4, 0.8080082580185529, 0.30159289624730035
5, 0.20276851925819617, 0.7518292197060531
6, 0.09830386240212918, 0.6352619448152108
7, 0.07671637654025854, 0.14217612694128368
8, 0.2914064898190559, 0.7527157358259406
9, 0.6860359143111295, 0.8530738865084296
10, 0.6377827083921598, 0.7355403968016865
11, 0.947941917462566, 0.5912719819203368
12, 0.10484461930950495, 0.15633810591781006
13, 0.5446620743018875, 0.048937921958479125
14, 0.6129279353230882, 0.5007851992408455
15, 0.5093336301501376, 0.30575441268196724
16, 0.22275219687906456, 0.4061698066227155
17, 0.9901382255134388, 0.8916947500260952
18, 0.8042538905601875, 0.9017572650427532
19, 0.3889811575333273, 0.738499300480352
20, 0.894624361812873, 0.40224535407029793
21, 0.9353747185202379, 0.3168204397364094
22, 0.1465773128680754, 0.5542602035114644
23, 0.028690747317660303, 0.7093431642060063
24, 0.171976880025696, 0.745777888933376
25, 0.05451082403362362, 0.540646655710614
26, 0.9284286783245982, 0.8432333492059899
27, 0.7348813886824827, 0.8017080681159043
28, 0.8929102358548473, 0.02386636075872417
29, 0.6901007747996853, 0.12475075256886303
30, 0.8099627990966939, 0.8726818818699721
31, 0.592249891790509, 0.35609417352901895
32, 0.061020300493138446, 0.6193557237160264
33, 0.4863812883107088, 0.7070449397690645
34, 0.27856550427224824, 0.5737528654353389
35, 0.8753478174977419, 0.8351144206725567
36, 0.6494875850475291, 0.197446281126336
37, 0.0747636362488906, 0.15926862559486743
38, 0.32838675038114984, 0.844548978365744
39, 0.8639454630057634, 0.2644432406512309
40, 0.08356502841580593, 0.4853894433195548
41, 0.8005624786537145, 0.8478444748889183
42, 0.40534025565132437, 0.26784016970156166
43, 0.6173719616548399, 0.4467678484230745
44, 0.37591420600865577, 0.0413964307374427
45, 0.5646382077825078, 0.5607090931914306
46, 0.21859883907864264, 0.3722003908081989
47, 0.45514643644389563, 0.9689304920593648
48, 0.1978856688503775, 0.7229293155646062
49, 0.32759615550657994, 0.5808594528521537
50, 0.7013176385153316, 0.6143411229632314
51, 0.9707694142911688, 4.403446036627123e-05
52, 0.15874872569304366, 0.27095523359551144
53, 0.7700809683594164, 0.8658667921559331
54, 0.9252682053732757, 0.7789295388774332
55, 0.4264949577246493, 0.02033709357163982
56, 0.42935384669755505, 0.3418783454048
57, 0.6120170431039701, 0.3387544445963473
58, 0.7110840306460015, 0.2491303585949609
59, 0.5624431067709219, 0.8921522559936881
60, 0.7430878061838311, 0.2906192841864621
61, 0.23825874922118784, 0.6194290029287614
62, 0.907234689485732, 0.5637411538203035
63, 0.05993572317340856, 0.9096472204661957
64, 0.05965816322014683, 0.6768765831075338
65, 0.5662106242452184, 0.5365735113375367
66, 0.8186704400432573, 0.6553432243344497
67, 0.12967634176538012, 0.12119047581433795
68, 0.22673075712759716, 0.9922617824703744
69, 0.3165008859474965, 0.20048400438589886
70, 0.4267034154674887, 0.6870895955534067
71, 0.16800291988400684, 0.810523027434153
72, 0.9692186661447205, 0.6506566880871784
73, 0.11785207306962331, 0.557048566346733
74, 0.09742710078339589, 0.45991931852532775
75, 0.5486750132168847, 0.2822952099270174
76, 0.8361193793193872, 0.010041127427806495
77, 0.13730917196481174, 0.01737430297405307
78, 0.9737886681439768, 0.8520689574224002
79, 0.1373721285019215, 0.8251919478449962
80, 0.08328594857151561, 0.9093803198780385
81, 0.44180420220480443, 0.6571863491933028
82, 0.3266821700063848, 0.3677899636231532
83, 0.9010240431718324, 0.5406960503018813
84, 0.7666969806891953, 0.7633487449683883
85, 0.7719566041833591, 0.8411909303719164
86, 0.8422487045575828, 0.5602786748646849
87, 0.32481211330455284, 0.8551907923633986
88, 0.7852051145827629, 0.46459745900107075
89, 0.1635268658270017, 0.6887755825175546
90, 0.30685145277025605, 0.9739296782588178
91, 0.6998563415385377, 0.6977842906269281
92, 0.11142222289917092, 0.7647122584515925
93, 0.5795789121664568, 0.5084780080769119
94, 0.31776798873351075, 0.8203042304654466
95, 0.7948238774324226, 0.3394864443214477
96, 0.12139460081737652, 0.5414127394515308
97, 0.8671404903516537, 0.25896906234010997
98, 0.8516358685151683, 0.14333961229887737
99, 0.4188353344038803, 0.3734806603566557
100, 0.6635198901528488, 0.26510652458663186
101, 0.02946486782952573, 0.9766722188477793
102, 0.7061976955241904, 0.9686310096548916
103, 0.4062812981879782, 0.7480019446814543
104, 0.7604366983933338, 0.4750557571613957
105, 0.03040140303478367, 0.527544562868962
106, 0.05118702923663199, 0.4948399445424563
107, 0.20511608228704958, 0.819242995526373
108, 0.35884579490449997, 0.803450062928652
109, 0.12627476141585603, 0.6749124433058039
110, 0.08885817655832884, 0.32278984370913644
111, 0.007730890610973429, 0.7200696203564287
112, 0.81546834221733, 0.8566076470318977
113, 0.23188509472602992, 0.8639707674517567
114, 0.49891506694996335, 0.3394798338668845
115, 0.1295066480197291, 0.2518209581118779
116, 0.4151069561271139, 0.6311821488239504
117, 0.5901759985479517, 0.47734487932848446
118, 0.08114854379789349, 0.07234048523571879
119, 0.8483227564533256, 0.7454156784206418
120, 0.5538595224879246, 0.8019433219619979
121, 0.29812052423595004, 0.731983482795045
122, 0.07915273688587265, 0.47472481692569746
123, 0.0066233092932024284, 0.570970050232839
124, 0.04721301554840018, 0.5183509296086899
125, 0.5499718305132709, 0.09244684154599181
126, 0.3262753270120614, 0.5140579142691597
127, 0.07652342826031233, 0.7851244483407144
128, 0.9680543169165944, 0.006975119767983595
129, 0.49092408914300256, 0.18846173035582114
130, 0.09502264152173878, 0.018306398166248128
131, 0.8102461816843703, 0.36283737099395597
132, 0.4282489765678893, 0.5250197583445196
133, 0.2921817567392201, 0.23096935013197417
134, 0.998035202970479, 0.14783734438163454
135, 0.6279673272428594, 0.07084484544640524
136, 0.43963580228637666, 0.17548440820287914
137, 0.12033639781471561, 0.0722396075820857
138, 0.4775801429249038, 0.6103665457427307
139, 0.0706500154384132, 0.9404102872881449
140, 0.3996580448270526, 0.5785773445043352
141, 0.31902069508053554, 0.6424161821353944
142, 0.49739360618312745, 0.6802390879298299
143, 0.7817504842615114, 0.38025203693092435
144, 0.3081734194668664, 0.7384800495877023
145, 0.19244801781498622, 0.6561029329264167
146, 0.4574591450508638, 0.5948401246477721
147, 0.5492298243050625, 0.21301002418209547
148, 0.3668755098515747, 0.6359609797418101
149, 0.27671449110203306, 0.6770590979834522
150, 0.07122356151899334, 0.6763557255985462
151, 0.6368642628882426, 0.4082092951493528
152, 0.9206021094373006, 0.18922917231128933
153, 0.740737684983482, 0.38449242476573564
154, 0.7536046753870473, 0.5350660325019327
155, 0.4128191666179225, 0.5751943399632635
156, 0.9466028356477977, 0.2736833222371524
157, 0.9934613200424188, 0.042791712466481835
158, 0.7322705266073274, 0.7993132659352665
159, 0.9588610527293697, 0.718839800319387
160, 0.5373664193072478, 0.07130119933048773
161, 0.7317145595819693, 0.8694455809746965
162, 0.7106029626934981, 0.2986576143904557
163, 0.3034056433351584, 0.5131646465435897
164, 0.026983826668947497, 0.9810648609505035
165, 0.5112417764927909, 0.44828041853708656
166, 0.16686347622414932, 0.04993653974160739
167, 0.9098743347182531, 0.4094310713368039
168, 0.866527170079329, 0.5703124542307395
169, 0.8260381838785696, 0.006721847431890526
170, 0.4898973639321833, 0.39920224847659824
171, 0.2737072318621012, 0.7615405865963373
172, 0.7385620455007369, 0.9608237094126956
173, 0.9268795887013548, 0.9444547547638098
174, 0.7856586730229266, 0.716219823488496
175, 0.30918276658070987, 0.9176188740719026
176, 0.3948309418471502, 0.9874736005110889
177, 0.5723785275456944, 0.627345376983436
178, 0.7835329382694819, 0.31458562381592337
179, 0.12191585951851724, 0.7841401794309222
180, 0.8016248616585006, 0.6993311340731725
181, 0.24666202123431635, 0.23780919173913406
182, 0.9095359586783769, 0.7149990511371401
183, 0.15200050448673819, 0.8414543056375354
184, 0.80705909536562, 0.7812858337466823
185, 0.4212675717848682, 0.04609540798078182
186, 0.10510340295005649, 0.07267885926819595
187, 0.0018647559502424915, 0.21568016585393512
188, 0.2487557739643047, 0.42707589017935255
189, 0.5861293238461033, 0.8198746745401543
190, 0.6891777731033086, 0.44024232582171763
191, 0.8611881610616712, 0.29664494448232304
192, 0.40867655418106974, 0.3798289104148048
193, 0.6088879166125799, 0.6079300683137531
194, 0.41759728035849186, 0.1982553620799189
195, 0.894149706060487, 0.9062092997326983
196, 0.802004784883885, 0.5125517936462332
197, 0.6249416334071639, 0.007595926922996155
198, 0.8512485724910747, 0.6915638452722404
199, 0.361492021950931, 0.8978360884105546
200, 0.5427791590522725, 0.6164258932163762
201, 0.5354157690493948, 0.37283509578234686
202, 0.3878515051193966, 0.2788985374370013
203, 0.8355025703401258, 0.8369888318117203
204, 0.2134295170072179, 0.7680466381245232
205, 0.43966167906096243, 0.3420832248010942
206, 0.24369215223384144, 0.3859844688600562
207, 0.37121824615897303, 0.6419139331362631
208, 0.07488469277954146, 0.5675615796389772
209, 0.6530047067279101, 0.0024122538509046
210, 0.0595722970118584, 0.03410347212970788
211, 0.44699489484998556, 0.2962336329752431
212, 0.5107298608018052, 0.3756867600317809
213, 0.3250310185355886, 0.4290526832140632
214, 0.9331868421743206, 0.38818054755815234
215, 0.542236036575123, 0.7120884301606152
216, 0.20640246346434088, 0.10383032692450878
217, 0.0851658303251831, 0.14246121329893446
218, 0.3262098747934594, 0.2405830590266289
219, 0.1579170425565063, 0.4042336862162198
220, 0.2282192717308803, 0.43959536887127626
221, 0.32539223154165153, 0.9975879627619951
222, 0.2722680392189787, 0.22406316490503453
223, 0.5391904584636406, 0.9094833547711498
224, 0.14216839370834777, 0.8836556764199763
225, 0.8128358874914965, 0.34686889506608376
226, 0.48809574264495237, 0.21123914299193935
227, 0.8322080617465653, 0.6205334879865604
228, 0.991319285339971, 0.6853686308009765
229, 0.6818353404354998, 0.14572478752032147
230, 0.1976789029705045, 0.03420259770767109
231, 0.6604495929720695, 0.4188129504006426
232, 0.8573565521971724, 0.5094586634143684
233, 0.9472652687911673, 0.5314739462923599
234, 0.9919000862000533, 0.06862250656270297
235, 0.644281975470775, 0.5121743895610428
236, 0.21282064592629102, 0.33310184504893603
237, 0.2048445077616019, 0.1042366158296818
238, 0.3338637218111524, 0.7270238736594045
239, 0.9464405453937449, 0.3779478516420324
240, 0.009357418726034461, 0.9258452635414592
241, 0.25387720634019095, 0.3334854749421483
242, 0.6593624054077851, 0.3452547894133179
243, 0.8240086011384203, 0.7287438518063645
244, 0.6126599180332681, 0.6716340697844991
245, 0.2646717837166288, 0.6341133232301164
246, 0.44524600754028965, 0.5665347318828644
247, 0.16792201384997885, 0.4184996529672026
248, 0.5195646207746273, 0.7922735801477232
249, 0.5714388931284066, 0.08232690651509078
250, 0.7465188795851453, 0.5721779730204013
251, 0.677741695708449, 0.6654148813811124
252, 0.8960127535927536, 0.41998894024784594
253, 0.12107010338274271, 0.5206968627059565
254, 0.4051048465160082, 0.09924393324845782
255, 0.9280374083901519, 0.08700087731524508
256, 0.2920978620754632, 0.004166288448767319
257, 0.20305202293315405, 0.608312678814341
258, 0.7027973980087742, 0.9303656216218682
259, 0.44428160398615857, 0.7004782680106286
260, 0.9580451478468606, 0.3757555885687085
261, 0.8724708455463228, 0.5974315378341332
262, 0.05228585836213584, 0.3328304943533741
263, 0.5846267343458925, 0.17584607772130034
264, 0.28745250472163686, 0.6913746282114558
265, 0.9216591713878833, 0.20571350006498124
266, 0.9606380514534476, 0.4606348090201762
267, 0.6067372588361969, 0.8830594687169843
268, 0.2758919380373597, 0.785171858544995
269, 0.3591121126502248, 0.4482570256524988
270, 0.46898839616758214, 0.8618168776345703
271, 0.6472307356536252, 0.862806251500685
272, 0.2625420563153541, 0.959141706190473
273, 0.3100184379125014, 0.9890800476306217
274, 0.9647147923326822, 0.5516424182908836
275, 0.2277890596235217, 0.5863315819819941
276, 0.46961495815260756, 0.6328633134752193
277, 0.47838273715524415, 0.7930475031996488
278, 0.7041524022120161, 0.8802375972229274
279, 0.9752612212252989, 0.20563723907764508
280, 0.8232705760255625, 0.794628778310067
281, 0.4542480651894395, 0.5019232799063641
282, 0.44566210702170383, 0.8027264059796179
283, 0.9217000537631991, 0.17798158810319942
284, 0.08595223991725942, 0.7441165611900744
285, 0.842991204393844, 0.0647298824660627
286, 0.33042966029171716, 0.41075576655087886
287, 0.4329034960139173, 0.7900484115680145
288, 0.38583529705573505, 0.5181045171678627
289, 0.6636741085172209, 0.46526010992829614
290, 0.09367711323647399, 0.628038870297529
291, 0.10257095274040384, 0.5201649340152353
292, 0.8490760539848112, 0.4714481717899547
293, 0.026840539798825835, 0.57925894957801
294, 0.7228576437906998, 0.07196763271847861
295, 0.8467155551993923, 0.18255654668267496
296, 0.26746163946156953, 0.5549021729641536
297, 0.20971418566915567, 0.6020023329781033
298, 0.3066269119216415, 0.6467745771398751
299, 0.29108516564603515, 0.35404129285991526
300, 0.9358741330971344, 0.5404129273020907
301, 0.3892200578573499, 0.4887826979370584
302, 0.847783941702501, 0.2761277007342343
303, 0.7599885143288646, 0.16129902408364616
304, 0.1836344379503445, 0.7411014497489712
305, 0.45595661028074486, 0.44188109135136244
306, 0.013661483948478215, 0.08681261472755264
307, 0.13852368262723558, 0.17127745588492493
308, 0.25348229258295407, 0.21705332759335916
309, 0.280483623494617, 0.49068030433462506
310, 0.33617150158927134, 0.4068177801699959
311, 0.625446012762759, 0.5353630006633948
312, 0.8290919476843326, 0.10974880208342663
313, 0.8307312551008191, 0.818583737644329
314, 0.5914864980253169, 0.4367797447149643
315, 0.8278186931611936, 0.6772153427035735
316, 0.40895717867642656, 0.4225802832190708
317, 0.9123858800734546, 0.6309153463275834
318, 0.5344288483072379, 0.3365305617871853
319, 0.6654553469595613, 0.6291890462134744
320, 0.31547349408845093, 0.30504515602019955
321, 0.7664220024258949, 0.6802857833419058
322, 0.4883051194550829, 0.4875360774016547
323, 0.4806365277667801, 0.6598015204496828
324, 0.42837361622793635, 0.6717843302376698
325, 0.4473681582056721, 0.11489344200096907
326, 0.21556111591698013, 0.655082423505098
327, 0.11653953806225592, 0.7258388521177418
328, 0.8553089464924096, 0.7008523289971228
329, 0.134189772216592, 0.03921029806613807
330, 0.06780139824783915, 0.4770719619832846
331, 0.3974615878219284, 0.756181616803103
332, 0.02636592211859956, 0.048232111774615505
333, 0.7741918613642906, 0.34746965954537956
334, 0.8912209778161115, 0.7986956222714384
335, 0.43259371665197377, 0.8729490972034422
336, 0.35410619354916106, 0.6273077112483497
337, 0.36508516694711035, 0.2907645360955131
338, 0.8058702846671957, 0.46112352661701395
339, 0.389564904024822, 0.20835065240674178
340, 0.47140184016045006, 0.18875469616629414
341, 0.2131161430495443, 0.9962300030121305
342, 0.08793468897980072, 0.3333092138412218
343, 0.9921756495188767, 0.16114231948190805
344, 0.6803778306573938, 0.6704174344928595
345, 0.3791530375427923, 0.7297962771448647
346, 0.710685051455272, 0.46585379607296984
347, 0.8687954237149477, 0.7850663472194979
348, 0.11359090223741752, 0.37443481993479766
349, 0.7312226515289796, 0.10803428655451697
350, 0.8428882827252626, 0.14484098586330418
351, 0.08296052961476463, 0.28979098096971545
352, 0.6074481329196184, 0.6111812572567237
353, 0.8350226102827392, 0.9550220039108072
354, 0.37739285206328244, 0.8421468865099443
355, 0.2804727339955059, 0.14621596696543981
356, 0.23882103850566216, 0.4268890885172255
357, 0.9913270822691185, 0.4432286313453945
358, 0.48615631991081243, 0.2663814462193619
359, 0.16392680871177767, 0.8657096505253039
360, 0.22074413964955764, 0.38695115769400923
361, 0.27242458802017455, 0.9013410355315468
362, 0.7846373932625391, 0.9753314130549764
363, 0.7994416042339335, 0.3225571742161141
364, 0.777798251117978, 0.2428287683822581
365, 0.9034527956009736, 0.6551822799393542
366, 0.44118509560246566, 0.8958127366829332
367, 0.7505882239021692, 0.2947445934732975
368, 0.4661570190700749, 0.30835655593439326
369, 0.1009913088209563, 0.9551693145237623
370, 0.5763807047260814, 0.36641519434693737
371, 0.040215852999758384, 0.6818592362849423
372, 0.5649330445137646, 0.9985159782059867
373, 0.5667097956665775, 0.6627696383250856
374, 0.13279148930005702, 0.34283278076941726
375, 0.707438592899294, 0.7837385762506808
376, 0.7661310361904968, 0.09104889016625295
377, 0.20200143673869575, 0.15238441394607793
378, 0.8558819768442114, 0.8619777607697862
379, 0.23723954609862696, 0.8677360447872468
380, 0.3647701940453345, 0.6954113405130035
381, 0.1974553593921612, 0.7432043134443435
382, 0.9561583552000269, 0.9114401363410072
383, 0.20531327561620116, 0.4720189912775231
384, 0.389825909099651, 0.07076493485857005
385, 0.3540468173994964, 0.9681014112155065
386, 0.698037248631915, 0.28540643944466093
387, 0.7671205424883678, 0.5004415604408045
388, 0.7136100861138199, 0.29844694888120116
389, 0.902666761231341, 0.2218695359316737
390, 0.707184441352949, 0.9661539011875795
391, 0.849259009482169, 0.5555167015565082
392, 0.8991640411323383, 0.3080375256561739
393, 0.4258263712315826, 0.5424506536943348
394, 0.7399534484770006, 0.0977356765624543
395, 0.8507042157887929, 0.41361466987090134
396, 0.479396420265661, 0.358326106280504
397, 0.21639168117777252, 0.6515845392060262
398, 0.6615254448362722, 0.8031718621736185
399, 0.5435849173328509, 0.2689491426706032
400, 0.27743140012036815, 0.9519159928444667
401, 0.8288034454441167, 0.7798509225177827
402, 0.5116215896034106, 0.8425173927676392
403, 0.4330082361123284, 0.5081803635437473
404, 0.17966461628588282, 0.3435604367206019
405, 0.952315817158928, 0.8607831005699563
406, 0.6402539396713551, 0.7270676504548256
407, 0.22847821703063698, 0.9765969841882325
408, 0.06713102871539334, 0.9962146060236817
409, 0.04908682584841795, 0.9713492973532643
410, 0.5502458548552881, 0.8512398106808523
411, 0.3684677080312523, 0.9238692829043785
412, 0.9632200299481481, 0.2189119637648994
413, 0.8567203678590971, 0.36776891062079364
414, 0.7133066208813097, 0.3246183552157277
415, 0.2488643192785358, 0.03420797022437616
416, 0.8761237284437662, 0.18254675323798086
417, 0.35653618796867204, 0.9506374980097841
418, 0.1768009412612086, 0.18146986909673668
419, 0.18363560541277824, 0.6719015136204453
end_nodes
0, 1
0, 2
0, 3
0, 4
0, 5
0, 6
0, 7
0, 8
0, 9
0, 10
0, 11
0, 12
0, 13
0, 14
0, 15
0, 16
0, 17
0, 18
0, 19
0, 20
1, 9
1, 17
1, 26
1, 30
1, 35
1, 41
1, 53
1, 54
1, 59
1, 72
1, 78
1, 85
1, 112
1, 119
1, 159
1, 161
1, 182
1, 184
1, 203
2, 12
2, 13
2, 16
2, 34
2, 38
2, 42
2, 44
2, 46
2, 49
2, 52
2, 55
2, 56
2, 67
2, 69
2, 77
2, 82
2, 87
2, 94
2, 99
3, 10
3, 11
3, 20
3, 50
3, 62
3, 66
3, 83
3, 86
3, 91
3, 154
3, 167
3, 168
3, 196
3, 214
3, 227
3, 232
3, 233
3, 239
3, 244
4, 13
4, 14
4, 15
4, 20
4, 21
4, 28
4, 29
4, 31
4, 33
4, 36
4, 39
4, 43
4, 51
4, 57
4, 58
4, 60
4, 65
4, 70
4, 75
5, 6
5, 7
5, 22
5, 25
5, 37
5, 40
5, 48
5, 73
5, 74
5, 89
5, 96
5, 105
5, 106
5, 110
5, 122
5, 124
5, 145
5, 171
5, 187
6, 23
6, 24
6, 32
6, 63
6, 64
6, 68
6, 71
6, 79
6, 80
6, 90
6, 92
6, 101
6, 105
6, 107
6, 109
6, 111
6, 113
6, 123
7, 12
7, 37
7, 48
7, 61
7, 67
7, 77
7, 115
7, 118
7, 130
7, 137
7, 145
7, 171
7, 186
7, 187
7, 210
7, 217
7, 219
7, 247
8, 12
8, 16
8, 52
8, 149
8, 220
8, 245
8, 383
8, 404
9, 11
9, 27
9, 59
9, 72
9, 84
9, 120
9, 158
9, 174
9, 180
9, 189
9, 198
9, 199
9, 243
9, 267
9, 270
9, 271
9, 315
9, 317
10, 66
10, 248
10, 321
10, 406
11, 27
11, 51
11, 62
11, 66
11, 72
11, 84
11, 91
11, 120
11, 128
11, 134
11, 156
11, 157
11, 199
11, 227
11, 228
11, 233
11, 234
12, 52
12, 61
12, 67
12, 115
12, 206
12, 217
12, 236
12, 275
12, 307
12, 383
13, 15
13, 28
13, 29
13, 36
13, 38
13, 42
13, 51
13, 55
13, 56
13, 75
13, 76
13, 82
13, 98
13, 99
13, 100
13, 114
13, 125
14, 19
14, 45
14, 70
14, 103
14, 142
14, 153
14, 190
14, 200
14, 259
14, 289
14, 323
14, 331
14, 354
15, 19
15, 31
15, 43
15, 57
15, 65
15, 70
15, 75
15, 81
15, 93
15, 108
15, 114
15, 116
15, 117
15, 138
15, 146
15, 151
15, 162
16, 34
16, 46
16, 52
16, 94
16, 121
16, 144
16, 149
16, 188
16, 220
16, 264
16, 296
16, 309
16, 356
16, 360
16, 404
17, 18
17, 47
17, 68
17, 72
17, 78
17, 90
17, 102
17, 134
17, 159
17, 172
17, 173
17, 176
17, 195
17, 221
17, 228
17, 258
17, 273
17, 341
18, 90
18, 175
18, 223
18, 385
18, 411
18, 417
19, 70
19, 108
19, 116
19, 246
19, 259
19, 281
19, 324
19, 331
20, 21
20, 33
20, 88
20, 95
20, 104
20, 131
20, 143
20, 154
20, 167
20, 177
20, 193
20, 196
20, 214
20, 215
20, 225
20, 235
20, 239
21, 39
21, 97
21, 128
21, 152
21, 156
21, 191
21, 239
21, 255
21, 265
21, 283
21, 302
21, 389
21, 392
21, 416
22, 74
22, 110
22, 187
22, 253
22, 262
22, 342
23, 64
23, 101
23, 111
23, 150
23, 164
23, 240
24, 90
24, 109
24, 175
24, 304
24, 361
25, 105
25, 124
25, 208
26, 30
26, 35
26, 54
26, 78
26, 112
26, 159
26, 313
26, 334
26, 378
27, 84
28, 51
28, 98
28, 135
28, 285
28, 294
28, 295
28, 312
28, 376
28, 394
29, 98
29, 229
29, 303
29, 349
29, 350
29, 364
30, 78
30, 378
31, 57
31, 151
31, 178
31, 242
31, 414
32, 111
32, 123
32, 371
33, 177
33, 193
33, 215
33, 235
33, 287
33, 311
33, 333
33, 352
33, 373
33, 387
34, 144
34, 296
34, 309
35, 41
35, 53
35, 112
35, 161
35, 203
35, 278
35, 313
36, 58
36, 60
36, 100
36, 249
36, 386
37, 110
37, 187
37, 262
37, 342
37, 348
37, 351
37, 419
38, 49
38, 87
38, 99
38, 129
38, 140
38, 141
38, 148
38, 160
38, 163
38, 205
38, 207
38, 226
38, 238
38, 269
38, 288
38, 298
38, 301
38, 316
39, 97
39, 302
39, 416
40, 106
40, 122
40, 330
41, 161
41, 203
42, 82
42, 202
43, 65
43, 93
43, 117
43, 151
43, 178
43, 231
43, 314
43, 318
43, 370
44, 55
44, 69
44, 77
44, 133
44, 166
44, 181
44, 216
44, 218
44, 222
44, 230
44, 237
44, 241
44, 256
44, 308
44, 320
44, 355
44, 377
44, 384
44, 415
45, 103
45, 323
46, 52
46, 188
46, 360
47, 195
47, 221
47, 273
48, 145
49, 126
49, 141
49, 163
49, 238
49, 269
50, 232
50, 239
50, 250
50, 292
51, 55
51, 76
51, 128
51, 157
51, 169
51, 197
51, 209
51, 255
51, 256
51, 260
51, 279
51, 295
51, 412
51, 416
52, 383
52, 404
53, 112
53, 278
54, 85
54, 159
54, 280
54, 313
54, 334
54, 347
55, 76
55, 82
55, 136
55, 169
55, 185
55, 194
55, 197
55, 209
55, 254
55, 256
55, 325
55, 337
55, 339
55, 384
56, 99
56, 192
56, 211
56, 213
56, 286
56, 310
56, 340
57, 414
58, 60
59, 267
59, 271
59, 366
60, 75
60, 367
60, 386
61, 247
61, 275
62, 227
62, 233
62, 261
62, 300
63, 68
63, 80
63, 101
63, 127
63, 139
63, 284
63, 341
63, 369
63, 408
63, 409
64, 150
65, 70
65, 81
65, 93
65, 138
65, 165
65, 212
65, 231
65, 276
66, 91
66, 321
66, 406
67, 77
67, 137
67, 206
67, 217
67, 236
67, 307
67, 329
67, 418
68, 71
68, 79
68, 80
68, 90
68, 107
68, 113
68, 183
68, 224
68, 272
68, 341
68, 359
68, 379
68, 400
68, 407
69, 218
69, 241
69, 299
69, 320
70, 81
70, 170
70, 246
70, 276
70, 324
71, 107
72, 119
72, 159
72, 182
72, 184
72, 198
72, 228
72, 243
72, 317
72, 328
72, 365
73, 96
73, 122
73, 187
73, 291
74, 187
74, 253
75, 100
75, 125
75, 147
75, 162
75, 263
75, 367
75, 386
75, 388
75, 399
76, 169
77, 130
77, 137
77, 166
77, 186
77, 230
77, 237
77, 241
77, 256
77, 329
77, 377
77, 415
77, 418
78, 159
78, 378
78, 405
79, 80
79, 92
79, 179
79, 183
79, 224
79, 327
79, 359
80, 92
80, 224
80, 284
81, 138
81, 146
81, 170
81, 276
81, 322
82, 136
82, 194
82, 202
82, 254
82, 337
83, 86
83, 168
83, 232
83, 233
83, 239
83, 344
83, 391
84, 158
84, 315
85, 280
86, 232
86, 251
86, 344
86, 391
87, 298
88, 104
88, 177
88, 338
89, 106
89, 124
89, 381
90, 175
90, 361
90, 379
90, 385
90, 400
90, 411
90, 417
92, 179
92, 327
93, 117
93, 201
94, 121
94, 144
94, 264
95, 131
95, 143
95, 225
95, 235
95, 333
95, 346
95, 363
96, 187
97, 416
98, 135
98, 303
98, 312
98, 349
98, 350
98, 364
98, 376
98, 394
99, 129
99, 192
99, 205
99, 207
99, 269
99, 288
99, 301
99, 316
100, 125
100, 263
100, 386
101, 127
101, 150
101, 164
101, 408
101, 409
102, 172
102, 173
102, 176
102, 221
102, 353
102, 362
102, 372
102, 382
102, 390
103, 323
103, 331
104, 177
104, 235
105, 106
105, 123
105, 124
105, 187
105, 290
105, 293
106, 124
106, 187
106, 330
106, 381
107, 113
108, 116
109, 304
110, 342
110, 348
110, 419
111, 123
111, 187
111, 240
111, 371
113, 379
114, 132
114, 155
114, 305
114, 345
114, 393
114, 396
114, 403
115, 275
116, 281
117, 201
117, 314
118, 130
118, 210
119, 184
120, 174
120, 180
120, 189
120, 199
120, 270
120, 315
120, 335
120, 375
120, 398
120, 402
120, 410
121, 144
122, 187
122, 291
122, 330
123, 187
123, 290
123, 293
124, 208
125, 147
125, 263
126, 269
128, 156
128, 255
129, 160
129, 205
129, 226
129, 380
130, 186
130, 210
130, 256
130, 332
131, 143
132, 155
132, 403
133, 181
133, 222
133, 241
134, 157
134, 228
134, 234
134, 266
134, 274
134, 343
134, 357
135, 294
135, 394
136, 194
136, 325
137, 329
138, 165
138, 212
138, 322
139, 369
139, 408
140, 160
140, 226
140, 368
141, 163
142, 153
142, 190
142, 200
142, 289
142, 354
143, 346
143, 395
144, 296
145, 171
145, 219
145, 257
145, 297
145, 326
145, 374
145, 397
146, 322
147, 263
148, 288
148, 316
151, 178
151, 242
151, 318
151, 370
152, 255
152, 265
152, 283
152, 389
152, 416
153, 190
153, 354
154, 244
154, 277
154, 282
154, 319
155, 345
155, 393
155, 403
156, 233
156, 239
157, 234
157, 260
157, 279
158, 315
159, 182
159, 280
159, 347
159, 401
160, 226
160, 368
162, 388
164, 240
164, 408
165, 212
166, 230
166, 237
167, 196
167, 214
167, 252
168, 233
171, 219
171, 268
171, 297
171, 326
171, 397
172, 382
173, 353
173, 362
173, 382
174, 180
174, 375
175, 223
175, 304
175, 361
175, 411
176, 221
176, 390
177, 193
177, 235
177, 338
178, 242
179, 327
180, 315
181, 222
181, 241
181, 308
181, 377
182, 184
182, 401
183, 359
185, 337
185, 339
187, 210
187, 240
187, 262
187, 291
187, 306
187, 330
187, 332
188, 360
189, 410
190, 289
191, 302
191, 392
193, 352
194, 337
194, 339
195, 221
196, 252
197, 209
198, 243
198, 317
198, 328
198, 365
199, 270
199, 335
200, 289
203, 313
205, 207
205, 380
206, 236
209, 256
210, 332
211, 340
213, 286
213, 310
214, 239
215, 287
215, 373
215, 387
216, 237
216, 377
218, 320
219, 257
219, 297
219, 374
220, 245
220, 404
221, 273
221, 341
221, 372
221, 408
225, 363
225, 413
226, 368
227, 261
228, 274
228, 357
230, 415
232, 239
232, 250
232, 251
232, 391
233, 239
233, 300
234, 266
234, 343
235, 311
235, 333
235, 346
235, 395
236, 307
237, 377
238, 269
239, 250
239, 292
241, 299
241, 377
243, 328
244, 277
244, 319
245, 404
246, 324
254, 337
255, 283
255, 416
257, 297
258, 273
258, 341
259, 331
260, 279
260, 412
262, 342
262, 351
265, 389
266, 343
269, 301
269, 336
270, 335
270, 402
270, 410
271, 366
272, 379
272, 400
272, 407
273, 341
274, 357
277, 282
280, 347
285, 312
285, 376
286, 310
286, 340
288, 301
288, 316
290, 293
294, 394
297, 397
301, 336
303, 350
303, 364
305, 396
305, 403
306, 332
308, 355
308, 377
309, 356
311, 333
312, 376
313, 334
317, 365
318, 370
326, 397
333, 363
337, 339
341, 369
341, 408
342, 351
345, 393
346, 395
348, 419
353, 362
355, 377
362, 372
363, 413
369, 408
373, 387
375, 398
376, 394
379, 400
379, 407
389, 416
396, 403
402, 410
408, 409
411, 417
end