480
4
0, 0.030262533062714536, 0.1356754241865602
1, 0.41533088971601095, 0.37824226677755124
2, 0.3746341022400508, 0.07982696899866026
3, 0.17283652134859018, 0.5693380113730132
4, 0.29284977288040503, 0.08746578922986736
5, 0.3203111787577596, 0.057486508022889016
6, 0.006231069914210852, 0.02412183869417206
7, 0.21311898951436137, 0.6787506361969656
8, 0.7555743368201672, 0.5830302906817376
9, 0.6915137679314284, 0.15960648087644536
10, 0.5515741930497455, 0.053409563760571155
11, 0.8807279141267864, 0.4921471463753837
12, 0.049551780698183334, 0.4256881238835901
13, 0.8939859321850621, 0.9023337765554568
14, 0.5589074476065087, 0.5551019086707842
15, 0.16643505511205947, 0.09478582521096734
16, 0.4414612653054317, 0.6351824397257068
17, 0.38038175633186655, 0.09238156715517498
18, 0.17886396944696292, 0.2112127161484435
19, 0.3281057116384841, 0.7976624247493973
20, 0.498867449176417, 0.9293900117092636
21, 0.6940079596806251, 0.19798453476983047
22, 0.4868347282296188, 0.45067893773747436
23, 0.6134084540997141, 0.30807901060224885
24, 0.9995914445374318, 0.02519841501592579
25, 0.23147127147925683, 0.419386209548403
26, 0.6790669376343246, 0.295657632820692
27, 0.8613302144229179, 0.06764963997922224
28, 0.7435631285929091, 0.31735966969632035
29, 0.39161691771675355, 0.9754860102783228
30, 0.4005042436127928, 0.9094058665869894
31, 0.6965505556496224, 0.4704154881470114
32, 0.11984628618274329, 0.48283064651554175
33, 0.19174890827499402, 0.3770870350971678
34, 0.9448607865198188, 0.46876480543626675
35, 0.8022809982777932, 0.8331930248447804
36, 0.10748988402381965, 0.8080542638081856
37, 0.5757818384988461, 0.8748845007028139
38, 0.1779539202171435, 0.5768580887684108
39, 0.6023260610836662, 0.8469311127949336
40, 0.8671885528690586, 0.6860326855912022
41, 0.6942491788085066, 0.334285111363558
42, 0.12349857774747863, 0.3614305683179809
43, 0.2856093175626141, 0.014437677861705689
44, 0.39952251849317144, 0.33777316401397783
45, 0.6431979799324866, 0.7641767379638579
46, 0.20178846584103405, 0.40693631450152357
47, 0.5729811309765853, 0.8234283950302902
48, 0.2976479651954972, 0.2728348208315108
49, 0.7453779329660224, 0.7241086904165226
50, 0.7302554136654965, 0.04495033203319765
51, 0.3366554543432273, 0.1043976194710241
52, 0.8699519893029739, 0.9352898804781874
53, 0.5105637869940306, 0.27843516793147893
54, 0.9704777603719184, 0.7178443128318244
55, 0.3848244396059932, 0.8398239013228082
56, 0.14487465854979487, 0.7398751031025605
57, 0.4414117264661531, 0.5385832351173008
58, 0.9772234629872438, 0.7099188975183389
59, 0.9395731958842954, 0.8455947176891764
60, 0.6902601754049971, 0.9039450035322958
61, 0.35710189440769846, 0.7359282738907693
62, 0.616635747242103, 0.4646211840446126
63, 0.653540852158375, 0.9773937572189956
64, 0.2545873414609847, 0.2506631345902315
65, 0.8653705824209208, 0.46206278197477413
66, 0.2611281156513722, 0.5497817415042786
67, 0.16834868305815942, 0.1331256107299137
68, 0.44531622565092377, 0.8948485877164885
69, 0.9209003352204517, 0.19839146852752643
70, 0.1893431666752482, 0.08123443854533885
71, 0.8991412129582014, 0.2649869621328035
72, 0.9289915941373119, 0.7912864056710445
73, 0.12724450883537464, 0.4240659309314242
74, 0.9449685119702275, 0.9794199310846718
75, 0.18238260480504387, 0.5558545468995983
76, 0.38158016300353903, 0.0618824725133057
77, 0.44514514660576965, 0.8613731807561203
78, 0.06435025645838277, 0.4096529618129714
79, 0.8369961458109438, 0.6740830193399058
80, 0.8396557034595192, 0.3728626171033045
81, 0.087298353277943, 0.6528824226823272
82, 0.14847115326940152, 0.7958336037731737
83, 0.9958700483185278, 0.4210024228869089
84, 0.26011280159920946, 0.257397221216192
85, 0.9750946815288878, 0.1361917525792754
86, 0.25761460957894755, 0.45399810262713125
87, 0.4639528374668045, 0.9693542052327186
88, 0.818703084128682, 0.2249849226093249
89, 0.3194807867403523, 0.4493968679114949
90, 0.32660733113880747, 0.19624794969777326
91, 0.6630802784206735, 0.18182017138297846
92, 0.3760151127516118, 0.5046054657694988
93, 0.6520755002774344, 0.3075054079183748
94, 0.8821390061538762, 0.73680437360629
95, 0.06953169086531108, 0.24801938531828105
96, 0.013579410027688033, 0.20538468212264527
97, 0.8918011948513256, 0.9871694415053134
98, 0.127712663353998, 0.625655337568025
99, 0.5626557988051862, 0.7887415163855138
100, 0.6155187637036628, 0.5077014743017407
101, 0.11400922898637356, 0.7463410489993768
102, 0.8823119801034858, 0.35288547972639905
103, 0.9248870328510743, 0.7244875326808267
104, 0.09990630089126462, 0.16109223841520048
105, 0.7564707161081995, 0.4935750812677909
106, 0.07603335662286614, 0.6068552154047363
107, 0.2518646762240234, 0.0423750192643364
108, 0.29773612838713825, 0.7449374364405705
109, 0.20578417666294968, 0.7765412583492753
110, 0.8426455366764942, 0.9014403929404579
111, 0.23337711645983827, 0.03924655451782344
112, 0.15082476869462436, 0.3870953688517944
113, 0.4365156001620949, 0.3079355478962912
114, 0.011043628674437977, 0.3396622702252067
115, 0.2022683506162608, 0.6817040083880679
116, 0.8961296109815796, 0.07884869511688608
117, 0.8369608047766315, 0.6039600282551256
118, 0.9990173813847817, 0.24531385813748796
119, 0.10671114912617641, 0.35296965036013883
120, 0.15196268869760265, 0.2800438048000572
121, 0.6235577749415403, 0.9970478689400502
122, 0.2750511689829992, 0.34515925977334205
123, 0.5477504166033315, 0.2476920231752644
124, 0.08480585142815955, 0.6931296917196597
125, 0.20188855312248166, 0.47625917870164935
126, 0.9285368044212707, 0.8109818954637253
127, 0.28497116709984127, 0.3409668740311068
128, 0.8160961473477142, 0.5076734514240178
129, 0.5177098451251565, 0.37326484164445506
130, 0.4501901178913321, 0.008274057763004938
131, 0.7724900782550057, 0.3003419325618022
132, 0.00867786354304212, 0.17851937878220303
133, 0.5955768375680087, 0.993962506166242
134, 0.045486151624593574, 0.053944487625741
135, 0.19206413586148807, 0.031523063344368385
136, 0.5807380326167051, 0.10659508439213894
137, 0.7332848492631998, 0.865399269339061
138, 0.5718352112058797, 0.9766617234401068
139, 0.06419579342964843, 0.6001587624550402
140, 0.09540254869470222, 0.5478839672025212
141, 0.22370659492355094, 0.3316304407663352
142, 0.7820139985953346, 0.7973030983451143
143, 0.0727463035861935, 0.9499415209811145
144, 0.06383848822172111, 0.9500913176545814
145, 0.6652131736544591, 0.632446114391405
146, 0.18536451553822542, 0.9779827450700012
147, 0.7570557272494701, 0.4403299405687183
148, 0.4260900333882478, 0.6730476194181549
149, 0.977841209867502, 0.13604509018309052
150, 0.7566609177461727, 0.8624333729562051
151, 0.15523465337618902, 0.913369986961411
152, 0.3199724446134601, 0.638896028627996
153, 0.15472082740490756, 0.1534418794337965
154, 0.8683917596195158, 0.45797753255169305
155, 0.24622564268394875, 0.2639762880554961
156, 0.7459546145278809, 0.47326518311681487
157, 0.5724737214584938, 0.5090288783077602
158, 0.07658017457430999, 0.7000767171697074
159, 0.007010862770989723, 0.6887076589315723
160, 0.41784856607951226, 0.9881453473708659
161, 0.42451135663372985, 0.9788468879248883
162, 0.3700039558608852, 0.20755108846680537
163, 0.7858542686526282, 0.8536699909131084
164, 0.09280637251962098, 0.03773307556031369
165, 0.3654303991194049, 0.20570962790390857
166, 0.8872184257901937, 0.4768078653903657
167, 0.07351279023204316, 0.9781220321317939
168, 0.8101366469691093, 0.08370858154825933
169, 0.922144914225729, 0.0038873219762618483
170, 0.18904783332323205, 0.6574847827656344
171, 0.6683529513450216, 0.8747652630748104
172, 0.8984255096661024, 0.787805423856259
173, 0.5276667403347065, 0.16084728250644686
174, 0.10887859108244768, 0.8513468960383117
175, 0.9382292509560927, 0.4821865284144381
176, 0.9187651107836161, 0.9437312434761403
177, 0.42689931654033775, 0.07842722983743478
178, 0.2618938701988527, 0.25524694457960273
179, 0.4631094582321238, 0.31270984255628353
180, 0.09814643349032393, 0.0090649425463184
181, 0.1885377630762799, 0.24151709249258413
182, 0.5706417229075106, 0.7215159963306456
183, 0.5015725200363587, 0.6024990684296395
184, 0.12102389451299866, 0.9544198596098439
185, 0.2249844152947873, 0.2772276110531877
186, 0.4031130916256167, 0.1371556759331185
187, 0.1332450464886592, 0.641055274141196
188, 0.46393631787037815, 0.902628862010336
189, 0.14651667413138403, 0.39593511542525417
190, 0.13014108814365655, 0.32235821171037526
191, 0.7288892366257758, 0.10099482828293227
192, 0.0849797123678504, 0.6961933004986431
193, 0.3071491137971316, 0.3372789393384329
194, 0.5970242509050198, 0.8374475561591725
195, 0.24591487710820426, 0.4228096813282035
196, 0.2392060721475059, 0.40188994363298436
197, 0.5131164959908654, 0.21218029428797214
198, 0.7782519479278206, 0.44920044166365714
199, 0.6214009884694227, 0.7001268252988558
200, 0.47895443424006123, 0.016842860718509267
201, 0.37279400591142786, 0.6566896989477837
202, 0.9721374456285814, 0.9671909558231058
203, 0.7437466395074331, 0.45422152961495443
204, 0.06817019004752611, 0.4985676702626992
205, 0.06110259638998683, 0.5220339537679548
206, 0.18639408430641202, 0.04029279360384286
207, 0.3506271464816527, 0.04054591579434563
208, 0.06317859707900819, 0.8430957849921581
209, 0.5221869186010497, 0.9117743887753833
210, 0.3223561436728535, 0.6632584649703634
211, 0.47603394390036924, 0.014928370146432335
212, 0.3395493866757473, 0.5785450816341292
213, 0.44659473211172707, 0.5505244603689642
214, 0.42041468524889214, 0.3723355643724008
215, 0.4982543083730321, 0.5636894158147799
216, 0.004168891095082228, 0.6745079569188742
217, 0.11331902278632577, 0.4535126659585792
218, 0.9785936305543003, 0.02171055821682366
219, 0.9859368798283845, 0.4804497151838911
220, 0.858172359501939, 0.15456581391874513
221, 0.21319217064125562, 0.9789121649726349
222, 0.9143300641144017, 0.1367052945253412
223, 0.5112659064261833, 0.5372424397161822
224, 0.357152968655422, 0.08514910569163636
225, 0.9296269532169396, 0.6278685883670977
226, 0.004568007574010324, 0.25494817496939803
227, 0.09924546053634264, 0.38283720702128843
228, 0.5198258517780917, 0.39188083714104327
229, 0.46239321730487726, 0.3311121551845049
230, 0.600512892661462, 0.011374389967342746
231, 0.7793673730563815, 0.9824562212184416
232, 0.2669017678471498, 0.24000428444146693
233, 0.2167684254819966, 0.544094868818564
234, 0.4989000722628474, 0.8603525215658895
235, 0.4690778869022536, 0.9229294105958458
236, 0.4509772069957836, 0.6179840700463812
237, 0.9239737102975966, 0.8318993005048526
238, 0.7356524548833842, 0.9879184144732941
239, 0.8518561014762102, 0.5897010867010641
240, 0.43015060629464175, 0.6498429454082559
241, 0.3424987573175413, 0.3538996855368589
242, 0.8284031753625727, 0.8691954416184607
243, 0.017822168360982715, 0.4561477171288246
244, 0.787408563282, 0.20071108755527778
245, 0.7915546856111909, 0.040682644545182556
246, 0.49120339542271463, 0.30613101753982663
247, 0.012918098502651798, 0.8387501819078376
248, 0.30819002225520153, 0.4954397548706483
249, 0.7759538685950593, 0.7509924931660579
250, 0.8207378474120453, 0.23993521293812947
251, 0.04453070306321405, 0.5863814802400465
252, 0.622032494899654, 0.7752540792234794
253, 0.4844043300705, 0.16197853272827745
254, 0.3452219804167923, 0.3561049918812197
255, 0.1804746409984026, 0.9140811345269308
256, 0.09858672674161795, 0.30541317724212036
257, 0.41089228934645183, 0.5855402323485079
258, 0.23569256474820843, 0.03674356188407102
259, 0.47120156871101804, 0.8135035162217981
260, 0.011758385890885292, 0.3194287614315122
261, 0.6246764978040351, 0.9019098853544643
262, 0.31599826725392577, 0.7050361870088042
263, 0.6250517001071858, 0.363712525470239
264, 0.6923339801388275, 0.9145236235158035
265, 0.3669107373078543, 0.012245564595073088
266, 0.5986625935558025, 0.6004765155103516
267, 0.7191357089416004, 0.5221996851717835
268, 0.5112672115712674, 0.6902497013558768
269, 0.9493076756315133, 0.1602956823464412
270, 0.6663842001140604, 0.33828721502189185
271, 0.9231673111609414, 0.1983104975738218
272, 0.6526531881454816, 0.054960651179281506
273, 0.08456098497030373, 0.8062561314893699
274, 0.7570677539706849, 0.6305501431402254
275, 0.14454375476045167, 0.8065523195503537
276, 0.5595705280134544, 0.4033654567470428
277, 0.38446337334087466, 0.3893073964869377
278, 0.5153183823533309, 0.17169423913742365
279, 0.9567276254443616, 0.13564468576192523
280, 0.43809805213551245, 0.8999682849129716
281, 0.5762667222262305, 0.6684762003919631
282, 0.2865289133326364, 0.2915248869919198
283, 0.34491204190316505, 0.05348626009056823
284, 0.4598730432662208, 0.679128060906143
285, 0.36884866073866185, 0.2618188039684409
286, 0.012918004790806736, 0.4463857128796751
287, 0.6782347973948059, 0.10053784519858378
288, 0.816843562973565, 0.1664721051864796
289, 0.5171225818659018, 0.01083075316336457
290, 0.6736834167962584, 0.008911508933791557
291, 0.743847296724717, 0.1498344241662034
292, 0.8069313102171364, 0.3240912393200376
293, 0.45481884827653385, 0.49857993710046355
294, 0.64836535882273, 0.2427024001258371
295, 0.3645401497703469, 0.46854171191769
296, 0.7296539219677586, 0.5734273491654724
297, 0.9668603463777725, 0.9904481414807541
298, 0.3987632698995558, 0.337491921945693
299, 0.6956285770844531, 0.32442248363963466
300, 0.2957543041337547, 0.8345107578527787
301, 0.49642569347469767, 0.0074296025559357215
302, 0.2919319198193677, 0.8796394837793192
303, 0.9371613694433824, 0.9184166526009913
304, 0.24192650055031473, 0.9167377690988779
305, 0.28002049230607595, 0.35753385406086957
306, 0.954871629672836, 0.5062811407597869
307, 0.8149057223516344, 0.1717891092279854
308, 0.910462607000271, 0.40100499196116346
309, 0.5804096249317081, 0.03845642950853412
310, 0.18652238696330903, 0.1907969782726492
311, 0.8128634848171729, 0.38706878721131366
312, 0.2830046640346945, 0.15575957046386268
313, 0.7052245874173109, 0.6010115922008811
314, 0.7004286059924257, 0.877019229282854
315, 0.36420333485884504, 0.23179728903151064
316, 0.74137144215861, 0.10119070993384971
317, 0.27002448368744736, 0.7228157189010533
318, 0.9757609553974332, 0.9415090206068268
319, 0.0532281586539306, 0.1819194693863665
320, 0.7259001472348863, 0.8263099345342676
321, 0.9217901385678487, 0.5048891143884355
322, 0.7857691979208693, 0.9652024218819794
323, 0.20412719019826175, 0.7759898905029455
324, 0.1916439661083943, 0.01981088032674716
325, 0.5625303499149751, 0.8408583670291784
326, 0.6429869551002891, 0.4380661165876091
327, 0.827962809148207, 0.8210415412543902
328, 0.5041739097579105, 0.5723273734928811
329, 0.623938660806181, 0.4111095146509979
330, 0.5816930512601355, 0.7939681409926418
331, 0.4121291608748062, 0.21163343722013261
332, 0.91465945712153, 0.25543008862543315
333, 0.25078629661761964, 0.045961365067841986
334, 0.8281777934534814, 0.7310014593168884
335, 0.4184387492251993, 0.9627533421305255
336, 0.9819638778331561, 0.5194242773984726
337, 0.5650483944646079, 0.09344045753194707
338, 0.757353809577309, 0.8287858834310532
339, 0.11148999365997547, 0.9255203635420708
340, 0.311794760519582, 0.5181102294536233
341, 0.26930338335472304, 0.9363990158019418
342, 0.3527889992424399, 0.32189754552693195
343, 0.3648433153342704, 0.09859985812903316
344, 0.8022980671291522, 0.10264783297308955
345, 0.8355279134154535, 0.7602744080326304
346, 0.28428660762196123, 0.37630750020658355
347, 0.3042292425481752, 0.4201964801076201
348, 0.2934892551942395, 0.5235139665814601
349, 0.0973917677670838, 0.07039882069042835
350, 0.27068915989195996, 0.25525145727379117
351, 0.2355262306878143, 0.3093312805078817
352, 0.250678252543697, 0.006314203379885641
353, 0.573497775125807, 0.9488847183190332
354, 0.7861543276762506, 0.7609659395559416
355, 0.9792839402227949, 0.3715337473606264
356, 0.15783928338364095, 0.09113858358851712
357, 0.7264667041793209, 0.8347208855184995
358, 0.4908623688694541, 0.6331211200956218
359, 0.3182786659708241, 0.713440941659632
360, 0.5748904083730749, 0.48941463194464185
361, 0.6809093021784202, 0.7317618976161964
362, 0.35923828040848993, 0.8558488481043338
363, 0.38931316519866443, 0.4361234726500556
364, 0.0734511701194468, 0.27422114373468065
365, 0.314357891581619, 0.4947967296309943
366, 0.06556778057221457, 0.4946179682104517
367, 0.6170152619898656, 0.13631869497411764
368, 0.20022826101385205, 0.8333310672513801
369, 0.5825161957411262, 0.3530341923476308
370, 0.5506878179252445, 0.06571582493891648
371, 0.5510600318452885, 0.9121256352576691
372, 0.10036343683263049, 0.9480179266502802
373, 0.43562377334635816, 0.5801327505149606
374, 0.5505363768200741, 0.48806664661602084
375, 0.4240064562260487, 0.025011974431579098
376, 0.404170731469772, 0.7138868971691653
377, 0.06472978326767687, 0.22921721903851633
378, 0.7484914541206622, 0.46204584096540613
379, 0.7307032536526805, 0.3917622221401559
380, 0.8492808229680288, 0.79013561860235
381, 0.12465870852161665, 0.6445051319927276
382, 0.9371380475955282, 0.4485227813742002
383, 0.07060058983199169, 0.20108502138811002
384, 0.012494101525006962, 0.23406758054357946
385, 0.9995216959520834, 0.2091391325317581
386, 0.4515188586913418, 0.2266257675613692
387, 0.10695238939427276, 0.9775868366240004
388, 0.17948126594523572, 0.5237349363106409
389, 0.9590993278202751, 0.14293873365944876
390, 0.470758578927716, 0.5510603593668699
391, 0.8924859188796102, 0.3141320466263915
392, 0.7124289866995571, 0.5326515433081818
393, 0.9725073112959997, 0.8008013142460564
394, 0.39422763537504135, 0.9909459260368298
395, 0.611720858648663, 0.7474348620111476
396, 0.0007662678469656514, 0.493545893212742
397, 0.7162770282180905, 0.6400802775353839
398, 0.5937504379578521, 0.49879720301386
399, 0.6428606565236044, 0.5684934125454328
400, 0.09107515253875131, 0.35460492688873624
401, 0.48594233478656035, 0.42529579863937805
402, 0.40890380009721183, 0.5116736015848892
403, 0.20936841128659878, 0.8972541567264293
404, 0.10733023650249685, 0.5684782191345304
405, 0.736855193467037, 0.19166238465476837
406, 0.8723526413089084, 0.3631537463241652
407, 0.04475253751410391, 0.8827269117522764
408, 0.8713543534521487, 0.6602543054052523
409, 0.6558562067222719, 0.027874663276002742
410, 0.030176777216763817, 0.2898445676041871
411, 0.08290649793364546, 0.25960085331951965
412, 0.4483907899980849, 0.7443632944805212
413, 0.6669995400131457, 0.26852504067532756
414, 0.5708241545785652, 0.06731551132812974
415, 0.7378439771013322, 0.5249211652193532
416, 0.4706191259338748, 0.48585014431976814
417, 0.33152944420340846, 0.05666787270229234
418, 0.7941345720896257, 0.6398822047759618
419, 0.7344052920215968, 0.8782991971067262
420, 0.12859066575186207, 0.12253594771438525
421, 0.12336007573128471, 0.596533841435249
422, 0.6696098660628773, 0.0570940173066935
423, 0.7667994658722302, 0.9413776397047303
424, 0.5074632952867133, 0.783448600760346
425, 0.9273028313112821, 0.37156729658618226
426, 0.7502627533690142, 0.3721977258383721
427, 0.4331490243006457, 0.8462788998537686
428, 0.07764289966845506, 0.6533674834543416
429, 0.6305949987468132, 0.8500203083445075
430, 0.2464801585126496, 0.722613641109819
431, 0.1569103267673143, 0.47441254178494763
432, 0.9541212008792357, 0.32460827024273753
433, 0.9538622621200017, 0.620050829137368
434, 0.39315632175541015, 0.3144696913796742
435, 0.6536840569203017, 0.23010989457992537
436, 0.450719508336205, 0.5323255704579227
437, 0.9150658765749542, 0.8328722442434087
438, 0.7856573406208709, 0.2696071520548512
439, 0.4331009268568565, 0.8367026291102527
440, 0.44491565236258535, 0.6074475639096056
441, 0.37480399637145057, 0.3083890960264223
442, 0.5195976602407566, 0.7293333679728076
443, 0.40437948376985455, 0.8146499365752263
444, 0.6496411612698485, 0.7286652714564403
445, 0.1531756942867759, 0.2117668957819817
446, 0.19304830458808764, 0.7783993407794383
447, 0.940777713109566, 0.6281421919168108
448, 0.49679000764216774, 0.6847465408750834
449, 0.4151319340627967, 0.21883583270963214
450, 0.0631544345661531, 0.44065399793467064
451, 0.30614707576345235, 0.4831708661856208
452, 0.1614447870168958, 0.8244517064435669
453, 0.3497386046875982, 0.5249472645375153
454, 0.7569275505473058, 0.1808845627956932
455, 0.8958486887516387, 0.6437249958980362
456, 0.9341752818903333, 0.8464999655073621
457, 0.1636003583628235, 0.38398889020441773
458, 0.13204498146994637, 0.9655742795729971
459, 0.22758865247809412, 0.3271486335470003
460, 0.8229290812343236, 0.3105373184449979
461, 0.7771143549866434, 0.37585030241989137
462, 0.19196132740592986, 0.829292842330343
463, 0.6187741193940969, 0.44255108577005053
464, 0.30257492601325464, 0.9861510638804547
465, 0.8698515604197546, 0.19778457384101877
466, 0.5546783186293948, 0.27591375424597797
467, 0.7589795210254972, 0.9682847630159631
468, 0.4126279740298836, 0.8469909567552034
469, 0.019102656515975536, 0.8889793559437515
470, 0.18305242204879968, 0.8370161060794205
471, 0.35444184298700365, 0.07279837659049693
472, 0.17085703787336237, 0.5375362764818375
473, 0.7290865176364866, 0.12845402634335845
474, 0.33170434258950077, 0.9774274843682762
475, 0.5536061499997108, 0.0866137778837398
476, 0.14808231337899436, 0.6984680369974345
477, 0.33204720620451234, 0.9704282918969358
478, 0.7283310844363368, 0.9594547008119592
479, 0.035020925095586075, 0.6909213090395
end_nodes
0, 1
0, 2
0, 3
0, 4
0, 5
0, 6
0, 7
0, 8
0, 9
0, 10
0, 11
0, 12
0, 13
0, 14
0, 15
0, 16
0, 17
0, 18
0, 19
0, 20
0, 21
22, 8
22, 11
22, 31
22, 40
22, 54
22, 58
22, 62
22, 72
22, 79
22, 94
22, 100
22, 103
22, 105
22, 117
22, 128
22, 156
22, 157
22, 166
22, 175
22, 219
22, 225
23, 41
23, 80
23, 83
23, 219
23, 308
23, 311
23, 382
23, 461
25, 8
25, 11
25, 13
25, 14
25, 16
25, 31
25, 34
25, 35
25, 37
25, 39
25, 40
25, 45
25, 47
25, 49
25, 52
25, 54
25, 57
25, 58
25, 59
25, 60
25, 62
26, 28
26, 102
26, 292
26, 355
26, 406
26, 425
32, 3
32, 6
32, 7
32, 19
32, 20
32, 29
32, 30
32, 36
32, 37
32, 38
32, 55
32, 56
32, 61
32, 63
32, 68
32, 75
32, 77
32, 82
32, 87
32, 98
32, 101
33, 1
33, 8
33, 11
33, 13
33, 14
33, 16
33, 20
33, 28
33, 31
33, 34
33, 35
33, 37
33, 39
33, 40
33, 41
33, 45
33, 47
33, 49
33, 52
33, 54
33, 57
42, 1
42, 8
42, 9
42, 10
42, 11
42, 13
42, 14
42, 16
42, 19
42, 20
42, 21
42, 24
42, 27
42, 28
42, 29
42, 30
42, 31
42, 34
42, 35
42, 36
42, 37
43, 12
43, 36
43, 56
43, 81
43, 82
43, 98
43, 101
43, 106
43, 124
43, 130
43, 139
43, 140
43, 143
43, 144
43, 146
43, 151
43, 158
43, 159
43, 167
43, 174
43, 184
44, 11
44, 28
44, 31
44, 34
44, 41
44, 65
44, 71
44, 80
44, 83
44, 93
44, 102
44, 105
44, 118
44, 128
44, 129
44, 131
44, 147
44, 154
44, 156
44, 166
44, 175
46, 8
46, 11
46, 13
46, 14
46, 16
46, 20
46, 31
46, 34
46, 35
46, 37
46, 39
46, 40
46, 45
46, 47
46, 49
46, 52
46, 54
46, 57
46, 58
46, 59
46, 60
48, 9
48, 11
48, 21
48, 24
48, 27
48, 28
48, 31
48, 34
48, 41
48, 50
48, 65
48, 69
48, 71
48, 80
48, 83
48, 85
48, 88
48, 91
48, 93
48, 102
48, 105
51, 2
51, 10
51, 17
51, 24
51, 27
51, 50
51, 85
51, 116
51, 136
51, 149
51, 168
51, 169
51, 177
51, 191
51, 200
51, 211
51, 218
51, 222
51, 230
51, 245
51, 272
53, 34
53, 41
53, 80
53, 83
53, 93
53, 154
53, 175
53, 219
53, 270
53, 299
53, 308
53, 311
53, 382
53, 406
53, 425
53, 426
53, 461
64, 9
64, 10
64, 11
64, 21
64, 24
64, 27
64, 28
64, 31
64, 34
64, 41
64, 50
64, 65
64, 69
64, 71
64, 80
64, 83
64, 85
64, 88
64, 91
64, 93
64, 102
66, 20
66, 37
66, 39
66, 47
66, 52
66, 60
66, 61
66, 63
66, 68
66, 74
66, 77
66, 97
66, 99
66, 110
66, 121
66, 133
66, 137
66, 138
66, 148
66, 150
66, 152
67, 2
67, 4
67, 5
67, 9
67, 10
67, 11
67, 17
67, 21
67, 24
67, 27
67, 28
67, 31
67, 34
67, 41
67, 50
67, 65
67, 69
67, 71
67, 76
67, 80
67, 83
70, 2
70, 4
70, 5
70, 9
70, 10
70, 12
70, 17
70, 21
70, 24
70, 27
70, 36
70, 50
70, 56
70, 69
70, 71
70, 76
70, 81
70, 82
70, 85
70, 88
70, 91
73, 3
73, 6
73, 7
73, 8
73, 11
73, 13
73, 14
73, 16
73, 19
73, 20
73, 29
73, 30
73, 31
73, 34
73, 35
73, 36
73, 37
73, 38
73, 39
73, 40
73, 45
78, 1
78, 2
78, 3
78, 7
78, 8
78, 9
78, 10
78, 11
78, 13
78, 14
78, 16
78, 17
78, 19
78, 20
78, 21
78, 24
78, 27
78, 28
78, 29
78, 30
78, 31
84, 9
84, 10
84, 11
84, 21
84, 24
84, 27
84, 28
84, 31
84, 34
84, 41
84, 50
84, 65
84, 69
84, 71
84, 80
84, 83
84, 85
84, 88
84, 91
84, 93
84, 102
86, 8
86, 13
86, 14
86, 16
86, 35
86, 37
86, 39
86, 40
86, 45
86, 47
86, 49
86, 52
86, 54
86, 57
86, 58
86, 59
86, 60
86, 63
86, 72
86, 74
86, 79
89, 8
89, 13
89, 14
89, 35
89, 40
89, 45
89, 49
89, 52
89, 54
89, 57
89, 58
89, 59
89, 60
89, 72
89, 74
89, 79
89, 92
89, 94
89, 97
89, 100
89, 103
90, 9
90, 11
90, 21
90, 28
90, 34
90, 41
90, 65
90, 69
90, 71
90, 80
90, 83
90, 85
90, 88
90, 91
90, 93
90, 102
90, 118
90, 123
90, 131
90, 149
90, 154
95, 1
95, 2
95, 3
95, 4
95, 5
95, 6
95, 7
95, 8
95, 9
95, 10
95, 11
95, 12
95, 13
95, 14
95, 16
95, 17
95, 19
95, 20
95, 21
95, 24
95, 27
96, 1
96, 2
96, 3
96, 4
96, 5
96, 7
96, 8
96, 9
96, 10
96, 11
96, 13
96, 14
96, 16
96, 17
96, 19
96, 20
96, 21
96, 24
96, 27
96, 28
96, 29
104, 1
104, 2
104, 4
104, 5
104, 8
104, 9
104, 10
104, 11
104, 12
104, 13
104, 14
104, 16
104, 17
104, 21
104, 24
104, 27
104, 28
104, 31
104, 34
104, 35
104, 36
107, 10
107, 12
107, 24
107, 27
107, 36
107, 50
107, 56
107, 81
107, 82
107, 98
107, 101
107, 106
107, 116
107, 124
107, 130
107, 139
107, 140
107, 143
107, 144
107, 146
107, 151
108, 30
109, 6
111, 10
111, 12
111, 24
111, 27
111, 36
111, 50
111, 56
111, 81
111, 82
111, 98
111, 101
111, 106
111, 116
111, 124
111, 130
111, 139
111, 140
111, 143
111, 144
111, 146
111, 151
112, 1
112, 8
112, 11
112, 13
112, 14
112, 16
112, 19
112, 20
112, 21
112, 28
112, 29
112, 30
112, 31
112, 34
112, 35
112, 37
112, 39
112, 40
112, 41
112, 45
112, 47
113, 11
113, 31
113, 105
113, 128
113, 147
113, 156
113, 198
113, 203
113, 225
113, 306
113, 321
113, 326
113, 329
113, 336
113, 378
113, 433
113, 447
114, 1
114, 2
114, 3
114, 4
114, 5
114, 7
114, 8
114, 9
114, 10
114, 11
114, 13
114, 14
114, 16
114, 17
114, 19
114, 20
114, 21
114, 24
114, 27
114, 28
114, 29
115, 6
115, 302
115, 464
115, 474
115, 477
119, 1
119, 2
119, 3
119, 6
119, 7
119, 8
119, 9
119, 10
119, 11
119, 13
119, 14
119, 16
119, 17
119, 19
119, 20
119, 21
119, 24
119, 27
119, 28
119, 29
119, 30
120, 1
120, 2
120, 4
120, 5
120, 8
120, 9
120, 10
120, 13
120, 14
120, 16
120, 17
120, 21
120, 24
120, 27
120, 28
120, 31
120, 34
120, 35
120, 37
120, 39
120, 40
122, 1
122, 8
122, 13
122, 14
122, 21
122, 28
122, 31
122, 34
122, 35
122, 40
122, 41
122, 45
122, 49
122, 52
122, 54
122, 57
122, 58
122, 59
122, 62
122, 65
122, 69
125, 13
125, 16
125, 20
125, 30
125, 35
125, 37
125, 39
125, 45
125, 47
125, 49
125, 52
125, 55
125, 59
125, 60
125, 61
125, 63
125, 68
125, 72
125, 74
125, 77
125, 87
127, 1
127, 8
127, 13
127, 14
127, 21
127, 28
127, 31
127, 34
127, 35
127, 40
127, 41
127, 49
127, 52
127, 54
127, 58
127, 59
127, 62
127, 65
127, 69
127, 71
127, 72
132, 1
132, 2
132, 3
132, 4
132, 5
132, 7
132, 8
132, 9
132, 10
132, 13
132, 14
132, 15
132, 16
132, 17
132, 19
132, 20
132, 21
132, 24
132, 27
132, 28
132, 29
134, 2
134, 4
134, 5
134, 8
134, 9
134, 10
134, 12
134, 17
134, 21
134, 24
134, 27
134, 28
134, 31
134, 34
134, 36
134, 41
134, 50
134, 54
134, 56
134, 58
134, 62
135, 12
135, 24
135, 36
135, 50
135, 56
135, 81
135, 82
135, 98
135, 101
135, 106
135, 124
135, 130
135, 139
135, 140
135, 143
135, 144
135, 146
135, 151
135, 158
135, 159
135, 167
141, 1
141, 9
141, 13
141, 14
141, 16
141, 21
141, 24
141, 27
141, 28
141, 31
141, 34
141, 35
141, 39
141, 40
141, 41
141, 45
141, 47
141, 49
141, 52
141, 54
141, 57
153, 1
153, 2
153, 4
153, 5
153, 9
153, 10
153, 17
153, 24
153, 27
153, 31
153, 34
153, 36
153, 40
153, 41
153, 50
153, 54
153, 56
153, 58
153, 62
153, 65
153, 69
155, 1
155, 9
155, 10
155, 27
155, 34
155, 40
155, 41
155, 50
155, 54
155, 58
155, 62
155, 65
155, 69
155, 71
155, 72
155, 79
155, 80
155, 83
155, 85
155, 88
155, 91
162, 41
162, 69
162, 71
162, 80
162, 83
162, 88
162, 93
162, 102
162, 118
162, 123
162, 131
162, 154
162, 175
162, 197
162, 219
162, 244
162, 250
162, 270
162, 271
162, 292
162, 294
164, 2
164, 5
164, 10
164, 12
164, 36
164, 50
164, 56
164, 76
164, 81
164, 82
164, 85
164, 98
164, 101
164, 106
164, 116
164, 124
164, 130
164, 136
164, 139
164, 140
164, 143
165, 41
165, 69
165, 71
165, 80
165, 83
165, 88
165, 93
165, 102
165, 118
165, 123
165, 131
165, 154
165, 175
165, 197
165, 219
165, 244
165, 250
165, 270
165, 271
165, 292
165, 294
170, 6
170, 302
170, 464
170, 474
170, 477
173, 9
173, 69
173, 85
173, 91
173, 118
173, 149
173, 220
173, 222
173, 244
173, 269
173, 271
173, 279
173, 288
173, 291
173, 307
173, 385
173, 389
173, 405
173, 454
173, 465
178, 41
178, 50
178, 65
178, 69
178, 71
178, 80
178, 83
178, 85
178, 88
178, 91
178, 93
178, 102
178, 105
178, 116
178, 118
178, 123
178, 128
178, 129
178, 131
178, 136
178, 147
179, 65
179, 105
179, 128
179, 147
179, 154
179, 156
179, 166
179, 198
179, 203
179, 306
179, 321
179, 329
179, 336
179, 378
179, 433
180, 12
180, 36
180, 56
180, 81
180, 82
180, 98
180, 101
180, 106
180, 124
180, 139
180, 140
180, 143
180, 144
180, 146
180, 151
180, 158
180, 159
180, 167
180, 174
180, 184
180, 187
181, 1
181, 2
181, 14
181, 17
181, 35
181, 40
181, 41
181, 45
181, 49
181, 50
181, 52
181, 54
181, 57
181, 58
181, 59
181, 62
181, 65
181, 69
181, 71
181, 72
181, 74
185, 1
185, 35
185, 40
185, 41
185, 49
185, 50
185, 52
185, 54
185, 58
185, 59
185, 62
185, 65
185, 69
185, 71
185, 72
185, 74
185, 79
185, 80
185, 83
185, 85
185, 88
186, 50
186, 69
186, 85
186, 91
186, 116
186, 136
186, 149
186, 168
186, 169
186, 191
186, 218
186, 220
186, 222
186, 244
186, 245
186, 269
186, 271
186, 272
186, 279
186, 287
186, 288
189, 1
189, 16
189, 19
189, 20
189, 29
189, 30
189, 35
189, 37
189, 39
189, 40
189, 45
189, 47
189, 49
189, 52
189, 54
189, 55
189, 56
189, 57
189, 58
189, 59
189, 60
190, 1
190, 2
190, 16
190, 17
190, 19
190, 20
190, 30
190, 35
190, 36
190, 37
190, 39
190, 40
190, 45
190, 47
190, 49
190, 50
190, 52
190, 54
190, 55
190, 56
190, 57
193, 40
193, 49
193, 54
193, 58
193, 59
193, 62
193, 65
193, 69
193, 71
193, 72
193, 79
193, 80
193, 83
193, 85
193, 88
193, 93
193, 94
193, 100
193, 102
193, 103
193, 105
195, 16
195, 35
195, 37
195, 39
195, 40
195, 45
195, 47
195, 49
195, 52
195, 54
195, 57
195, 58
195, 59
195, 60
195, 62
195, 63
195, 65
195, 72
195, 74
195, 79
195, 83
196, 35
196, 37
196, 39
196, 40
196, 45
196, 47
196, 49
196, 52
196, 54
196, 57
196, 58
196, 59
196, 60
196, 62
196, 63
196, 65
196, 72
196, 74
196, 79
196, 80
196, 83
201, 37
201, 39
201, 47
201, 60
201, 63
201, 121
201, 133
201, 138
201, 171
201, 194
201, 209
201, 231
201, 234
201, 238
201, 259
201, 261
201, 264
201, 322
201, 325
201, 353
201, 371
204, 36
204, 81
204, 106
204, 124
204, 139
204, 143
204, 144
204, 158
204, 167
204, 174
204, 184
204, 192
204, 208
204, 247
204, 273
204, 339
204, 372
204, 387
204, 407
204, 428
204, 469
205, 139
205, 143
205, 144
205, 158
205, 167
205, 208
205, 247
205, 273
205, 372
205, 387
205, 407
205, 469
205, 479
206, 12
206, 36
206, 50
206, 56
206, 81
206, 82
206, 98
206, 101
206, 106
206, 116
206, 124
206, 130
206, 139
206, 140
206, 143
206, 144
206, 146
206, 151
206, 158
206, 159
206, 167
210, 20
210, 63
210, 68
210, 77
210, 121
210, 133
210, 138
210, 188
210, 209
210, 234
210, 235
210, 259
210, 353
210, 371
210, 427
210, 439
210, 443
212, 35
212, 37
212, 39
212, 45
212, 47
212, 52
212, 60
212, 63
212, 74
212, 97
212, 99
212, 110
212, 121
212, 133
212, 137
212, 148
212, 150
212, 163
212, 171
212, 176
212, 182
213, 45
213, 52
213, 74
213, 97
213, 110
213, 137
213, 142
213, 150
213, 163
213, 176
213, 183
213, 199
213, 202
213, 242
213, 281
213, 297
213, 303
213, 318
213, 320
213, 327
213, 338
214, 54
214, 58
214, 62
214, 65
214, 80
214, 83
214, 102
214, 105
214, 117
214, 128
214, 129
214, 147
214, 154
214, 156
214, 166
214, 175
214, 198
214, 203
214, 219
214, 225
214, 228
215, 49
215, 52
215, 59
215, 72
215, 74
215, 97
215, 110
215, 126
215, 142
215, 163
215, 172
215, 176
215, 202
215, 237
215, 242
215, 249
215, 297
215, 303
215, 318
215, 327
215, 334
217, 3
217, 6
217, 7
217, 19
217, 20
217, 29
217, 30
217, 36
217, 37
217, 38
217, 39
217, 45
217, 47
217, 52
217, 55
217, 56
217, 59
217, 60
217, 61
217, 63
217, 68
221, 6
223, 49
223, 54
223, 58
223, 59
223, 72
223, 79
223, 94
223, 103
223, 126
223, 142
223, 145
223, 172
223, 202
223, 237
223, 249
223, 266
223, 274
223, 303
223, 313
223, 318
223, 327
226, 2
226, 3
226, 4
226, 5
226, 7
226, 17
226, 19
226, 20
226, 29
226, 30
226, 37
226, 38
226, 39
226, 45
226, 47
226, 49
226, 50
226, 52
226, 55
226, 57
226, 58
227, 3
227, 6
227, 7
227, 19
227, 20
227, 29
227, 30
227, 36
227, 37
227, 38
227, 39
227, 45
227, 47
227, 49
227, 50
227, 55
227, 56
227, 57
227, 58
227, 59
227, 60
229, 105
229, 128
229, 156
229, 203
229, 225
229, 239
229, 326
229, 329
229, 378
229, 433
229, 447
232, 58
232, 62
232, 65
232, 79
232, 94
232, 100
232, 103
232, 105
232, 117
232, 128
232, 129
232, 147
232, 154
232, 156
232, 166
232, 175
232, 198
232, 203
232, 219
232, 225
232, 228
233, 19
233, 29
233, 30
233, 37
233, 39
233, 47
233, 55
233, 60
233, 61
233, 63
233, 68
233, 77
233, 87
233, 121
233, 133
233, 138
233, 152
233, 160
233, 161
233, 171
233, 188
236, 45
236, 60
236, 74
236, 97
236, 110
236, 137
236, 142
236, 150
236, 163
236, 171
236, 176
236, 182
236, 199
236, 202
236, 231
236, 238
236, 242
236, 252
236, 264
236, 268
236, 297
240, 39
240, 47
240, 60
240, 63
240, 74
240, 97
240, 99
240, 110
240, 137
240, 150
240, 171
240, 176
240, 194
240, 231
240, 238
240, 252
240, 261
240, 264
240, 284
240, 297
240, 314
241, 59
241, 62
241, 65
241, 71
241, 72
241, 79
241, 80
241, 83
241, 93
241, 94
241, 100
241, 102
241, 103
241, 105
241, 117
241, 118
241, 126
241, 128
241, 129
241, 131
241, 145
243, 2
243, 4
243, 5
243, 7
243, 17
243, 19
243, 29
243, 30
243, 47
243, 49
243, 55
243, 59
243, 60
243, 61
243, 62
243, 63
243, 65
243, 68
243, 69
243, 71
243, 72
246, 147
246, 154
246, 166
246, 175
246, 198
246, 219
246, 263
246, 306
246, 321
246, 336
246, 369
246, 379
246, 382
248, 47
248, 59
248, 60
248, 63
248, 72
248, 74
248, 79
248, 94
248, 97
248, 99
248, 103
248, 110
248, 126
248, 137
248, 142
248, 145
248, 148
248, 150
248, 163
248, 171
248, 172
253, 69
253, 85
253, 88
253, 91
253, 118
253, 149
253, 220
253, 222
253, 244
253, 269
253, 271
253, 279
253, 288
253, 291
253, 307
253, 385
253, 389
253, 405
253, 454
253, 465
253, 473
254, 59
254, 62
254, 71
254, 72
254, 79
254, 80
254, 83
254, 93
254, 94
254, 100
254, 102
254, 103
254, 105
254, 117
254, 118
254, 126
254, 128
254, 129
254, 131
254, 145
254, 147
255, 6
255, 146
256, 2
256, 4
256, 5
256, 17
256, 19
256, 29
256, 30
256, 36
256, 55
256, 56
256, 57
256, 60
256, 61
256, 62
256, 63
256, 68
256, 69
256, 71
256, 72
256, 74
256, 76
257, 60
257, 74
257, 97
257, 99
257, 110
257, 137
257, 142
257, 150
257, 163
257, 171
257, 176
257, 182
257, 194
257, 199
257, 202
257, 231
257, 237
257, 238
257, 242
257, 249
257, 252
258, 12
258, 36
258, 56
258, 81
258, 82
258, 98
258, 101
258, 106
258, 124
258, 130
258, 139
258, 140
258, 143
258, 144
258, 146
258, 151
258, 158
258, 159
258, 167
258, 169
258, 174
260, 2
260, 3
260, 4
260, 5
260, 7
260, 17
260, 19
260, 29
260, 30
260, 38
260, 55
260, 57
260, 60
260, 61
260, 62
260, 63
260, 68
260, 71
260, 72
260, 74
260, 75
262, 55
262, 68
262, 77
262, 87
262, 188
262, 235
262, 280
262, 427
262, 439
262, 443
262, 468
277, 62
277, 72
277, 79
277, 80
277, 83
277, 94
277, 100
277, 102
277, 103
277, 105
277, 117
277, 126
277, 128
277, 145
277, 147
277, 154
277, 156
277, 157
277, 166
277, 172
277, 175
278, 85
278, 88
278, 91
278, 118
278, 149
278, 220
278, 222
278, 244
278, 269
278, 271
278, 279
278, 288
278, 291
278, 307
278, 332
278, 385
278, 389
278, 405
278, 454
278, 465
282, 62
282, 71
282, 79
282, 80
282, 83
282, 85
282, 88
282, 91
282, 93
282, 100
282, 102
282, 103
282, 105
282, 116
282, 117
282, 118
282, 123
282, 128
282, 129
282, 131
282, 147
285, 105
285, 128
285, 147
285, 154
285, 156
285, 166
285, 175
285, 198
285, 203
285, 219
285, 225
285, 263
285, 306
285, 311
285, 321
285, 326
285, 329
285, 336
285, 369
285, 378
285, 379
286, 4
286, 5
286, 7
286, 17
286, 19
286, 29
286, 30
286, 55
286, 61
286, 63
286, 68
286, 72
286, 74
286, 76
286, 77
286, 79
286, 80
286, 85
286, 87
286, 88
286, 91
293, 74
293, 79
293, 94
293, 103
293, 110
293, 117
293, 126
293, 142
293, 145
293, 172
293, 176
293, 202
293, 225
293, 237
293, 239
293, 242
293, 249
293, 266
293, 274
293, 296
293, 297
295, 57
295, 74
295, 79
295, 94
295, 97
295, 100
295, 103
295, 110
295, 117
295, 126
295, 137
295, 142
295, 145
295, 150
295, 157
295, 163
295, 172
295, 176
295, 182
295, 183
295, 199
298, 93
298, 102
298, 105
298, 118
298, 128
298, 129
298, 131
298, 147
298, 154
298, 156
298, 166
298, 175
298, 198
298, 203
298, 219
298, 225
298, 228
298, 239
298, 250
298, 263
298, 270
304, 6
305, 57
305, 74
305, 79
305, 88
305, 93
305, 94
305, 97
305, 100
305, 102
305, 103
305, 105
305, 110
305, 117
305, 118
305, 126
305, 128
305, 129
305, 131
305, 137
305, 142
305, 145
310, 4
310, 5
310, 76
310, 79
310, 85
310, 88
310, 91
310, 93
310, 94
310, 100
310, 102
310, 103
310, 105
310, 116
310, 117
310, 118
310, 123
310, 126
310, 128
310, 129
310, 130
312, 85
312, 88
312, 91
312, 93
312, 102
312, 116
312, 118
312, 123
312, 131
312, 136
312, 149
312, 168
312, 169
312, 191
312, 197
312, 218
312, 219
312, 220
312, 222
312, 230
312, 244
315, 93
315, 102
315, 131
315, 147
315, 154
315, 166
315, 175
315, 198
315, 219
315, 263
315, 270
315, 292
315, 299
315, 306
315, 308
315, 311
315, 321
315, 336
315, 355
315, 369
315, 379
319, 3
319, 4
319, 5
319, 6
319, 7
319, 12
319, 29
319, 30
319, 36
319, 38
319, 55
319, 56
319, 57
319, 61
319, 63
319, 68
319, 76
319, 77
319, 79
319, 81
319, 82
323, 6
324, 12
324, 56
324, 81
324, 82
324, 98
324, 101
324, 106
324, 124
324, 130
324, 139
324, 140
324, 143
324, 144
324, 146
324, 151
324, 158
324, 159
324, 167
324, 174
324, 184
324, 187
331, 88
331, 93
331, 102
331, 118
331, 123
331, 131
331, 197
331, 250
331, 292
331, 294
331, 299
331, 308
331, 311
331, 332
331, 355
331, 382
331, 391
331, 406
331, 413
331, 425
331, 432
333, 12
333, 56
333, 81
333, 82
333, 98
333, 101
333, 106
333, 116
333, 124
333, 130
333, 139
333, 140
333, 143
333, 144
333, 146
333, 151
333, 158
333, 159
333, 167
333, 168
333, 169
340, 63
340, 94
340, 97
340, 99
340, 110
340, 121
340, 126
340, 137
340, 142
340, 148
340, 150
340, 163
340, 171
340, 172
340, 176
340, 182
340, 183
340, 194
340, 199
340, 202
340, 231
341, 6
342, 85
342, 88
342, 93
342, 105
342, 117
342, 118
342, 128
342, 129
342, 131
342, 147
342, 149
342, 154
342, 156
342, 166
342, 175
342, 198
342, 203
342, 219
342, 220
342, 222
342, 225
343, 116
343, 168
343, 169
343, 177
343, 191
343, 218
343, 230
343, 245
343, 272
343, 287
343, 289
343, 290
343, 309
343, 316
343, 337
343, 344
343, 370
343, 409
343, 414
343, 422
343, 475
346, 57
346, 93
346, 94
346, 97
346, 100
346, 103
346, 105
346, 110
346, 117
346, 118
346, 126
346, 128
346, 129
346, 131
346, 137
346, 142
346, 145
346, 147
346, 150
346, 154
346, 156
347, 57
347, 92
347, 94
347, 97
347, 100
347, 103
347, 105
347, 110
347, 117
347, 126
347, 128
347, 137
347, 142
347, 145
347, 147
347, 150
347, 154
347, 156
347, 157
347, 163
347, 166
348, 63
348, 97
348, 99
348, 110
348, 121
348, 126
348, 133
348, 137
348, 138
348, 142
348, 148
348, 150
348, 163
348, 171
348, 172
348, 176
348, 182
348, 194
348, 199
348, 202
348, 209
349, 4
349, 5
349, 12
349, 56
349, 76
349, 81
349, 82
349, 85
349, 88
349, 91
349, 98
349, 101
349, 106
349, 116
349, 118
349, 124
349, 130
349, 131
349, 136
349, 139
349, 140
350, 94
350, 100
350, 103
350, 117
350, 126
350, 157
350, 172
350, 225
350, 228
350, 239
350, 267
350, 274
350, 276
350, 296
350, 313
350, 326
350, 334
350, 360
350, 374
350, 392
350, 393
351, 91
351, 94
351, 97
351, 100
351, 103
351, 110
351, 116
351, 117
351, 118
351, 123
351, 126
351, 128
351, 129
351, 131
351, 136
351, 137
351, 142
351, 145
351, 147
351, 149
351, 150
352, 12
352, 81
352, 82
352, 98
352, 101
352, 106
352, 124
352, 139
352, 140
352, 143
352, 144
352, 146
352, 151
352, 158
352, 159
352, 167
352, 174
352, 184
352, 187
352, 192
352, 208
356, 4
356, 5
356, 12
356, 76
356, 81
356, 82
356, 91
356, 98
356, 101
356, 106
356, 116
356, 118
356, 124
356, 130
356, 131
356, 136
356, 139
356, 140
356, 143
356, 144
356, 146
359, 55
359, 68
359, 77
359, 87
359, 188
359, 235
359, 280
359, 443
359, 468
363, 94
363, 100
363, 103
363, 110
363, 117
363, 126
363, 128
363, 142
363, 145
363, 154
363, 156
363, 157
363, 163
363, 166
363, 172
363, 175
363, 176
363, 198
363, 202
363, 203
363, 219
364, 3
364, 4
364, 6
364, 7
364, 12
364, 29
364, 30
364, 38
364, 55
364, 61
364, 63
364, 68
364, 76
364, 77
364, 81
364, 82
364, 87
364, 91
364, 92
364, 94
364, 97
365, 94
365, 97
365, 99
365, 103
365, 110
365, 126
365, 137
365, 142
365, 145
365, 150
365, 163
365, 171
365, 172
365, 176
365, 182
365, 183
365, 194
365, 199
365, 202
365, 231
365, 237
366, 106
366, 124
366, 139
366, 143
366, 144
366, 158
366, 167
366, 174
366, 184
366, 192
366, 208
366, 247
366, 251
366, 273
366, 339
366, 372
366, 387
366, 407
366, 428
366, 469
366, 479
367, 149
367, 220
367, 222
367, 269
367, 279
367, 389
367, 473
368, 6
373, 97
373, 110
373, 126
373, 137
373, 142
373, 150
373, 163
373, 171
373, 172
373, 176
373, 182
373, 199
373, 202
373, 231
373, 237
373, 242
373, 249
373, 252
373, 281
373, 297
373, 303
376, 121
376, 133
376, 138
376, 209
376, 234
376, 259
376, 353
376, 371
377, 3
377, 6
377, 7
377, 12
377, 29
377, 30
377, 38
377, 55
377, 61
377, 68
377, 76
377, 77
377, 81
377, 82
377, 87
377, 91
377, 92
377, 97
377, 98
377, 99
377, 100
383, 55
383, 61
383, 68
383, 76
383, 77
383, 81
383, 82
383, 87
383, 91
383, 92
383, 97
383, 98
383, 99
383, 100
383, 101
383, 103
383, 106
383, 110
383, 116
383, 117
383, 121
384, 3
384, 7
384, 38
384, 55
384, 61
384, 68
384, 76
384, 77
384, 87
384, 92
384, 99
384, 100
384, 110
384, 116
384, 117
384, 121
384, 123
384, 126
384, 129
384, 130
384, 131
386, 123
386, 131
386, 292
386, 294
386, 299
386, 308
386, 311
386, 332
386, 355
386, 391
386, 406
386, 413
386, 425
386, 432
386, 438
386, 460
388, 55
388, 61
388, 68
388, 77
388, 87
388, 121
388, 133
388, 138
388, 160
388, 161
388, 188
388, 209
388, 231
388, 234
388, 235
388, 238
388, 259
388, 261
388, 264
388, 280
388, 300
390, 126
390, 142
390, 150
390, 163
390, 172
390, 176
390, 199
390, 202
390, 237
390, 242
390, 249
390, 281
390, 297
390, 303
390, 318
390, 320
390, 327
390, 328
390, 334
390, 338
390, 345
396, 7
396, 55
396, 61
396, 68
396, 76
396, 77
396, 87
396, 99
396, 100
396, 116
396, 117
396, 121
396, 123
396, 129
396, 130
396, 131
396, 133
396, 136
396, 137
396, 138
396, 142
400, 3
400, 6
400, 7
400, 38
400, 61
400, 68
400, 76
400, 77
400, 81
400, 82
400, 87
400, 98
400, 99
400, 100
400, 101
400, 106
400, 116
400, 117
400, 121
400, 123
400, 124
402, 137
402, 142
402, 145
402, 150
402, 163
402, 172
402, 176
402, 183
402, 199
402, 202
402, 237
402, 242
402, 249
402, 266
402, 274
402, 281
402, 297
402, 303
402, 313
402, 318
402, 320
403, 6
404, 82
404, 101
404, 143
404, 144
404, 151
404, 167
404, 174
404, 184
404, 273
404, 275
404, 339
404, 372
404, 387
404, 458
410, 3
410, 38
410, 61
410, 68
410, 76
410, 77
410, 87
410, 99
410, 116
410, 121
410, 123
410, 129
410, 130
410, 133
410, 136
410, 137
410, 138
410, 142
410, 143
410, 144
410, 145
411, 61
411, 76
411, 77
411, 81
411, 87
411, 92
411, 98
411, 99
411, 101
411, 106
411, 116
411, 121
411, 123
411, 124
411, 129
411, 130
411, 133
411, 136
411, 137
411, 138
411, 139
412, 121
412, 238
412, 261
412, 325
416, 145
416, 157
416, 172
416, 225
416, 237
416, 239
416, 249
416, 266
416, 267
416, 274
416, 296
416, 303
416, 313
416, 318
416, 327
416, 334
416, 345
416, 354
416, 380
416, 392
416, 393
420, 76
420, 98
420, 101
420, 106
420, 123
420, 124
420, 129
420, 130
420, 136
420, 139
420, 140
420, 143
420, 144
420, 146
420, 147
420, 149
420, 151
420, 154
420, 156
420, 158
420, 159
421, 98
421, 101
421, 146
421, 151
421, 174
421, 184
421, 275
421, 339
421, 372
421, 381
421, 387
421, 452
421, 458
431, 61
431, 77
431, 87
431, 99
431, 121
431, 133
431, 137
431, 138
431, 146
431, 148
431, 150
431, 151
431, 152
431, 160
431, 161
431, 163
431, 171
431, 176
431, 182
431, 188
431, 194
434, 225
434, 228
434, 239
434, 267
434, 276
434, 326
434, 392
434, 408
434, 415
434, 433
434, 447
434, 455
434, 463
436, 145
436, 150
436, 163
436, 172
436, 176
436, 199
436, 202
436, 237
436, 242
436, 249
436, 266
436, 281
436, 297
436, 303
436, 318
436, 320
436, 327
436, 328
436, 334
436, 338
436, 345
440, 150
440, 163
440, 171
440, 176
440, 182
440, 199
440, 202
440, 231
440, 237
440, 238
440, 242
440, 252
440, 264
440, 268
440, 281
440, 297
440, 303
440, 314
440, 318
440, 320
440, 322
441, 225
441, 228
441, 239
441, 267
441, 276
441, 296
441, 392
441, 408
441, 415
441, 433
441, 447
441, 455
441, 463
445, 76
445, 98
445, 101
445, 123
445, 129
445, 130
445, 136
445, 143
445, 145
445, 146
445, 147
445, 149
445, 150
445, 151
445, 154
445, 156
445, 157
445, 163
445, 166
445, 167
445, 168
449, 123
449, 219
449, 250
449, 270
449, 292
449, 294
449, 299
449, 308
449, 311
449, 332
449, 355
449, 382
449, 391
449, 406
449, 413
449, 425
449, 426
449, 432
449, 435
449, 438
449, 460
450, 77
450, 87
450, 106
450, 124
450, 139
450, 143
450, 144
450, 158
450, 159
450, 160
450, 161
450, 167
450, 174
450, 184
450, 188
450, 192
450, 208
450, 216
450, 235
450, 247
450, 251
451, 99
451, 145
451, 163
451, 171
451, 172
451, 176
451, 182
451, 183
451, 194
451, 199
451, 202
451, 225
451, 231
451, 237
451, 238
451, 242
451, 249
451, 252
451, 261
451, 264
451, 266
453, 99
453, 145
453, 163
453, 171
453, 172
453, 176
453, 182
453, 183
453, 194
453, 199
453, 202
453, 231
453, 237
453, 238
453, 242
453, 249
453, 252
453, 261
453, 264
453, 268
453, 281
457, 61
457, 77
457, 87
457, 99
457, 121
457, 123
457, 129
457, 133
457, 138
457, 145
457, 146
457, 147
457, 148
457, 149
457, 152
457, 154
457, 156
457, 157
457, 161
457, 166
457, 171
459, 92
459, 123
459, 129
459, 147
459, 149
459, 154
459, 156
459, 157
459, 166
459, 168
459, 169
459, 171
459, 172
459, 175
459, 176
459, 182
459, 183
459, 191
459, 197
459, 198
459, 199
466, 292
466, 299
466, 308
466, 311
466, 355
466, 382
466, 406
466, 425
466, 461
472, 75
472, 87
472, 121
472, 133
472, 138
472, 146
472, 160
472, 161
472, 188
472, 209
472, 234
472, 235
472, 280
472, 300
472, 302
472, 317
472, 335
472, 353
472, 362
472, 371
472, 394
476, 146
476, 151
476, 452
end