300
4
0, 0.35667725208471934, 0.9791826565525151
1, 0.805947291089593, 0.5585197001383556
2, 0.03259995014513484, 0.04235522360935573
3, 0.38424837793971967, 0.37401928398334283
4, 0.5559444867706013, 0.8365209321833835
5, 0.5830535806808113, 0.5106130329830462
6, 0.5871011026195121, 0.6203410459283342
7, 0.3061123774113972, 0.43969153539082473
8, 0.017313203963437718, 0.4628831316850197
9, 0.1659394058136856, 0.8899926595376977
10, 0.4738915918466221, 0.6749665789471483
11, 0.8976059154921467, 0.8547680847823098
12, 0.7794872341577153, 0.7224833533308305
13, 0.9978953646514266, 0.08759425966980272
14, 0.2520131991573441, 0.1839081484846714
15, 0.668127913470315, 0.8110464986939375
16, 0.6098000541924077, 0.16527271109577735
17, 0.5690851133770154, 0.009597771319997728
18, 0.792703889241468, 0.24224180050851352
19, 0.16852646870191756, 0.5908033141611138
20, 0.5061567275777993, 0.3522830175808437
21, 0.44142314776503455, 0.7373067604142076
22, 0.8149782097275091, 0.6512255743602416
23, 0.9379266639612656, 0.17031163276792594
24, 0.5760748307082283, 0.4206081556359077
25, 0.2743219295194369, 0.560168510679915
26, 0.4674847372894668, 0.6618785000218602
27, 0.22110375033491136, 0.47983940763879285
28, 0.6700151236703896, 0.24110974364217497
29, 0.5227855491657231, 0.8987842232808617
30, 0.5628180418037583, 0.3418729263901852
31, 0.19399091496132337, 0.2656125753402495
32, 0.3001644632846877, 0.8976070049247945
33, 0.5632090506854026, 0.7449293513828815
34, 0.24107723988156682, 0.1865471031780842
35, 0.7016354383716077, 0.37561885340451007
36, 0.5715486412443886, 0.5506948083317265
37, 0.030582743059007655, 0.2250121949076711
38, 0.9860163377744916, 0.15732772967291087
39, 0.137614844153497, 0.5275071702145878
40, 0.7318993554318214, 0.27389005477085626
41, 0.18621339105595647, 0.024588479098357485
42, 0.6011646213212465, 0.7619922266177824
43, 0.1397907983772818, 0.32529475439628774
44, 0.8677154031693555, 0.6540016960766706
45, 0.6791056329547873, 0.5264527927410304
46, 0.9756974504458499, 0.0848085817211478
47, 0.012756016073000476, 0.10462943218584464
48, 0.3934557407795384, 0.5836465990385268
49, 0.5423142990247118, 0.5156020492403494
50, 0.2147493246254567, 0.08895521210955204
51, 0.37740757423851423, 0.487914138057819
52, 0.5607343246585242, 0.12015154301961217
53, 0.6435674899186573, 0.2811831317367456
54, 0.99122823107791, 0.9255107147708085
55, 0.35448030814813647, 0.7383574710417685
56, 0.16103909133667338, 0.2501830505955607
57, 0.7515373986840249, 0.23201988110291027
58, 0.19683756825515764, 0.10319421716277766
59, 0.9527982939291213, 0.1590794509292096
60, 0.7504979629268641, 0.2022542131005276
61, 0.22511922722715272, 0.5378558455257515
62, 0.04204829247579556, 0.9650479328567012
63, 0.40643666128624145, 0.3504222716172819
64, 0.19558596936037154, 0.5069718658719746
65, 0.9832753012151144, 0.40555464081277304
66, 0.8074055304113981, 0.2505314378163256
67, 0.11497195041548147, 0.651637782174476
68, 0.26192549505090845, 0.42995974586747354
69, 0.1852103979422528, 0.7787459529530509
70, 0.7929543299289729, 0.4046552456873811
71, 0.1826951109444408, 0.9645816070685491
72, 0.7277038947578032, 0.4934150284462341
73, 0.8777139464224661, 0.385896606585295
74, 0.4467778617007384, 0.7385450159860315
75, 0.42363389154258757, 0.6904083986284268
76, 0.9441994214025309, 0.7105758232567938
77, 0.17152650153124516, 0.14018770894055277
78, 0.5070544258942943, 0.3182261237938996
79, 0.4951384396588232, 0.7220205404503441
80, 0.27455534288845274, 0.05889310237417589
81, 0.706016559479713, 0.21510941868235145
82, 0.4226052800236344, 0.8755367220181695
83, 0.5517499625416837, 0.7677077485642404
84, 0.8792485150980105, 0.8794004772769737
85, 0.14414730021671274, 0.7877669171271575
86, 0.8241748711897515, 0.811343641614067
87, 0.16904422451992906, 0.7021666551656266
88, 0.9639449226936204, 0.5611870699381805
89, 0.1901142198994249, 0.2626004364095821
90, 0.20340019765207507, 0.43740978234529815
91, 0.910921565543081, 0.7704166655447536
92, 0.6199267653440693, 0.9010099259323294
93, 0.011032093387619901, 0.6463786156200455
94, 0.35120922070931637, 0.9643241986253439
95, 0.4725550819717753, 0.6449006452283825
96, 0.7480210253831243, 0.7463207095281079
97, 0.849884005523114, 0.006007076634686914
98, 0.5896286914350762, 0.4412988156742862
99, 0.8210054835602134, 0.25072837168581585
100, 0.5584461438472322, 0.23838895604802668
101, 0.5428498363486332, 0.43675214085538383
102, 0.3102655118071084, 0.9473455918463738
103, 0.5282564984864977, 0.04312172735697406
104, 0.014529835124556523, 0.9738301851702896
105, 0.7943847288460798, 0.13607614353957165
106, 0.7809873134880179, 0.7941735974048146
107, 0.20038634904757868, 0.47392328331968003
108, 0.9326493941773061, 0.6684110921522358
109, 0.4424290106165537, 0.2131343639142802
110, 0.02086901639561134, 0.26826463260895483
111, 0.9625008364969916, 0.6833379416853222
112, 0.39603665358099516, 0.7113312275105482
113, 0.9697975297946652, 0.25265121242800515
114, 0.25015192330684466, 0.1552805228802523
115, 0.6007631873652627, 0.5112052121848839
116, 0.03608183869896764, 0.9100834361356345
117, 0.09837428137588278, 0.5930126404685349
118, 0.901606580653827, 0.6852907708196907
119, 0.7029834732074588, 0.17114094437277538
120, 0.10354817109503722, 0.47654036006442135
121, 0.10469667768334345, 0.4462112606246035
122, 0.43209892961090535, 0.172788904070576
123, 0.44136307686850174, 0.8438914148813123
124, 0.79504365930349, 0.8457548217540375
125, 0.9737576545364136, 0.16002637098251205
126, 0.06585225145784712, 0.8098617407388238
127, 0.6212637719568228, 0.9325522597565282
128, 0.609915639517463, 0.04044333240669751
129, 0.39380933038560373, 0.3007794709796584
130, 0.5019065312603728, 0.2994486701322896
131, 0.15308930188380443, 0.061829264887288016
132, 0.5380088490511752, 0.6476804980419147
133, 0.7593390716243226, 0.2502412240982962
134, 0.1524918591443536, 0.24459087901597654
135, 0.44713409930094516, 0.8304719033493972
136, 0.5559738287680073, 0.025916287268015648
137, 0.5714652914654162, 0.9618967434784857
138, 0.47086087573381474, 0.24413461366796063
139, 0.15983088543779034, 0.6811176680900706
140, 0.9449298382541489, 0.36705133436243886
141, 0.5648811128333132, 0.47561145052968556
142, 0.5526670544382845, 0.8128775590274637
143, 0.15375152292691607, 0.3534951382373639
144, 0.31339020813859975, 0.11395886423456936
145, 0.0717990729865351, 0.536007414133163
146, 0.4969348451182506, 0.6574480142415896
147, 0.17025141551208012, 0.8426344724165021
148, 0.6631307939275862, 0.31750872556809473
149, 0.8080475927614038, 0.23527219166896207
150, 0.4524353423539955, 0.4571967799546858
151, 0.6627177064669489, 0.279873831420706
152, 0.7055009086640146, 0.4065667196837247
153, 0.3975293971201316, 0.31815308668954334
154, 0.7423168854809801, 0.9801655601776539
155, 0.6165626100336076, 0.19699122626475585
156, 0.9150067936499678, 0.254371527640037
157, 0.12287594141236546, 0.7178109974786131
158, 0.3108647061631973, 0.8638249896886717
159, 0.2859580878079522, 0.444835855845952
160, 0.7196644070614501, 0.0867290430694917
161, 0.8506954500846009, 0.9574767481274772
162, 0.661898547829797, 0.0635011471428375
163, 0.29735503190754886, 0.09905729714274025
164, 0.782612194711266, 0.5219491167542676
165, 0.7140982673641947, 0.7744999827477623
166, 0.6800236620139299, 0.5431487115812657
167, 0.6261734926540689, 0.35177785316507504
168, 0.30583480229338755, 0.4918806237393728
169, 0.38449215777261125, 0.9333596079030896
170, 0.5397793371028787, 0.3309020562946028
171, 0.831738240762596, 0.9361495379818529
172, 0.9705342651272215, 0.2576442061178087
173, 0.10265226691105256, 0.6647740531788658
174, 0.9500903926828553, 0.8839980081894272
175, 0.7178734285418047, 0.8591677842738602
176, 0.7495725260198053, 0.6776561906453915
177, 0.362185635100308, 0.47009577832274785
178, 0.8610906930815777, 0.05533329031300094
179, 0.5500041397088429, 0.37573573153206474
180, 0.10555156271363286, 0.6776502321453446
181, 0.5619426273262329, 0.755410522634749
182, 0.5823203257619735, 0.16824343648740203
183, 0.5115092020539419, 0.6190537358315664
184, 0.9791916363671619, 0.1875342821885403
185, 0.2408818441425622, 0.7981554079524837
186, 0.79246712837127, 0.1724952393961926
187, 0.7399043768562696, 0.2883840105758214
188, 0.8497856193924381, 0.3682153143764273
189, 0.6262352849493141, 0.4273269239584043
190, 0.4755533981439143, 0.22475027219914268
191, 0.5754682802013125, 0.8346507350042435
192, 0.021180888399412456, 0.16479844316452985
193, 0.06865688631300826, 0.20079237807871386
194, 0.11080402815334378, 0.5923994237742283
195, 0.3215147420737362, 0.47622355564747887
196, 0.5362269030920309, 0.8796658133203971
197, 0.8539710054876591, 0.1804904379301877
198, 0.8420825670333062, 0.3349394316798253
199, 0.21429738980545365, 0.019320531550160003
200, 0.9748817824999129, 0.5414034955269478
201, 0.6346516885175635, 0.8855515795777378
202, 0.030827379379486985, 0.26447651979869413
203, 0.9647762936170724, 0.9724179061258175
204, 0.06353512492128544, 0.45556571814158897
205, 0.7854427297333619, 0.2099745375686325
206, 0.9380406524205286, 0.2522576201422405
207, 0.767934309439343, 0.10642045599917982
208, 0.006227498616754423, 0.6675050382089438
209, 0.4209493742871042, 0.0026130795572985033
210, 0.5682888136310915, 0.3003278272154548
211, 0.04687042347233117, 0.03350191271843572
212, 0.82980254360239, 0.6268673122438936
213, 0.6608660693460733, 0.16988487223341442
214, 0.5377080446715357, 0.19061243403852723
215, 0.34651736093439556, 0.45229213776590704
216, 0.3749028355864925, 0.5468728800512793
217, 0.3905225358796337, 0.611557211899168
218, 0.863998603558422, 0.42736694499368155
219, 0.5434134646871999, 0.8776821428053342
220, 0.09310772936561285, 0.06673932283836015
221, 0.9707199222452076, 0.4343326260238535
222, 0.8416621142429076, 0.07304777088172232
223, 0.5565044657581778, 0.06023424091096885
224, 0.6936157141647256, 0.2467426282757571
225, 0.2772727945559852, 0.15749412801171958
226, 0.36004702037571557, 0.13013985315666443
227, 0.4201562186862575, 0.935343574776553
228, 0.773027492835348, 0.24555524712469912
229, 0.08067715261185804, 0.8349431886932223
230, 0.7924168346201226, 0.7295664694120563
231, 0.3130460423517569, 0.6842626817435131
232, 0.8769770684378072, 0.37749277773866385
233, 0.4454353225217943, 0.37386563097853975
234, 0.25568213990861755, 0.5041441932199069
235, 0.7444785892352388, 0.24851487889225254
236, 0.17571795673362756, 0.27056243549101877
237, 0.13606722862472442, 0.15828618942738848
238, 0.4819340604261747, 0.43745671492183924
239, 0.5019327612165572, 0.32737114173227755
240, 0.39967857343585067, 0.40531557619186565
241, 0.5031109351033209, 0.8217850430987359
242, 0.5948082554320905, 0.33796824213215626
243, 0.29419524365363636, 0.03001307206379822
244, 0.414046798271666, 0.4548266713992989
245, 0.8245304670951606, 0.8492816312025175
246, 0.8990217858214204, 0.3526297787502135
247, 0.8948975477530068, 0.6564796512190028
248, 0.7062385314676098, 0.2503738317811859
249, 0.8424287995342964, 0.09343758463944474
250, 0.008984303694307916, 0.5605345477316904
251, 0.3024572152566526, 0.8283984732512081
252, 0.38126360021382566, 0.8994413654300725
253, 0.245038558861577, 0.8073952149935822
254, 0.34385190663664666, 0.28760845370960697
255, 0.09769393111121538, 0.08901055359885968
256, 0.13222049237045086, 0.5773193045084527
257, 0.1680349098307672, 0.8560437717439379
258, 0.9685207267968308, 0.5089321718233529
259, 0.18911254618349937, 0.265430900053093
260, 0.2927811436296015, 0.6102057460294033
261, 0.06072476969868901, 0.9033687523215316
262, 0.9642898361434924, 0.39811467924444044
263, 0.7185110081316035, 0.17762348557947027
264, 0.6684070148309385, 0.459878876782704
265, 0.5806914757628793, 0.3294026449262062
266, 0.5792403151423159, 0.44809829010749147
267, 0.969672620192062, 0.25270199566743634
268, 0.7840998754221968, 0.48949682396907057
269, 0.18054293812745348, 0.06687338677764842
270, 0.44663439629950186, 0.9950689139745134
271, 0.06554982531327247, 0.614664967978094
272, 0.5706446592132701, 0.42293716631185496
273, 0.12244134988874233, 0.14044221299558335
274, 0.07281867274509679, 0.9948577916998258
275, 0.5078953318871764, 0.31163802845490873
276, 0.6945313408370647, 0.9064948252768837
277, 0.43542641064929355, 0.4758950051663292
278, 0.9295618766241147, 0.37071464788287267
279, 0.7889705099884295, 0.7213495204628634
280, 0.571451735892159, 0.04120912396480103
281, 0.7892565651195839, 0.2048202920176353
282, 0.33686078892399085, 0.4979851237441072
283, 0.49279894721651574, 0.881475006341847
284, 0.060974610170037136, 0.7524058927716518
285, 0.7850790449086914, 0.5903298193656951
286, 0.016085473917692883, 0.8136004955331645
287, 0.16054842596753216, 0.18298394125697437
288, 0.27390036279289776, 0.2503682056482003
289, 0.27161208023610217, 0.6456456349242606
290, 0.89760171276916, 0.9024801666657514
291, 0.4691467451851652, 0.8564762614421432
292, 0.5465353097816084, 0.4707389640152574
293, 0.29001893662770684, 0.44768174456049004
294, 0.15196830438484443, 0.5403589765310007
295, 0.5248707113865406, 0.23436758807359137
296, 0.3634805805782101, 0.6602191714707021
297, 0.008357061315911518, 0.2367228018963783
298, 0.8636503540862082, 0.695365822771556
299, 0.8536846415654189, 0.8878960621471941
end_nodes
0, 1
0, 2
0, 3
0, 4
0, 5
0, 6
0, 7
0, 8
0, 9
0, 10
0, 11
0, 12
0, 13
0, 14
0, 15
0, 16
0, 17
1, 4
1, 11
1, 12
1, 13
1, 22
1, 33
1, 38
1, 42
1, 44
1, 54
1, 59
1, 65
1, 70
1, 72
1, 73
1, 76
2, 8
2, 14
2, 17
2, 19
2, 25
2, 27
2, 31
2, 34
2, 37
2, 39
2, 41
2, 43
2, 47
2, 50
2, 56
2, 58
3, 7
3, 14
3, 17
3, 48
3, 50
3, 51
3, 55
3, 58
3, 63
3, 80
3, 103
3, 109
3, 112
3, 114
3, 122
3, 129
4, 12
4, 42
4, 142
4, 176
4, 191
4, 227
4, 283
4, 285
5, 6
5, 10
5, 13
5, 16
5, 18
5, 23
5, 24
5, 26
5, 28
5, 30
5, 35
5, 36
5, 40
5, 45
5, 46
5, 49
6, 36
6, 45
6, 79
6, 82
6, 123
6, 132
6, 135
6, 169
7, 14
7, 55
7, 168
7, 177
7, 195
7, 215
7, 282
7, 288
7, 293
8, 9
8, 19
8, 32
8, 37
8, 39
8, 47
8, 62
8, 67
8, 69
8, 71
8, 85
8, 87
8, 93
8, 94
8, 102
9, 69
9, 71
9, 85
9, 102
9, 147
9, 257
10, 21
10, 26
10, 74
10, 146
10, 183
11, 12
11, 15
11, 22
11, 29
11, 54
11, 84
11, 86
11, 91
11, 92
11, 96
11, 106
11, 124
11, 127
11, 137
11, 154
12, 22
12, 96
12, 176
12, 191
12, 196
12, 219
12, 227
12, 230
12, 279
12, 285
13, 17
13, 23
13, 38
13, 46
13, 54
13, 59
13, 65
13, 70
13, 72
13, 73
13, 97
13, 113
13, 125
13, 166
14, 25
14, 31
14, 34
14, 58
14, 68
14, 159
14, 220
14, 231
14, 234
14, 260
14, 288
14, 293
15, 29
15, 96
15, 106
15, 124
15, 165
15, 175
15, 201
15, 219
16, 17
16, 18
16, 20
16, 21
16, 24
16, 26
16, 28
16, 30
16, 40
16, 46
16, 52
16, 53
16, 57
16, 60
16, 75
17, 20
17, 41
17, 46
17, 48
17, 52
17, 63
17, 75
17, 78
17, 80
17, 97
17, 103
17, 112
18, 35
18, 40
18, 46
18, 57
18, 60
18, 66
18, 99
18, 105
18, 133
18, 149
18, 186
18, 187
18, 197
18, 205
18, 228
19, 39
19, 94
19, 145
19, 158
19, 185
19, 193
19, 194
19, 251
19, 256
19, 294
20, 52
20, 75
20, 78
20, 100
20, 170
20, 182
20, 214
20, 238
20, 239
20, 295
21, 26
21, 74
21, 210
22, 230
22, 279
23, 45
23, 115
23, 152
23, 264
24, 30
24, 242
24, 265
24, 266
25, 27
25, 56
25, 61
25, 64
25, 68
25, 90
25, 107
25, 134
25, 231
25, 234
25, 236
25, 260
25, 289
26, 30
26, 49
26, 95
26, 101
26, 179
26, 272
26, 292
27, 43
27, 90
27, 107
27, 143
28, 40
28, 53
28, 98
28, 148
28, 151
28, 167
28, 189
28, 224
29, 92
29, 201
30, 95
30, 101
30, 179
30, 265
30, 272
30, 292
31, 34
31, 56
31, 77
31, 89
31, 234
31, 236
31, 237
31, 255
31, 259
31, 273
31, 287
32, 87
32, 102
32, 139
33, 72
33, 83
33, 166
33, 181
33, 241
33, 291
34, 77
34, 255
35, 66
35, 99
36, 79
36, 132
36, 169
37, 39
37, 120
37, 121
37, 202
37, 204
38, 73
38, 113
38, 125
38, 140
38, 184
38, 206
38, 218
38, 246
38, 267
38, 278
39, 120
39, 121
39, 193
39, 204
39, 294
40, 57
40, 81
40, 133
40, 148
40, 187
40, 189
40, 224
40, 235
40, 248
41, 199
41, 209
41, 211
42, 142
43, 64
43, 107
43, 143
44, 54
44, 76
44, 118
44, 247
45, 115
45, 264
46, 99
46, 105
46, 128
46, 149
46, 160
46, 162
46, 197
46, 207
46, 213
46, 222
46, 249
47, 93
47, 110
47, 192
47, 208
47, 250
47, 297
48, 63
48, 112
48, 138
48, 150
48, 190
48, 223
48, 233
48, 240
48, 244
48, 277
49, 141
49, 272
50, 58
50, 80
50, 114
50, 131
50, 225
50, 243
50, 254
50, 269
51, 55
51, 216
51, 296
52, 182
52, 214
52, 280
53, 98
53, 155
54, 65
54, 76
54, 84
54, 88
54, 91
54, 111
54, 118
54, 154
54, 161
54, 171
54, 174
54, 200
54, 203
55, 177
55, 195
55, 282
55, 296
56, 89
56, 134
56, 236
56, 259
57, 81
57, 133
57, 228
57, 235
58, 114
58, 220
59, 70
59, 156
59, 188
59, 198
59, 232
60, 105
60, 119
60, 186
60, 205
60, 213
60, 263
60, 281
61, 64
61, 289
62, 71
62, 93
62, 104
62, 116
62, 126
62, 208
62, 229
62, 261
62, 270
62, 271
62, 274
62, 284
62, 286
63, 138
63, 190
63, 240
63, 244
64, 107
64, 289
65, 76
65, 88
65, 108
65, 113
65, 140
65, 172
65, 200
65, 221
65, 246
65, 258
65, 262
65, 267
65, 278
66, 99
67, 69
67, 85
67, 147
67, 157
67, 173
67, 180
67, 257
68, 234
69, 102
69, 147
70, 72
70, 164
70, 188
70, 198
70, 268
71, 126
71, 229
71, 261
71, 270
71, 271
71, 284
72, 164
72, 166
72, 268
73, 125
73, 206
73, 218
75, 170
75, 238
75, 239
75, 252
76, 88
76, 108
76, 111
76, 118
76, 247
76, 258
77, 237
77, 255
77, 287
78, 239
78, 275
78, 295
79, 132
79, 135
79, 169
80, 103
80, 122
80, 129
80, 144
80, 163
80, 225
80, 226
80, 243
80, 254
81, 248
82, 169
83, 181
83, 241
84, 154
84, 171
84, 290
85, 157
85, 180
85, 257
86, 96
86, 106
87, 102
87, 117
88, 111
88, 200
91, 174
91, 212
91, 298
93, 116
93, 208
93, 250
94, 158
94, 185
94, 251
94, 253
95, 101
96, 106
96, 165
96, 219
97, 178
97, 209
98, 155
98, 167
99, 149
100, 182
101, 292
102, 117
103, 109
103, 122
103, 136
104, 208
104, 274
104, 286
105, 119
105, 186
105, 197
105, 213
105, 263
106, 165
107, 143
108, 221
108, 258
109, 122
110, 192
112, 130
112, 150
112, 217
112, 223
113, 172
113, 267
115, 152
115, 264
116, 208
119, 213
119, 263
120, 121
120, 204
122, 129
122, 144
122, 153
122, 226
123, 135
123, 169
124, 175
124, 201
124, 245
125, 206
126, 229
126, 284
127, 137
127, 270
127, 276
128, 162
128, 222
129, 144
129, 153
129, 163
131, 243
131, 269
133, 228
133, 235
135, 169
137, 154
137, 270
137, 299
138, 190
138, 244
140, 184
140, 267
140, 278
141, 272
142, 283
144, 163
144, 226
145, 185
145, 194
145, 256
146, 183
147, 257
148, 151
148, 189
150, 223
150, 277
151, 189
152, 264
154, 161
154, 171
154, 203
154, 270
154, 299
156, 188
157, 180
158, 251
159, 231
160, 162
160, 207
160, 249
161, 203
162, 207
162, 222
164, 268
166, 291
168, 293
171, 290
173, 180
175, 201
176, 285
177, 215
177, 282
184, 278
185, 194
186, 281
188, 198
190, 233
191, 227
193, 294
194, 256
195, 282
196, 219
199, 209
199, 211
201, 245
202, 204
203, 270
205, 281
207, 249
208, 250
208, 286
208, 297
212, 298
216, 296
223, 277
225, 254
229, 261
230, 279
231, 260
231, 289
234, 236
236, 259
237, 255
237, 287
238, 239
239, 275
241, 291
242, 266
243, 269
246, 262
246, 278
255, 273
270, 274
271, 284
272, 292
end