80
4
0, 0.7231470015956386, 0.22218842603845324
1, 0.34664607957741134, 0.7481935194671642
2, 0.6070072200625977, 0.23029679652762303
3, 0.02084655783500855, 0.33133463739016356
4, 0.9716723537205039, 0.46109863455985123
5, 0.5526000514428524, 0.041478777939268796
6, 0.40770292699405797, 0.9771290473862131
7, 0.13344367851003902, 0.2642444635019213
8, 0.6809807144773268, 0.014462558281567839
9, 0.3464408138090923, 0.6877588851943778
10, 0.9512858909076022, 0.9808041908774247
11, 0.4095358888390962, 0.39318133736873406
12, 0.34621240660330355, 0.9244603614742235
13, 0.1711563347371896, 0.8319740759877932
14, 0.5974832010155124, 0.16088171559988163
15, 0.26984725157604594, 0.5742588902438587
16, 0.6647189715400359, 0.0700632630400071
17, 0.13613359498808653, 0.9835994935751808
18, 0.258691087546542, 0.9547896132328316
19, 0.7725924118075924, 0.09436333920369533
20, 0.6353091310232729, 0.3418545461673872
21, 0.9497690751262907, 0.9309770438190044
22, 0.4858923896087922, 0.3554923070305983
23, 0.36331164389372206, 0.49628226587146584
24, 0.12763537194331598, 0.45032423355034523
25, 0.6615631813222083, 0.20801112848110137
26, 0.5958455854443712, 0.8128284364165184
27, 0.5710525493969517, 0.010494887975231015
28, 0.3473990387831707, 0.7099953139201549
29, 0.9424198501651267, 0.4955286470741721
30, 0.09074763110040374, 0.40543404127432947
31, 0.06653644406924841, 0.5990137517887218
32, 0.4347616447763971, 0.5484919548200634
33, 0.9801961376992749, 0.7731108739956705
34, 0.628422823097461, 0.08706498147509845
35, 0.4007751895788476, 0.14890756716766596
36, 0.01063411239783929, 0.3033765842906544
37, 0.7900742058745716, 0.758750980605084
38, 0.6542011430280839, 0.31557695959510734
39, 0.2097990023543288, 0.24191965243631686
40, 0.1500996196067662, 0.6917504578629842
41, 0.14421279490099947, 0.872075341818647
42, 0.1446678636714932, 0.7202603556444926
43, 0.8406818354184459, 0.03027257585282339
44, 0.5622075418618797, 0.732676273265887
45, 0.6778659111200561, 0.23597413900408215
46, 0.7939309695024885, 0.7915174751777625
47, 0.3308386123657655, 0.671697283210389
48, 0.0149039036171571, 0.6836600982129963
49, 0.4389421682707534, 0.7203800239179646
50, 0.3145610120285711, 0.013639710477711842
51, 0.13272719782571152, 0.9784085262846809
52, 0.7169476386780992, 0.11651331567948697
53, 0.20567119706400916, 0.7759708375321953
54, 0.1542413497915457, 0.2782234324399643
55, 0.8217499037936635, 0.6575673975539846
56, 0.4860805332763375, 0.09275053176910386
57, 0.1734484292677272, 0.043170364680661044
58, 0.2961662433018589, 0.8878074662332197
59, 0.18634626837425206, 0.67159703782745
60, 0.7699586631279282, 0.7970178964057087
61, 0.8280540742898964, 0.030701756682364523
62, 0.8713180942024406, 0.5578652139677416
63, 0.7147912575313348, 0.6706729872569902
64, 0.27167474686447113, 0.6166668530254733
65, 0.2259013547807398, 0.9718756471997734
66, 0.9591938826782681, 0.5795419385472611
67, 0.005135350904309277, 0.3235565559174949
68, 0.30995517395051564, 0.8346761140143512
69, 0.11626647138091406, 0.7890942354766666
70, 0.7630193521723053, 0.5791391259641179
71, 0.9371415706367391, 0.439447359042516
72, 0.644475818317759, 0.7690281102027774
73, 0.4164633317833524, 0.6337763528548737
74, 0.8629502701728224, 0.9142152157469409
75, 0.14155541559869755, 0.5772802534689356
76, 0.37470454036103973, 0.0909570013965505
77, 0.6657806395969658, 0.7126787766006718
78, 0.0588421543701807, 0.6361064787888285
79, 0.8455996567673792, 0.3542615515016466
end_nodes
0, 1
0, 2
0, 3
0, 4
0, 5
0, 6
0, 7
0, 8
1, 3
1, 6
1, 9
1, 11
1, 12
1, 13
1, 15
2, 5
2, 7
2, 14
2, 25
2, 35
2, 39
2, 50
3, 7
3, 11
3, 13
3, 15
3, 17
3, 20
4, 6
4, 8
4, 10
4, 19
4, 21
4, 26
4, 29
5, 8
5, 14
5, 16
5, 25
5, 27
5, 34
6, 10
6, 12
6, 13
6, 17
6, 18
7, 35
7, 36
7, 39
7, 50
7, 54
8, 16
8, 19
8, 27
8, 43
8, 52
9, 11
9, 15
9, 23
9, 28
9, 47
10, 17
10, 21
10, 26
10, 33
10, 37
10, 46
11, 15
11, 20
11, 22
11, 23
11, 28
12, 13
12, 58
12, 68
13, 17
13, 18
13, 40
13, 41
14, 25
15, 23
15, 24
15, 30
15, 47
16, 34
17, 18
17, 31
17, 36
17, 41
18, 65
19, 43
19, 61
20, 22
20, 32
20, 38
20, 45
20, 73
21, 29
21, 37
21, 55
21, 62
21, 66
24, 30
24, 64
26, 37
26, 46
26, 55
26, 60
26, 62
26, 72
27, 50
27, 56
29, 62
29, 66
31, 36
32, 73
35, 39
35, 50
35, 76
36, 48
36, 50
36, 51
36, 57
36, 67
37, 46
37, 55
38, 45
40, 42
40, 53
40, 59
40, 75
41, 69
42, 75
43, 61
44, 63
44, 70
44, 71
44, 77
44, 79
46, 60
46, 74
48, 51
48, 67
48, 78
50, 56
50, 57
50, 76
51, 78
53, 59
55, 62
55, 72
58, 68
59, 75
60, 74
62, 72
63, 70
63, 71
63, 77
70, 71
71, 79
end