80
4
0, 0.021511905925569397, 0.5674396539876982
1, 0.16331285998804912, 0.9798955817303489
2, 0.3281525888613347, 0.973679737900282
3, 0.6363819330527423, 0.22738056700626208
4, 0.22032684442112105, 0.8586871741760481
5, 0.34273542678331137, 0.15047819869385382
6, 0.7028979166374872, 0.9409501058031808
7, 0.06882337499508007, 0.5512956010604522
8, 0.21724192189245295, 0.8536533286631448
9, 0.8249934626689446, 0.8162306441674023
10, 0.5425564568529347, 0.5652730208638904
11, 0.014820462716292004, 0.7664888319541184
12, 0.9188060918656096, 0.5520801736863896
13, 0.8829568429982183, 0.6583903849470782
14, 0.1113409935846481, 0.0055356222830045265
15, 0.5961051826383911, 0.5902082028240933
16, 0.23984332577923784, 0.45745180623431336
17, 0.2743680272161183, 0.36840034797689536
18, 0.9768142924534507, 0.9493804613990521
19, 0.6338498184823755, 0.012375848054385075
20, 0.7752203625375008, 0.39819260807076484
21, 0.2216060762650498, 0.09096421696573298
22, 0.08541112751522018, 0.29216191667206726
23, 0.9653368740191971, 0.9013338475746122
24, 0.21162300355595254, 0.7232434379220415
25, 0.9040422085075877, 0.040767842393152565
26, 0.36415584798884637, 0.9201375696504576
27, 0.6428769772198404, 0.5624713780139572
28, 0.20672397055507863, 0.14117719812855778
29, 0.16430300348319438, 0.4918800555056817
30, 0.7363992715161624, 0.14662208316236314
31, 0.41895881050021067, 0.9468976788591217
32, 0.3720357849510938, 0.7057970066259573
33, 0.286436199535674, 0.8130409331343743
34, 0.6995084592657747, 0.36052239973254563
35, 0.15980569235406894, 0.3158486582605027
36, 0.8419961173665383, 0.4070955424575561
37, 0.7355933834669155, 0.9751171469755738
38, 0.927390289575136, 0.7912915558410468
39, 0.6818377531007097, 0.47236843015448904
40, 0.12314076386261441, 0.9608296003911593
41, 0.7275260784619528, 0.3926349965032463
42, 0.6700468774314463, 0.7954865437630583
43, 0.7539125672552677, 0.7473562229117092
44, 0.5398369240466907, 0.06487769691019474
45, 0.9480246166024702, 0.9479180335958983
46, 0.9191001242838733, 0.8295118638281885
47, 0.5721217347615662, 0.46848468357155837
48, 0.11756855629131835, 0.7738060447023354
49, 0.231253807004691, 0.8166122284359513
50, 0.6731822417631589, 0.2216143368722968
51, 0.16496038106112332, 0.38912868749167484
52, 0.19361321661721176, 0.050155519698309226
53, 0.5976106747100732, 0.9067801528235527
54, 0.19277049808255042, 0.6789037278621496
55, 0.33682498509703485, 0.9999894984845212
56, 0.6767450415960637, 0.2254674673104502
57, 0.7313545886346583, 0.09455919505512977
58, 0.1088800381241557, 0.5390950385556357
59, 0.3598151953309099, 0.35214809157842153
60, 0.8871042814263201, 0.33205894052706086
61, 0.1692483657738456, 0.15416929886629427
62, 0.5712206484126708, 0.658084616662434
63, 0.37140904960331433, 0.7775045424029704
64, 0.7222766491861464, 0.4968060160103982
65, 0.5654471027017784, 0.5628022774730198
66, 0.16913942080342892, 0.2501129859363179
67, 0.7477885193689088, 0.7132461551292799
68, 0.5293156293194436, 0.3703265578094189
69, 0.5569851275340165, 0.35237273806857816
70, 0.1981770329767948, 0.9410700445383984
71, 0.7508448690005636, 0.23069097527695237
72, 0.48305500483271224, 0.7533457346912152
73, 0.22496808213289643, 0.5853693347634342
74, 0.8066988832362636, 0.8005776941933307
75, 0.15960791774433847, 0.964446742803387
76, 0.06134603713729436, 0.21865822032182125
77, 0.1713590845218459, 0.6487648093114363
78, 0.12194254293158491, 0.7226403986554678
79, 0.7298701857350677, 0.561685301411109
end_nodes
0, 1
0, 2
0, 3
0, 4
0, 5
0, 6
0, 7
0, 8
1, 2
1, 4
1, 11
1, 18
1, 37
1, 40
1, 48
2, 4
2, 6
2, 8
2, 18
2, 24
2, 26
3, 5
3, 6
3, 7
3, 9
3, 10
3, 12
3, 13
4, 8
4, 48
4, 70
4, 78
5, 14
5, 17
5, 19
5, 21
5, 22
5, 25
6, 7
6, 9
6, 10
6, 15
6, 16
7, 16
7, 29
7, 32
7, 58
7, 72
9, 13
9, 18
9, 23
9, 34
9, 38
9, 39
10, 15
10, 16
10, 27
10, 47
10, 62
10, 65
11, 40
12, 13
12, 18
12, 20
12, 23
12, 25
12, 30
12, 36
13, 20
13, 23
13, 34
13, 38
13, 41
14, 19
14, 21
14, 22
14, 28
14, 52
14, 61
14, 76
15, 27
15, 42
16, 58
16, 62
16, 68
16, 69
16, 72
17, 51
17, 59
18, 23
18, 25
18, 37
18, 45
19, 25
19, 44
19, 52
21, 28
22, 28
22, 35
22, 61
22, 66
22, 76
23, 38
23, 46
24, 26
24, 31
24, 33
24, 49
24, 53
24, 54
24, 63
25, 30
25, 44
25, 57
25, 60
26, 31
26, 33
27, 42
27, 47
27, 65
28, 61
30, 36
30, 50
30, 56
30, 57
30, 60
30, 71
31, 33
31, 53
32, 72
34, 41
35, 66
36, 50
36, 56
36, 71
37, 55
38, 46
39, 43
39, 64
39, 67
39, 74
39, 79
43, 67
43, 74
47, 65
48, 75
48, 78
49, 54
50, 56
50, 57
53, 63
54, 63
56, 71
58, 72
58, 73
64, 79
67, 74
68, 69
72, 73
end