160
4
0, 0.5448016802379829, 0.7114802791844828
1, 0.4637138484388329, 0.3897493369707976
2, 0.9121553051941489, 0.4394433858312069
3, 0.10159543671457005, 0.7712979951929065
4, 0.19268033441390275, 0.8960782705972336
5, 0.35802907156858654, 0.9532118316870852
6, 0.8549915112201336, 0.7682359912167109
7, 0.47814509531252203, 0.22557446465887454
8, 0.23774785996451175, 0.3402507346004614
9, 0.6217415694255406, 0.923138871952646
10, 0.32355975184114827, 0.2655264657298152
11, 0.08391860083038438, 0.6218073592923387
12, 0.3088387224983645, 0.236963601937351
13, 0.3523926978153774, 0.7770512383365099
14, 0.3093773271085477, 0.8508108027487733
15, 0.9730951693513354, 0.8586111863734085
16, 0.5093109363504533, 0.02736346683578561
17, 0.029349683422396633, 0.5362803682204285
18, 0.24963920405223916, 0.05953240939443083
19, 0.6023634306818015, 0.5395779338283422
20, 0.6320457162979477, 0.34557348789771203
21, 0.44578753628662293, 0.9239315651865061
22, 0.48068321466048824, 0.3093157219648399
23, 0.3665689274336851, 0.08233359662859552
24, 0.24917847672989102, 0.645124348953366
25, 0.7140654384837499, 0.4531244988375329
26, 0.8152107473939544, 0.6084739004889137
27, 0.5491654748083339, 0.5236868052581332
28, 0.516429035185105, 0.9883924028801913
29, 0.6058797784347942, 0.6881801464789237
30, 0.4858912193605841, 0.13796197980526448
31, 0.9201615721654792, 0.13004467793944174
32, 0.730224104350761, 0.4522028278034427
33, 0.7932719449254055, 0.7737104068046521
34, 0.7503485899076164, 0.005288229329038829
35, 0.3928663478926565, 0.221252678568575
36, 0.09209384476545623, 0.6390605120153768
37, 0.7657777320545497, 0.12932534200694334
38, 0.9171272894283437, 0.8287340133796655
39, 0.46687317328963285, 0.8608741381199311
40, 0.7346690567380678, 0.24987278108915534
41, 0.008866634674444263, 0.6286235959464638
42, 0.9422231137554337, 0.6894935082600092
43, 0.3548999177636838, 0.14482171530414112
44, 0.7267504504341602, 0.4762563094437102
45, 0.15550989477618604, 0.4848097133863125
46, 0.30110974901441245, 0.48742918342323704
47, 0.10735822301674403, 0.27436635130223896
48, 0.556136821065415, 0.8482667259138483
49, 0.598283788008053, 0.7203935768609692
50, 0.29968976791895174, 0.7101864379939392
51, 0.42733629780581106, 0.4384290859693377
52, 0.024129747471039464, 0.6607221103213733
53, 0.7867610640269843, 0.4729455926038012
54, 0.2949964883075207, 0.8161484497290932
55, 0.3124169515997621, 0.6447563892405398
56, 0.9234559353634954, 0.7246042259120066
57, 0.8466799247474871, 0.2865669686167893
58, 0.025288884433767977, 0.06171250751235047
59, 0.6620316085500338, 0.09736905459378875
60, 0.5174167832426786, 0.5562214227984176
61, 0.2829303205512441, 0.04672438942389934
62, 0.4093289012654433, 0.435241349929831
63, 0.08441419643884807, 0.3475910430013345
64, 0.4021485454984046, 0.4379085405112533
65, 0.9085867002415701, 0.3818122824325172
66, 0.07511386992170732, 0.02720976493456806
67, 0.4023274508146535, 0.9322232680275943
68, 0.5306492417816321, 0.9840222549799211
69, 0.498973432757677, 0.30092393691781505
70, 0.7661473281414918, 0.1444997306118333
71, 0.23150774134508456, 0.2415836467283219
72, 0.6276892182749957, 0.36092623679045677
73, 0.38449540090523515, 0.7038709874840584
74, 0.357824205400221, 0.45782364608627557
75, 0.9423239946566747, 0.7670288953132859
76, 0.015230914743372237, 0.793519924781157
77, 0.4812530482091807, 0.2824108935052305
78, 0.44598315716891523, 0.2006142414322467
79, 0.18776753771546417, 0.4390857466350212
80, 0.7669099526993012, 0.9657117044916008
81, 0.17161340532079716, 0.7776768098466141
82, 0.5517660803780489, 0.40684346455623177
83, 0.5322237063455479, 0.7170740793469484
84, 0.6574178248234187, 0.08729834465636266
85, 0.35647416563102075, 0.6524645480644184
86, 0.5586810076845599, 0.40288188309397377
87, 0.11488093637909613, 0.9350033832859943
88, 0.8763434072550063, 0.7732633719846671
89, 0.8247011872613936, 0.2568424172131869
90, 0.13085633956105058, 0.015041371040309448
91, 0.06963819158110907, 0.9886032944281783
92, 0.6182919596980313, 0.2016389205248721
93, 0.07324835901289362, 0.42874226378736235
94, 0.38386438539361134, 0.8999011809257205
95, 0.4036959633633308, 0.6313145901420913
96, 0.24650431696790254, 0.11425821406740977
97, 0.5365394585240482, 0.7865359197669106
98, 0.42446793421984075, 0.9403288521326217
99, 0.3067674609234923, 0.657082232223273
100, 0.7114375918044971, 0.7106754561113426
101, 0.7341517518906526, 0.8277777157799336
102, 0.25541224528495743, 0.9231636243899101
103, 0.3726792424780345, 0.7765135697947804
104, 0.7137314562839873, 0.6869849373667504
105, 0.4425996548012645, 0.6248878829927427
106, 0.5498422919101494, 0.14260333209831022
107, 0.9515467278081571, 0.7381315135549211
108, 0.5308725930507049, 0.037822068477090354
109, 0.15532588509036072, 0.9539130923247893
110, 0.044979483511231266, 0.10669958950678571
111, 0.23971998950530193, 0.530726577898709
112, 0.749447642607929, 0.089102462379123
113, 0.25010813197833814, 0.42239495503096314
114, 0.01012965508757424, 0.7521922421065744
115, 0.23363393071368388, 0.5832661511565015
116, 0.3425031153153839, 0.5553961374900919
117, 0.6774567378650169, 0.49417302094710147
118, 0.9824064015033629, 0.53320964521395
119, 0.0474144334447506, 0.683052796499838
120, 0.11679690001630183, 0.951825586570773
121, 0.5068489318099094, 0.44425884997316434
122, 0.058337053237531133, 0.6182719387148978
123, 0.021458430591159816, 0.4190486847883821
124, 0.04539859494221643, 0.9333882376087843
125, 0.4320918533946244, 0.31904467117928514
126, 0.10006482452514676, 0.711781576044808
127, 0.24659742839576648, 0.07290571129185697
128, 0.08742923519539403, 0.8285766781854504
129, 0.9241879157964286, 0.8981241807041469
130, 0.07663810016089256, 0.19326555962413505
131, 0.936202588225291, 0.6731892604627053
132, 0.33667423949889996, 0.2918205543235225
133, 0.6747153263049529, 0.9518743030359236
134, 0.193533815465882, 0.4916607554790049
135, 0.32376263937533967, 0.6672117768838735
136, 0.13825381520177804, 0.9772778098428839
137, 0.8600783206466096, 0.2856335299889985
138, 0.15932859929224885, 0.653840662603592
139, 0.4501976656733223, 0.02239108219257835
140, 0.04341279777670004, 0.40949505704728806
141, 0.8690874792730569, 0.21657010394826237
142, 0.9518504669968125, 0.15889124870387583
143, 0.8544379797418359, 0.022248631638303262
144, 0.6729868472930083, 0.7754791624887634
145, 0.6293525827203859, 0.9564376112589944
146, 0.15857114722469212, 0.843103882500817
147, 0.09524462356133678, 0.7523790898289596
148, 0.34326886226122477, 0.8152208588817247
149, 0.761892098852688, 0.6093662653861339
150, 0.17314850425385164, 0.5616887400085755
151, 0.9960552007112083, 0.26462250912157326
152, 0.5325345736787686, 0.7747196238593236
153, 0.6706151805815537, 0.3780259047540392
154, 0.015523448658659178, 0.13160232498868363
155, 0.3901174058089296, 0.4406035419339017
156, 0.5248743184702297, 0.9261796831906534
157, 0.6863557075692269, 0.09512440766455754
158, 0.5330942498604241, 0.8203869481718016
159, 0.23844991089932965, 0.1426298043413492
end_nodes
0, 1
0, 2
0, 3
0, 4
0, 5
0, 6
0, 7
0, 8
0, 9
0, 10
0, 11
0, 12
1, 7
1, 10
1, 12
1, 18
1, 22
1, 23
1, 35
1, 43
1, 51
1, 60
1, 61
2, 6
2, 7
2, 15
2, 16
2, 19
2, 20
2, 23
2, 25
2, 26
2, 27
2, 29
3, 4
3, 11
3, 13
3, 17
3, 36
3, 41
3, 50
3, 52
3, 54
3, 73
3, 76
4, 5
4, 13
4, 14
4, 54
4, 76
4, 83
4, 87
4, 91
4, 94
4, 102
5, 9
5, 21
5, 28
5, 39
5, 48
5, 67
5, 68
5, 80
5, 91
5, 94
6, 9
6, 15
6, 26
6, 29
6, 33
6, 38
6, 42
6, 49
6, 56
6, 75
7, 20
7, 22
7, 23
7, 25
7, 27
7, 44
7, 60
7, 69
7, 72
8, 11
8, 12
8, 17
8, 18
8, 24
8, 45
8, 46
8, 47
8, 55
8, 58
8, 63
9, 15
9, 21
9, 33
9, 38
9, 48
9, 80
9, 97
9, 98
9, 101
10, 12
10, 51
10, 62
10, 132
11, 17
11, 24
11, 36
11, 45
11, 50
11, 73
11, 79
11, 99
11, 111
12, 18
12, 64
12, 74
12, 155
13, 54
13, 81
13, 83
13, 103
13, 148
14, 94
15, 31
15, 38
15, 42
15, 65
15, 75
15, 80
15, 88
15, 107
15, 118
16, 23
16, 30
16, 31
16, 34
16, 37
16, 40
16, 57
16, 58
16, 59
16, 61
16, 65
17, 41
17, 45
17, 58
17, 63
17, 93
17, 110
17, 119
17, 122
17, 123
18, 58
18, 61
18, 71
18, 96
18, 127
18, 159
19, 27
19, 53
19, 117
20, 25
20, 72
20, 153
21, 48
21, 67
21, 98
21, 156
22, 60
22, 77
23, 30
23, 35
23, 43
23, 61
23, 78
23, 92
24, 55
24, 85
24, 99
24, 111
24, 113
24, 115
25, 32
25, 44
25, 72
25, 153
26, 29
26, 100
26, 104
26, 149
27, 44
27, 69
27, 82
27, 86
27, 117
28, 68
28, 80
28, 91
29, 49
29, 100
29, 104
29, 149
30, 92
30, 106
31, 34
31, 37
31, 57
31, 65
31, 70
31, 89
31, 112
31, 118
31, 137
31, 141
32, 44
33, 101
33, 144
34, 58
34, 66
34, 90
34, 139
34, 143
35, 43
36, 50
36, 126
36, 138
37, 59
37, 70
37, 84
37, 112
37, 157
39, 48
39, 97
39, 152
39, 158
40, 65
41, 52
41, 58
41, 76
41, 114
41, 119
41, 123
41, 147
41, 154
42, 56
42, 75
42, 107
42, 131
43, 61
43, 125
44, 69
44, 86
46, 55
46, 85
46, 95
46, 105
46, 116
47, 63
47, 110
47, 130
47, 140
48, 67
48, 97
48, 158
50, 73
50, 126
50, 138
51, 62
52, 76
53, 117
54, 81
54, 146
55, 85
55, 113
56, 75
57, 59
57, 65
57, 89
57, 108
57, 137
57, 141
58, 61
58, 66
58, 71
58, 110
58, 123
58, 127
59, 70
59, 84
59, 89
59, 108
60, 77
60, 121
61, 125
62, 132
63, 93
63, 140
64, 74
64, 155
65, 137
66, 90
66, 139
68, 80
69, 82
69, 86
70, 89
71, 96
71, 159
74, 155
75, 88
76, 87
76, 91
76, 114
76, 120
76, 124
76, 128
79, 111
79, 134
79, 150
80, 129
80, 133
80, 145
82, 86
83, 103
83, 148
85, 95
85, 99
85, 105
85, 116
85, 135
87, 120
89, 141
91, 102
91, 109
91, 120
91, 124
91, 136
92, 106
95, 105
95, 116
97, 152
97, 158
98, 156
99, 135
100, 104
102, 109
102, 136
103, 148
105, 135
110, 130
110, 140
111, 115
111, 134
111, 150
112, 157
118, 142
118, 151
119, 147
127, 159
130, 140
133, 145
134, 150
142, 143
142, 151
end