580
4
0, 0.9681046985055594, 0.6634013235241757
1, 0.9412017820386166, 0.4448219333429272
2, 0.9022045149821086, 0.7617696867888837
3, 0.18938503942998364, 0.49103155578881763
4, 0.348870383574441, 0.8013568631659994
5, 0.730990877200227, 0.29644957649750003
6, 0.1401227407584974, 0.5474797468855125
7, 0.9655739270147845, 0.33391140231298044
8, 0.19072558826251407, 0.8616799319583957
9, 0.4594398493459829, 0.6962310852377032
10, 0.8029209996033214, 0.5120308600754798
11, 0.9943029198414927, 0.2972904088121403
12, 0.6366196598398446, 0.516527049903302
13, 0.5034914548420741, 0.8418590951965085
14, 0.3376941309270467, 0.5099006555119754
15, 0.5638421266340984, 0.6747608432788473
16, 0.5563636151338371, 0.9788184190807774
17, 0.463209530662797, 0.23028374269547214
18, 0.5439313528606841, 0.07459811783646364
19, 0.9201943124026108, 0.8364699426053841
20, 0.06841678510296922, 0.46077018350530285
21, 0.34951778076661577, 0.16741806015448424
22, 0.9165804184366214, 0.3130611185745904
23, 0.8540035653287944, 0.36315867054392814
24, 0.8946023138689528, 0.887676892069108
25, 0.8981913533194078, 0.8202839240418666
26, 0.15164723565825633, 0.3247778623342418
27, 0.4554935084379841, 0.36060881624508
28, 0.6990705710916519, 0.5878501938953518
29, 0.9560628620293327, 0.4544875643936507
30, 0.6955323038114295, 0.4408796385720807
31, 0.7765533775182327, 0.18439279707217604
32, 0.42379906269162315, 0.8090624935441988
33, 0.938570322027671, 0.21280773348327564
34, 0.38146693365947415, 0.2952489974987833
35, 0.7419283105343435, 0.0780508580158028
36, 0.5003667200689526, 0.8017029294393587
37, 0.4210493865040279, 0.2944789805784136
38, 0.816785023398907, 0.49962406665244363
39, 0.05169015439516267, 0.573748754593232
40, 0.3267092607951029, 0.10602202475244127
41, 0.5228927601966878, 0.13188607065085223
42, 0.09104571760785274, 0.5385196333609943
43, 0.48838279759039493, 0.6610890324996205
44, 0.4227751165954904, 0.49672920274214616
45, 0.6310911464408034, 0.278727355664637
46, 0.6171206756187688, 0.6782801852914199
47, 0.28475796144246435, 0.7676097088750105
48, 0.32994326275430275, 0.22822228062986294
49, 0.32652079514265886, 0.3045501029087052
50, 0.5333200883417142, 0.507671110495672
51, 0.31135151845863795, 0.37292145241095387
52, 0.6286451781739495, 0.6738895926396162
53, 0.10411751299137006, 0.2612119328738105
54, 0.13268852471064219, 0.9036611603781848
55, 0.7913344919086209, 0.7349085894269299
56, 0.9909989437757406, 0.7249405219336976
57, 0.3591643913466105, 0.9493751377290508
58, 0.5800995136442172, 0.017549914118756504
59, 0.03920810955594789, 0.4509392927960527
60, 0.015893544555977246, 0.9961014633508213
61, 0.90680852379643, 0.20594141685392842
62, 0.20863105264470727, 0.35862632856957677
63, 0.8578466833835069, 0.9535221867309014
64, 0.8094731966038906, 0.6671406573653418
65, 0.3951148047320574, 0.0013589413089175606
66, 0.41406499969307886, 0.09684221692269357
67, 0.3275850832852265, 0.4374158826190655
68, 0.9059316514416259, 0.11088695347762845
69, 0.9021823845558067, 0.9166700054659325
70, 0.47476133365969275, 0.14031773676563075
71, 0.879691364809427, 0.4176289589222696
72, 0.11298591366555488, 0.5762842408908726
73, 0.5807252854502184, 0.2964072509844533
74, 0.35598764400432015, 0.1789371092694183
75, 0.23242376375610485, 0.27800681705746
76, 0.18919601647128548, 0.5663227566781008
77, 0.5127184976868013, 0.991444638732372
78, 0.13891672360516938, 0.2776156816525239
79, 0.6268601941154491, 0.4462904658687783
80, 0.6995397817534834, 0.13687108753890498
81, 0.9793623820087924, 0.03175615259338094
82, 0.8421155735118403, 0.5618517406313044
83, 0.9202590748515163, 0.3453855332542839
84, 0.01749211894761671, 0.8923157126401972
85, 0.2924195490103544, 0.3127455821396331
86, 0.6349570853910323, 0.576638290891535
87, 0.19338112084867587, 0.42804435976995014
88, 0.9001748187094856, 0.01753237737751212
89, 0.12371003133435243, 0.9237738960429308
90, 0.3885482942531566, 0.2664235753243561
91, 0.7859048408272866, 0.18992337868270925
92, 0.5884566962968759, 0.8439247942928048
93, 0.8579330455965019, 0.5408693921301739
94, 0.8328112728454845, 0.6407546769726338
95, 0.8431737545648029, 0.28261374141419027
96, 0.6610289619452999, 0.7888396016857632
97, 0.7692771934634943, 0.7091916799965521
98, 0.6385933711316815, 0.8861356099739762
99, 0.1654368920025071, 0.3757566210760973
100, 0.4412105675745708, 0.5900828945087673
101, 0.4625518656358917, 0.33224986036359716
102, 0.8197394487438, 0.7488283441790476
103, 0.7485686053649564, 0.9155281996338722
104, 0.8925401532432226, 0.10599267847342453
105, 0.7432577290406599, 0.9738382688564846
106, 0.22754926208357817, 0.06763589078921772
107, 0.06244766753211861, 0.07734082191293401
108, 0.5129068224938778, 0.8273899582464357
109, 0.29259078943394956, 0.5965278819360469
110, 0.7050187128282294, 0.16528295479492983
111, 0.39561096606995894, 0.5054474509389212
112, 0.34309399565620524, 0.37722868578460633
113, 0.38504995163364686, 0.5204172380970549
114, 0.11911799626320807, 0.26306293764484856
115, 0.5056554897506067, 0.13307085422182763
116, 0.1320057077892045, 0.6475562951304217
117, 0.15209323189575874, 0.05635800995338336
118, 0.16015925142263643, 0.6698519031477815
119, 0.6491092632509288, 0.1939028458460279
120, 0.22400545148390105, 0.7235835935873031
121, 0.7120698949820632, 0.8764740768320303
122, 0.4885769173810257, 0.4597716549760391
123, 0.1494393438289946, 0.6354524077842113
124, 0.5596846597580811, 0.033154522182837765
125, 0.06333781348636447, 0.3629147248559885
126, 0.7754120887709852, 0.5838954621132253
127, 0.9673888934861319, 0.8348838619445018
128, 0.094901012115851, 0.7926344685745128
129, 0.7265420367949914, 0.17049398515383563
130, 0.8818814833182629, 0.7359345364402183
131, 0.02634474060379499, 0.9812499502348458
132, 0.6556937643931323, 0.7115016206605609
133, 0.9398939750925117, 0.2335238431692327
134, 0.7188830988396229, 0.18616630778639887
135, 0.8928672378992747, 0.8282148191013078
136, 0.5554885684277925, 0.6450408401570379
137, 0.7123189369429597, 0.6229868113722408
138, 0.6339952382193518, 0.21279584800278295
139, 0.0267203436425979, 0.2080958752443518
140, 0.0889245082475677, 0.5313584828056983
141, 0.47911540309965184, 0.6577624676963795
142, 0.9747125947735209, 0.8296869707127227
143, 0.9184629361494925, 0.9692973728034129
144, 0.8448354057147991, 0.051005693022537324
145, 0.3892150439684623, 0.5915240028024565
146, 0.9008395349545226, 0.4830495264483443
147, 0.23416135400023275, 0.2483271176628873
148, 0.37505665907899655, 0.7335476756445315
149, 0.7035026449745725, 0.9762126467952046
150, 0.9117447562106525, 0.3487220947644806
151, 0.3647348475715001, 0.2710105158838527
152, 0.7018971362730773, 0.19383565320709106
153, 0.013287196082205743, 0.2691768504846197
154, 0.6614218418533632, 0.5458803870906949
155, 0.8521677135487427, 0.9920022417463533
156, 0.32892564873142094, 0.7492429549486144
157, 0.7145921836605618, 0.3760955524347921
158, 0.6454009143743616, 0.526414451552201
159, 0.5217459884702604, 0.6440686101959087
160, 0.6273441986647643, 0.952757180776323
161, 0.3871487630988595, 0.7148897345409803
162, 0.607376591247019, 0.46124485568109064
163, 0.31476994062118835, 0.13747545574075581
164, 0.2630065091748848, 0.3550144001745884
165, 0.5016102433404027, 0.1627217523485086
166, 0.5069933563518034, 0.9285574657339896
167, 0.10077528692106275, 0.07253395163158183
168, 0.5675186594834856, 0.2858554737592419
169, 0.934793556314626, 0.5514138713045793
170, 0.6244309198794862, 0.8270740642692266
171, 0.9185234551503155, 0.5208846112064756
172, 0.5888655012040274, 0.9110676070273243
173, 0.7665928072638999, 0.5021929110799188
174, 0.6073260055139873, 0.9896605197053749
175, 0.6121331380952049, 0.9232092661221037
176, 0.15033114022464178, 0.9996115846830741
177, 0.20912006257970306, 0.44000033784775283
178, 0.514167265051266, 0.15879281694283842
179, 0.8370998397622756, 0.5209103920252903
180, 0.19550012827759933, 0.2066644138051016
181, 0.10216314964738193, 0.2244982289844013
182, 0.4895247525039701, 0.027302773427368643
183, 0.9948005126252661, 0.2222641236901871
184, 0.5457059660494393, 0.3138287793589397
185, 0.572438123397204, 0.30961944591307644
186, 0.5327921936746163, 0.9291479523883482
187, 0.7709974869976629, 0.8728154211232554
188, 0.7542030280429737, 0.47044664131545477
189, 0.7636746715608556, 0.905310185528522
190, 0.2685007426180449, 0.31136557006084575
191, 0.8209908858376744, 0.5934196261415278
192, 0.4195200285763666, 0.4436602669053752
193, 0.9812686350647604, 0.599744670610428
194, 0.09716273850914947, 0.9166730351016877
195, 0.38321430714363003, 0.6739882694460002
196, 0.7185903472464078, 0.6140890041533004
197, 0.48185410316771937, 0.5674574430637603
198, 0.9305497880879876, 0.5189185731888232
199, 0.08400025878367201, 0.4448967293436461
200, 0.0021585566187387606, 0.7581706199296996
201, 0.5543840700895672, 0.8101782984253981
202, 0.20783740515127136, 0.2819344126161465
203, 0.31622180925479115, 0.15783483182955527
204, 0.6672279592228286, 0.18273898755973106
205, 0.5618737197991257, 0.007173685171923183
206, 0.1977060165031843, 0.7647029778968683
207, 0.5599305725732957, 0.010169117229524516
208, 0.6734159111361959, 0.7400539607415412
209, 0.34964261846265143, 0.7215644468276409
210, 0.5411014299881509, 0.19754664614163364
211, 0.6113221748990761, 0.9902889417053611
212, 0.11231805827793273, 0.22611439661290988
213, 0.14725871299096838, 0.9849778289097071
214, 0.22921516152727417, 0.18078592370273816
215, 0.9577444579566535, 0.6023741758811965
216, 0.797495677892269, 0.8314294578130949
217, 0.8014509378313677, 0.654419902102269
218, 0.33288482857404444, 0.3010041590134246
219, 0.33165474471458267, 0.5766262681391225
220, 0.7912800504613768, 0.6807469848650912
221, 0.9265161184315618, 0.8821841392033134
222, 0.9304421067317417, 0.8245446649456502
223, 0.16056968292178764, 0.8526739936343519
224, 0.5529050316023809, 0.5362737029921654
225, 0.8498810988842854, 0.24284359129205546
226, 0.5595714590162214, 0.3200420883587435
227, 0.7500449140743143, 0.43382318493639704
228, 0.06598923604891926, 0.1505850225231521
229, 0.872138407983133, 0.5960846487047284
230, 0.393720493971918, 0.6221051165556629
231, 0.13884512487080158, 0.4894076163474772
232, 0.1666018340144606, 0.784245395855226
233, 0.8586671596040866, 0.18269428430501322
234, 0.4509684801661973, 0.35757549505259034
235, 0.9147334217866769, 0.39601278191215183
236, 0.39716944795915965, 0.4115760088505832
237, 0.834699312421553, 0.3543037956441809
238, 0.5848522678660621, 0.17295907090623752
239, 0.472025988621268, 0.39075063356811035
240, 0.4600135166393793, 0.9559885715354114
241, 0.02671068169170987, 0.5362892981796413
242, 0.4168114863641714, 0.40375635865672777
243, 0.9831457506280636, 0.9746053564983632
244, 0.22175099216360472, 0.3466656426485534
245, 0.936649403862529, 0.6811487596865793
246, 0.8834680675906078, 0.9714528679395097
247, 0.08767203947326674, 0.6363348329037805
248, 0.6405592337493066, 0.25816948403193285
249, 0.14654486967567815, 0.15570784642746482
250, 0.41964776094310285, 0.8223738978592818
251, 0.6397647499395398, 0.5325009566074188
252, 0.04185153940397557, 0.7038678939049097
253, 0.7199950824666959, 0.9867920178310986
254, 0.8058472803330552, 0.2882858325600288
255, 0.38592520584885825, 0.4945037806829319
256, 0.3214519285820935, 0.03375599446953992
257, 0.30036913520374475, 0.9124873920128855
258, 0.8021936431797553, 0.036785889048018716
259, 0.38293794901767186, 0.5331776216053976
260, 0.16576166753781574, 0.9593955223250137
261, 0.8090515471951334, 0.7119992376070831
262, 0.08650215092735036, 0.9437724512228095
263, 0.4148691497989129, 0.15267709794769224
264, 0.37495629661108465, 0.9597403064352306
265, 0.3538241172281642, 0.7484441131359623
266, 0.6838294197644723, 0.3117645904927183
267, 0.2066514099050626, 0.6827054256912912
268, 0.20142759691998258, 0.4681690927926223
269, 0.3264825443032948, 0.6828713640455023
270, 0.8452183016370554, 0.5335034823694826
271, 0.8595620432702502, 0.27896984850816464
272, 0.8357633925880833, 0.3082434805135683
273, 0.39888077229232655, 0.48745212019968276
274, 0.6070926425691882, 0.44859628233282967
275, 0.10351377800099637, 0.3461002907760342
276, 0.8373692512589376, 0.771724367596769
277, 0.887552254881351, 0.7066788771467305
278, 0.4173139685562208, 0.6245547302758293
279, 0.7841926528480188, 0.11343946581517717
280, 0.2514708560989214, 0.2737528600255935
281, 0.9543245350615273, 0.7478794053815938
282, 0.01756514240259599, 0.7645069688083929
283, 0.6186713025279375, 0.9549964751167427
284, 0.9295510654089396, 0.3736219199573879
285, 0.383728824473927, 0.5003820016868353
286, 0.36550482473835644, 0.8185063750300269
287, 0.9854623269327548, 0.8956954324057274
288, 0.18908237706818354, 0.1362204869376723
289, 0.2368048479373852, 0.5824679742138049
290, 0.7948383170396501, 0.3373452433213837
291, 0.637935091947658, 0.6804309318385926
292, 0.5206391253847532, 0.0439653584387415
293, 0.8473620559485241, 0.43888900191851865
294, 0.34273422670612186, 0.48780102540488
295, 0.5385689862181121, 0.7309447884287791
296, 0.37587366380666853, 0.2656339212783395
297, 0.8657589135758796, 0.6995259921713577
298, 0.18657152723008963, 0.8954367735361225
299, 0.3332060505698383, 0.048284987047957584
300, 0.8111986541397479, 0.908401273589496
301, 0.41582297319266737, 0.5060470173840544
302, 0.8520043325462965, 0.81202587026026
303, 0.5120269619854917, 0.5334065481924171
304, 0.542364137842506, 0.01535738188931468
305, 0.6811846243474287, 0.6694449311112353
306, 0.4835751186234283, 0.759695334229748
307, 0.1965707061455808, 0.8995476732780792
308, 0.8700026164121211, 0.5656486277317099
309, 0.9255205993229628, 0.3096715955049666
310, 0.2387566445273004, 0.9932489520913705
311, 0.07265499931939845, 0.3599099711342909
312, 0.6859152353755869, 0.2708188559544582
313, 0.4941702015465589, 0.453881407409335
314, 0.42347520858244814, 0.3872951587786845
315, 0.9507463636073976, 0.9748046020019167
316, 0.3303818855600583, 0.5398674347602994
317, 0.4865588821085529, 0.8735184113186875
318, 0.8067157558490373, 0.9996650124255565
319, 0.19966487264465238, 0.6251356137351312
320, 0.5506188261206687, 0.13914592992606356
321, 0.19116181251186237, 0.9584195651841251
322, 0.20035573789621575, 0.7183062732821761
323, 0.6761510527322508, 0.4014207279955192
324, 0.34624466088092465, 0.7204733415694881
325, 0.3628532663772992, 0.8116273207306641
326, 0.518873810023117, 0.7102338549535534
327, 0.5688591319453751, 0.1798923127547274
328, 0.6313768383658459, 0.17681478072837886
329, 0.037700208402705604, 0.48695450218922165
330, 0.46876948241593785, 0.6663788023412394
331, 0.07425038492878355, 0.24757519295800468
332, 0.8011122426608636, 0.5501789372642393
333, 0.698310172266438, 0.4451441726147517
334, 0.20995257984042737, 0.20959735658805334
335, 0.8614372427764998, 0.8436130800362963
336, 0.8627380494117031, 0.17343717760656363
337, 0.5978676071173801, 0.36645654051398047
338, 0.74570212592652, 0.5568778221582276
339, 0.5121404511312515, 0.054583741771753624
340, 0.6230230531014473, 0.31524631686917204
341, 0.30402508687626717, 0.5744714715093819
342, 0.9666538036383956, 0.663111030064939
343, 0.5656941166777782, 0.6217188005563559
344, 0.6400290718181403, 0.5091351470462417
345, 0.5103159231500457, 0.23482182616060399
346, 0.1021108501669824, 0.4804749510463887
347, 0.596754655565575, 0.48789413342973176
348, 0.31824543763849, 0.7618639136643379
349, 0.535009015818175, 0.3104796260576609
350, 0.27234685861392416, 0.46962475950133376
351, 0.5308889541082732, 0.10596884682869279
352, 0.11682661411799067, 0.8714524727423458
353, 0.3745719251401034, 0.8263547900731499
354, 0.6636918670027738, 0.1200927105121512
355, 0.806938482561024, 0.011983121555122378
356, 0.019155858825594896, 0.5084941300765029
357, 0.7269227222610081, 0.6956509457821796
358, 0.3024558938286718, 0.7161086831034251
359, 0.11422272575094639, 0.3849343606023087
360, 0.8618591339075622, 0.9360536882338273
361, 0.25986948328743165, 0.9958088148652539
362, 0.9592693510885494, 0.9605243084990768
363, 0.41703459696939205, 0.5761964954800023
364, 0.5710576035832221, 0.5256288292659799
365, 0.3104996006654476, 0.695794161272892
366, 0.7465128729265024, 0.26244524462541896
367, 0.17823333083566717, 0.5244866089295214
368, 0.6112141987014549, 0.4600370508318882
369, 0.037792616214507024, 0.020061327647096117
370, 0.10509759992772261, 0.6469222898869393
371, 0.3575480640049784, 0.6431117722106083
372, 0.1914999455810299, 0.3007980222677208
373, 0.30471421343857064, 0.8122682289036507
374, 0.799855627622181, 0.01329104728100805
375, 0.6183819760478513, 0.15593584762739188
376, 0.9460018471514302, 0.7243260055820019
377, 0.5096243457061154, 0.5410811945656557
378, 0.5543776668080382, 0.7952751450212597
379, 0.6842431145968005, 0.6250224345654192
380, 0.21044665770810744, 0.013939078734170662
381, 0.16698515510469358, 0.15235430664973237
382, 0.5379397790587076, 0.4284897165929431
383, 0.8688664598873554, 0.9651733297097208
384, 0.5049424736508824, 0.4976681249360677
385, 0.12108634641172289, 0.6636009618023297
386, 0.5817495434459043, 0.2870536784934318
387, 0.4326269080864753, 0.14453299087641802
388, 0.05228194523442398, 0.23465472395655773
389, 0.5286743442055721, 0.4023503661823643
390, 0.4940794433080403, 0.47109664967699105
391, 0.8299242911510443, 0.5514243220989656
392, 0.7831258138078458, 0.2983079335463483
393, 0.09399050509786033, 0.2793164956908415
394, 0.8387663983165445, 0.5222751898766518
395, 0.9867173532671004, 0.9190990470713881
396, 0.02705710523677818, 0.11689068475748576
397, 0.59580914293743, 0.4637040090861221
398, 0.14341921365417076, 0.9227353657232894
399, 0.9542124894112944, 0.20303877162987682
400, 0.667791672122544, 0.5602814410611853
401, 0.018396411724926898, 0.7171926266776507
402, 0.3457730419307702, 0.7219896551756028
403, 0.40047976806224594, 0.9487728731206726
404, 0.07259077908614908, 0.34497681764994015
405, 0.9001041453162901, 0.06359678458690687
406, 0.5675957804889784, 0.20633792132921935
407, 0.31581675474625837, 0.34847248866480474
408, 0.06011349941270516, 0.3271686416758425
409, 0.38769391027606415, 0.8394670883810867
410, 0.6783197179757899, 0.04381988316626384
411, 0.23080012338405032, 0.26966770269735485
412, 0.17337471416899042, 0.6444232590009908
413, 0.4387156508037081, 0.1374783528886615
414, 0.6033201802624305, 0.3614859453789818
415, 0.3556895015102648, 0.4780691810129336
416, 0.8943701229881746, 0.5717960137664594
417, 0.21407225736892677, 0.142852454773164
418, 0.7500210718200363, 0.3978160948274444
419, 0.5475010544782057, 0.26099394098581974
420, 0.07419828346532276, 0.23797829573417795
421, 0.7372370529573108, 0.6103626511828003
422, 0.05187347099999218, 0.6867805272398873
423, 0.46466826761752655, 0.8165182877900102
424, 0.3685518340007541, 0.12389362979086127
425, 0.7064923331414454, 0.5452322510494677
426, 0.8176771410539829, 0.6695587035063795
427, 0.1338867376688493, 0.601534570483916
428, 0.1059917735674718, 0.5169932419523854
429, 0.75922179030679, 0.6076979418661487
430, 0.10067951801743102, 0.0773012506898556
431, 0.4408020416124693, 0.20283176504872602
432, 0.38987059438975946, 0.3146466624555163
433, 0.5740020088264466, 0.47858757053813406
434, 0.5321176012612073, 0.09379592850226193
435, 0.8534462400442293, 0.6018893205749304
436, 0.974060061291721, 0.630371685558873
437, 0.4833017640636963, 0.49910304636065406
438, 0.6338113617869153, 0.400467871765809
439, 0.37933109592635905, 0.6332151012325736
440, 0.4312404702718263, 0.012581408408160022
441, 0.02539344248607045, 0.6711319926835672
442, 0.08647846423387917, 0.40507270540908247
443, 0.9527837472111905, 0.6299560896351554
444, 0.2038579978226892, 0.8249626624929647
445, 0.7206417903409988, 0.23688124210417683
446, 0.6302030810992475, 0.3299582636454029
447, 0.16332340011093194, 0.9204485508512801
448, 0.6871618117780203, 0.9804156611473102
449, 0.9742745781512844, 0.04109839289432782
450, 0.8942668666238539, 0.9682360270075336
451, 0.16170815808930328, 0.050842637702839255
452, 0.04834208182098165, 0.7007745757117322
453, 0.40571812392517015, 0.015613397252781214
454, 0.37472093820457797, 0.6808035274967443
455, 0.03605323683513906, 0.4486759115785385
456, 0.7875995011067976, 0.2865829482036115
457, 0.09309014572176033, 0.8562882449350454
458, 0.8926387300078574, 0.8377094818803722
459, 0.8753805869238305, 0.7519745602851241
460, 0.28502062989603894, 0.0579630649879983
461, 0.8931136169031944, 0.5851439205888437
462, 0.31177179858781245, 0.414901420739322
463, 0.5840468253679997, 0.1549640252717701
464, 0.9176978504924644, 0.3264013509234409
465, 0.4632253892551458, 0.23529417353021975
466, 0.7589375244656389, 0.4113427166677721
467, 0.8139047821746687, 0.5136565467519304
468, 0.9893240477292091, 0.7412552330098211
469, 0.6392106678124102, 0.27527775444784375
470, 0.4183139089454887, 0.6633739100063237
471, 0.6388446942145952, 0.949743980314349
472, 0.6294098265067232, 0.5552535678578788
473, 0.029058229431113025, 0.8604855220405966
474, 0.647474831144443, 0.6276223018664062
475, 0.9851143844990077, 0.34216309511757137
476, 0.6116745945595781, 0.9003842781568453
477, 0.5436037401274258, 0.004255533082355045
478, 0.14254814164065954, 0.7234626468129991
479, 0.10660651294840051, 0.3432958356184286
480, 0.07975739731532083, 0.7628930800312436
481, 0.5734500351803142, 0.03797204355690931
482, 0.4813940275103008, 0.6204320128624556
483, 0.1954963872508596, 0.9741957384409325
484, 0.07618635695100362, 0.9500989525457813
485, 0.30452566212337706, 0.47241295840635633
486, 0.5709560019969983, 0.3845587158432644
487, 0.2547292789853617, 0.8415234488269003
488, 0.5963759938929492, 0.47501475384948
489, 0.3392504981134772, 0.9945355915274771
490, 0.5307660458304119, 0.29018467240778933
491, 0.9307524764348227, 0.9600219149269904
492, 0.09866685051610602, 0.8091595872349734
493, 0.0178513443292192, 0.863268792143765
494, 0.19807526876673054, 0.9228687554325767
495, 0.12791412278244385, 0.2583064726430049
496, 0.3853226443973118, 0.5115855847931389
497, 0.668602599589174, 0.5341744995251276
498, 0.6171644644748154, 0.39862910196837775
499, 0.6937673850790168, 0.40665309321635146
500, 0.9614105081167575, 0.18265416751841201
501, 0.7067902624378382, 0.8376649843927829
502, 0.35623816403951003, 0.8101683214965781
503, 0.46646446361789995, 0.7055456049002692
504, 0.13515029813232504, 0.38682585099396494
505, 0.3383325429894888, 0.12909155551696494
506, 0.9258082833581553, 0.39276139831997614
507, 0.6188415620220045, 0.509289697519356
508, 0.8667901463926027, 0.45981309069210685
509, 0.6748374516698946, 0.3983085607947877
510, 0.5810068748491842, 0.849287043228696
511, 0.19147490864896355, 0.7399887934412186
512, 0.29960376102068, 0.16989119514798134
513, 0.24281243402042252, 0.44025275479009984
514, 0.3589978571693121, 0.8444693356571841
515, 0.6945550429875642, 0.3557257881990654
516, 0.15636242307667647, 0.016307192708804208
517, 0.4482724387336211, 0.7264644478279573
518, 0.3877457472614838, 0.8499119289133931
519, 0.8765266040542562, 0.03490375134909274
520, 0.18152662417550158, 0.5427091300731504
521, 0.5524104706191707, 0.4692450347600219
522, 0.6957891346271428, 0.7034186714860341
523, 0.08932519362512426, 0.2006774541631573
524, 0.5903110468240057, 0.45359897994897636
525, 0.02671949572349752, 0.18197476124850587
526, 0.4567328996825283, 0.20489894725778635
527, 0.03286458798509706, 0.11550798848363608
528, 0.8053302099494863, 0.11496448628821565
529, 0.37386673570035966, 0.8807581525028881
530, 0.7377439976833732, 0.39559748834702013
531, 0.2665528556083584, 0.6610751503994534
532, 0.06935907706156053, 0.08505614729896616
533, 0.17563674727975076, 0.3242370434163928
534, 0.881772915732943, 0.7965588341037116
535, 0.7596982049480748, 0.24274840046147472
536, 0.9749991012078083, 0.06918038869299481
537, 0.8457640165685761, 0.34851435418331556
538, 0.012927366216660685, 0.07461126683913988
539, 0.5948075427470946, 0.48147386590972696
540, 0.5417717911916168, 0.8771227430860604
541, 0.3810504174999303, 0.15548681690514754
542, 0.8188048794686111, 0.748814334599666
543, 0.5998496692030054, 0.11265503248692965
544, 0.026376134630333614, 0.6045895981761144
545, 0.05131556693772532, 0.16720569408951613
546, 0.04078493889847201, 0.5408811892669279
547, 0.11708790797887636, 0.8653440859972634
548, 0.938093495983065, 0.05156955565897736
549, 0.40750452585875885, 0.7249444848263724
550, 0.3097715573818687, 0.40680423088740747
551, 0.04574547726970646, 0.2123805948103652
552, 0.2727658262215712, 0.7503210479609465
553, 0.9703128929052529, 0.314072197098313
554, 0.89556174460621, 0.41234804436849126
555, 0.8670982776986764, 0.5568223061162344
556, 0.9914238309724427, 0.5938553098098622
557, 0.4597778501760674, 0.8465424255430072
558, 0.05060811940485366, 0.8227887227571435
559, 0.2593432888540048, 0.3602358632210677
560, 0.7537198774259048, 0.6103189233970759
561, 0.6027990374396796, 0.630589049596628
562, 0.47997991410279106, 0.7682985234457665
563, 0.19182988903385545, 0.053577324997562514
564, 0.6243436424639868, 0.9271841951747035
565, 0.7190322133404228, 0.908372855040085
566, 0.14416954402474247, 0.5768580963052319
567, 0.43252241727482965, 0.4953238135778184
568, 0.6281766298120353, 0.24447247983701592
569, 0.9216570719931998, 0.18578111240725914
570, 0.37498754194706985, 0.9168003144862673
571, 0.4076048215692074, 0.6207796909892231
572, 0.12385446735447903, 0.47724605830995603
573, 0.47277058210920786, 0.6199821610707626
574, 0.8521171096919417, 0.940790996670804
575, 0.37422896858872223, 0.9464071414039967
576, 0.020764157397421545, 0.5220376976315335
577, 0.6923143178618228, 0.7298189962084012
578, 0.4655032657174242, 0.11612144325556684
579, 0.026669109019728743, 0.7311249036771055
end_nodes
0, 1
0, 2
0, 3
0, 4
0, 5
0, 6
0, 7
0, 8
0, 9
0, 10
0, 11
0, 12
0, 13
0, 14
0, 15
0, 16
0, 17
0, 18
0, 19
0, 20
0, 21
0, 22
0, 23
0, 24
25, 3
25, 4
25, 6
25, 8
25, 9
25, 13
25, 14
25, 15
25, 16
25, 20
25, 26
25, 32
25, 36
25, 39
25, 42
25, 43
25, 44
25, 46
25, 47
25, 52
25, 53
25, 54
25, 57
25, 59
27, 107
27, 147
27, 167
27, 180
27, 214
27, 218
27, 228
27, 234
27, 249
27, 288
27, 334
27, 369
27, 381
27, 396
27, 430
27, 432
27, 523
27, 527
27, 532
27, 538
27, 545
28, 3
28, 6
28, 8
28, 9
28, 14
28, 20
28, 26
28, 39
28, 42
28, 43
28, 44
28, 47
28, 49
28, 50
28, 51
28, 53
28, 54
28, 59
28, 62
28, 67
28, 72
28, 75
28, 76
28, 78
29, 1
29, 3
29, 4
29, 5
29, 6
29, 7
29, 8
29, 9
29, 12
29, 13
29, 14
29, 15
29, 16
29, 17
29, 18
29, 20
29, 21
29, 22
29, 23
29, 26
29, 31
29, 32
29, 33
29, 34
30, 17
30, 21
30, 40
30, 65
30, 66
30, 70
30, 73
30, 74
30, 106
30, 117
30, 163
30, 165
30, 168
30, 184
30, 185
30, 203
30, 226
30, 256
30, 263
30, 299
30, 337
30, 345
30, 349
30, 380
37, 48
37, 90
37, 107
37, 117
37, 167
37, 214
37, 288
37, 296
37, 369
37, 417
37, 430
37, 451
37, 532
38, 3
38, 5
38, 6
38, 12
38, 14
38, 17
38, 18
38, 20
38, 21
38, 26
38, 34
38, 39
38, 40
38, 41
38, 42
38, 44
38, 45
38, 48
38, 49
38, 50
38, 51
38, 53
38, 58
38, 59
55, 4
55, 8
55, 9
55, 13
55, 16
55, 32
55, 36
55, 39
55, 47
55, 54
55, 57
55, 60
55, 72
55, 77
55, 84
55, 89
55, 92
55, 96
55, 98
55, 108
55, 116
55, 118
55, 120
55, 121
56, 1
56, 2
56, 3
56, 4
56, 5
56, 6
56, 7
56, 8
56, 9
56, 10
56, 11
56, 12
56, 13
56, 14
56, 15
56, 16
56, 17
56, 18
56, 19
56, 20
56, 21
56, 22
56, 23
56, 24
64, 3
64, 4
64, 6
64, 8
64, 9
64, 13
64, 14
64, 15
64, 16
64, 20
64, 26
64, 32
64, 34
64, 36
64, 39
64, 42
64, 43
64, 44
64, 46
64, 47
64, 48
64, 49
64, 50
64, 51
68, 405
69, 3
69, 4
69, 5
69, 6
69, 7
69, 8
69, 9
69, 10
69, 11
69, 13
69, 14
69, 15
69, 16
69, 17
69, 18
69, 20
69, 21
69, 23
69, 26
69, 31
69, 32
69, 33
69, 34
69, 35
71, 5
71, 17
71, 18
71, 21
71, 23
71, 31
71, 35
71, 40
71, 41
71, 45
71, 58
71, 65
71, 66
71, 70
71, 74
71, 80
71, 91
71, 95
71, 106
71, 110
71, 115
71, 117
71, 119
71, 124
79, 21
79, 34
79, 40
79, 48
79, 49
79, 74
79, 75
79, 85
79, 90
79, 106
79, 107
79, 117
79, 139
79, 147
79, 151
79, 163
79, 167
79, 180
79, 181
79, 190
79, 202
79, 203
79, 212
79, 214
82, 3
82, 4
82, 5
82, 6
82, 8
82, 9
82, 10
82, 12
82, 13
82, 14
82, 15
82, 17
82, 18
82, 20
82, 21
82, 26
82, 32
82, 34
82, 36
82, 39
82, 40
82, 41
82, 42
82, 43
86, 3
86, 6
86, 14
86, 20
86, 26
86, 39
86, 42
86, 44
86, 50
86, 51
86, 53
86, 59
86, 62
86, 67
86, 72
86, 76
86, 78
86, 87
86, 99
86, 100
86, 109
86, 111
86, 112
86, 113
93, 3
93, 4
93, 5
93, 6
93, 8
93, 9
93, 12
93, 13
93, 14
93, 15
93, 17
93, 18
93, 20
93, 21
93, 26
93, 31
93, 32
93, 34
93, 35
93, 36
93, 39
93, 40
93, 41
93, 42
94, 3
94, 4
94, 6
94, 8
94, 9
94, 12
94, 13
94, 14
94, 15
94, 16
94, 17
94, 20
94, 21
94, 26
94, 32
94, 34
94, 36
94, 39
94, 40
94, 41
94, 42
94, 43
94, 44
94, 46
97, 3
97, 4
97, 6
97, 8
97, 9
97, 13
97, 15
97, 16
97, 20
97, 32
97, 36
97, 39
97, 42
97, 43
97, 46
97, 47
97, 52
97, 54
97, 57
97, 59
97, 60
97, 72
97, 76
97, 77
101, 48
101, 90
101, 107
101, 117
101, 151
101, 167
101, 214
101, 249
101, 288
101, 296
101, 369
101, 381
101, 417
101, 430
101, 451
101, 532
101, 538
102, 4
102, 8
102, 9
102, 13
102, 16
102, 32
102, 36
102, 47
102, 54
102, 57
102, 60
102, 77
102, 84
102, 89
102, 92
102, 96
102, 98
102, 103
102, 108
102, 116
102, 118
102, 120
102, 121
102, 128
126, 3
126, 4
126, 6
126, 8
126, 9
126, 12
126, 14
126, 15
126, 17
126, 20
126, 21
126, 26
126, 32
126, 34
126, 36
126, 39
126, 40
126, 42
126, 43
126, 44
126, 46
126, 47
126, 48
126, 49
127, 3
127, 4
127, 5
127, 6
127, 7
127, 8
127, 9
127, 10
127, 11
127, 13
127, 14
127, 15
127, 16
127, 17
127, 18
127, 19
127, 20
127, 21
127, 22
127, 23
127, 24
127, 26
127, 31
127, 32
130, 3
130, 4
130, 6
130, 8
130, 9
130, 13
130, 14
130, 15
130, 16
130, 17
130, 20
130, 21
130, 26
130, 32
130, 34
130, 36
130, 39
130, 40
130, 42
130, 43
130, 44
130, 46
130, 47
130, 48
132, 4
132, 8
132, 9
132, 13
132, 32
132, 36
132, 47
132, 54
132, 57
132, 60
132, 84
132, 89
132, 108
132, 116
132, 118
132, 120
132, 123
132, 128
132, 131
132, 148
132, 156
132, 161
132, 176
132, 194
133, 33
133, 88
133, 405
133, 548
135, 4
135, 8
135, 13
135, 16
135, 32
135, 36
135, 47
135, 54
135, 57
135, 60
135, 63
135, 77
135, 84
135, 89
135, 92
135, 96
135, 98
135, 103
135, 105
135, 108
135, 116
135, 118
135, 120
135, 121
137, 3
137, 4
137, 6
137, 8
137, 9
137, 14
137, 15
137, 20
137, 26
137, 32
137, 39
137, 42
137, 43
137, 44
137, 46
137, 47
137, 50
137, 51
137, 52
137, 53
137, 54
137, 59
137, 60
137, 62
142, 3
142, 4
142, 5
142, 6
142, 7
142, 8
142, 9
142, 10
142, 11
142, 13
142, 14
142, 15
142, 16
142, 17
142, 18
142, 19
142, 20
142, 21
142, 22
142, 23
142, 24
142, 26
142, 31
142, 32
143, 3
143, 4
143, 5
143, 6
143, 7
143, 8
143, 9
143, 10
143, 11
143, 13
143, 14
143, 15
143, 16
143, 17
143, 18
143, 20
143, 21
143, 23
143, 26
143, 31
143, 32
143, 33
143, 34
143, 35
146, 3
146, 4
146, 5
146, 6
146, 8
146, 9
146, 12
146, 13
146, 14
146, 15
146, 17
146, 18
146, 20
146, 21
146, 23
146, 26
146, 31
146, 32
146, 34
146, 35
146, 36
146, 39
146, 40
146, 41
154, 3
154, 6
154, 14
154, 20
154, 26
154, 34
154, 39
154, 42
154, 44
154, 49
154, 50
154, 51
154, 53
154, 59
154, 62
154, 67
154, 72
154, 75
154, 76
154, 78
154, 85
154, 87
154, 99
154, 100
158, 3
158, 6
158, 14
158, 20
158, 26
158, 34
158, 39
158, 42
158, 44
158, 49
158, 50
158, 51
158, 53
158, 59
158, 62
158, 67
158, 75
158, 76
158, 78
158, 85
158, 87
158, 99
158, 107
158, 111
162, 26
162, 34
162, 48
162, 49
162, 51
162, 53
162, 75
162, 78
162, 85
162, 90
162, 107
162, 112
162, 114
162, 117
162, 139
162, 147
162, 151
162, 153
162, 164
162, 167
162, 180
162, 181
162, 190
162, 202
169, 3
169, 4
169, 5
169, 6
169, 8
169, 9
169, 12
169, 13
169, 14
169, 15
169, 16
169, 17
169, 18
169, 20
169, 21
169, 22
169, 23
169, 26
169, 31
169, 32
169, 33
169, 34
169, 35
169, 36
170, 57
170, 60
170, 92
170, 131
170, 166
170, 176
170, 213
170, 240
170, 257
170, 260
170, 264
170, 310
170, 317
170, 321
170, 361
170, 403
170, 483
170, 489
170, 510
170, 540
170, 570
170, 575
171, 3
171, 4
171, 5
171, 6
171, 8
171, 9
171, 12
171, 13
171, 14
171, 15
171, 16
171, 17
171, 18
171, 20
171, 21
171, 23
171, 26
171, 31
171, 32
171, 34
171, 35
171, 36
171, 39
171, 40
173, 17
173, 21
173, 26
173, 34
173, 40
173, 41
173, 45
173, 48
173, 49
173, 51
173, 53
173, 65
173, 66
173, 70
173, 73
173, 74
173, 75
173, 78
173, 85
173, 90
173, 106
173, 107
173, 112
173, 114
179, 4
179, 5
179, 9
179, 12
179, 14
179, 15
179, 17
179, 18
179, 21
179, 26
179, 32
179, 34
179, 39
179, 40
179, 41
179, 42
179, 43
179, 44
179, 45
179, 46
179, 47
179, 48
179, 49
179, 50
188, 18
188, 41
188, 45
188, 65
188, 66
188, 70
188, 73
188, 115
188, 165
188, 168
188, 178
188, 182
188, 185
188, 210
188, 238
188, 248
188, 256
188, 263
188, 292
188, 299
188, 320
188, 323
188, 327
188, 339
191, 12
191, 13
191, 15
191, 17
191, 18
191, 21
191, 32
191, 34
191, 36
191, 39
191, 40
191, 41
191, 42
191, 43
191, 44
191, 45
191, 46
191, 47
191, 48
191, 49
191, 50
191, 51
191, 52
191, 53
193, 1
193, 2
193, 5
193, 7
193, 11
193, 12
193, 13
193, 15
193, 16
193, 17
193, 18
193, 19
193, 21
193, 22
193, 23
193, 24
193, 31
193, 32
193, 33
193, 34
193, 35
193, 36
193, 39
193, 40
196, 15
196, 39
196, 42
196, 43
196, 44
196, 46
196, 47
196, 49
196, 50
196, 51
196, 52
196, 53
196, 54
196, 59
196, 60
196, 62
196, 67
196, 72
196, 75
196, 76
196, 78
196, 84
196, 85
196, 87
197, 39
197, 42
197, 59
197, 72
197, 76
197, 109
197, 140
197, 199
197, 219
197, 231
197, 241
197, 259
197, 268
197, 289
197, 316
197, 329
197, 341
197, 346
197, 356
197, 363
197, 367
197, 427
197, 428
197, 442
198, 5
198, 12
198, 13
198, 15
198, 16
198, 17
198, 18
198, 21
198, 22
198, 23
198, 31
198, 33
198, 34
198, 35
198, 36
198, 39
198, 40
198, 41
198, 42
198, 43
198, 44
198, 45
198, 46
198, 47
208, 36
208, 47
208, 54
208, 57
208, 60
208, 84
208, 89
208, 108
208, 120
208, 128
208, 131
208, 148
208, 156
208, 161
208, 176
208, 194
208, 200
208, 201
208, 206
208, 209
208, 213
208, 223
208, 232
208, 240
215, 2
215, 5
215, 7
215, 11
215, 12
215, 16
215, 17
215, 18
215, 22
215, 23
215, 24
215, 31
215, 33
215, 34
215, 35
215, 36
215, 39
215, 40
215, 41
215, 42
215, 43
215, 44
215, 45
215, 46
217, 12
217, 16
217, 34
217, 36
217, 42
217, 43
217, 44
217, 46
217, 47
217, 48
217, 49
217, 50
217, 51
217, 52
217, 53
217, 54
217, 57
217, 59
217, 60
217, 62
217, 67
217, 72
217, 75
217, 76
220, 16
220, 36
220, 42
220, 43
220, 44
220, 46
220, 47
220, 50
220, 51
220, 52
220, 53
220, 54
220, 57
220, 59
220, 60
220, 62
220, 67
220, 72
220, 75
220, 76
220, 77
220, 78
220, 84
220, 87
221, 5
221, 7
221, 10
221, 11
221, 16
221, 18
221, 23
221, 24
221, 31
221, 33
221, 35
221, 36
221, 40
221, 41
221, 42
221, 43
221, 44
221, 45
221, 46
221, 47
221, 48
221, 49
221, 50
221, 51
222, 5
222, 7
222, 10
222, 11
222, 16
222, 18
222, 19
222, 23
222, 24
222, 31
222, 33
222, 35
222, 36
222, 40
222, 41
222, 42
222, 43
222, 44
222, 45
222, 46
222, 47
222, 48
222, 49
222, 50
224, 44
224, 53
224, 59
224, 62
224, 67
224, 72
224, 76
224, 78
224, 87
224, 99
224, 111
224, 113
224, 114
224, 125
224, 139
224, 140
224, 153
224, 164
224, 177
224, 199
224, 231
224, 241
224, 244
224, 255
229, 5
229, 10
229, 12
229, 18
229, 31
229, 35
229, 40
229, 41
229, 43
229, 44
229, 45
229, 46
229, 47
229, 48
229, 49
229, 50
229, 51
229, 52
229, 53
229, 54
229, 57
229, 58
229, 59
229, 60
243, 5
243, 7
243, 10
243, 11
243, 18
243, 22
243, 23
243, 31
243, 33
243, 35
243, 40
243, 41
243, 43
243, 44
243, 45
243, 46
243, 47
243, 48
243, 49
243, 50
243, 51
243, 53
243, 54
243, 57
245, 2
245, 5
245, 7
245, 10
245, 12
245, 22
245, 23
245, 24
245, 31
245, 33
245, 35
245, 40
245, 41
245, 43
245, 44
245, 45
245, 46
245, 47
245, 48
245, 49
245, 50
245, 51
245, 52
245, 53
251, 49
251, 50
251, 51
251, 53
251, 59
251, 62
251, 67
251, 72
251, 75
251, 76
251, 78
251, 85
251, 87
251, 99
251, 107
251, 111
251, 112
251, 113
251, 114
251, 122
251, 125
251, 139
251, 140
251, 147
261, 43
261, 46
261, 47
261, 52
261, 54
261, 57
261, 59
261, 60
261, 72
261, 76
261, 77
261, 84
261, 87
261, 89
261, 92
261, 96
261, 98
261, 99
261, 100
261, 108
261, 109
261, 111
261, 113
261, 116
270, 5
270, 12
270, 40
270, 41
270, 43
270, 45
270, 46
270, 48
270, 49
270, 50
270, 51
270, 52
270, 53
270, 54
270, 57
270, 58
270, 59
270, 60
270, 62
270, 65
270, 66
270, 67
270, 70
270, 72
274, 48
274, 49
274, 53
274, 75
274, 78
274, 85
274, 90
274, 106
274, 107
274, 114
274, 117
274, 139
274, 147
274, 151
274, 167
274, 180
274, 181
274, 190
274, 202
274, 203
274, 212
274, 214
274, 218
274, 228
276, 54
276, 57
276, 60
276, 77
276, 89
276, 92
276, 98
276, 103
276, 105
276, 108
276, 121
276, 131
276, 149
276, 160
276, 166
276, 172
276, 174
276, 175
276, 176
276, 186
276, 187
276, 189
276, 194
276, 211
277, 10
277, 12
277, 40
277, 41
277, 43
277, 45
277, 46
277, 48
277, 49
277, 50
277, 51
277, 52
277, 53
277, 54
277, 57
277, 58
277, 59
277, 60
277, 62
277, 65
277, 66
277, 67
277, 70
277, 72
281, 2
281, 7
281, 10
281, 11
281, 12
281, 19
281, 22
281, 23
281, 24
281, 31
281, 33
281, 35
281, 41
281, 45
281, 46
281, 48
281, 49
281, 50
281, 51
281, 52
281, 53
281, 54
281, 57
281, 58
287, 7
287, 10
287, 11
287, 22
287, 23
287, 24
287, 31
287, 33
287, 35
287, 41
287, 45
287, 46
287, 48
287, 49
287, 50
287, 51
287, 52
287, 53
287, 54
287, 57
287, 58
287, 59
287, 60
287, 61
291, 54
291, 60
291, 72
291, 76
291, 84
291, 89
291, 109
291, 116
291, 118
291, 120
291, 123
291, 128
291, 131
291, 140
291, 141
291, 148
291, 156
291, 161
291, 176
291, 194
291, 195
291, 200
291, 206
291, 209
293, 31
293, 35
293, 41
293, 45
293, 48
293, 51
293, 53
293, 58
293, 62
293, 65
293, 66
293, 70
293, 73
293, 74
293, 75
293, 78
293, 80
293, 85
293, 90
293, 91
293, 99
293, 106
293, 107
293, 110
297, 12
297, 41
297, 48
297, 50
297, 51
297, 52
297, 54
297, 57
297, 59
297, 60
297, 62
297, 65
297, 66
297, 67
297, 70
297, 72
297, 73
297, 74
297, 75
297, 76
297, 77
297, 78
297, 84
297, 85
305, 52
305, 54
305, 59
305, 60
305, 72
305, 76
305, 84
305, 89
305, 100
305, 109
305, 116
305, 118
305, 120
305, 123
305, 128
305, 131
305, 136
305, 140
305, 141
305, 145
305, 148
305, 156
305, 159
305, 161
308, 12
308, 31
308, 35
308, 41
308, 45
308, 50
308, 52
308, 54
308, 57
308, 58
308, 59
308, 60
308, 62
308, 65
308, 66
308, 67
308, 70
308, 72
308, 73
308, 74
308, 75
308, 76
308, 77
308, 78
309, 31
309, 35
309, 58
309, 61
309, 80
309, 91
309, 104
309, 110
309, 124
309, 129
309, 144
309, 182
309, 205
309, 207
309, 225
309, 233
309, 258
309, 279
309, 292
309, 304
309, 336
309, 339
309, 354
309, 355
315, 7
315, 10
315, 11
315, 23
315, 31
315, 33
315, 35
315, 45
315, 57
315, 58
315, 59
315, 60
315, 61
315, 62
315, 63
315, 65
315, 66
315, 67
315, 70
315, 72
315, 73
315, 74
315, 75
315, 76
332, 45
332, 52
332, 59
332, 60
332, 62
332, 65
332, 66
332, 67
332, 70
332, 72
332, 73
332, 74
332, 75
332, 76
332, 78
332, 84
332, 85
332, 87
332, 89
332, 90
332, 99
332, 100
332, 106
332, 107
333, 65
333, 66
333, 70
333, 73
333, 74
333, 106
333, 117
333, 163
333, 165
333, 168
333, 184
333, 185
333, 203
333, 226
333, 256
333, 263
333, 299
333, 337
333, 345
333, 349
333, 369
333, 380
333, 386
333, 387
338, 62
338, 67
338, 72
338, 74
338, 75
338, 76
338, 78
338, 84
338, 85
338, 87
338, 90
338, 99
338, 100
338, 106
338, 107
338, 109
338, 111
338, 112
338, 113
338, 114
338, 116
338, 117
338, 118
338, 120
342, 1
342, 2
342, 7
342, 10
342, 11
342, 19
342, 22
342, 23
342, 24
342, 33
342, 35
342, 45
342, 52
342, 57
342, 58
342, 60
342, 61
342, 62
342, 63
342, 65
342, 66
342, 67
342, 70
342, 72
343, 72
343, 76
343, 100
343, 109
343, 116
343, 118
343, 120
343, 123
343, 128
343, 140
343, 141
343, 145
343, 195
343, 199
343, 200
343, 206
343, 209
343, 219
343, 230
343, 231
343, 232
343, 241
343, 247
343, 252
344, 62
344, 67
344, 75
344, 78
344, 85
344, 87
344, 99
344, 107
344, 112
344, 114
344, 117
344, 122
344, 125
344, 139
344, 147
344, 151
344, 153
344, 164
344, 167
344, 177
344, 180
344, 181
344, 190
344, 192
357, 52
357, 57
357, 72
357, 76
357, 84
357, 89
357, 92
357, 100
357, 108
357, 109
357, 116
357, 118
357, 120
357, 123
357, 128
357, 131
357, 136
357, 140
357, 141
357, 145
357, 148
357, 156
357, 159
357, 161
362, 7
362, 10
362, 11
362, 22
362, 23
362, 33
362, 35
362, 45
362, 57
362, 58
362, 61
362, 62
362, 63
362, 65
362, 66
362, 67
362, 70
362, 73
362, 74
362, 75
362, 76
362, 77
362, 78
362, 80
368, 75
368, 78
368, 85
368, 90
368, 106
368, 107
368, 112
368, 114
368, 117
368, 139
368, 147
368, 151
368, 153
368, 164
368, 167
368, 180
368, 181
368, 190
368, 202
368, 203
368, 212
368, 214
368, 218
368, 228
376, 2
376, 7
376, 10
376, 11
376, 19
376, 22
376, 23
376, 24
376, 33
376, 35
376, 45
376, 52
376, 58
376, 61
376, 62
376, 63
376, 65
376, 66
376, 67
376, 70
376, 73
376, 74
376, 75
376, 76
379, 62
379, 67
379, 76
379, 84
379, 87
379, 89
379, 99
379, 100
379, 109
379, 111
379, 113
379, 116
379, 118
379, 120
379, 123
379, 125
379, 128
379, 131
379, 136
379, 140
379, 141
379, 145
379, 148
379, 153
382, 75
382, 78
382, 85
382, 107
382, 114
382, 139
382, 147
382, 167
382, 180
382, 181
382, 190
382, 202
382, 212
382, 214
382, 218
382, 228
382, 234
382, 239
382, 249
382, 280
382, 288
382, 314
382, 331
382, 334
389, 75
389, 107
389, 117
389, 147
389, 151
389, 167
389, 180
389, 181
389, 212
389, 214
389, 218
389, 228
389, 234
389, 249
389, 280
389, 288
389, 296
389, 334
389, 369
389, 381
389, 396
389, 411
389, 417
389, 430
391, 10
391, 52
391, 58
391, 62
391, 65
391, 66
391, 67
391, 70
391, 73
391, 74
391, 75
391, 78
391, 84
391, 85
391, 87
391, 89
391, 90
391, 99
391, 100
391, 106
391, 107
391, 108
391, 109
391, 111
394, 52
394, 58
394, 65
394, 66
394, 67
394, 70
394, 73
394, 74
394, 78
394, 80
394, 84
394, 85
394, 87
394, 89
394, 90
394, 99
394, 100
394, 106
394, 107
394, 109
394, 110
394, 111
394, 112
394, 113
395, 7
395, 10
395, 11
395, 22
395, 33
395, 52
395, 58
395, 61
395, 63
395, 65
395, 66
395, 67
395, 70
395, 73
395, 74
395, 77
395, 78
395, 80
395, 81
395, 83
395, 84
395, 85
395, 87
395, 88
397, 78
397, 85
397, 90
397, 107
397, 112
397, 114
397, 117
397, 139
397, 147
397, 151
397, 153
397, 164
397, 167
397, 180
397, 181
397, 190
397, 202
397, 212
397, 214
397, 218
397, 228
397, 234
397, 236
397, 239
400, 85
400, 87
400, 99
400, 100
400, 107
400, 109
400, 111
400, 112
400, 113
400, 114
400, 116
400, 118
400, 122
400, 123
400, 125
400, 139
400, 140
400, 145
400, 147
400, 153
400, 164
400, 177
400, 180
400, 181
414, 106
414, 163
414, 184
414, 226
414, 256
414, 263
414, 299
414, 380
414, 387
414, 424
414, 431
414, 460
414, 465
414, 490
414, 505
414, 516
414, 526
414, 541
416, 58
416, 65
416, 66
416, 70
416, 73
416, 74
416, 77
416, 80
416, 84
416, 85
416, 87
416, 89
416, 90
416, 91
416, 92
416, 95
416, 96
416, 98
416, 99
416, 100
416, 103
416, 105
416, 106
416, 107
421, 84
421, 85
421, 87
421, 89
421, 99
421, 100
421, 107
421, 109
421, 111
421, 112
421, 113
421, 114
421, 116
421, 118
421, 120
421, 122
421, 123
421, 125
421, 128
421, 131
421, 136
421, 139
421, 140
421, 141
425, 74
425, 85
425, 87
425, 90
425, 99
425, 100
425, 106
425, 107
425, 109
425, 111
425, 112
425, 113
425, 114
425, 116
425, 117
425, 118
425, 122
425, 123
425, 125
425, 139
425, 140
425, 145
425, 147
425, 151
426, 74
426, 77
426, 84
426, 85
426, 87
426, 89
426, 90
426, 92
426, 96
426, 98
426, 99
426, 100
426, 106
426, 107
426, 108
426, 109
426, 111
426, 112
426, 113
426, 114
426, 116
426, 117
426, 118
426, 120
429, 74
429, 84
429, 87
429, 89
429, 90
429, 99
429, 100
429, 106
429, 108
429, 109
429, 111
429, 112
429, 113
429, 114
429, 116
429, 117
429, 118
429, 120
429, 122
429, 123
429, 125
429, 128
429, 131
429, 136
435, 10
435, 58
435, 65
435, 66
435, 70
435, 73
435, 74
435, 77
435, 80
435, 84
435, 87
435, 89
435, 90
435, 92
435, 96
435, 98
435, 99
435, 100
435, 106
435, 108
435, 109
435, 110
435, 111
435, 112
436, 1
436, 2
436, 7
436, 11
436, 19
436, 22
436, 24
436, 33
436, 58
436, 61
436, 63
436, 65
436, 66
436, 70
436, 73
436, 74
436, 77
436, 80
436, 81
436, 83
436, 84
436, 87
436, 88
436, 89
438, 74
438, 106
438, 117
438, 163
438, 184
438, 203
438, 226
438, 256
438, 263
438, 299
438, 337
438, 345
438, 349
438, 380
438, 387
438, 424
438, 431
438, 451
438, 460
438, 465
438, 490
438, 505
438, 512
438, 516
443, 2
443, 7
443, 11
443, 22
443, 24
443, 33
443, 58
443, 61
443, 63
443, 65
443, 66
443, 70
443, 73
443, 74
443, 77
443, 80
443, 81
443, 83
443, 87
443, 88
443, 89
443, 90
443, 91
443, 92
450, 7
450, 10
450, 11
450, 33
450, 58
450, 63
450, 65
450, 66
450, 70
450, 73
450, 77
450, 80
450, 81
450, 88
450, 89
450, 90
450, 91
450, 92
450, 95
450, 96
450, 98
450, 99
450, 100
450, 103
459, 77
459, 89
459, 92
459, 96
459, 98
459, 103
459, 105
459, 108
459, 109
459, 116
459, 118
459, 120
459, 121
459, 123
459, 128
459, 131
459, 136
459, 140
459, 141
459, 145
459, 148
459, 149
459, 156
459, 159
461, 58
461, 65
461, 66
461, 70
461, 73
461, 77
461, 80
461, 89
461, 90
461, 91
461, 92
461, 95
461, 96
461, 98
461, 99
461, 100
461, 103
461, 105
461, 106
461, 108
461, 109
461, 110
461, 111
461, 112
467, 58
467, 73
467, 90
467, 99
467, 100
467, 106
467, 109
467, 111
467, 112
467, 113
467, 114
467, 115
467, 116
467, 117
467, 118
467, 119
467, 120
467, 122
467, 123
467, 124
467, 125
467, 128
467, 136
467, 138
468, 1
468, 2
468, 7
468, 10
468, 11
468, 19
468, 22
468, 24
468, 33
468, 61
468, 63
468, 73
468, 77
468, 80
468, 81
468, 83
468, 88
468, 90
468, 91
468, 92
468, 95
468, 96
468, 98
468, 99
472, 100
472, 109
472, 111
472, 112
472, 113
472, 114
472, 116
472, 118
472, 122
472, 123
472, 125
472, 139
472, 140
472, 145
472, 153
472, 164
472, 177
472, 181
472, 190
472, 192
472, 199
472, 202
472, 212
472, 219
474, 100
474, 109
474, 111
474, 113
474, 116
474, 118
474, 120
474, 123
474, 125
474, 128
474, 131
474, 136
474, 140
474, 141
474, 145
474, 148
474, 156
474, 159
474, 161
474, 177
474, 194
474, 195
474, 199
474, 200
475, 22
475, 61
475, 63
475, 73
475, 77
475, 80
475, 81
475, 88
475, 90
475, 91
475, 92
475, 95
475, 98
475, 100
475, 103
475, 104
475, 105
475, 106
475, 108
475, 109
475, 110
475, 111
475, 112
475, 113
486, 106
486, 117
486, 151
486, 163
486, 167
486, 203
486, 214
486, 288
486, 296
486, 369
486, 380
486, 381
486, 417
486, 430
486, 451
486, 505
486, 512
486, 516
486, 532
486, 538
486, 563
488, 112
488, 114
488, 125
488, 139
488, 147
488, 151
488, 153
488, 164
488, 167
488, 180
488, 181
488, 190
488, 202
488, 212
488, 214
488, 218
488, 228
488, 234
488, 236
488, 239
488, 242
488, 244
488, 249
488, 275
491, 11
491, 33
491, 61
491, 63
491, 73
491, 77
491, 80
491, 81
491, 88
491, 91
491, 92
491, 95
491, 96
491, 98
491, 103
491, 104
491, 105
491, 106
491, 108
491, 109
491, 110
491, 111
491, 112
491, 113
497, 111
497, 112
497, 113
497, 114
497, 117
497, 122
497, 125
497, 139
497, 140
497, 147
497, 151
497, 153
497, 164
497, 167
497, 177
497, 180
497, 181
497, 190
497, 192
497, 199
497, 202
497, 212
497, 214
497, 218
498, 117
498, 163
498, 167
498, 184
498, 203
498, 256
498, 263
498, 288
498, 299
498, 349
498, 369
498, 380
498, 417
498, 424
498, 430
498, 431
498, 451
498, 460
498, 465
498, 490
498, 505
498, 512
498, 516
498, 526
508, 80
508, 91
508, 110
508, 111
508, 112
508, 113
508, 114
508, 115
508, 117
508, 119
508, 122
508, 124
508, 125
508, 129
508, 134
508, 138
508, 139
508, 140
508, 147
508, 151
508, 152
508, 153
508, 157
508, 163
509, 115
509, 165
509, 168
509, 178
509, 210
509, 256
509, 263
509, 299
509, 345
509, 386
509, 387
509, 413
509, 419
509, 424
509, 440
509, 446
509, 453
509, 578
522, 108
522, 116
522, 118
522, 120
522, 123
522, 128
522, 131
522, 141
522, 148
522, 156
522, 161
522, 176
522, 194
522, 195
522, 200
522, 201
522, 206
522, 209
522, 213
522, 223
522, 230
522, 232
522, 241
522, 247
524, 112
524, 114
524, 117
524, 139
524, 147
524, 151
524, 153
524, 164
524, 167
524, 180
524, 181
524, 190
524, 202
524, 212
524, 214
524, 218
524, 228
524, 234
524, 239
524, 242
524, 244
524, 249
524, 280
524, 288
539, 114
539, 122
539, 125
539, 139
539, 147
539, 153
539, 164
539, 167
539, 180
539, 181
539, 190
539, 192
539, 202
539, 212
539, 214
539, 218
539, 228
539, 236
539, 239
539, 242
539, 244
539, 249
539, 275
539, 280
542, 77
542, 92
542, 96
542, 98
542, 103
542, 108
542, 116
542, 118
542, 120
542, 121
542, 128
542, 131
542, 148
542, 149
542, 156
542, 160
542, 161
542, 166
542, 172
542, 174
542, 175
542, 176
542, 186
542, 194
553, 61
553, 80
553, 81
553, 88
553, 91
553, 95
553, 104
553, 110
553, 111
553, 113
553, 114
553, 115
553, 116
553, 117
553, 118
553, 119
553, 120
553, 122
553, 123
553, 124
553, 125
553, 128
553, 129
553, 134
555, 77
555, 80
555, 91
555, 92
555, 98
555, 108
555, 110
555, 113
555, 114
555, 115
555, 116
555, 118
555, 119
555, 120
555, 122
555, 123
555, 124
555, 125
555, 128
555, 129
555, 131
555, 134
555, 136
555, 138
556, 1
556, 2
556, 11
556, 19
556, 22
556, 24
556, 61
556, 63
556, 80
556, 81
556, 83
556, 88
556, 91
556, 92
556, 95
556, 96
556, 98
556, 103
556, 104
556, 105
556, 108
556, 110
556, 113
556, 115
560, 113
560, 118
560, 120
560, 122
560, 123
560, 125
560, 128
560, 131
560, 136
560, 139
560, 140
560, 141
560, 145
560, 147
560, 148
560, 151
560, 153
560, 156
560, 159
560, 161
560, 164
560, 167
560, 176
560, 177
561, 120
561, 123
561, 128
561, 136
561, 140
561, 141
561, 145
561, 148
561, 156
561, 159
561, 161
561, 195
561, 199
561, 200
561, 206
561, 209
561, 219
561, 223
561, 230
561, 231
561, 232
561, 241
561, 247
561, 252
569, 88
569, 405
577, 92
577, 108
577, 120
577, 128
577, 131
577, 148
577, 156
577, 161
577, 166
577, 176
577, 194
577, 200
577, 201
577, 206
577, 209
577, 213
577, 223
577, 232
577, 240
577, 250
577, 252
577, 257
577, 260
577, 262
end