580
4
0, 0.06574471278988248, 0.7904786051806433
1, 0.5207415046823183, 0.5966805134355352
2, 0.3702783816839067, 0.36474107259921906
3, 0.6171410516279738, 0.3764407368848278
4, 0.3996535842439286, 0.7248901153756252
5, 0.767272187201804, 0.6959869687949821
6, 0.46847163480054277, 0.5458015907575648
7, 0.7250933664268433, 0.17557111914395884
8, 0.3846833858348163, 0.1820080147128953
9, 0.7784169386170778, 0.46643772330753186
10, 0.7092142743522959, 0.03631881705118556
11, 0.4654356632092139, 0.15105191751500657
12, 0.026161284013734964, 0.8927139436434155
13, 0.24294961107335022, 0.4182886778182072
14, 0.21755787666122528, 0.19667609099532812
15, 0.21226804127391152, 0.41551343189105105
16, 0.10801324960392045, 0.9332867707202724
17, 0.08608206668546281, 0.4110576286912192
18, 0.4669879685849051, 0.10129736734682648
19, 0.40208727824296175, 0.4315954638517985
20, 0.6047687451696669, 0.022763867489156042
21, 0.8205496115827371, 0.585661410266768
22, 0.47111548093434685, 0.23292935780298518
23, 0.34081702629506516, 0.4936552422282393
24, 0.7757375325357517, 0.6449064223987568
25, 0.45150908817562996, 0.03466829847441477
26, 0.7740619082337372, 0.15066514036149303
27, 0.8287476719071646, 0.11690656305800262
28, 0.6997264091036034, 0.4630229851737955
29, 0.8583700061111051, 0.8649850201699558
30, 0.024347141943986794, 0.8381604529228285
31, 0.7761059337338392, 0.30735769810269253
32, 0.38633562300200475, 0.012844085204560818
33, 0.783121285489595, 0.3081321855327185
34, 0.9976687604451244, 0.3502712440053586
35, 0.8739525002960904, 0.8878416461685287
36, 0.9840761279635457, 0.9384810644581587
37, 0.9293596757221524, 0.30875712206044204
38, 0.7233306416458102, 0.6682085128543515
39, 0.12981624787915358, 0.27709241839497256
40, 0.662459899576879, 0.6060127034950883
41, 0.03131538160596925, 0.17774513334114217
42, 0.8656600671813265, 0.40014778792788874
43, 0.2680805978382239, 0.8006390556023549
44, 0.00012104703365356517, 0.6941722022432906
45, 0.8088719915511341, 0.6328984603879425
46, 0.4900342488141588, 0.29782011422906474
47, 0.3203486691052323, 0.5495074357660099
48, 0.34787491570269047, 0.14269833247570907
49, 0.2155870080139014, 0.6390538653387784
50, 0.7805246689216007, 0.477103262947699
51, 0.7320671412728817, 0.019357764036087244
52, 0.38710156085118974, 0.42688961550332805
53, 0.12665333808851809, 0.2564377655045763
54, 0.5483248165461566, 0.3269086957034959
55, 0.43735184224971857, 0.2473372076460162
56, 0.6748410650523032, 0.4015657717128246
57, 0.08428006338513327, 0.659104165385445
58, 0.9134416149097604, 0.9591586720107923
59, 0.34806153845355425, 0.4091944074034176
60, 0.8788123693261177, 0.2852313860516873
61, 0.6687642211171574, 0.6407921229294572
62, 0.3629958054673029, 0.7374962570007433
63, 0.8560676451871531, 0.9752760688954912
64, 0.6964369991283944, 0.532675073540573
65, 0.32672059748044324, 0.2549877971168629
66, 0.13844340102909602, 0.6033865046437926
67, 0.617935787313119, 0.7287327308044692
68, 0.857960299902975, 0.7567628995752199
69, 0.658657275087892, 0.048003676743968215
70, 0.6948440850109533, 0.03299265595355583
71, 0.9451724439577855, 0.44025160899698135
72, 0.904570687054823, 0.6664260872303358
73, 0.7281154834734016, 0.5777554481474194
74, 0.7861443442918629, 0.5688315213995753
75, 0.8934961726531875, 0.934791141983174
76, 0.2953061645647792, 0.427717612966636
77, 0.40640222606714116, 0.15119555417553165
78, 0.11309453076667864, 0.23144610445505276
79, 0.3704035030624494, 0.052527473658109836
80, 0.01630068541096985, 0.9886043874106215
81, 0.1555857032107264, 0.1431820714113904
82, 0.6442020458754655, 0.5936968105340364
83, 0.6011190507739258, 0.9167778000121676
84, 0.7947236855352963, 0.3314458496905658
85, 0.5811809279801219, 0.6570604098895712
86, 0.9590517011965056, 0.17114605498153612
87, 0.8275205064118417, 0.02072239579185331
88, 0.37490818344538634, 0.06418431881239517
89, 0.9872792324753904, 0.3964092150637206
90, 0.693230758436627, 0.552258707643945
91, 0.887564855068205, 0.40944555096239643
92, 0.8973246860861508, 0.027013253965311956
93, 0.014205266581483356, 0.6969906751359225
94, 0.7042230756541328, 0.5050233296477586
95, 0.5855659954085457, 0.2067189323474823
96, 0.7411677492040896, 0.18586735118842923
97, 0.6360007053832164, 0.9926472703714674
98, 0.49027901675175445, 0.7381002260191445
99, 0.7288668438102373, 0.719153759203221
100, 0.5809208746823962, 0.2341010179868276
101, 0.242774263076879, 0.7041906902196872
102, 0.1195792615755168, 0.735699556244416
103, 0.9726800671692949, 0.47789147943612686
104, 0.8514989040301694, 0.6988146163661605
105, 0.6151606277101247, 0.11746491947826643
106, 0.5213163348670941, 0.6427853276273253
107, 0.27639337111734297, 0.006375396241359965
108, 0.10585514876699365, 0.9738383645005502
109, 0.28193367772412814, 0.6772150938395672
110, 0.6998425320353535, 0.5344434912261162
111, 0.32977309718070125, 0.5449251716287843
112, 0.7040668252393065, 0.49489795876777587
113, 0.325886815037544, 0.6151652960604578
114, 0.15582701893101358, 0.4298722268707559
115, 0.43248904036107216, 0.36115247528972394
116, 0.626915520250348, 0.849149188333864
117, 0.38091906035120326, 0.2880142883863571
118, 0.8792346747368164, 0.21043824446935655
119, 0.44946099708167486, 0.42673961618736
120, 0.5972212169732332, 0.9818181954575018
121, 0.22514385717659346, 0.6875578647306746
122, 0.3615786639543712, 0.3670449992730854
123, 0.029792496749986075, 0.7982776581955875
124, 0.5774615160342432, 0.5827211156329419
125, 0.9540475914745928, 0.027977250816507926
126, 0.9505552514390543, 0.689425041750403
127, 0.5141711980559845, 0.060401921792213265
128, 0.6797673054515606, 0.4922850218062057
129, 0.23862589282472046, 0.29122542938375884
130, 0.13843262903559062, 0.8952746562045735
131, 0.7027834873921162, 0.8982590164653439
132, 0.845094024794193, 0.09694910516243171
133, 0.634265828261281, 0.04211047354023123
134, 0.7308232300845533, 0.33890150996011237
135, 0.49356047447300067, 0.5215213579147444
136, 0.3775700579495014, 0.7148455440214957
137, 0.9667316638005158, 0.7330578707076972
138, 0.6210163469137012, 0.9376024238508145
139, 0.19324053285106013, 0.6018802397643631
140, 0.04108447680045202, 0.3633360061167973
141, 0.48433926267128036, 0.6196917811311857
142, 0.9233953779420329, 0.14970936098464338
143, 0.3608853964885915, 0.6361593482231019
144, 0.944925350777779, 0.15609594822251116
145, 0.43967132416909416, 0.8392552701643763
146, 0.30737863191566106, 0.6104552159640486
147, 0.16419145190703754, 0.19699159128714083
148, 0.0215595710690325, 0.9102762075289705
149, 0.9285133316949945, 0.6777640971231031
150, 0.9214535749937005, 0.2224780814848496
151, 0.20470390791152182, 0.9163518493050596
152, 0.011018426712755547, 0.16239713345456563
153, 0.4979496282168143, 0.6561022578834347
154, 0.7470895651492289, 0.14638013965184837
155, 0.21553351827073608, 0.802247392319718
156, 0.4109078685694487, 0.925587915683329
157, 0.6968813340618395, 0.7337686959247405
158, 0.4185074386227846, 0.9683874187879457
159, 0.7386685959896302, 0.9911924976713452
160, 0.932673180398192, 0.8189730903070754
161, 0.5991238203254194, 0.6710294757417357
162, 0.19774652724315822, 0.43837726916740893
163, 0.6861448018623999, 0.4495102948328382
164, 0.39424113668715355, 0.47423457855921813
165, 0.7904257924908284, 0.7941277238483383
166, 0.584215987001119, 0.4488924364635254
167, 0.3370848229824711, 0.26605339482416956
168, 0.6280639887717413, 0.0329146442280982
169, 0.3983434132661152, 0.1158353653056049
170, 0.6298066321309705, 0.2681746672899008
171, 0.39824139367289224, 0.06898890363236954
172, 0.24221285107300172, 0.8364688106977111
173, 0.4337368063365211, 0.9162196580965682
174, 0.47289530486969666, 0.10138636749694951
175, 0.5882669700254993, 0.3360161951760212
176, 0.6562863350606292, 0.3718545226282326
177, 0.8050810796900649, 0.2088109497405758
178, 0.5371900844544782, 0.9086254925980526
179, 0.6779207503361504, 0.38393197522221956
180, 0.20463267936100105, 0.8413603427893841
181, 0.7307753037353304, 0.3677352912579869
182, 0.46060150270517863, 0.8252747174273517
183, 0.6303843570162004, 0.16703996048765735
184, 0.5779352046692562, 0.48570700718022086
185, 0.9043509885951926, 0.33018345666874627
186, 0.8032194130134712, 0.6897069083597016
187, 0.7689286198118886, 0.8148463358313595
188, 0.43986240884227334, 0.20991642933192578
189, 0.9938903323977897, 0.32132816672866926
190, 0.3464468941028024, 0.2473854176291005
191, 0.10259913638349183, 0.31271875759372114
192, 0.5014093239303758, 0.7794648769919051
193, 0.7923792677433839, 0.26917853712786055
194, 0.22381581063696987, 0.2769245742699039
195, 0.2897653327272989, 0.4897395717898083
196, 0.5781721674588867, 0.2963543294437907
197, 0.6582628628020176, 0.377956374785138
198, 0.3383237530610149, 0.3222504950198768
199, 0.9208652954632178, 0.817571408242758
200, 0.7190102614526693, 0.8198271313400273
201, 0.4514272447245328, 0.9683535925946194
202, 0.7756317182922002, 0.025660816687439025
203, 0.8502296922842155, 0.3329223670577429
204, 0.09469327665743588, 0.7252928060823599
205, 0.9517214184315305, 0.8407912335119953
206, 0.8161103862361625, 0.4059922997223344
207, 0.9636725732849352, 0.6523995433662055
208, 0.7963886036762493, 0.284419189174525
209, 0.7669486078766901, 0.4696336462777905
210, 0.7495964560844023, 0.09661930226402038
211, 0.2455609871853398, 0.20281607138478275
212, 0.7057762791898202, 0.03600281808056782
213, 0.5052501217951391, 0.7568069777779387
214, 0.6002642029214111, 0.4599280933457831
215, 0.3932452456816158, 0.7901419353261875
216, 0.28860015326785604, 0.7323498530099511
217, 0.6130965020900535, 0.2758228577379549
218, 0.711953759450754, 0.2432356514356937
219, 0.7131367667349306, 0.7503240830605258
220, 0.6683117294557729, 0.812900425557468
221, 0.629972288672838, 0.6114366925372915
222, 0.136578751883644, 0.10085937857750782
223, 0.7421490832584084, 0.04093267088159802
224, 0.09276510404450489, 0.4028091580163855
225, 0.11477546654956206, 0.6675013142244259
226, 0.07528735990998536, 0.32083046335020227
227, 0.14280531632424398, 0.1583454738019059
228, 0.29744275248663055, 0.7130383805784128
229, 0.678642661986541, 0.903908924061808
230, 0.047060140000582895, 0.7255984872560898
231, 0.27504608195360714, 0.4822885687950371
232, 0.30071629880364026, 0.5501506440145897
233, 0.9049185204979855, 0.6538919251906926
234, 0.010344456572867644, 0.4656784654812295
235, 0.0869833516935602, 0.06058124173733914
236, 0.6376115113390761, 0.16486443054949007
237, 0.5026512055237853, 0.07738513935342717
238, 0.6032842658004811, 0.05061337768659424
239, 0.8171155060572763, 0.06254743500328397
240, 0.04120588739866693, 0.7866772192276895
241, 0.8472477669290813, 0.04788579856511932
242, 0.06963038284799716, 0.3688191822757081
243, 0.6669224448828442, 0.2724116476637466
244, 0.5696426383192609, 0.7099408035991958
245, 0.6735621402041776, 0.7892133299826095
246, 0.5844188111285298, 0.2220324887970908
247, 0.4784398690885443, 0.4343397173228172
248, 0.5876110608100369, 0.8407944020356252
249, 0.28591045126003245, 0.5809995688885274
250, 0.5014103542369825, 0.1772233650568884
251, 0.6663923679424093, 0.5052348846504107
252, 0.4444047882941181, 0.23671124830299906
253, 0.36795551741738686, 0.627716213590251
254, 0.501888382484835, 0.7681767241780282
255, 0.8818162483025441, 0.17280913980687984
256, 0.07849928481416102, 0.6064858322546922
257, 0.9136565891009022, 0.5028163671902117
258, 0.6963774035883671, 0.3890570256337975
259, 0.19663764289478403, 0.14305418308458318
260, 0.3800036420696984, 0.8080733734075249
261, 0.6375983934214396, 0.8339111749751289
262, 0.32727245535518124, 0.9698203042528938
263, 0.7209019282245647, 0.5507029154655674
264, 0.7835997475063022, 0.21031832693839958
265, 0.1326585593843299, 0.4954025390767939
266, 0.3311506711157556, 0.6912277700403228
267, 0.8902787423465648, 0.24828895827899045
268, 0.044586941258661916, 0.6278005572810594
269, 0.29972375781266436, 0.2799992365099918
270, 0.5952411043282434, 0.4689620611161812
271, 0.7176499342047201, 0.34431488106668995
272, 0.8164342154143431, 0.5581937170450143
273, 0.044508080734174116, 0.09647553657143615
274, 0.07395617244834018, 0.2254314109243607
275, 0.07810293594279383, 0.5280388878089505
276, 0.8063226853833494, 0.782965126428479
277, 0.7631231393621797, 0.9385065503452361
278, 0.26008355919787074, 0.29770827178459525
279, 0.22544161195054513, 0.7922406112680822
280, 0.030835083253754947, 0.9987662951831443
281, 0.6486225245902477, 0.5482588486018801
282, 0.49046552747682937, 0.2085941722124215
283, 0.21156304718909003, 0.6515987187963344
284, 0.44043189484852063, 0.5965539067137983
285, 0.35777155469170085, 0.5167837280521698
286, 0.3626964033064326, 0.7630418138188549
287, 0.9066575292628329, 0.5987761330745074
288, 0.6047007659360273, 0.18053429573170277
289, 0.9294448180618745, 0.7563944328739192
290, 0.20599108096219199, 0.8071054587897755
291, 0.37055524606592705, 0.060693063177875484
292, 0.6701172989821665, 0.7417326050994317
293, 0.05372266045393481, 0.11543650298711661
294, 0.27550920205248386, 0.6193428088522736
295, 0.5577096261851407, 0.043024192438074205
296, 0.9597358311730595, 0.8411367109402337
297, 0.5439029067392652, 0.22797090310176482
298, 0.350924310187133, 0.8612178259230314
299, 0.19871404812333238, 0.8954153887983827
300, 0.19223552230188612, 0.05098516233217054
301, 0.15898769931024204, 0.2496068243186239
302, 0.5313356559159388, 0.7676155708312702
303, 0.2533371982314231, 0.6318272857235563
304, 0.2579354003148575, 0.7328247862774857
305, 0.8572873261866696, 0.27524549072665283
306, 0.30409099970580167, 0.5778045690467717
307, 0.5962925374506811, 0.3581613545448469
308, 0.44739230377373984, 0.22819735187624468
309, 0.46312949965251593, 0.6562250802213561
310, 0.42132684489027383, 0.2069253689221765
311, 0.8742653554770723, 0.9486612991586216
312, 0.5740211661997215, 0.25608316083855
313, 0.8233655237341739, 0.755888321462935
314, 0.5693787210348967, 0.2219094039736782
315, 0.9697280823778793, 0.05149993257156171
316, 0.3921076522045607, 0.8096583727482674
317, 0.053595450968411784, 0.94902482209471
318, 0.2427180555377516, 0.5076550547263032
319, 0.7297949787001559, 0.25189289054823505
320, 0.4977764706753649, 0.8638378028715054
321, 0.31973653459060114, 0.21740995164220012
322, 0.9151167372107738, 0.23911600779622966
323, 0.5661944792866894, 0.4050687077518347
324, 0.8512199684031806, 0.35660479795184996
325, 0.22381476128980493, 0.4647945173513426
326, 0.08864084592336785, 0.05319838501485297
327, 0.18597364164950425, 0.3305152731255693
328, 0.7229625441554551, 0.6795853245241507
329, 0.1471302179224031, 0.07620703873919432
330, 0.28796555631371923, 0.41605552785742983
331, 0.07924015165324327, 0.003950999266720601
332, 0.9978010577569079, 0.12680815616137253
333, 0.020487133890540354, 0.15463818113831052
334, 0.2783858757287422, 0.2860774296983153
335, 0.6033719226347098, 0.15724045833650668
336, 0.2851733463548354, 0.810630708361327
337, 0.17469937207857533, 0.9501377187177299
338, 0.40716017841792296, 0.48208642915352296
339, 0.13866181496730012, 0.26506841543477044
340, 0.26740738442239564, 0.5148368139174468
341, 0.9966525298382952, 0.6583402808640911
342, 0.3109928823722744, 0.9236165697336811
343, 0.33805142589034776, 0.16687779375488898
344, 0.1656431035595345, 0.6490473548554118
345, 0.6367849559977772, 0.5115518121547784
346, 0.9182726950935941, 0.09508256523755632
347, 0.9775667380543756, 0.8162164241591199
348, 0.9925352088848222, 0.9362196499595554
349, 0.738477600613603, 0.9265798728315618
350, 0.06823712990178366, 0.06329181033020792
351, 0.6338011600644401, 0.25533690663147457
352, 0.41193446079028917, 0.4959679317264397
353, 0.8161894434278906, 0.30138122397791
354, 0.6294500797184531, 0.7197728070426145
355, 0.7576171491470853, 0.7182247831185277
356, 0.2996168468452022, 0.6009173164839917
357, 0.9212928675578469, 0.35865949675100384
358, 0.23062490373345024, 0.39978392090250947
359, 0.18138109586403517, 0.6860961603268597
360, 0.5873184415566952, 0.8561378815371059
361, 0.7069186966834599, 0.4252830227966047
362, 0.6290899810214066, 0.5061708286893979
363, 0.004865797081918921, 0.8946987227342315
364, 0.16673216670975233, 0.43378963372467094
365, 0.41073733917466393, 0.7937728631455152
366, 0.8189921996705202, 0.40229877747296083
367, 0.1093099346789721, 0.011469854767940157
368, 0.8570127486310963, 0.16468851802457674
369, 0.487036044841092, 0.6028320843031066
370, 0.38297772519689943, 0.686676399789516
371, 0.35630452335326523, 0.8382071449102987
372, 0.5901552442740036, 0.45375621897807994
373, 0.18392681682869394, 0.9585127046753201
374, 0.7404185022408143, 0.5168908004401529
375, 0.5200315489604083, 0.34366024545751817
376, 0.15220403065657118, 0.6474133937409673
377, 0.3095111741264166, 0.061700263657194165
378, 0.7656050419995627, 0.7811782922213342
379, 0.15824098544772847, 0.16490233506500462
380, 0.39695303804576454, 0.1467753281327756
381, 0.19228713307487666, 0.3155721056542776
382, 0.8940284823712966, 0.8537356960800454
383, 0.09262919587116691, 0.5961039678157394
384, 0.7366179254663354, 0.3704329069174074
385, 0.6203398848386961, 0.69249321741291
386, 0.8619790887668033, 0.9585815025661395
387, 0.9830044517012302, 0.91482366446413
388, 0.12776563662327534, 0.36997509261602235
389, 0.31287867532924696, 0.10031463890243797
390, 0.9491072067419566, 0.5052777836135971
391, 0.8912647332657438, 0.8266407241019217
392, 0.062042419379107705, 0.7476038334213542
393, 0.3950047369139752, 0.188469356247831
394, 0.8318041817142798, 0.4619243196920977
395, 0.46531218818134035, 0.12582393618021614
396, 0.40800251216239647, 0.4856396939616885
397, 0.18186343859792053, 0.33085984736562024
398, 0.751462676544938, 0.8611848922034866
399, 0.011406103805765788, 0.8800697083651063
400, 0.4540986204529417, 0.22363826664846032
401, 0.9531355413307695, 0.9222489425851561
402, 0.9001411603256695, 0.5853133260991382
403, 0.9776046883635001, 0.06760037051085088
404, 0.8824080007918059, 0.7730404073818338
405, 0.3471319544676261, 0.4039774870782834
406, 0.4825254256749524, 0.8712811434831672
407, 0.8011541787025767, 0.5061436880499964
408, 0.7159586712285352, 0.6701683140812882
409, 0.5778060198388102, 0.3204757375643096
410, 0.7702171826249089, 0.2330530888845359
411, 0.6808952817117686, 0.03313697869698207
412, 0.8211139753779412, 0.23387889422832575
413, 0.19143634520887165, 0.8861440694307843
414, 0.32053751880777825, 0.48106106139827853
415, 0.06095452434760451, 0.8555564118914519
416, 0.04561969477448791, 0.6827942383374546
417, 0.26352426822774977, 0.7478152304760649
418, 0.6137975589688781, 0.3332010534461286
419, 0.05421955392355848, 0.038562100005177125
420, 0.42697042879506575, 0.255641384551077
421, 0.13365982593364156, 0.45203765910499394
422, 0.12985943581995496, 0.6087074750633118
423, 0.17790430594048312, 0.8314056674433327
424, 0.03168802588912856, 0.12638297613236293
425, 0.3934757581213275, 0.6553432256071632
426, 0.4230607562080573, 0.17727463554829204
427, 0.7770378246152586, 0.04791769780551636
428, 0.529247484884883, 0.5626892424342507
429, 0.940879045844778, 0.8153784730342619
430, 0.1844349160469887, 0.282230511107171
431, 0.26047187469150634, 0.6700192598534277
432, 0.3916207278024688, 0.17158362986431686
433, 0.5456700680989194, 0.4790459728652162
434, 0.8978478801082279, 0.46529534072512746
435, 0.02949605679462841, 0.6046818937981686
436, 0.5491030558327457, 0.29956373558889604
437, 0.6803287339005539, 0.7692364523004941
438, 0.20366969719036065, 0.006631675677678084
439, 0.6626337610378599, 0.0515198851752634
440, 0.1889069548003821, 0.11595984196114262
441, 0.036663800247551226, 0.08865287689392842
442, 0.9622303503633908, 0.054282477361711434
443, 0.27571153912581825, 0.38532307647377884
444, 0.46896976376465227, 0.7014600461425753
445, 0.058034867754575226, 0.3317695939704932
446, 0.8212284616079458, 0.06740210686270909
447, 0.7762401557250385, 0.9594644523339821
448, 0.7233536723325409, 0.6342724204599929
449, 0.9330211054687314, 0.5313609096199233
450, 0.9750598078609817, 0.20449621327320822
451, 0.36057102024728227, 0.21487110887462046
452, 0.6201678277674566, 0.9984448208996803
453, 0.7571513602558366, 0.6926117169439931
454, 0.3629057167027748, 0.1444403056842034
455, 0.37913934718501974, 0.7167722534155354
456, 0.6158571875581074, 0.4482090931800823
457, 0.16785958434462622, 0.9365685572107626
458, 0.136272119265052, 0.954904465080152
459, 0.29477303644573893, 0.8627062472618371
460, 0.7670340354314669, 0.08545989606748594
461, 0.7221215608920992, 0.41075327110669635
462, 0.053023135810734146, 0.06097991127371627
463, 0.6430250593156832, 0.5682577556476638
464, 0.368424301008092, 0.000827979134915835
465, 0.6189638820917688, 0.3478399011921183
466, 0.2585797362496379, 0.7341391683721216
467, 0.26843354011697107, 0.26255040016475983
468, 0.7139254343605957, 0.29082829758827144
469, 0.5919727138625479, 0.9713266530073846
470, 0.32663454048917806, 0.26982825328602345
471, 0.24808487652290523, 0.10822440959808421
472, 0.2807109791940092, 0.719265179402885
473, 0.0034428516112139373, 0.6712109639957109
474, 0.12335436373635267, 0.414942444469411
475, 0.08251671826963258, 0.05085909666154176
476, 0.688979614271617, 0.29361570375512513
477, 0.13972285297216247, 0.15842775992387437
478, 0.40594756102615515, 0.7527803214114499
479, 0.7603782102915871, 0.5169801618708986
480, 0.534319906624855, 0.07266621271170814
481, 0.9075518150419438, 0.695445079217151
482, 0.0232584379012033, 0.7826047121897571
483, 0.04723818923319445, 0.04009491762873851
484, 0.18705782866402065, 0.364326493994665
485, 0.7563916320738012, 0.7942789506807466
486, 0.3562359185157953, 0.5618370998642473
487, 0.5127379223355096, 0.41488964477078505
488, 0.631737635961939, 0.05261322405454083
489, 0.792756988284013, 0.31616689872348525
490, 0.5970203735437113, 0.4293987213007331
491, 0.1915567056003813, 0.45427664410003243
492, 0.13803067516490275, 0.36127331749759906
493, 0.7100148433567592, 0.7155406949314986
494, 0.6907834301597816, 0.29956215693292665
495, 0.5077207486033943, 0.4816719313582877
496, 0.44499632770399977, 0.1800608122555183
497, 0.8257216347357632, 0.1466125810618536
498, 0.5543516019659549, 0.95146005161736
499, 0.44009773011258524, 0.44344186653107964
500, 0.5426941057552971, 0.34151425998477236
501, 0.9596759482599236, 0.9558482959841769
502, 0.7527458242594034, 0.3777987325092914
503, 0.08628306755052051, 0.061043174072089035
504, 0.6816582818995881, 0.13251140773658587
505, 0.766007762675157, 0.38683994683638667
506, 0.5673345543961322, 0.15360694442995615
507, 0.9222874988655356, 0.41845998629303915
508, 0.04234787930589046, 0.09794000471865105
509, 0.29866531197156365, 0.2327124263064485
510, 0.31133135259072486, 0.8630834579571502
511, 0.9068726995355417, 0.15663435673466763
512, 0.3485550503044357, 0.5455020895824875
513, 0.048981855204815794, 0.32987040952130586
514, 0.15685262089722507, 0.7825670146046185
515, 0.5409015984035479, 0.29038820717074576
516, 0.6028704733405044, 0.24067528974958718
517, 0.24552317428718784, 0.21968049283520175
518, 0.41771887709645295, 0.5991672962284686
519, 0.5144202043101045, 0.731676486930118
520, 0.3746950327544837, 0.6790622362852113
521, 0.25884601766450777, 0.6670862925215821
522, 0.8222713590591257, 0.15613084651834364
523, 0.5642759914209757, 0.8220614593012446
524, 0.29612765928914053, 0.2703711142593882
525, 0.7953884267161758, 0.5571392784842047
526, 0.1133326644244772, 0.5972630831440005
527, 0.9027745337602289, 0.2804162920928126
528, 0.933936526509984, 0.048672821189892246
529, 0.528124715127066, 0.6388663977475517
530, 0.9358969265436332, 0.8833954602672832
531, 0.7736017119644789, 0.883805482025606
532, 0.6534359591154063, 0.46151554157848895
533, 0.22797345601977181, 0.4474656717320744
534, 0.4366123146220904, 0.963035406187681
535, 0.1488470676566146, 0.29543941626466474
536, 0.4284529810766564, 0.19218931116734883
537, 0.6790855681386553, 0.17766787690928332
538, 0.9436367312567226, 0.9792519488242217
539, 0.008558425951106563, 0.728562555389412
540, 0.20580111006931756, 0.049352949099646604
541, 0.24991217007367317, 0.8058937203032505
542, 0.7709619524681042, 0.08685705259399867
543, 0.5971370524651373, 0.6330285339999909
544, 0.8344349618979673, 0.461344167772888
545, 0.8229055718033759, 0.904988099687979
546, 0.009968930611467752, 0.7091476673764545
547, 0.8861919353036156, 0.20029477788308436
548, 0.7363246198294049, 0.24882723971375187
549, 0.06979960480683023, 0.5278733831578888
550, 0.05304111267793876, 0.8057869662456283
551, 0.5245431554890786, 0.17071056914228788
552, 0.09209290756123556, 0.18886508174712868
553, 0.32380153832070135, 0.9248369165389003
554, 0.2446897396941209, 0.2507184289246368
555, 0.9796474122274035, 0.43371994662121116
556, 0.5763573809107195, 0.6491174794200573
557, 0.3956641911046125, 0.5927707736615211
558, 0.07780544990434601, 0.4898610728986773
559, 0.6912554532059957, 0.5687047215768265
560, 0.45961827792127485, 0.4741713730392414
561, 0.11388842176860758, 0.5436393479113799
562, 0.18735011529110035, 0.513504461196764
563, 0.6681916365072116, 0.38964139132784836
564, 0.8523242551078609, 0.6258519127378439
565, 0.5048053340924744, 0.34978640949936346
566, 0.40094666805696777, 0.8504068320894742
567, 0.05034607814447001, 0.6866973708917382
568, 0.5455491148240552, 0.14635587815859208
569, 0.889145733271681, 0.015805051468210873
570, 0.6742617527528779, 0.19418957098034662
571, 0.7997199757572322, 0.8000135555989653
572, 0.33983356701875755, 0.4952869112580649
573, 0.45996805939190644, 0.9131285063259449
574, 0.5848160954761666, 0.04953803580631322
575, 0.8029664706334204, 0.3645063958171031
576, 0.543152745002435, 0.7136072320734308
577, 0.7986671694973236, 0.34954199746378767
578, 0.3179527080401311, 0.35859476009347946
579, 0.23369449921335494, 0.33833332002395433
end_nodes
0, 1
0, 2
0, 3
0, 4
0, 5
0, 6
0, 7
0, 8
0, 9
0, 10
0, 11
0, 12
0, 13
0, 14
0, 15
0, 16
0, 17
0, 18
0, 19
0, 20
0, 21
0, 22
0, 23
0, 24
1, 9
1, 21
1, 40
1, 50
1, 64
1, 71
1, 73
1, 74
1, 82
1, 89
1, 90
1, 94
1, 103
1, 106
1, 110
1, 124
1, 141
1, 153
1, 221
1, 228
1, 257
1, 263
1, 266
2, 20
2, 22
2, 238
2, 250
2, 344
3, 6
3, 7
3, 9
3, 26
3, 27
3, 28
3, 31
3, 33
3, 34
3, 37
3, 42
3, 56
3, 60
3, 84
3, 86
3, 87
3, 89
3, 91
3, 92
3, 96
3, 111
3, 112
3, 113
4, 5
4, 24
4, 38
4, 62
4, 72
4, 149
4, 186
4, 207
4, 233
4, 244
4, 328
4, 341
4, 385
4, 408
4, 453
4, 576
5, 16
5, 29
5, 35
5, 36
5, 43
5, 58
5, 62
5, 63
5, 67
5, 68
5, 75
5, 80
5, 83
5, 97
5, 98
5, 99
5, 104
5, 108
5, 116
5, 120
5, 126
5, 130
6, 101
6, 109
6, 112
6, 113
6, 121
6, 128
6, 135
6, 143
6, 166
6, 184
6, 214
6, 251
6, 253
6, 270
6, 284
6, 345
6, 362
6, 372
6, 428
6, 431
6, 433
6, 456
7, 10
7, 19
7, 46
7, 47
7, 49
7, 51
7, 52
7, 54
7, 87
7, 95
7, 100
7, 102
7, 111
7, 115
7, 119
7, 154
7, 164
7, 170
7, 175
7, 183
7, 196
7, 202
8, 13
8, 14
8, 15
8, 18
8, 25
8, 32
8, 41
8, 48
8, 65
8, 77
8, 79
8, 81
8, 88
8, 107
8, 129
8, 147
8, 152
8, 167
8, 169
8, 171
8, 190
8, 194
8, 198
9, 28
9, 50
9, 56
9, 89
9, 91
9, 94
9, 101
9, 109
9, 112
9, 143
9, 179
9, 206
9, 209
9, 258
9, 361
9, 366
9, 369
9, 394
9, 428
9, 461
9, 507
10, 20
10, 22
10, 46
10, 51
10, 59
10, 69
10, 70
10, 95
10, 105
10, 115
10, 133
10, 168
10, 183
10, 195
10, 212
10, 236
10, 238
10, 282
10, 288
10, 297
10, 314
10, 335
11, 18
11, 20
11, 55
11, 76
11, 117
11, 122
11, 127
11, 139
11, 174
11, 188
11, 231
11, 237
11, 252
11, 295
11, 308
11, 310
11, 318
11, 330
11, 376
11, 395
11, 400
11, 420
11, 426
12, 16
12, 17
12, 30
12, 41
12, 44
12, 80
12, 93
12, 123
12, 140
12, 148
12, 152
12, 226
12, 230
12, 234
12, 240
12, 242
12, 268
12, 274
12, 275
12, 317
12, 363
12, 392
12, 399
13, 15
13, 167
13, 190
13, 204
13, 225
13, 325
13, 358
13, 443
13, 451
13, 470
13, 533
13, 562
14, 15
14, 17
14, 39
14, 53
14, 57
14, 66
14, 78
14, 114
14, 147
14, 162
14, 191
14, 194
14, 211
14, 224
14, 226
14, 256
14, 265
14, 274
14, 301
14, 321
14, 327
14, 339
15, 65
15, 66
15, 129
15, 162
15, 194
15, 225
15, 269
15, 278
15, 334
15, 358
15, 451
15, 470
15, 491
15, 524
15, 562
15, 579
16, 80
16, 130
16, 290
16, 299
16, 317
16, 371
16, 413
16, 415
16, 423
16, 459
16, 493
16, 510
16, 514
17, 191
17, 224
17, 226
17, 230
17, 240
17, 256
17, 275
17, 388
17, 416
17, 474
17, 492
17, 535
17, 549
17, 558
17, 567
18, 25
18, 77
18, 127
18, 174
18, 198
18, 237
18, 393
18, 395
18, 426
18, 578
19, 23
19, 49
19, 52
19, 54
19, 102
19, 164
19, 196
19, 232
19, 375
19, 565
19, 572
20, 25
20, 32
20, 51
20, 55
20, 70
20, 107
20, 122
20, 127
20, 133
20, 168
20, 212
20, 238
20, 250
20, 252
20, 295
20, 344
20, 400
20, 411
20, 464
20, 480
21, 24
21, 40
21, 45
21, 61
21, 73
21, 74
21, 82
21, 85
21, 103
21, 106
21, 136
21, 153
21, 161
21, 207
21, 216
21, 221
21, 228
21, 233
21, 257
21, 272
21, 287
21, 304
22, 59
22, 105
22, 195
22, 238
22, 282
22, 340
22, 405
22, 506
23, 52
23, 115
23, 572
24, 38
24, 45
24, 136
24, 161
24, 216
24, 233
24, 417
24, 444
24, 448
24, 455
24, 564
25, 32
25, 77
25, 127
25, 169
25, 171
25, 380
25, 432
26, 87
26, 92
26, 96
26, 218
26, 239
26, 241
26, 446
26, 569
27, 86
27, 92
27, 118
27, 125
27, 132
27, 142
27, 144
27, 177
27, 193
27, 255
27, 264
27, 315
27, 319
27, 332
27, 346
27, 368
27, 403
27, 410
27, 412
27, 442
27, 468
27, 476
27, 494
28, 112
28, 163
28, 209
29, 58
29, 75
30, 152
30, 234
30, 482
31, 33
31, 60
31, 86
31, 150
31, 208
31, 267
31, 305
31, 322
31, 353
31, 450
32, 79
32, 88
32, 107
32, 171
33, 353
34, 37
34, 89
34, 103
34, 176
34, 181
34, 185
34, 189
34, 197
34, 203
34, 207
34, 322
34, 324
34, 332
34, 341
34, 357
34, 384
34, 450
34, 502
34, 527
34, 555
34, 575
34, 577
35, 36
35, 58
35, 382
35, 401
35, 501
35, 538
36, 68
36, 104
36, 126
36, 137
36, 160
36, 199
36, 205
36, 289
36, 296
36, 313
36, 341
36, 347
36, 348
36, 382
36, 387
36, 391
36, 401
36, 404
36, 429
36, 481
36, 501
36, 530
37, 60
37, 84
37, 134
37, 176
37, 185
37, 203
37, 271
37, 489
37, 527
38, 233
38, 408
39, 191
39, 226
39, 301
40, 82
40, 221
41, 140
41, 147
41, 152
41, 274
41, 435
41, 445
41, 513
41, 552
42, 89
42, 91
42, 505
43, 67
43, 98
43, 130
43, 155
43, 172
43, 180
43, 192
43, 213
43, 215
43, 254
43, 260
43, 279
43, 286
43, 290
43, 302
43, 316
43, 336
43, 354
43, 365
43, 478
43, 514
43, 541
44, 93
44, 152
44, 234
44, 363
44, 399
44, 473
44, 539
44, 546
45, 564
46, 95
46, 100
46, 115
46, 246
46, 312
46, 314
46, 515
46, 516
47, 49
47, 102
47, 119
47, 249
48, 81
48, 107
48, 222
48, 235
48, 259
48, 273
48, 293
48, 300
48, 326
48, 329
48, 331
48, 343
48, 350
48, 367
48, 377
48, 389
48, 419
48, 424
48, 438
48, 440
48, 441
48, 462
48, 471
49, 102
49, 119
49, 164
49, 232
49, 249
49, 500
50, 94
50, 394
50, 544
51, 70
51, 87
51, 202
51, 210
51, 223
51, 464
51, 569
52, 115
52, 436
52, 565
53, 78
53, 226
53, 274
53, 339
54, 164
54, 196
54, 217
54, 351
54, 375
55, 122
55, 252
55, 420
55, 574
56, 179
56, 361
56, 563
57, 114
57, 256
57, 265
57, 383
57, 397
57, 421
57, 526
57, 561
58, 63
58, 75
58, 311
58, 386
58, 538
59, 105
59, 195
60, 305
60, 322
60, 353
60, 489
60, 527
61, 85
61, 136
61, 161
63, 97
63, 131
63, 159
63, 165
63, 187
63, 200
63, 229
63, 276
63, 277
63, 349
63, 355
63, 378
63, 386
63, 398
63, 447
63, 452
63, 485
63, 531
63, 538
63, 545
63, 571
64, 71
64, 103
64, 110
64, 374
64, 407
64, 434
64, 479
64, 555
65, 129
65, 269
65, 524
66, 327
66, 364
66, 381
66, 422
66, 484
66, 491
67, 213
67, 254
67, 302
68, 104
68, 313
68, 391
68, 404
69, 238
69, 282
69, 439
69, 488
69, 551
69, 568
71, 89
71, 281
71, 374
71, 555
72, 207
72, 341
73, 74
74, 257
74, 263
74, 272
74, 525
74, 559
75, 276
75, 311
76, 117
76, 139
76, 318
77, 432
78, 274
79, 88
79, 107
79, 291
79, 454
80, 83
80, 97
80, 108
80, 120
80, 138
80, 148
80, 151
80, 156
80, 158
80, 178
80, 201
80, 262
80, 280
80, 298
80, 317
80, 363
80, 452
80, 457
80, 458
80, 469
80, 498
81, 152
81, 227
81, 259
81, 333
81, 343
81, 379
81, 424
81, 477
83, 116
83, 138
83, 145
83, 178
83, 182
83, 220
83, 248
83, 320
83, 360
83, 406
83, 523
83, 566
84, 271
85, 136
86, 118
86, 142
86, 144
86, 150
86, 193
86, 208
86, 255
86, 332
86, 450
86, 511
86, 547
87, 96
87, 154
87, 202
87, 239
87, 241
87, 427
87, 446
87, 460
87, 542
87, 569
89, 91
89, 197
89, 281
89, 394
89, 502
89, 505
89, 507
89, 544
89, 555
90, 103
90, 124
90, 257
91, 179
91, 258
91, 366
92, 125
92, 132
92, 218
92, 569
93, 234
93, 473
93, 539
93, 546
95, 183
95, 246
95, 288
95, 314
95, 537
95, 570
97, 120
97, 200
97, 229
97, 277
97, 355
97, 447
97, 452
98, 354
98, 478
98, 514
98, 519
99, 116
99, 157
99, 182
99, 219
99, 245
99, 248
99, 261
99, 292
99, 437
99, 523
100, 246
100, 570
101, 109
101, 557
102, 249
102, 283
102, 285
103, 110
103, 207
103, 257
103, 287
103, 390
103, 402
103, 407
103, 434
103, 449
103, 479
103, 555
104, 126
104, 160
104, 199
104, 404
104, 429
104, 481
105, 506
106, 153
106, 221
106, 529
106, 543
107, 331
107, 377
107, 389
107, 438
107, 454
107, 464
108, 156
108, 173
108, 182
108, 298
108, 337
108, 342
108, 373
108, 457
108, 458
108, 553
108, 566
108, 573
109, 143
109, 253
111, 170
111, 175
111, 247
111, 294
111, 303
111, 306
111, 307
111, 323
111, 338
111, 352
111, 356
111, 359
111, 396
111, 409
111, 418
111, 465
111, 486
111, 487
111, 499
111, 512
111, 560
112, 128
112, 163
112, 209
112, 214
112, 251
112, 270
112, 362
112, 428
112, 456
112, 490
112, 532
113, 121
113, 146
113, 495
113, 521
114, 397
114, 526
115, 436
115, 515
116, 219
116, 220
116, 245
116, 248
116, 261
116, 437
117, 318
118, 193
118, 255
118, 368
118, 412
118, 547
119, 500
120, 138
120, 469
121, 146
121, 431
121, 521
122, 139
122, 188
122, 231
122, 420
122, 574
123, 140
123, 268
123, 274
123, 445
123, 513
124, 257
125, 132
125, 315
125, 442
125, 528
125, 569
126, 137
126, 149
126, 186
126, 289
126, 296
126, 341
126, 481
127, 237
127, 295
128, 184
128, 270
128, 362
129, 194
129, 278
129, 334
129, 467
129, 524
129, 579
130, 172
130, 180
130, 192
130, 290
130, 316
130, 371
130, 413
130, 493
131, 200
131, 229
131, 349
131, 398
133, 168
133, 238
134, 271
134, 489
135, 433
135, 490
136, 161
136, 216
137, 341
137, 347
138, 469
138, 498
139, 231
139, 318
140, 435
140, 513
141, 153
141, 228
141, 309
141, 370
141, 520
142, 144
143, 253
143, 284
143, 428
143, 518
144, 332
145, 182
145, 320
145, 406
145, 566
147, 274
147, 552
148, 363
149, 186
149, 244
149, 341
149, 453
150, 267
150, 450
151, 298
152, 227
152, 234
152, 273
152, 333
152, 379
152, 424
152, 441
152, 477
152, 482
152, 483
152, 508
153, 228
153, 309
153, 370
153, 543
155, 290
155, 514
156, 178
156, 573
157, 182
157, 523
158, 201
158, 262
158, 498
158, 534
159, 452
159, 538
160, 199
160, 429
161, 448
162, 484
162, 491
164, 217
164, 232
165, 355
165, 571
166, 372
166, 433
166, 456
166, 490
167, 190
167, 443
168, 212
168, 411
169, 171
169, 380
170, 175
170, 409
170, 499
172, 316
172, 336
173, 342
173, 373
173, 553
173, 566
173, 573
174, 237
175, 243
175, 338
175, 396
175, 409
175, 418
176, 181
176, 203
176, 324
176, 577
177, 193
177, 264
177, 410
177, 468
178, 566
178, 573
179, 258
179, 563
180, 290
180, 541
182, 292
182, 320
182, 523
182, 566
183, 236
183, 288
183, 537
184, 270
185, 203
186, 244
186, 576
187, 355
187, 378
187, 485
187, 545
188, 420
189, 332
189, 450
191, 226
191, 535
192, 215
192, 260
192, 302
192, 316
192, 365
193, 412
193, 468
193, 494
193, 497
193, 522
194, 211
194, 321
194, 467
194, 509
194, 517
194, 554
195, 297
195, 335
195, 340
195, 414
196, 375
197, 357
197, 384
197, 502
198, 393
200, 229
200, 355
200, 398
200, 485
200, 531
201, 469
201, 498
202, 210
202, 223
202, 427
202, 460
203, 577
204, 225
204, 533
205, 429
205, 481
206, 258
206, 366
206, 461
207, 233
207, 287
207, 328
207, 341
210, 223
211, 321
211, 517
212, 411
213, 254
214, 270
214, 456
215, 365
216, 417
216, 444
216, 455
217, 351
221, 529
222, 441
222, 462
224, 388
224, 430
225, 533
225, 562
226, 242
226, 274
226, 301
226, 339
226, 416
227, 379
227, 477
228, 266
228, 304
228, 370
228, 472
228, 520
228, 556
229, 277
229, 349
230, 240
233, 328
233, 385
233, 408
233, 564
234, 473
235, 326
235, 329
235, 350
235, 419
235, 462
235, 475
235, 483
235, 503
236, 504
238, 250
238, 282
238, 488
238, 551
238, 568
239, 446
240, 275
240, 558
241, 446
241, 569
242, 274
243, 307
243, 418
243, 465
245, 261
246, 570
247, 307
247, 418
247, 487
248, 360
248, 437
248, 523
251, 345
251, 428
252, 308
252, 400
254, 302
255, 368
255, 511
255, 547
256, 383
256, 421
256, 430
256, 474
256, 492
257, 263
257, 272
257, 463
257, 525
258, 366
258, 461
259, 424
260, 316
260, 365
261, 437
262, 498
262, 534
263, 463
263, 525
263, 559
264, 410
265, 397
266, 425
266, 472
267, 450
268, 274
269, 524
273, 293
273, 424
273, 440
273, 441
273, 508
274, 445
274, 552
275, 392
275, 558
276, 311
276, 386
277, 447
278, 334
278, 579
279, 286
279, 478
279, 514
280, 452
282, 439
282, 551
283, 285
284, 428
284, 518
286, 478
287, 402
289, 296
289, 481
290, 423
290, 514
290, 541
291, 454
293, 424
294, 303
294, 306
294, 356
294, 359
294, 486
295, 480
297, 335
297, 414
298, 457
299, 371
299, 413
300, 367
300, 438
300, 540
303, 306
303, 359
304, 466
304, 472
304, 556
305, 322
307, 418
307, 465
307, 487
308, 400
309, 370
310, 330
310, 426
310, 496
310, 536
310, 578
311, 386
312, 515
312, 516
313, 391
313, 530
315, 403
315, 442
316, 336
319, 468
319, 494
319, 548
321, 509
321, 517
321, 554
322, 450
322, 527
323, 352
323, 465
324, 577
325, 443
326, 329
326, 419
326, 471
326, 475
327, 364
327, 381
327, 422
330, 376
330, 496
330, 578
331, 367
331, 419
331, 438
331, 464
331, 483
332, 346
332, 403
332, 450
333, 424
334, 524
337, 342
337, 566
338, 409
340, 405
340, 414
341, 347
341, 348
341, 387
341, 453
342, 553
342, 566
345, 428
346, 403
347, 387
348, 501
348, 538
350, 462
350, 503
352, 465
355, 378
355, 485
355, 571
356, 486
357, 502
358, 470
360, 523
363, 399
364, 422
367, 438
370, 520
371, 413
371, 459
371, 493
372, 456
373, 553
374, 555
376, 578
378, 545
382, 401
383, 421
384, 575
385, 408
388, 430
388, 492
389, 438
390, 449
391, 530
392, 550
394, 507
394, 544
395, 426
396, 418
398, 531
402, 449
406, 566
407, 434
407, 479
409, 499
410, 468
412, 497
416, 549
416, 567
417, 444
419, 471
419, 475
419, 483
421, 561
423, 514
425, 472
426, 536
426, 578
427, 460
429, 481
430, 492
433, 490
434, 555
438, 540
440, 441
441, 462
441, 483
441, 508
442, 528
444, 455
445, 513
451, 470
452, 538
456, 490
457, 458
459, 493
460, 542
462, 483
464, 569
468, 494
468, 548
469, 498
474, 492
476, 494
478, 514
484, 491
486, 512
486, 560
488, 568
490, 532
497, 522
498, 534
501, 538
512, 560
514, 519
515, 516
517, 554
539, 546
549, 567
551, 568
566, 573
end