440
4
0, 0.9437698324948995, 0.6410820045036798
1, 0.7927287261917322, 0.8774548412970914
2, 0.01987420301851084, 0.288095745924256
3, 0.5229224746177421, 0.5934594645707268
4, 0.68308729687735, 0.5842747856171178
5, 0.23854866035872047, 0.8561694509509181
6, 0.22522758238920826, 0.11621053145658988
7, 0.3678038986513188, 0.8698089213111279
8, 0.4975821265250795, 0.06159779124340348
9, 0.5313466443351796, 0.015811878357548048
10, 0.43297813838795896, 0.39765177591064527
11, 0.24447327899774718, 0.1851298141304476
12, 0.6555044051668225, 0.2174541546449268
13, 0.4661193030998224, 0.8906690249491845
14, 0.33514058478351394, 0.3532651609468678
15, 0.3094665484268222, 0.41797655533745104
16, 0.4426043435200375, 0.8032487990516294
17, 0.5054296125668776, 0.6688724316623265
18, 0.43788755251050315, 0.7350284074392075
19, 0.5900323863176716, 0.26572362733681554
20, 0.9959597104138662, 0.35446342919710605
21, 0.06813911450550425, 0.26586539831539857
22, 0.9545170037592519, 0.8802185908116373
23, 0.708949787241597, 0.12482915875040257
24, 0.8969781027357139, 0.6101852060003494
25, 0.1638112427097672, 0.28230930644376606
26, 0.7124027181135467, 0.258308663064974
27, 0.1930445603015153, 0.8609083755178034
28, 0.3682629100198981, 0.22293905623774912
29, 0.8537736015704732, 0.842059541641047
30, 0.17750399575738096, 0.26211405643523245
31, 0.4496823734344556, 0.16267675153292183
32, 0.7015001187499021, 0.21924639028514847
33, 0.040184871077311946, 0.25632868300272427
34, 0.9394815264429963, 0.19907291570384533
35, 0.03971891267912364, 0.2345851094049186
36, 0.6741806839098288, 0.6416720476864193
37, 0.27118576692476093, 0.9751762624285719
38, 0.7438014472523644, 0.09774750483119898
39, 0.1759527690126006, 0.3401027838517696
40, 0.8504075588698532, 0.5642449997684659
41, 0.7909015103786401, 0.21107332133340218
42, 0.7556950769145825, 0.9581944932354468
43, 0.012369625675867302, 0.6154385336622578
44, 0.8695525077733508, 0.9977208290285297
45, 0.943241967088103, 0.9348081030340905
46, 0.7305086361400774, 0.0863787655555418
47, 0.6408337540561857, 0.8336431779720701
48, 0.23278661229416497, 0.7403054061466896
49, 0.08211500615250977, 0.7774028066598991
50, 0.13353016909153337, 0.45630024052945206
51, 0.7099647114221856, 0.20442808003452817
52, 0.3841309199402102, 0.08763634716294055
53, 0.5950336745433482, 0.6715054508383503
54, 0.9630913871112885, 0.46247264458622994
55, 0.9240887962223736, 0.556781944040368
56, 0.22682161954297664, 0.4955889061091917
57, 0.6459264649277785, 0.4600844003740413
58, 0.27621966144760357, 0.5801889409636664
59, 0.5944147853391657, 0.28121569107047606
60, 0.029393120649564675, 0.07035383735500245
61, 0.7904766648053554, 0.5874973417284117
62, 0.5288750235303082, 0.2164350201877996
63, 0.06755614652110531, 0.153363271023098
64, 0.8421019757511499, 0.4024147503477369
65, 0.9025818415664486, 0.3601257634114118
66, 0.8433210314995454, 0.8440057500799368
67, 0.17238882520464116, 0.8915572172965696
68, 0.10749614524825879, 0.7932085900897442
69, 0.7734293399781367, 0.12421720989242857
70, 0.577574604414413, 0.574407523681555
71, 0.5821899750818997, 0.37405553171306816
72, 0.9631521589354191, 0.010777215415008756
73, 0.0016399194013065888, 0.39953447855439017
74, 0.9039907998404724, 0.706322842545467
75, 0.43484029682760605, 0.5132043142318566
76, 0.7246074174501644, 0.6291520702312926
77, 0.2987685553579078, 0.12484645317050846
78, 0.31844809508617955, 0.4403909022137409
79, 0.11616791517405378, 0.5914351942195697
80, 0.08646233210121412, 0.916256677981394
81, 0.28332999394057246, 0.03509841020032345
82, 0.6893634786662863, 0.9922291285748227
83, 0.720875147848124, 0.792418791140117
84, 0.19810822512463244, 0.7689956539205277
85, 0.7013696039302653, 0.46557693531386946
86, 0.8866026902722965, 0.4976156953655404
87, 0.38369043588580853, 0.6141090306828509
88, 0.6247659300857636, 0.9281458026718882
89, 0.4973209413513746, 0.38903228798245804
90, 0.9962088000175522, 0.9661161176429254
91, 0.07653851523009925, 0.7749425264726965
92, 0.4792588300555979, 0.16332378799961733
93, 0.8726280828853497, 0.6372997320525889
94, 0.25284633379917043, 0.6816811524437337
95, 0.19893786409351233, 0.9241768270870566
96, 0.07664841361276487, 0.3329214012321171
97, 0.7948294246813115, 0.9042748535341301
98, 0.6811531267516853, 0.07451745937962861
99, 0.831804734011142, 0.44006964067054266
100, 0.7927734871002421, 0.6714370546355797
101, 0.8254504852658306, 0.9133196024940036
102, 0.5817438606948009, 0.6926954517057857
103, 0.600001803127575, 0.4482922392976658
104, 0.3755278745165028, 0.3976371303165459
105, 0.4666174330038121, 0.5628944445578341
106, 0.9389368371125374, 0.8623464368480103
107, 0.6877893204120025, 0.09552573580794033
108, 0.49424575673165916, 0.3778020475266822
109, 0.4255465504732694, 0.6289415888289454
110, 0.7968310328411495, 0.367810157408367
111, 0.36030940383050036, 0.6982936045034285
112, 0.5449493041176948, 0.36661890045337286
113, 0.7759975765763992, 0.7188752538508285
114, 0.08592668550544769, 0.29328991301722473
115, 0.47948275914032046, 0.9455910094899309
116, 0.09283508220828773, 0.5749894079679794
117, 0.5971952077591919, 0.04209299819712531
118, 0.16049088110607934, 0.2587367731172522
119, 0.5329775727546829, 0.7595557448003976
120, 0.8229604028432693, 0.6431925973000925
121, 0.6510455932156349, 0.598974110864273
122, 0.6856679505193982, 0.2045119190647965
123, 0.5693429976872081, 0.24716693080885066
124, 0.864852442048912, 0.5801766808755616
125, 0.10327941983018418, 0.2783834198387707
126, 0.5920369190452628, 0.27929858531378504
127, 0.6057454754415948, 0.7876375822794722
128, 0.4229387603944149, 0.49824891957967377
129, 0.06740195651399972, 0.030567038003273317
130, 0.7146874247543609, 0.2442714377306916
131, 0.7005857612572517, 0.46994269167958136
132, 0.4091977696774579, 0.7245396996167119
133, 0.05167376901108378, 0.29921579078497074
134, 0.3315029014841475, 0.8588136733106739
135, 0.43462947242213346, 0.11725572726784195
136, 0.5598266093046408, 0.3411826566504794
137, 0.7048535023537642, 0.08928727322099084
138, 0.9285041536504284, 0.35680435863260396
139, 0.8183709071705271, 0.5604727103993701
140, 0.463766170190263, 0.020412959895156457
141, 0.42017377479768037, 0.817816926783827
142, 0.9426253405057398, 0.5028053743231382
143, 0.23376485903976596, 0.649632659093802
144, 0.3425741779142949, 0.5168925572326128
145, 0.4395553691697828, 0.122046389958259
146, 0.4927500659772627, 0.6704562054263856
147, 0.9491717391884977, 0.10139981035958179
148, 0.6299037420871859, 0.5900099393924206
149, 0.1245513467269227, 0.4976898587797215
150, 0.10735343476499559, 0.6245582834284241
151, 0.7912815482751724, 0.9490764598480117
152, 0.551402262695122, 0.24633541479456644
153, 0.979945099822791, 0.6347259626188032
154, 0.8331954050693549, 0.36597322677258615
155, 0.5964318056589801, 0.5599891821511243
156, 0.050416421320672145, 0.5824279120027217
157, 0.34677134151885103, 0.1064376655765843
158, 0.24263879997191595, 0.6535223835021694
159, 0.30021331492082093, 0.568200215078042
160, 0.4296363914209783, 0.5389665577341822
161, 0.9070026987970771, 0.628415773628818
162, 0.030118456522814863, 0.5901801464344915
163, 0.16377413177782862, 0.5623713079134506
164, 0.06526290779752242, 0.8554257207604522
165, 0.18244771546293825, 0.6901387595335471
166, 0.6671650139595836, 0.30712013201807775
167, 0.7995431046273154, 0.820581117443098
168, 0.7840122171149917, 0.9874866429949577
169, 0.5822848048221114, 0.789086476180818
170, 0.8437515099230419, 0.46869849693108023
171, 0.4119233413925093, 0.8418478533310262
172, 0.0582903468912086, 0.8204717256872618
173, 0.7707943632633939, 0.7320744095167473
174, 0.9137263494031621, 0.1425850585757894
175, 0.6029201638233271, 0.02896679589847262
176, 0.5755673474979782, 0.7677342009414689
177, 0.08347540665606679, 0.9096099281079767
178, 0.7868066509976385, 0.46175808110034544
179, 0.4788229875285117, 0.02405760450524097
180, 0.46266819891843414, 0.8090705854779126
181, 0.1444356944407219, 0.4665051726965287
182, 0.5746007801022286, 0.5970928170133902
183, 0.6290275402210294, 0.8480126802982657
184, 0.14352316936642395, 0.11947267878108281
185, 0.683386586294753, 0.5778430418834496
186, 0.7527614056852122, 0.5998555029313107
187, 0.7055302992726847, 0.6770932535308596
188, 0.9514239067347594, 0.6937984198193805
189, 0.01670411570880681, 0.5114572560284344
190, 0.30864981289371884, 0.3039750633254027
191, 0.8605347429969205, 0.6433600873105881
192, 0.9881423070759574, 0.5369567067389704
193, 0.6488369740674051, 0.6362208825213984
194, 0.20858732934699142, 0.03189113127414023
195, 0.17570012872456708, 0.9335865229974892
196, 0.06336845038718619, 0.6501598677168362
197, 0.750908869467228, 0.9229671964508562
198, 0.5393707607959879, 0.4856380960760651
199, 0.5714416517857572, 0.616367658915441
200, 0.13127121485328885, 0.19663694922351105
201, 0.5862398034504336, 0.2336109271203226
202, 0.057668331275278595, 0.6390487421321357
203, 0.45287311413326214, 0.7735494038627878
204, 0.3291229501310259, 0.9684359020176229
205, 0.5993812851208135, 0.8521499099543024
206, 0.3374278155719924, 0.40362952896381266
207, 0.8903862653925261, 0.2182276767143706
208, 0.4755659007352251, 0.5536603155957737
209, 0.04482397232740232, 0.34393918928225853
210, 0.050146988312804175, 0.1563006669269723
211, 0.9781545816925135, 0.9431227957671856
212, 0.42798212580162176, 0.46613693643765686
213, 0.08714501911831607, 0.17710203124584667
214, 0.026896783658027168, 0.14822186451553765
215, 0.4997509174775928, 0.8433397452564938
216, 0.7725582665906706, 0.8131641765196893
217, 0.22607069532484148, 0.6397033554124859
218, 0.9340008150829844, 0.6083322113412895
219, 0.5026793176958956, 0.7061405570933118
220, 0.11652281081204974, 0.2959372380889035
221, 0.7324436990531413, 0.3502262730112172
222, 0.26451284719158497, 0.1895586883275675
223, 0.2858108443123588, 0.7128727252538308
224, 0.5666550962336093, 0.8986341831338568
225, 0.866060632886957, 0.5645789375049581
226, 0.6656919410213699, 0.02558919828103301
227, 0.38833004607873456, 0.5089086882333828
228, 0.9372646507531776, 0.8503899009386843
229, 0.19529532932858917, 0.13636200068499027
230, 0.6154761240845353, 0.5953404323265632
231, 0.23118029332957335, 0.3261390391999852
232, 0.16643893292140333, 0.7940609293291564
233, 0.8430727085433394, 0.5411753480694219
234, 0.18244851106293503, 0.4348643953751372
235, 0.9630749370405128, 0.6564080530573434
236, 0.9320122693385109, 0.6641932478758589
237, 0.33589790097534555, 0.05446807930967279
238, 0.7033426132519723, 0.7281925617230957
239, 0.3087572005089777, 0.49928492171552163
240, 0.7473943298482839, 0.7640931224731483
241, 0.9926965738635928, 0.18227853934736438
242, 0.041500891056908795, 0.25245021423719116
243, 0.6809127202356245, 0.46338373197947114
244, 0.46032429454850954, 0.06244186398522178
245, 0.27876582145765505, 0.7687750156560412
246, 0.043793200641047636, 0.12414975464845635
247, 0.5779748451742956, 0.5652501070772619
248, 0.6771791530033219, 0.3918417714997494
249, 0.8414755751025954, 0.7814393960311198
250, 0.21695715923638625, 0.8465095154742523
251, 0.8783843606678194, 0.5681431008467902
252, 0.6224160042970512, 0.40202568512584314
253, 0.13804698065963295, 0.9354466451614425
254, 0.7807616371767608, 0.23753383470039113
255, 0.020201827894713587, 0.5638012182685486
256, 0.5030658294959016, 0.8113454107221753
257, 0.6075633147749763, 0.8246285440448063
258, 0.353785702540482, 0.33166626611716266
259, 0.6225146948239948, 0.9603093021097403
260, 0.38214332379312244, 0.9294527091496391
261, 0.0069813127386235685, 0.13065254173919993
262, 0.46186819141954716, 0.6960322883207144
263, 0.45816928948854263, 0.9052984493347536
264, 0.6121301769844786, 0.6361326932515403
265, 0.5887834174162362, 0.5873454015863824
266, 0.5487660102111692, 0.17259283650315305
267, 0.7074943539738572, 0.2525265551493827
268, 0.002211780140174202, 0.1363767699934343
269, 0.18009574149031393, 0.5888260202777864
270, 0.5298295194482011, 0.23140243775385472
271, 0.10909928173942673, 0.6852040691497964
272, 0.08674898639491813, 0.39387527200241357
273, 0.7046237216060627, 0.8821992727078867
274, 0.21888208952996158, 0.7760007288401728
275, 0.3509451476862204, 0.063209235541693
276, 0.6741293145044714, 0.8393320997843459
277, 0.22295404581977585, 0.5389540107095651
278, 0.2425078081092482, 0.15866800619904686
279, 0.17336216529614723, 0.04194822309787005
280, 0.8056346299309687, 0.431679774308074
281, 0.9473592283023504, 0.3924869971506214
282, 0.8205816046491133, 0.935640883330072
283, 0.42967136648247817, 0.8975332513664152
284, 0.8094933872643617, 0.6152660284022434
285, 0.26618836809567503, 0.7326002808643144
286, 0.7091784804456799, 0.4318863502570519
287, 0.6680431756779147, 0.11932368760236212
288, 0.5358764633716652, 0.4148107160116754
289, 0.16187418490721206, 0.331133260581187
290, 0.6927621083435609, 0.7663174176607864
291, 0.22734410797611604, 0.9004636851990916
292, 0.7720299382461533, 0.3137306158882688
293, 0.8209507970345302, 0.9915509543137879
294, 0.13030851383177056, 0.09529007687496172
295, 0.3431935840277105, 0.06045580482805013
296, 0.713776512538809, 0.6511815456554253
297, 0.9787305874693576, 0.7526162998135186
298, 0.2587480823877042, 0.41216901561646524
299, 0.09482270286281058, 0.5458900873995506
300, 0.3805071038327099, 0.17892093269302778
301, 0.31099430495436886, 0.5355507047528518
302, 0.8800661949879989, 0.8300096109613755
303, 0.4835581533717517, 0.9665643787984619
304, 0.9132766646690814, 0.7840043853003231
305, 0.07605650853432222, 0.17600586514589778
306, 0.6734392811302778, 0.9529815651381207
307, 0.981179198300807, 0.5296879983437922
308, 0.678925172068774, 0.9672420848367637
309, 0.7477070189272012, 0.6793049871391691
310, 0.8284385803430366, 0.5921198767012679
311, 0.26986914638924253, 0.5582400032364023
312, 0.7641491109190169, 0.13305193158355622
313, 0.8180575876435089, 0.8202524316359042
314, 0.7442788215640815, 0.42241220611950103
315, 0.7852542344627705, 0.4876356818687301
316, 0.8540909112154921, 0.14431941182721253
317, 0.06517877672685923, 0.6406232440039568
318, 0.04877080656814847, 0.9019669385294193
319, 0.6928535846425863, 0.3982393033797662
320, 0.6035884753391837, 0.3357727020781657
321, 0.34362463240500807, 0.9637063914204547
322, 0.5647020282084851, 0.9175814146819538
323, 0.12656445472622024, 0.468737099968375
324, 0.7594243123108106, 0.49636614384582156
325, 0.12699492776840837, 0.13734945765573314
326, 0.8027542979673369, 0.792810435381043
327, 0.6095324858773001, 0.19373043962321623
328, 0.04592078231656216, 0.48102666720939
329, 0.9848864934849245, 0.8983403446604649
330, 0.24625800190831149, 0.07087732402902003
331, 0.942951410881677, 0.09930207594711815
332, 0.8079246022267873, 0.5546187475886588
333, 0.3340180612996896, 0.38702321329460787
334, 0.7145832611836126, 0.12699821747892204
335, 0.30831277843868177, 0.7956846013313085
336, 0.31807314095696515, 0.23807220168424126
337, 0.09025491131281527, 0.6736570875434872
338, 0.5414560965586923, 0.8613996898079987
339, 0.8892846864381201, 0.21726424164309577
340, 0.3251446292399406, 0.3518850757372438
341, 0.7918254316028318, 0.7767240044041386
342, 0.9296851536869117, 0.13891005923472732
343, 0.919943476728367, 0.3070422426485827
344, 0.6334927131254949, 0.9099033780236121
345, 0.49178170546627964, 0.2886897703516249
346, 0.6251233347938662, 0.5701416691204252
347, 0.4567675902284398, 0.5653590133031153
348, 0.22523754104292393, 0.3587375514266875
349, 0.5688990002764233, 0.718890179038307
350, 0.5903162923511596, 0.21100162583994908
351, 0.9183773929610871, 0.1058102268990343
352, 0.3186062425652231, 0.748241314039787
353, 0.8251753574939207, 0.7367285030710795
354, 0.3730110584206029, 0.4820870476582455
355, 0.3604370108117526, 0.02796779320104603
356, 0.11534021002340222, 0.361003054298874
357, 0.5140850189866445, 0.4614561871144738
358, 0.5851320819536706, 0.9416222798493793
359, 0.7483944069982873, 0.003794727135247533
360, 0.24204539689312654, 0.40743049121268216
361, 0.0009712503530128203, 0.32407315256690516
362, 0.5672124372927414, 0.5257511519187885
363, 0.48329207156157816, 0.9843897783642255
364, 0.5618407948373416, 0.4106629617058788
365, 0.7206523438669862, 0.43476130028946225
366, 0.08574771439104356, 0.9444258390929686
367, 0.7184400314951213, 0.9054042826242756
368, 0.08122921140820771, 0.2083354891486121
369, 0.4546355823788365, 0.9660282514748176
370, 0.97994376413083, 0.4909559173287288
371, 0.03968121314968598, 0.10621890154411628
372, 0.06596666738564871, 0.6555051388298291
373, 0.21893888621712299, 0.7592181362380381
374, 0.6025522709846776, 0.7154450478565704
375, 0.24740740557249186, 0.9318502502053786
376, 0.2167112777224548, 0.4108066647807683
377, 0.396089390415847, 0.40665074652716104
378, 0.4609232465309955, 0.566527513320721
379, 0.27495905187696, 0.9700443454797075
380, 0.981981084692122, 0.4840145878987159
381, 0.26570077495501543, 0.14792287921483727
382, 0.5172679640286232, 0.9454420289955333
383, 0.392367402396131, 0.9525563950296801
384, 0.08946103256441484, 0.7399146881131858
385, 0.9474674089035323, 0.4885756073121542
386, 0.872909709055432, 0.19420494511496755
387, 0.3619635460932511, 0.5153534486325091
388, 0.701654673065655, 0.34952994549809013
389, 0.10086603626203028, 0.49165310459990275
390, 0.6581909158900717, 0.24105908868963521
391, 0.4048202345639359, 0.9458282140132646
392, 0.35410015249440274, 0.5106290286113709
393, 0.707274608868586, 0.9170991568170962
394, 0.4034232186894502, 0.8396223101827625
395, 0.49765006368131526, 0.254605400840775
396, 0.6202595704535206, 0.8850313713247054
397, 0.6836690967209358, 0.7829357061193177
398, 0.9760125362534264, 0.7969227693051801
399, 0.4278843859023248, 0.46245421078014715
400, 0.9397788158518338, 0.3331154207625653
401, 0.606429114130293, 0.9828582415283568
402, 0.19852867844525302, 0.012928288515795971
403, 0.8728630785247313, 0.9252317887692458
404, 0.9873469703941068, 0.9335587526532786
405, 0.9612785958081976, 0.18301430222177428
406, 0.6249078852434181, 0.22317923920082794
407, 0.1870353086914387, 0.19962573998854838
408, 0.8574799953243122, 0.11818229630473509
409, 0.759709965512515, 0.030321584132003254
410, 0.8580432337539392, 0.3993794573785989
411, 0.024258387243580648, 0.027776376230906452
412, 0.8006300323040683, 0.935128301086998
413, 0.6621356128422986, 0.3262320687811826
414, 2.018540334547403e-05, 0.537919237584934
415, 0.40601545219953117, 0.1981372109062598
416, 0.4409496831893126, 0.6214228180920742
417, 0.8850550559598115, 0.396069875895787
418, 0.8494673419779976, 0.2086996021825721
419, 0.8639308313094854, 0.42617597514049543
420, 0.5162531049943959, 0.2501839031659756
421, 0.6009242537564266, 0.46559110023683026
422, 0.33967817246887755, 0.5480223618725083
423, 0.1534746831410998, 0.3712515522487958
424, 0.1061663729303226, 0.6198079345637134
425, 0.5680052526123406, 0.7300090478516805
426, 0.4978124568748421, 0.9096709834475882
427, 0.9552312410939062, 0.6307339169297302
428, 0.009584352700349297, 0.7035461333445692
429, 0.06982819302147114, 0.8465046672537501
430, 0.5125364380261302, 0.8554676661133239
431, 0.23695408162477227, 0.29476308142161134
432, 0.7718854916070511, 0.1633386175968351
433, 0.033372660009668875, 0.6363901930338491
434, 0.10346998621594061, 0.18372363614081844
435, 0.4842958025740789, 0.6879765101067489
436, 0.6027044479174026, 0.6275080524744819
437, 0.2561293643761269, 0.9391916871295669
438, 0.4349345250735036, 0.9783672916205437
439, 0.1795576130851948, 0.590460382620024
end_nodes
0, 1
0, 2
0, 3
0, 4
0, 5
0, 6
0, 7
0, 8
0, 9
0, 10
0, 11
0, 12
0, 13
0, 14
0, 15
0, 16
0, 17
0, 18
0, 19
0, 20
1, 13
1, 22
1, 29
1, 37
1, 42
1, 44
1, 45
1, 47
1, 66
1, 74
1, 80
1, 82
1, 83
1, 88
1, 90
1, 95
1, 97
1, 101
1, 106
2, 3
2, 5
2, 6
2, 11
2, 14
2, 15
2, 17
2, 18
2, 21
2, 25
2, 27
2, 30
2, 33
2, 35
2, 39
2, 43
2, 48
2, 49
2, 50
3, 4
3, 15
3, 17
3, 36
3, 70
3, 75
3, 76
3, 78
3, 93
3, 105
3, 120
3, 121
3, 128
3, 144
3, 148
3, 155
3, 160
3, 182
4, 15
4, 61
4, 70
4, 121
4, 128
4, 148
4, 155
4, 161
4, 185
4, 186
4, 212
4, 230
4, 265
4, 284
4, 346
4, 362
4, 399
5, 7
5, 13
5, 16
5, 18
5, 27
5, 48
5, 58
5, 67
5, 79
5, 80
5, 84
5, 94
5, 100
5, 111
5, 119
5, 132
5, 134
5, 141
6, 8
6, 9
6, 11
6, 19
6, 21
6, 24
6, 28
6, 31
6, 33
6, 35
6, 40
6, 52
6, 59
6, 60
6, 62
6, 63
6, 71
6, 77
7, 13
7, 16
7, 113
7, 127
7, 134
7, 141
7, 169
7, 171
7, 176
7, 180
7, 215
7, 238
7, 256
7, 290
7, 394
7, 430
8, 9
8, 12
8, 19
8, 31
8, 52
8, 62
8, 77
8, 92
8, 123
8, 135
8, 145
8, 152
8, 157
8, 166
8, 178
8, 201
8, 221
8, 244
9, 12
9, 20
9, 23
9, 26
9, 32
9, 34
9, 38
9, 41
9, 46
9, 51
9, 54
9, 55
9, 60
9, 64
9, 65
9, 69
9, 72
10, 11
10, 14
10, 30
10, 57
10, 89
10, 103
10, 108
10, 139
10, 190
10, 258
10, 288
10, 332
10, 336
10, 364
10, 421
10, 431
11, 21
11, 24
11, 28
11, 30
11, 57
11, 112
11, 118
11, 131
11, 139
11, 190
11, 222
11, 243
11, 258
11, 278
11, 332
11, 336
12, 221
12, 280
12, 327
12, 390
13, 47
13, 67
13, 80
13, 83
13, 173
13, 183
13, 205
13, 240
13, 257
13, 273
13, 290
13, 291
13, 338
13, 353
13, 396
13, 397
14, 25
14, 30
14, 39
14, 104
14, 114
14, 198
14, 206
14, 220
14, 231
14, 289
14, 310
14, 333
14, 340
14, 348
14, 357
14, 377
14, 431
15, 61
15, 75
15, 78
15, 128
15, 161
15, 208
15, 212
15, 298
15, 360
15, 399
16, 141
16, 176
16, 180
16, 238
16, 394
17, 18
17, 36
17, 53
17, 56
17, 87
17, 96
17, 102
17, 109
17, 120
17, 144
17, 146
17, 159
17, 187
17, 191
17, 193
17, 199
17, 219
18, 56
18, 58
18, 87
18, 96
18, 100
18, 102
18, 111
18, 132
18, 146
18, 159
18, 187
18, 203
18, 219
18, 262
18, 309
18, 311
19, 40
19, 59
19, 123
19, 124
19, 126
19, 152
19, 166
19, 178
19, 201
19, 225
19, 233
19, 248
19, 251
19, 266
19, 286
19, 300
19, 314
20, 22
20, 23
20, 34
20, 41
20, 54
20, 65
20, 72
20, 90
20, 106
20, 107
20, 138
20, 147
20, 153
20, 188
20, 192
20, 207
20, 211
20, 218
21, 200
21, 407
22, 45
22, 106
22, 153
22, 211
22, 235
22, 297
22, 307
22, 380
22, 398
23, 107
23, 334
24, 28
24, 85
24, 131
24, 243
25, 30
25, 114
25, 125
25, 220
26, 55
26, 64
26, 86
26, 110
26, 130
26, 267
27, 49
27, 68
27, 79
27, 80
27, 84
27, 91
27, 116
27, 150
27, 164
27, 172
27, 177
27, 232
27, 250
27, 271
27, 299
27, 317
27, 318
27, 328
28, 112
28, 131
28, 222
28, 278
28, 381
29, 66
29, 74
29, 106
29, 188
29, 228
29, 236
29, 302
29, 304
29, 427
30, 118
30, 125
30, 190
30, 431
31, 62
31, 77
31, 92
31, 135
31, 145
32, 51
32, 54
32, 64
32, 122
32, 142
32, 154
32, 292
32, 385
32, 410
32, 417
32, 419
33, 35
33, 229
33, 242
33, 368
34, 38
34, 46
34, 69
34, 98
34, 107
34, 117
34, 137
34, 147
34, 174
34, 207
34, 226
34, 312
34, 316
34, 331
34, 339
34, 342
34, 351
34, 386
35, 60
35, 63
35, 210
35, 213
35, 214
35, 242
35, 246
35, 261
35, 268
35, 305
35, 361
35, 368
35, 371
35, 411
35, 434
36, 76
36, 120
36, 193
36, 199
36, 296
37, 80
37, 82
37, 88
37, 95
37, 115
37, 195
37, 197
37, 204
37, 224
37, 253
37, 259
37, 260
37, 263
37, 303
37, 306
37, 308
37, 321
37, 322
37, 344
38, 46
38, 98
38, 117
39, 133
39, 198
39, 206
39, 289
39, 348
40, 71
40, 124
40, 136
40, 252
40, 286
40, 319
40, 320
40, 324
40, 345
40, 365
40, 395
40, 415
41, 65
41, 138
41, 254
41, 287
41, 343
41, 400
42, 44
42, 82
42, 97
42, 151
42, 168
42, 282
42, 293
42, 412
43, 49
43, 73
43, 91
43, 156
43, 162
43, 164
43, 172
43, 189
43, 196
43, 202
43, 255
43, 318
43, 361
43, 372
43, 414
43, 428
43, 433
44, 82
44, 90
44, 101
44, 151
44, 168
44, 282
44, 293
44, 403
45, 90
45, 211
46, 175
46, 226
47, 83
47, 183
47, 205
47, 276
48, 50
48, 58
48, 94
48, 143
48, 149
48, 158
48, 163
48, 165
48, 181
48, 209
48, 217
48, 269
48, 272
48, 274
48, 277
48, 311
48, 323
48, 373
49, 68
49, 91
49, 317
49, 372
49, 384
49, 433
50, 163
50, 181
50, 269
50, 272
50, 277
50, 311
50, 323
50, 439
51, 54
52, 77
52, 157
53, 187
54, 55
54, 65
54, 142
54, 218
54, 281
54, 385
54, 417
55, 64
55, 86
55, 99
55, 142
55, 170
55, 218
55, 267
55, 419
56, 96
56, 109
56, 159
56, 234
56, 301
56, 416
56, 422
57, 103
57, 288
57, 332
57, 336
57, 364
57, 421
58, 94
58, 111
58, 223
58, 245
58, 285
58, 311
58, 352
59, 126
59, 248
59, 320
59, 395
59, 415
59, 420
60, 63
60, 81
60, 129
60, 140
60, 179
60, 184
60, 194
60, 237
60, 275
60, 279
60, 294
60, 295
60, 325
60, 330
60, 355
60, 371
60, 402
61, 161
61, 185
61, 362
61, 399
62, 92
62, 152
62, 270
62, 300
63, 210
63, 213
63, 246
63, 305
63, 325
63, 371
63, 434
64, 86
64, 110
64, 122
64, 130
64, 292
64, 419
65, 138
65, 254
65, 281
66, 74
67, 80
67, 291
68, 317
68, 384
69, 117
70, 155
70, 265
70, 346
71, 124
71, 252
72, 147
72, 226
72, 241
72, 316
72, 331
72, 342
72, 351
72, 359
72, 402
72, 408
72, 409
73, 361
73, 414
74, 236
75, 128
75, 208
76, 120
77, 135
77, 157
78, 227
78, 298
78, 354
78, 360
79, 84
80, 95
80, 177
80, 195
80, 253
80, 273
80, 283
80, 291
80, 318
80, 366
81, 194
81, 279
81, 355
81, 402
82, 168
82, 197
82, 306
82, 308
82, 363
82, 401
82, 438
83, 167
83, 216
83, 249
83, 276
83, 313
83, 326
83, 338
83, 341
83, 353
84, 250
86, 110
87, 146
87, 159
87, 262
88, 115
88, 197
88, 204
88, 344
88, 367
88, 382
88, 393
89, 108
89, 364
90, 211
90, 329
90, 403
90, 404
91, 172
93, 120
93, 191
95, 195
95, 260
95, 263
95, 283
95, 375
95, 379
95, 437
96, 234
96, 416
96, 422
97, 282
97, 412
98, 117
98, 137
99, 170
100, 119
100, 203
100, 309
100, 349
100, 374
100, 425
101, 403
102, 187
102, 219
103, 421
104, 198
104, 206
104, 377
105, 144
105, 160
105, 239
105, 347
105, 356
105, 376
105, 378
105, 387
105, 392
105, 423
106, 188
106, 228
106, 235
106, 370
106, 380
107, 207
107, 312
107, 334
107, 339
107, 386
107, 418
107, 432
108, 336
108, 364
109, 159
111, 132
111, 335
111, 352
112, 131
113, 127
113, 169
113, 290
114, 220
114, 231
115, 321
115, 344
116, 150
116, 299
116, 328
116, 424
117, 137
120, 191
120, 296
121, 182
121, 230
121, 284
122, 292
123, 152
124, 225
124, 233
124, 315
127, 290
128, 155
128, 247
129, 402
129, 411
131, 243
132, 335
133, 198
134, 141
135, 145
136, 324
136, 345
138, 400
139, 332
140, 355
140, 402
142, 154
142, 385
142, 410
142, 419
143, 158
143, 277
143, 311
144, 239
144, 347
146, 262
146, 435
147, 331
147, 405
148, 230
149, 272
150, 328
150, 424
151, 282
152, 270
152, 300
153, 192
153, 211
153, 297
154, 385
154, 410
155, 247
155, 346
156, 162
156, 189
156, 196
156, 202
156, 255
156, 372
158, 311
160, 423
162, 255
163, 323
163, 439
164, 172
164, 318
164, 429
165, 209
165, 274
165, 373
165, 389
166, 178
166, 201
166, 350
166, 388
166, 413
167, 216
167, 313
168, 293
170, 218
171, 176
171, 180
172, 429
173, 240
173, 353
173, 397
174, 316
174, 351
175, 226
176, 180
176, 238
176, 256
177, 318
178, 251
178, 314
178, 388
178, 413
179, 237
179, 275
179, 295
180, 394
181, 217
181, 269
181, 277
182, 284
183, 205
184, 294
184, 325
185, 362
186, 284
188, 228
188, 304
188, 370
188, 427
189, 255
190, 258
192, 211
193, 199
193, 264
193, 436
194, 279
194, 402
196, 202
196, 372
197, 204
197, 306
197, 358
197, 367
197, 382
197, 393
198, 206
198, 310
198, 357
198, 377
199, 264
199, 436
201, 266
201, 350
203, 349
203, 374
203, 425
204, 382
206, 333
206, 348
207, 339
207, 418
209, 389
210, 246
211, 297
211, 329
211, 398
211, 404
212, 399
213, 305
213, 434
214, 261
214, 411
215, 290
215, 430
217, 277
220, 231
221, 327
221, 390
221, 406
222, 278
223, 245
223, 352
224, 263
224, 322
224, 391
224, 426
225, 233
226, 316
226, 408
226, 409
227, 354
227, 360
228, 302
228, 304
229, 368
232, 271
232, 328
233, 315
234, 422
235, 380
236, 427
237, 295
238, 256
239, 356
239, 387
239, 392
240, 257
240, 353
240, 397
242, 368
245, 285
245, 352
246, 371
248, 286
248, 320
249, 313
249, 326
249, 341
249, 353
251, 314
253, 366
254, 287
257, 397
259, 303
259, 306
259, 308
259, 369
260, 263
260, 375
260, 379
260, 437
261, 268
261, 411
263, 426
264, 436
268, 361
268, 411
270, 300
271, 317
271, 328
271, 337
272, 323
273, 396
274, 373
275, 295
275, 330
277, 311
278, 381
282, 412
286, 319
286, 320
286, 365
288, 364
289, 340
290, 430
297, 398
298, 360
299, 328
301, 416
301, 422
302, 304
303, 308
306, 308
306, 358
306, 369
307, 380
308, 401
308, 438
310, 357
312, 386
313, 326
316, 351
316, 408
317, 328
317, 337
317, 384
318, 366
318, 428
319, 365
320, 395
321, 344
322, 391
324, 345
327, 390
329, 404
331, 342
332, 421
333, 348
336, 364
338, 353
339, 386
341, 353
342, 351
343, 400
344, 383
345, 415
347, 378
349, 374
355, 402
356, 376
356, 392
356, 423
359, 402
361, 414
362, 399
367, 393
372, 433
374, 425
375, 437
376, 423
379, 437
385, 417
387, 392
395, 415
395, 420
401, 438
402, 411
408, 409
414, 428
415, 420
416, 422
418, 432
end