420
4
0, 0.5039393879758407, 0.5386004838451146
1, 0.16078425288736964, 0.9014579181517188
2, 0.8905395005857296, 0.6837504078054663
3, 0.4260176297036883, 0.7543043279386243
4, 0.5134449062189514, 0.6663173140694426
5, 0.5496399331811737, 0.7579614902896946
6, 0.037610999471792694, 0.3369348595080103
7, 0.8823543654690909, 0.16348775035636132
8, 0.29462463246104686, 0.31353223411654385
9, 0.5519843778608865, 0.09361979263274489
10, 0.27932166452174934, 0.02699755080384625
11, 0.6268439722713838, 0.7328882281335349
12, 0.4600180347235161, 0.09595067846916094
13, 0.30407197693448473, 0.8408955347931718
14, 0.9295247850785735, 0.9772535415109669
15, 0.9003308874884163, 0.8951298128321925
16, 0.6329113824346312, 0.9924749794901043
17, 0.8103762883011356, 0.6447598154145612
18, 0.06929815367226322, 0.1436532652871213
19, 0.8876562203373913, 0.2380819987769327
20, 0.7873218812625044, 0.42988282513707576
21, 0.3845396001316309, 0.9182681447648312
22, 0.44168581584728084, 0.33650732432024455
23, 0.6830269543841814, 0.8601903862868846
24, 0.3109899332903965, 0.9245838375803798
25, 0.03352030808637674, 0.33653558146114915
26, 0.08810151901642693, 0.20105929987900184
27, 0.6795166640897877, 0.7687804427484648
28, 0.24623501809583626, 0.3242673983026356
29, 0.30318270705043315, 0.5101964409491689
30, 0.7810749001522096, 0.886193835257803
31, 0.8809470373338139, 0.3164738660614602
32, 0.2454320322115685, 0.5949414766370493
33, 0.39787538690293056, 0.623316549029838
34, 0.4319420484638601, 0.8616191304819563
35, 0.6508745269631114, 0.30210278347705044
36, 0.9499040203680484, 0.664474551573279
37, 0.07806169030366072, 0.9235202060296969
38, 0.7183524031605952, 0.5294823298224564
39, 0.9325801986809095, 0.4684517573974424
40, 0.8256487260445418, 0.18045937506937304
41, 0.11459072451476282, 0.5601667094195955
42, 0.11760240894773477, 0.12751639274738324
43, 0.3446431497258018, 0.7928938939767616
44, 0.6229957008833863, 0.960535950652364
45, 0.5036371171921628, 0.18686753289010405
46, 0.7512736197667779, 0.7827236510807777
47, 0.10094617147483642, 0.7793947561265364
48, 0.5874109214871581, 0.8485168882319619
49, 0.0910163140713025, 0.6965188077232299
50, 0.008814403813972582, 0.9436261212251132
51, 0.6328874193110642, 0.08032976494208965
52, 0.3742248200345315, 0.1970108097140817
53, 0.3352155021024642, 0.7943694107233225
54, 0.06439559886388946, 0.6337285519433477
55, 0.02333346474008624, 0.5685493119308017
56, 0.7975371669580893, 0.9461074106322824
57, 0.964767501807375, 0.5220986309816777
58, 0.21392099218170524, 0.8939564989807556
59, 0.11216677325164048, 0.5344606904091994
60, 0.40078724403466626, 0.5033279411849813
61, 0.9351952151864728, 0.7832035430394811
62, 0.26431575503638793, 0.1032449592143041
63, 0.31269208191517484, 0.16613839795504703
64, 0.9196456140895862, 0.5593855236274193
65, 0.8487794251537437, 0.3416622347694398
66, 0.7698193512200852, 0.1448363409743587
67, 0.17214241718850076, 0.10281023534700917
68, 0.18964487578338463, 0.23094415688227965
69, 0.7565321051378618, 0.634494998126801
70, 0.3390422718324202, 0.11238941197430607
71, 0.3250324848676316, 0.7694439681963097
72, 0.7561923347703592, 0.9698905044744222
73, 0.7885234016832934, 0.09797789041223859
74, 0.9879517873232015, 0.3300239783087455
75, 0.8694784145654164, 0.848592901349061
76, 0.9042740959052761, 0.298378014972164
77, 0.7140268055161457, 0.4586246530281566
78, 0.16050717179634288, 0.41860338589787993
79, 0.3615199650758739, 0.5852678669572483
80, 0.40105590599557706, 0.8921204958781478
81, 0.9949232241145887, 0.8789692138906937
82, 0.05139594879052012, 0.9634715803745627
83, 0.8951982965705233, 0.5442901109506035
84, 0.22189268320567002, 0.7709056040135102
85, 0.5231753492259268, 0.0382297080592362
86, 0.49807373421488355, 0.5046541078056818
87, 0.3168135898772717, 0.3474176442960325
88, 0.6027310312260057, 0.9152612609054778
89, 0.5882932037827514, 0.6278417327762034
90, 0.493563449001156, 0.7464031658654663
91, 0.2514389390479361, 0.7251623234513339
92, 0.7957279376331206, 0.4662172609241533
93, 0.03647648414665827, 0.6475919683014566
94, 0.3082824941623483, 0.42059778654341107
95, 0.6105510348581749, 0.8883814060548875
96, 0.4668496347188211, 0.01443800546711127
97, 0.6621042370117243, 0.6154464621649118
98, 0.6775651243902164, 0.9897371986925863
99, 0.2541465875514143, 0.7208925763308524
100, 0.5647542791259208, 0.441969446229736
101, 0.48451973546365845, 0.33668838040076876
102, 0.8312888529425242, 0.06867072651950001
103, 0.9282384297588383, 0.6005540919094207
104, 0.6717742458034563, 0.855560122750392
105, 0.620078038486458, 0.6546713092374022
106, 0.791813638904072, 0.6670082673835009
107, 0.6360889586437728, 0.05190578596556139
108, 0.6430712085020228, 0.8022791223694169
109, 0.7784534862891583, 0.6756413470563386
110, 0.44489866042687143, 0.07674411360098832
111, 0.8245500178352253, 0.04490670063382696
112, 0.24475436074524315, 0.5489360800603984
113, 0.22080068367791938, 0.8862798374827905
114, 0.35306928211073185, 0.98909863276078
115, 0.17769761197093692, 0.9510705827273391
116, 0.07540836632181003, 0.3305877920635262
117, 0.8101137485267258, 0.43417926737668755
118, 0.5272557692184531, 0.1834557978744119
119, 0.019363554559532203, 0.7228607742986195
120, 0.832325394745145, 0.6672425122766603
121, 0.33678533906722585, 0.35196273326360694
122, 0.9208004417443921, 0.4821593368879997
123, 0.6366198465034963, 0.9204131723122109
124, 0.04044750889652193, 0.7318204652962405
125, 0.11683045545601944, 0.7513311420919938
126, 0.40841013530182446, 0.291630295020448
127, 0.0031838603885009364, 0.24982342285604353
128, 0.17131535121107266, 0.044615985635971245
129, 0.4857495458541139, 0.11168068498996431
130, 0.9635609702900525, 0.2941715913239097
131, 0.7233732590059285, 0.7210801584935915
132, 0.3817641859624631, 0.7244823136185341
133, 0.3727389687659389, 0.3421264617907078
134, 0.6253519346415085, 0.39884549017894366
135, 0.795320589748692, 0.1531429898951232
136, 0.5797016684898159, 0.5417807676924334
137, 0.3783100394939054, 0.6651478071416862
138, 0.735148321639809, 0.7149852927753705
139, 0.11377971222013528, 0.04314110271413274
140, 0.661080923434741, 0.9140103771334973
141, 0.6590788728101954, 0.017904797725403765
142, 0.08851147907259205, 0.11108175739156934
143, 0.38510102956260206, 0.40837534710091405
144, 0.6446498323350305, 0.32202630589506853
145, 0.7251927352311304, 0.6181014725225199
146, 0.7296142402795421, 0.18984700491449813
147, 0.8826401778868408, 0.7099770437380479
148, 0.6595661689501157, 0.4363938001468065
149, 0.41717936614863804, 0.7588135834497927
150, 0.22669552509910096, 0.34753416181532504
151, 0.30853544356157914, 0.006181265215119525
152, 0.8771723200899634, 0.8173137369368366
153, 0.10879946501023774, 0.002866850602693427
154, 0.6384167710652311, 0.9536705055004436
155, 0.15387636644345826, 0.6703212351196396
156, 0.5045999042475512, 0.026403054471513587
157, 0.8094951002951056, 0.46839470888224255
158, 0.5104415541666576, 0.7177144592350471
159, 0.40404936200497377, 0.4415394132927596
160, 0.35838565205170025, 0.46938229573563517
161, 0.17018014199010123, 0.6024235321056652
162, 0.18760185044565425, 0.46508249856673056
163, 0.26592482156994734, 0.6109326997021258
164, 0.6898745280958054, 0.3847692786858944
165, 0.8297186149125731, 0.6011679368369035
166, 0.20744298088113178, 0.48769245473029665
167, 0.4873298043018939, 0.05077688287971094
168, 0.7892389494628886, 0.7473831433278604
169, 0.06002889102673148, 0.9928128956357275
170, 0.7989492328319083, 0.4474755766012355
171, 0.07461650380419438, 0.049602641895897026
172, 0.1261272577827406, 0.393233327273694
173, 0.3116442388271039, 0.2178787164612438
174, 0.8901393837279895, 0.5228975545414482
175, 0.6200207042335846, 0.36481603654438477
176, 0.2490930710657867, 0.22609107436329678
177, 0.7732538780424965, 0.44376247023948534
178, 0.5007008804077254, 0.4301218339880538
179, 0.2240061898214034, 0.7643715584930282
180, 0.3016713360316666, 0.10293373068120748
181, 0.09171887182773353, 0.1537006612486379
182, 0.7801701331256983, 0.2965749566193463
183, 0.5264120842431445, 0.5072680094221298
184, 0.7638518531126662, 0.6439124589785444
185, 0.9989000531263234, 0.11296207801071034
186, 0.9655701578196334, 0.18806672939353886
187, 0.2487786133133585, 0.9046997964834691
188, 0.2730518719627244, 0.6743413866073324
189, 0.0634604395496754, 0.7212291392466027
190, 0.11478935997277706, 0.4355524494063022
191, 0.170930165476883, 0.2551065357314012
192, 0.9160569921092926, 0.06732411849007647
193, 0.9184420262998996, 0.35656344203640844
194, 0.8586528433124612, 0.5143313416190703
195, 0.03414063871016082, 0.5304658218903955
196, 0.9688780042169826, 0.35083354188000726
197, 0.598144888641187, 0.06678386577072815
198, 0.7728001435314114, 0.4441411036209638
199, 0.38081495425893475, 0.36402643337911567
200, 0.4030829571937008, 0.26596513753017903
201, 0.6658742598643246, 0.7156954920337731
202, 0.6940409513441912, 0.7943528564044763
203, 0.6158264948751055, 0.7165755422509856
204, 0.15687723565546596, 0.3045103873051025
205, 0.5638258199582966, 0.43414695194029296
206, 0.5070434804104652, 0.7022443689482896
207, 0.407109524358363, 0.38367735157364635
208, 0.787001956906309, 0.09698864520472417
209, 0.13781824895090555, 0.35343130178845483
210, 0.94205108981068, 0.9387922919767412
211, 0.9827961042344393, 0.13717464063357465
212, 0.7896083407872717, 0.25585270635535284
213, 0.5618439873401959, 0.4680393326628275
214, 0.7414000200175765, 0.6008445560004658
215, 0.23093449872363492, 0.2930674943631155
216, 0.22572661669268956, 0.5346841166120935
217, 0.892941330083877, 0.4113508987581921
218, 0.8427192240936217, 0.9801564927622346
219, 0.7047322072764044, 0.26280503695133495
220, 0.08778292848139468, 0.1978948268797276
221, 0.46517205839616127, 0.7044956106243733
222, 0.4293590274745197, 0.14830921161134736
223, 0.09959903476124621, 0.8992628883772407
224, 0.6506729945791905, 0.2589006146148789
225, 0.8454098178843992, 0.7381233818685254
226, 0.1899252950659931, 0.7115662420373499
227, 0.09659029771373984, 0.9783772911365501
228, 0.23771228710123604, 0.8671652410350802
229, 0.21650948291577055, 0.690643796568141
230, 0.7050854341603084, 0.1805857298326189
231, 0.09093378665625884, 0.20705072605587105
232, 0.6127342246956675, 0.49779330692383017
233, 0.4065460899722204, 0.780306197171832
234, 0.586941729884162, 0.6533670786719727
235, 0.7481102962700069, 0.672479097234442
236, 0.850034473561162, 0.3663315876909762
237, 0.3545512980714248, 0.16521955689034662
238, 0.6182089914539594, 0.050602538411892106
239, 0.9140969733528936, 0.9589766226800591
240, 0.5790432567682308, 0.19695050561793703
241, 0.6998149426260797, 0.51224585606104
242, 0.38032813752518757, 0.05980005589074444
243, 0.11960061827028357, 0.5363503688051524
244, 0.6844299071107693, 0.14693539712866144
245, 0.16966221997344044, 0.31472481102713956
246, 0.7794022906545554, 0.3925112536263077
247, 0.9930169218478933, 0.031238823199154275
248, 0.6337076863612298, 0.8294204476606722
249, 0.8535280859795403, 0.5973163775208759
250, 0.9872665472297559, 0.5583334210548897
251, 0.14189612857937384, 0.006680592452972922
252, 0.44616791348617113, 0.4086348938412788
253, 0.4654243283566363, 0.12800062506651877
254, 0.9100121471958866, 0.9429408834306566
255, 0.7659297904868874, 0.025012815273827593
256, 0.11225794942430456, 0.04900027186255673
257, 0.8740808322709036, 0.8831466714304163
258, 0.7344948377509025, 0.219247430870805
259, 0.9248300572295298, 0.9201978343776546
260, 0.3051253832552763, 0.6760345743854571
261, 0.2789465984345708, 0.9851062946366801
262, 0.7313320558995984, 0.050861843624428804
263, 0.7908864518885921, 0.05948405472892848
264, 0.8006083348313736, 0.3647092975687447
265, 0.13457320271695516, 0.3239213207683236
266, 0.9880664804601013, 0.7287240529701461
267, 0.8938188918638937, 0.4175082091462551
268, 0.45349567058481466, 0.320880041159739
269, 0.5791637023928446, 0.9266322227928108
270, 0.3936897517188025, 0.35412238196559986
271, 0.8199146696905063, 0.24295052079064516
272, 0.2956613693794006, 0.39205288007347217
273, 0.4025026261159843, 0.8563068283589047
274, 0.2803287546050731, 0.8279097624532935
275, 0.5487230816618632, 0.8143961266572761
276, 0.2166427598858358, 0.9627978745666684
277, 0.4505249216661007, 0.981121924305397
278, 0.44819220706720597, 0.4787805237135966
279, 0.9736571229581652, 0.021331445466548637
280, 0.6060841475944618, 0.675169333296007
281, 0.7815771276737175, 0.24671286380377844
282, 0.46935705720700804, 0.3372657157335951
283, 0.8432731474415694, 0.004631161828640651
284, 0.7348479615117023, 0.7479240813694842
285, 0.6389582543354554, 0.5704753714531479
286, 0.36340585343426435, 0.0379109781328445
287, 0.5221215914547386, 0.424522265713667
288, 0.9021234770857186, 0.9611199924004586
289, 0.7992493836172332, 0.4125835746528036
290, 0.24638685640492408, 0.7751632314867152
291, 0.715439217432717, 0.7949306304136755
292, 0.5588705566911224, 0.5250680634011158
293, 0.3305991756429434, 0.032190817588781284
294, 0.5840330291989642, 0.21206357468383163
295, 0.2749878338506129, 0.5123106675669488
296, 0.8103358047231266, 0.389040984395991
297, 0.5792688011066988, 0.5795895846659797
298, 0.9216870459429184, 0.08389928931907664
299, 0.8401991110104255, 0.8950621807584779
300, 0.2391045994224389, 0.1797638339099502
301, 0.179774210285649, 0.6662653261920936
302, 0.2414401443010321, 0.37061943647128137
303, 0.6947309211393905, 0.02550883507659929
304, 0.6436718764663781, 0.07555543403264131
305, 0.9730031130003031, 0.12181915831750834
306, 0.53903827788689, 0.721478230931491
307, 0.2981282543533684, 0.9460029332476811
308, 0.7250915157391337, 0.25706604784990006
309, 0.9631294667003444, 0.6788749075622872
310, 0.10769382419530049, 0.5592717684331105
311, 0.8166672716921076, 0.9848969853392319
312, 0.0916293284049069, 0.830760821984444
313, 0.21023922459368916, 0.4188871855943662
314, 0.836650310566436, 0.10997888708948289
315, 0.6720774920106367, 0.5866466163098877
316, 0.5368353896415826, 0.4990537781357506
317, 0.5953769055854383, 0.2853467448347171
318, 0.5191958861707641, 0.7651605794994779
319, 0.3083551842148149, 0.9285766083033999
320, 0.5156463828923108, 0.2135886174586472
321, 0.056247543556599666, 0.8446781186043153
322, 0.6091995626890171, 0.8840763973490696
323, 0.35757950572383956, 0.2862567579975859
324, 0.9190854086135936, 0.7245401230239031
325, 0.21674444346412625, 0.517648343055861
326, 0.07920968819835295, 0.009063589085656631
327, 0.8930743628014636, 0.31746363292620894
328, 0.8896003216590311, 0.7948075846983567
329, 0.8056286071783519, 0.22778101293468822
330, 0.18104070470855893, 0.909126872684777
331, 0.9615063008521602, 0.6907404862828417
332, 0.01424930571263594, 0.9520193630864845
333, 0.19770860097959464, 0.42214428610184596
334, 0.22844976380672033, 0.5294765425444946
335, 0.4481909178702328, 0.9816297127186587
336, 0.8980190160378609, 0.7007731612061443
337, 0.33435053144008675, 0.5208426569256144
338, 0.3241764938716649, 0.039841037920417044
339, 0.9455354825581685, 0.27367385651597753
340, 0.8136740495421695, 0.8198401064728176
341, 0.15585762180390716, 0.3907334733391028
342, 0.28811757265941607, 0.6093854013292123
343, 0.7700968472552795, 0.6970233818123279
344, 0.6161903774054257, 0.8196192553577377
345, 0.5349165973184111, 0.42211430588701226
346, 0.5607695414003074, 0.07163263250017926
347, 0.3661030854996363, 0.5066899856969495
348, 0.821164959353152, 0.6433846122643566
349, 0.24018122572767198, 0.6952960598297812
350, 0.5043757731939471, 0.6925560912532893
351, 0.2884790197730761, 0.5935915012233989
352, 0.4407679924992396, 0.17644228979198084
353, 0.9785492214037866, 0.8872018319604444
354, 0.7537775937829687, 0.38106619699487454
355, 0.11020191202513874, 0.664672000181811
356, 0.9842155675880062, 0.6901324789889013
357, 0.09851258111144545, 0.9275253426411515
358, 0.29884644473834354, 0.9991632012231794
359, 0.3237008457531204, 0.10377051262355319
360, 0.9951892893023939, 0.7715524741844918
361, 0.08553342832267308, 0.5243650034592457
362, 0.5423503334147945, 0.029431660583612795
363, 0.01170126034460739, 0.4000961810649928
364, 0.6711565295997192, 0.8896070760357974
365, 0.4413137873796912, 0.33593046702908114
366, 0.7212063923219082, 0.2105148945099088
367, 0.96964672923869, 0.018710528033549112
368, 0.6129659881528297, 0.0704284641265488
369, 0.5044790057163053, 0.6773257644286595
370, 0.6868077649658781, 0.7930827445771177
371, 0.3817331709473878, 0.27005054720086397
372, 0.6302450919011782, 0.4266079872744639
373, 0.5965633159871876, 0.16675399374879918
374, 0.22096586700070675, 0.30936680920594095
375, 0.4260601716772636, 0.875292304095972
376, 0.7612270293477003, 0.1485341265604565
377, 0.7607833080747616, 0.3455798925889223
378, 0.35180537038844684, 0.1505982426281144
379, 0.7521339123726304, 0.8826569849793338
380, 0.9978782046007432, 0.2171727636122357
381, 0.24893595100380683, 0.539777805810257
382, 0.09422839259213733, 0.453322771000675
383, 0.30983280054804885, 0.591916818562207
384, 0.49056920885772326, 0.7353336636730093
385, 0.7465500605250432, 0.4171165578969578
386, 0.9457424809058175, 0.43147177570484185
387, 0.5442760915268081, 0.37590969722360756
388, 0.03728035443045352, 0.48740324851699257
389, 0.2749665848253441, 0.52060914032317
390, 0.39113885761562983, 0.7640001635103327
391, 0.6443109109939349, 0.44408112735187444
392, 0.006722927496690012, 0.5599365601732634
393, 0.009398218007623749, 0.5184417659066297
394, 0.08388673948705094, 0.7329575002388815
395, 0.13618285320734602, 0.9420678402875182
396, 0.8706082911249284, 0.5758710200005588
397, 0.6271972345758522, 0.6972127563671286
398, 0.2943087854085803, 0.377720246706881
399, 0.8268268938499944, 0.014027679169210772
400, 0.5056692635177362, 0.3346891520308566
401, 0.21589549018851795, 0.23482873966983098
402, 0.5863373639669843, 0.6000570117810601
403, 0.499085132871138, 0.07148775679680053
404, 0.04481848733034621, 0.17713674405681257
405, 0.24639910848910607, 0.20325334791720107
406, 0.6488082728179515, 0.10036752977831398
407, 0.03666451681126559, 0.6867058086834756
408, 0.5625101144773781, 0.562210790599272
409, 0.5413616754123013, 0.43944123110301236
410, 0.3350523742311824, 0.6884966556308013
411, 0.9184331122692386, 0.373007830703427
412, 0.5844793534820203, 0.1387440765303164
413, 0.5889949459346545, 0.33906372884408464
414, 0.49237586201153927, 0.5256160944405737
415, 0.21214397514592542, 0.8833155109417543
416, 0.4040923719574371, 0.32603500328933765
417, 0.07567023244865845, 0.700700885550813
418, 0.06652882329932397, 0.789558950980367
419, 0.09690469919772915, 0.8007962775678882
end_nodes
0, 1
0, 2
0, 3
0, 4
0, 5
0, 6
0, 7
0, 8
0, 9
0, 10
0, 11
0, 12
0, 13
0, 14
0, 15
0, 16
0, 17
0, 18
0, 19
0, 20
21, 9
21, 45
21, 51
21, 85
21, 96
21, 107
21, 114
21, 118
21, 129
21, 141
21, 156
21, 167
21, 178
21, 197
21, 238
21, 240
21, 287
21, 294
21, 304
21, 317
22, 5
22, 7
22, 16
22, 19
22, 27
22, 30
22, 31
22, 44
22, 48
22, 56
22, 70
22, 74
22, 76
22, 88
22, 95
22, 98
22, 123
22, 130
22, 140
22, 151
23, 10
23, 52
23, 70
23, 72
23, 151
23, 200
23, 237
23, 338
23, 359
23, 378
24, 73
24, 111
24, 146
24, 208
24, 261
24, 263
24, 283
24, 307
24, 319
24, 376
24, 399
25, 2
25, 7
25, 17
25, 19
25, 20
25, 31
25, 36
25, 38
25, 39
25, 57
25, 64
25, 65
25, 69
25, 74
25, 76
25, 77
25, 83
25, 92
25, 103
25, 117
26, 15
26, 61
26, 75
26, 81
26, 97
26, 106
26, 109
26, 131
26, 138
26, 147
26, 152
26, 168
26, 225
26, 235
26, 259
26, 284
26, 297
26, 324
26, 328
26, 340
28, 7
28, 15
28, 19
28, 61
28, 75
28, 81
28, 97
28, 106
28, 109
28, 131
28, 138
28, 147
28, 152
28, 168
28, 185
28, 186
28, 211
28, 212
28, 225
28, 235
29, 2
29, 7
29, 17
29, 19
29, 20
29, 31
29, 36
29, 38
29, 39
29, 57
29, 64
29, 65
29, 69
29, 74
29, 76
29, 77
29, 83
29, 92
29, 103
29, 117
32, 2
32, 7
32, 17
32, 19
32, 20
32, 31
32, 36
32, 38
32, 39
32, 57
32, 64
32, 65
32, 69
32, 74
32, 76
32, 77
32, 83
32, 92
32, 103
32, 117
33, 1
33, 2
33, 7
33, 17
33, 19
33, 20
33, 31
33, 36
33, 38
33, 39
33, 57
33, 64
33, 65
33, 69
33, 74
33, 76
33, 77
33, 83
33, 92
33, 103
34, 9
34, 45
34, 51
34, 85
34, 96
34, 107
34, 118
34, 129
34, 141
34, 156
34, 167
34, 178
34, 197
34, 238
34, 240
34, 287
34, 294
34, 304
34, 317
34, 320
35, 1
35, 3
35, 58
35, 113
35, 114
35, 115
35, 137
35, 169
35, 221
35, 227
35, 228
35, 233
35, 261
35, 273
35, 330
35, 358
35, 395
35, 415
37, 2
37, 7
37, 17
37, 19
37, 20
37, 31
37, 36
37, 38
37, 39
37, 57
37, 64
37, 65
37, 69
37, 74
37, 76
37, 77
37, 83
37, 92
37, 103
37, 117
40, 1
40, 13
40, 43
40, 53
40, 58
40, 71
40, 113
40, 115
40, 132
40, 137
40, 169
40, 187
40, 227
40, 228
40, 247
40, 274
40, 276
40, 307
40, 319
40, 330
41, 2
41, 7
41, 17
41, 19
41, 20
41, 31
41, 36
41, 38
41, 39
41, 57
41, 64
41, 65
41, 69
41, 74
41, 76
41, 77
41, 83
41, 92
41, 103
41, 117
42, 14
42, 46
42, 89
42, 105
42, 210
42, 239
42, 254
42, 257
42, 288
42, 299
47, 2
47, 7
47, 17
47, 19
47, 20
47, 31
47, 36
47, 38
47, 39
47, 57
47, 64
47, 65
47, 69
47, 74
47, 76
47, 77
47, 83
47, 92
47, 103
47, 117
49, 2
49, 7
49, 17
49, 19
49, 20
49, 31
49, 36
49, 38
49, 39
49, 57
49, 64
49, 65
49, 69
49, 74
49, 76
49, 77
49, 83
49, 92
49, 103
49, 117
50, 2
50, 7
50, 17
50, 19
50, 20
50, 31
50, 36
50, 38
50, 39
50, 57
50, 64
50, 65
50, 69
50, 74
50, 76
50, 77
50, 83
50, 92
50, 103
50, 117
54, 2
54, 7
54, 17
54, 19
54, 20
54, 31
54, 36
54, 38
54, 39
54, 57
54, 64
54, 65
54, 69
54, 74
54, 76
54, 77
54, 83
54, 92
54, 103
54, 117
55, 2
55, 7
55, 17
55, 19
55, 20
55, 31
55, 36
55, 38
55, 39
55, 57
55, 64
55, 65
55, 69
55, 74
55, 76
55, 77
55, 83
55, 92
55, 103
55, 117
59, 2
59, 7
59, 17
59, 19
59, 20
59, 31
59, 36
59, 38
59, 39
59, 57
59, 64
59, 65
59, 69
59, 74
59, 76
59, 77
59, 83
59, 92
59, 103
59, 117
60, 2
60, 7
60, 15
60, 17
60, 19
60, 20
60, 31
60, 36
60, 38
60, 39
60, 57
60, 61
60, 64
60, 65
60, 69
60, 74
60, 75
60, 76
60, 77
60, 81
62, 11
62, 27
62, 30
62, 56
62, 72
62, 201
62, 202
62, 203
62, 218
62, 234
62, 280
62, 291
62, 311
62, 370
62, 379
62, 397
63, 11
63, 27
63, 30
63, 56
63, 72
63, 201
63, 202
63, 203
63, 218
63, 234
63, 280
63, 291
63, 311
63, 370
63, 379
63, 397
66, 1
66, 13
66, 43
66, 53
66, 58
66, 71
66, 113
66, 115
66, 132
66, 137
66, 169
66, 187
66, 227
66, 228
66, 274
66, 276
66, 307
66, 319
66, 330
66, 390
67, 11
67, 27
67, 30
67, 56
67, 72
67, 201
67, 202
67, 203
67, 218
67, 234
67, 280
67, 291
67, 311
67, 370
67, 379
67, 397
68, 14
68, 46
68, 89
68, 105
68, 106
68, 147
68, 210
68, 239
68, 254
68, 257
68, 288
68, 299
68, 324
68, 360
78, 2
78, 7
78, 17
78, 19
78, 20
78, 31
78, 36
78, 38
78, 39
78, 57
78, 64
78, 65
78, 69
78, 74
78, 76
78, 77
78, 83
78, 92
78, 103
78, 117
79, 2
79, 7
79, 17
79, 19
79, 20
79, 31
79, 36
79, 38
79, 39
79, 57
79, 64
79, 65
79, 69
79, 74
79, 76
79, 77
79, 83
79, 92
79, 103
79, 117
80, 9
80, 45
80, 51
80, 85
80, 96
80, 107
80, 118
80, 129
80, 141
80, 156
80, 167
80, 178
80, 197
80, 238
80, 240
80, 287
80, 294
80, 304
80, 317
80, 320
82, 2
82, 7
82, 17
82, 19
82, 20
82, 31
82, 36
82, 38
82, 39
82, 57
82, 64
82, 65
82, 69
82, 74
82, 76
82, 77
82, 83
82, 92
82, 103
82, 117
84, 2
84, 7
84, 17
84, 19
84, 20
84, 31
84, 36
84, 38
84, 39
84, 57
84, 64
84, 65
84, 69
84, 74
84, 76
84, 77
84, 83
84, 92
84, 103
84, 117
86, 1
86, 5
86, 9
86, 10
86, 11
86, 16
86, 20
86, 27
86, 30
86, 31
86, 36
86, 38
86, 39
86, 44
86, 45
86, 48
86, 52
86, 56
86, 57
86, 61
87, 14
87, 31
87, 46
87, 61
87, 65
87, 74
87, 76
87, 81
87, 89
87, 97
87, 105
87, 106
87, 109
87, 130
87, 147
87, 182
87, 185
87, 186
87, 193
87, 196
90, 9
90, 45
90, 51
90, 85
90, 96
90, 107
90, 118
90, 129
90, 141
90, 156
90, 167
90, 178
90, 197
90, 238
90, 240
90, 287
90, 294
90, 304
90, 317
90, 320
91, 2
91, 17
91, 20
91, 36
91, 38
91, 39
91, 57
91, 64
91, 65
91, 69
91, 74
91, 76
91, 77
91, 83
91, 92
91, 103
91, 117
91, 120
91, 122
91, 130
93, 2
93, 17
93, 36
93, 38
93, 39
93, 57
93, 64
93, 65
93, 69
93, 77
93, 83
93, 92
93, 103
93, 117
93, 120
93, 122
93, 130
93, 136
93, 145
93, 148
94, 15
94, 61
94, 64
94, 75
94, 77
94, 81
94, 83
94, 92
94, 97
94, 103
94, 106
94, 109
94, 117
94, 122
94, 130
94, 131
94, 138
94, 147
94, 148
94, 152
99, 69
99, 83
99, 92
99, 103
99, 117
99, 120
99, 122
99, 130
99, 136
99, 145
99, 148
99, 157
99, 164
99, 165
99, 170
99, 174
99, 177
99, 182
99, 184
99, 185
100, 1
100, 3
100, 58
100, 71
100, 113
100, 114
100, 115
100, 117
100, 122
100, 130
100, 137
100, 148
100, 157
100, 164
100, 169
100, 170
100, 177
100, 182
100, 185
100, 186
101, 4
101, 5
101, 12
101, 16
101, 44
101, 48
101, 88
101, 95
101, 96
101, 98
101, 110
101, 123
101, 129
101, 130
101, 140
101, 154
101, 158
101, 167
101, 182
101, 185
102, 1
102, 13
102, 43
102, 53
102, 58
102, 71
102, 113
102, 115
102, 132
102, 137
102, 169
102, 187
102, 227
102, 228
102, 274
102, 276
102, 307
102, 319
102, 330
102, 390
104, 10
104, 52
104, 70
104, 151
104, 200
104, 237
104, 338
104, 359
104, 378
108, 10
108, 52
108, 70
108, 72
108, 151
108, 200
108, 237
108, 338
108, 359
108, 378
112, 120
112, 122
112, 130
112, 136
112, 145
112, 148
112, 157
112, 164
112, 165
112, 170
112, 174
112, 177
112, 182
112, 184
112, 185
112, 186
112, 193
112, 194
112, 196
112, 198
116, 15
116, 61
116, 75
116, 81
116, 97
116, 106
116, 109
116, 131
116, 138
116, 147
116, 152
116, 168
116, 185
116, 211
116, 225
116, 235
116, 247
116, 259
116, 284
116, 297
119, 120
119, 122
119, 130
119, 136
119, 145
119, 148
119, 157
119, 164
119, 165
119, 170
119, 174
119, 177
119, 182
119, 184
119, 185
119, 186
119, 193
119, 194
119, 196
119, 198
121, 11
121, 27
121, 30
121, 56
121, 61
121, 72
121, 106
121, 109
121, 130
121, 147
121, 182
121, 185
121, 186
121, 193
121, 196
121, 201
121, 202
121, 203
121, 211
121, 212
124, 120
124, 122
124, 130
124, 136
124, 145
124, 148
124, 157
124, 164
124, 165
124, 170
124, 174
124, 177
124, 182
124, 184
124, 185
124, 186
124, 193
124, 194
124, 196
124, 198
125, 120
125, 122
125, 130
125, 136
125, 145
125, 148
125, 157
125, 164
125, 165
125, 170
125, 174
125, 177
125, 182
125, 184
125, 185
125, 186
125, 193
125, 194
125, 196
125, 198
126, 10
126, 11
126, 27
126, 30
126, 56
126, 72
126, 185
126, 201
126, 202
126, 203
126, 211
126, 218
126, 234
126, 237
126, 247
126, 280
126, 291
126, 305
126, 311
126, 359
127, 15
127, 61
127, 75
127, 81
127, 97
127, 106
127, 109
127, 131
127, 138
127, 147
127, 152
127, 168
127, 225
127, 235
127, 259
127, 284
127, 297
127, 324
127, 328
127, 340
128, 11
128, 27
128, 30
128, 56
128, 72
128, 201
128, 202
128, 203
128, 218
128, 234
128, 280
128, 291
128, 311
128, 370
128, 379
128, 397
133, 11
133, 27
133, 30
133, 56
133, 72
133, 130
133, 182
133, 185
133, 186
133, 196
133, 201
133, 202
133, 203
133, 211
133, 212
133, 218
133, 234
133, 247
133, 271
133, 280
134, 1
134, 13
134, 43
134, 53
134, 58
134, 71
134, 113
134, 114
134, 115
134, 130
134, 132
134, 137
134, 169
134, 182
134, 185
134, 186
134, 187
134, 211
134, 212
134, 227
135, 1
135, 13
135, 43
135, 53
135, 58
135, 71
135, 113
135, 115
135, 132
135, 137
135, 169
135, 187
135, 227
135, 228
135, 274
135, 276
135, 307
135, 319
135, 330
135, 390
139, 11
139, 27
139, 30
139, 56
139, 72
139, 201
139, 202
139, 203
139, 218
139, 234
139, 280
139, 291
139, 311
139, 370
139, 379
139, 397
142, 14
142, 46
142, 89
142, 105
142, 210
142, 239
142, 254
142, 257
142, 288
142, 299
143, 11
143, 14
143, 27
143, 30
143, 46
143, 56
143, 61
143, 72
143, 81
143, 97
143, 105
143, 106
143, 109
143, 122
143, 130
143, 147
143, 148
143, 152
143, 157
143, 164
144, 1
144, 3
144, 58
144, 71
144, 113
144, 114
144, 115
144, 137
144, 169
144, 187
144, 221
144, 227
144, 228
144, 233
144, 261
144, 273
144, 274
144, 330
144, 358
144, 395
149, 233
149, 307
149, 319
149, 358
150, 15
150, 61
150, 75
150, 81
150, 97
150, 106
150, 109
150, 130
150, 131
150, 138
150, 147
150, 152
150, 168
150, 182
150, 185
150, 186
150, 193
150, 196
150, 211
150, 212
153, 11
153, 27
153, 30
153, 56
153, 72
153, 201
153, 202
153, 203
153, 218
153, 234
153, 280
153, 291
153, 311
153, 370
153, 379
153, 397
155, 120
155, 122
155, 130
155, 136
155, 145
155, 148
155, 157
155, 164
155, 165
155, 170
155, 174
155, 177
155, 182
155, 184
155, 185
155, 186
155, 193
155, 194
155, 196
155, 198
159, 11
159, 14
159, 27
159, 30
159, 46
159, 56
159, 61
159, 72
159, 75
159, 81
159, 89
159, 97
159, 105
159, 106
159, 109
159, 122
159, 130
159, 131
159, 138
159, 147
160, 15
160, 61
160, 75
160, 81
160, 97
160, 106
160, 109
160, 122
160, 130
160, 131
160, 136
160, 138
160, 145
160, 147
160, 148
160, 152
160, 157
160, 164
160, 165
160, 168
161, 120
161, 122
161, 136
161, 145
161, 148
161, 157
161, 164
161, 165
161, 170
161, 174
161, 177
161, 182
161, 184
161, 185
161, 186
161, 193
161, 194
161, 196
161, 198
161, 211
162, 120
162, 122
162, 136
162, 145
162, 148
162, 157
162, 164
162, 165
162, 170
162, 174
162, 177
162, 182
162, 184
162, 185
162, 186
162, 193
162, 194
162, 196
162, 198
162, 211
163, 120
163, 122
163, 136
163, 145
163, 148
163, 157
163, 164
163, 165
163, 170
163, 174
163, 177
163, 182
163, 184
163, 185
163, 186
163, 193
163, 194
163, 196
163, 198
163, 211
166, 120
166, 122
166, 136
166, 145
166, 148
166, 157
166, 164
166, 165
166, 170
166, 174
166, 177
166, 182
166, 184
166, 185
166, 186
166, 193
166, 194
166, 196
166, 198
166, 211
171, 11
171, 27
171, 30
171, 56
171, 72
171, 201
171, 202
171, 203
171, 218
171, 234
171, 280
171, 291
171, 311
171, 370
171, 379
171, 397
172, 15
172, 120
172, 122
172, 136
172, 145
172, 148
172, 157
172, 164
172, 165
172, 170
172, 174
172, 177
172, 182
172, 184
172, 186
172, 193
172, 194
172, 196
172, 198
172, 211
173, 11
173, 27
173, 30
173, 56
173, 72
173, 201
173, 202
173, 203
173, 218
173, 234
173, 280
173, 291
173, 311
173, 370
173, 379
173, 397
175, 1
175, 3
175, 13
175, 53
175, 58
175, 71
175, 113
175, 114
175, 115
175, 132
175, 137
175, 169
175, 187
175, 211
175, 212
175, 221
175, 227
175, 228
175, 233
175, 247
176, 11
176, 27
176, 30
176, 56
176, 72
176, 201
176, 202
176, 203
176, 218
176, 234
176, 280
176, 291
176, 311
176, 370
176, 379
176, 397
179, 120
179, 122
179, 136
179, 145
179, 148
179, 157
179, 164
179, 165
179, 170
179, 174
179, 177
179, 182
179, 184
179, 186
179, 193
179, 194
179, 196
179, 198
179, 211
179, 212
180, 11
180, 27
180, 30
180, 56
180, 72
180, 201
180, 202
180, 203
180, 218
180, 234
180, 280
180, 291
180, 311
180, 370
180, 379
180, 397
181, 14
181, 46
181, 89
181, 105
181, 210
181, 239
181, 254
181, 257
181, 288
181, 299
183, 1
183, 3
183, 13
183, 27
183, 30
183, 51
183, 53
183, 56
183, 58
183, 61
183, 71
183, 81
183, 106
183, 107
183, 109
183, 113
183, 114
183, 115
183, 122
183, 132
188, 120
188, 136
188, 145
188, 148
188, 157
188, 164
188, 165
188, 170
188, 174
188, 177
188, 182
188, 184
188, 186
188, 193
188, 194
188, 196
188, 198
188, 211
188, 212
188, 214
189, 120
189, 136
189, 145
189, 148
189, 157
189, 164
189, 165
189, 170
189, 174
189, 177
189, 184
189, 186
189, 193
189, 194
189, 196
189, 198
189, 211
189, 212
189, 214
189, 217
190, 120
190, 136
190, 145
190, 148
190, 157
190, 164
190, 165
190, 170
190, 174
190, 177
190, 184
190, 193
190, 194
190, 196
190, 198
190, 211
190, 212
190, 214
190, 217
190, 232
191, 15
191, 61
191, 75
191, 81
191, 97
191, 106
191, 109
191, 131
191, 138
191, 147
191, 152
191, 168
191, 225
191, 235
191, 259
191, 284
191, 297
191, 324
191, 328
191, 340
192, 1
192, 13
192, 43
192, 53
192, 58
192, 71
192, 113
192, 115
192, 132
192, 137
192, 169
192, 187
192, 227
192, 228
192, 274
192, 276
192, 307
192, 319
192, 330
192, 390
195, 120
195, 136
195, 145
195, 157
195, 164
195, 165
195, 170
195, 174
195, 177
195, 184
195, 193
195, 194
195, 196
195, 198
195, 211
195, 212
195, 214
195, 217
195, 232
195, 236
199, 11
199, 27
199, 30
199, 56
199, 72
199, 164
199, 193
199, 196
199, 201
199, 202
199, 203
199, 211
199, 212
199, 218
199, 234
199, 236
199, 246
199, 247
199, 264
199, 271
204, 15
204, 61
204, 75
204, 81
204, 97
204, 106
204, 109
204, 131
204, 138
204, 147
204, 152
204, 168
204, 225
204, 235
204, 247
204, 259
204, 284
204, 297
204, 324
204, 328
205, 1
205, 3
205, 58
205, 71
205, 113
205, 114
205, 115
205, 137
205, 141
205, 169
205, 170
205, 177
205, 193
205, 198
205, 211
205, 212
205, 217
205, 227
205, 228
205, 233
206, 9
206, 45
206, 51
206, 85
206, 96
206, 107
206, 118
206, 129
206, 141
206, 156
206, 167
206, 178
206, 197
206, 238
206, 240
206, 287
206, 294
206, 304
206, 317
206, 320
207, 11
207, 27
207, 30
207, 56
207, 72
207, 201
207, 202
207, 203
207, 212
207, 217
207, 218
207, 234
207, 236
207, 246
207, 247
207, 264
207, 267
207, 271
207, 280
207, 281
209, 15
209, 61
209, 75
209, 81
209, 97
209, 106
209, 109
209, 131
209, 138
209, 147
209, 152
209, 168
209, 170
209, 177
209, 198
209, 212
209, 217
209, 225
209, 235
209, 236
213, 1
213, 3
213, 13
213, 43
213, 53
213, 58
213, 71
213, 113
213, 114
213, 115
213, 132
213, 137
213, 157
213, 169
213, 170
213, 174
213, 177
213, 187
213, 194
213, 198
215, 14
215, 15
215, 46
215, 61
215, 75
215, 81
215, 89
215, 97
215, 105
215, 106
215, 109
215, 131
215, 138
215, 147
215, 152
215, 168
215, 225
215, 235
215, 239
215, 247
216, 120
216, 136
216, 145
216, 165
216, 174
216, 184
216, 194
216, 198
216, 212
216, 214
216, 217
216, 232
216, 236
216, 241
216, 246
216, 247
216, 249
216, 250
216, 264
216, 266
219, 1
219, 13
219, 43
219, 53
219, 58
219, 71
219, 113
219, 115
219, 132
219, 137
219, 169
219, 187
219, 227
219, 228
219, 274
219, 276
219, 307
219, 319
219, 330
219, 390
220, 15
220, 61
220, 75
220, 81
220, 97
220, 106
220, 109
220, 131
220, 138
220, 147
220, 152
220, 168
220, 225
220, 235
220, 259
220, 284
220, 297
220, 324
220, 328
220, 340
222, 5
222, 16
222, 44
222, 48
222, 88
222, 95
222, 98
222, 123
222, 140
222, 154
222, 269
222, 322
222, 344
223, 120
223, 136
223, 145
223, 165
223, 174
223, 184
223, 194
223, 198
223, 212
223, 214
223, 217
223, 232
223, 236
223, 241
223, 246
223, 247
223, 249
223, 250
223, 264
223, 266
224, 3
224, 114
224, 221
224, 233
224, 261
224, 273
224, 358
226, 165
226, 174
226, 184
226, 194
226, 212
226, 214
226, 217
226, 232
226, 236
226, 241
226, 246
226, 247
226, 249
226, 250
226, 264
226, 266
226, 267
226, 271
226, 281
226, 285
229, 184
229, 194
229, 212
229, 214
229, 217
229, 232
229, 236
229, 241
229, 246
229, 247
229, 249
229, 250
229, 264
229, 266
229, 267
229, 271
229, 281
229, 285
229, 289
229, 296
230, 3
230, 114
230, 221
230, 233
230, 261
230, 273
230, 358
231, 15
231, 61
231, 75
231, 81
231, 97
231, 106
231, 109
231, 131
231, 138
231, 147
231, 152
231, 168
231, 225
231, 235
231, 259
231, 284
231, 297
231, 324
231, 328
231, 340
242, 5
242, 16
242, 44
242, 48
242, 88
242, 95
242, 98
242, 123
242, 140
242, 154
242, 269
242, 322
242, 344
243, 212
243, 214
243, 217
243, 232
243, 236
243, 241
243, 246
243, 247
243, 249
243, 250
243, 264
243, 266
243, 267
243, 271
243, 281
243, 285
243, 289
243, 296
243, 305
243, 309
244, 3
244, 114
244, 221
244, 233
244, 261
244, 273
244, 358
245, 15
245, 75
245, 81
245, 97
245, 106
245, 109
245, 131
245, 138
245, 147
245, 152
245, 168
245, 225
245, 235
245, 247
245, 259
245, 284
245, 297
245, 305
245, 324
245, 328
248, 10
248, 52
248, 70
248, 151
248, 200
248, 237
248, 338
248, 359
248, 378
251, 11
251, 72
251, 201
251, 202
251, 203
251, 218
251, 234
251, 280
251, 291
251, 311
251, 370
251, 379
251, 397
252, 5
252, 10
252, 201
252, 202
252, 203
252, 217
252, 218
252, 234
252, 236
252, 246
252, 247
252, 264
252, 267
252, 269
252, 271
252, 280
252, 281
252, 289
252, 291
252, 296
253, 4
253, 158
253, 318
255, 3
255, 114
255, 221
255, 233
255, 261
255, 273
255, 358
256, 201
256, 202
256, 203
256, 218
256, 234
256, 280
256, 291
256, 311
256, 370
256, 379
256, 397
258, 1
258, 13
258, 43
258, 53
258, 58
258, 71
258, 113
258, 115
258, 132
258, 137
258, 169
258, 187
258, 227
258, 228
258, 274
258, 276
258, 307
258, 319
258, 330
258, 390
260, 214
260, 217
260, 232
260, 236
260, 241
260, 246
260, 247
260, 249
260, 250
260, 264
260, 266
260, 267
260, 271
260, 281
260, 285
260, 289
260, 296
260, 305
260, 309
260, 315
262, 3
262, 114
262, 221
262, 233
262, 261
262, 273
262, 358
265, 15
265, 75
265, 81
265, 97
265, 109
265, 131
265, 138
265, 147
265, 152
265, 168
265, 225
265, 235
265, 247
265, 259
265, 284
265, 297
265, 305
265, 324
265, 328
265, 329
268, 5
268, 16
268, 44
268, 48
268, 88
268, 95
268, 98
268, 123
268, 140
268, 154
268, 247
268, 269
268, 271
268, 281
268, 305
268, 322
268, 329
268, 339
268, 344
268, 380
270, 201
270, 202
270, 203
270, 218
270, 234
270, 236
270, 247
270, 264
270, 271
270, 280
270, 281
270, 291
270, 305
270, 311
270, 327
270, 329
270, 339
270, 370
270, 377
270, 379
272, 15
272, 75
272, 97
272, 131
272, 138
272, 152
272, 168
272, 217
272, 225
272, 235
272, 236
272, 246
272, 259
272, 264
272, 267
272, 271
272, 281
272, 284
272, 289
272, 296
275, 12
275, 110
277, 9
277, 45
277, 51
277, 85
277, 96
277, 107
277, 118
277, 129
277, 141
277, 156
277, 167
277, 178
277, 197
277, 238
277, 240
277, 287
277, 294
277, 304
277, 317
277, 320
278, 8
278, 14
278, 46
278, 75
278, 89
278, 97
278, 105
278, 131
278, 138
278, 152
278, 168
278, 201
278, 202
278, 203
278, 210
278, 217
278, 218
278, 225
278, 232
278, 234
279, 1
279, 13
279, 43
279, 53
279, 58
279, 71
279, 113
279, 115
279, 132
279, 137
279, 169
279, 187
279, 227
279, 228
279, 274
279, 276
279, 307
279, 319
279, 330
279, 390
282, 5
282, 16
282, 44
282, 48
282, 88
282, 95
282, 96
282, 98
282, 123
282, 140
282, 154
282, 269
282, 271
282, 281
282, 305
282, 322
282, 327
282, 329
282, 339
282, 344
286, 5
286, 16
286, 44
286, 48
286, 88
286, 95
286, 98
286, 123
286, 140
286, 154
286, 269
286, 322
286, 344
290, 169
290, 214
290, 217
290, 232
290, 236
290, 241
290, 246
290, 249
290, 250
290, 264
290, 266
290, 267
290, 271
290, 281
290, 285
290, 289
290, 296
290, 305
290, 309
290, 315
292, 43
292, 114
292, 217
292, 218
292, 225
292, 232
292, 235
292, 236
292, 241
292, 246
292, 249
292, 250
292, 264
292, 267
292, 273
292, 276
292, 289
292, 296
292, 307
292, 319
293, 5
293, 16
293, 44
293, 48
293, 88
293, 95
293, 98
293, 123
293, 140
293, 154
293, 269
293, 322
293, 344
295, 214
295, 217
295, 232
295, 236
295, 241
295, 246
295, 249
295, 250
295, 264
295, 266
295, 267
295, 271
295, 281
295, 285
295, 289
295, 296
295, 305
295, 309
295, 315
295, 327
298, 1
298, 13
298, 43
298, 53
298, 58
298, 71
298, 113
298, 115
298, 132
298, 137
298, 169
298, 187
298, 227
298, 228
298, 274
298, 276
298, 307
298, 319
298, 330
298, 390
300, 234
300, 280
300, 291
300, 311
300, 370
300, 379
300, 397
301, 214
301, 217
301, 232
301, 236
301, 241
301, 246
301, 249
301, 250
301, 264
301, 266
301, 267
301, 271
301, 281
301, 285
301, 289
301, 296
301, 305
301, 309
301, 315
301, 327
302, 15
302, 75
302, 131
302, 138
302, 152
302, 168
302, 217
302, 225
302, 235
302, 236
302, 246
302, 259
302, 264
302, 267
302, 271
302, 281
302, 284
302, 289
302, 296
302, 297
303, 3
303, 114
303, 233
303, 261
303, 273
303, 358
306, 5
306, 12
306, 110
306, 269
308, 13
308, 43
308, 53
308, 58
308, 71
308, 113
308, 115
308, 132
308, 137
308, 169
308, 187
308, 227
308, 228
308, 274
308, 276
308, 307
308, 319
308, 330
308, 390
308, 395
310, 214
310, 232
310, 236
310, 241
310, 246
310, 249
310, 250
310, 264
310, 266
310, 267
310, 271
310, 281
310, 285
310, 289
310, 296
310, 305
310, 309
310, 315
310, 327
310, 329
312, 214
312, 232
312, 236
312, 241
312, 246
312, 249
312, 250
312, 264
312, 266
312, 267
312, 271
312, 281
312, 285
312, 289
312, 296
312, 305
312, 309
312, 315
312, 327
312, 329
313, 131
313, 138
313, 152
313, 168
313, 214
313, 225
313, 232
313, 241
313, 246
313, 249
313, 250
313, 259
313, 264
313, 266
313, 267
313, 271
313, 281
313, 284
313, 285
313, 289
314, 13
314, 43
314, 53
314, 58
314, 71
314, 113
314, 115
314, 132
314, 137
314, 169
314, 187
314, 227
314, 228
314, 274
314, 276
314, 307
314, 319
314, 330
314, 390
314, 395
316, 3
316, 13
316, 43
316, 51
316, 53
316, 58
316, 71
316, 107
316, 113
316, 114
316, 115
316, 132
316, 137
316, 141
316, 169
316, 187
316, 197
316, 227
316, 228
316, 232
321, 214
321, 232
321, 241
321, 246
321, 249
321, 250
321, 264
321, 266
321, 267
321, 271
321, 281
321, 285
321, 289
321, 296
321, 305
321, 309
321, 315
321, 327
321, 329
321, 331
323, 280
323, 291
323, 311
323, 370
323, 379
323, 397
325, 214
325, 232
325, 241
325, 246
325, 249
325, 250
325, 266
325, 267
325, 281
325, 285
325, 289
325, 296
325, 305
325, 309
325, 315
325, 327
325, 329
325, 331
325, 336
325, 339
326, 280
326, 291
326, 311
326, 370
326, 379
326, 397
332, 214
332, 232
332, 241
332, 249
332, 250
332, 266
332, 267
332, 281
332, 285
332, 289
332, 296
332, 305
332, 309
332, 315
332, 327
332, 329
332, 331
332, 336
332, 339
332, 348
333, 168
333, 214
333, 241
333, 249
333, 250
333, 259
333, 266
333, 267
333, 284
333, 285
333, 289
333, 296
333, 305
333, 309
333, 315
333, 327
333, 328
333, 329
333, 331
333, 336
334, 241
334, 249
334, 250
334, 266
334, 267
334, 285
334, 289
334, 296
334, 305
334, 309
334, 315
334, 327
334, 329
334, 331
334, 336
334, 339
334, 348
334, 354
334, 356
334, 377
335, 9
335, 45
335, 51
335, 85
335, 96
335, 107
335, 118
335, 129
335, 141
335, 156
335, 167
335, 178
335, 197
335, 238
335, 240
335, 287
335, 294
335, 304
335, 317
335, 320
337, 241
337, 249
337, 250
337, 259
337, 266
337, 285
337, 289
337, 296
337, 305
337, 309
337, 315
337, 327
337, 329
337, 331
337, 336
337, 339
337, 340
337, 348
337, 354
337, 356
341, 168
341, 225
341, 235
341, 241
341, 249
341, 250
341, 259
341, 266
341, 284
341, 285
341, 289
341, 296
341, 305
341, 309
341, 315
341, 327
341, 328
341, 329
341, 331
341, 336
342, 266
342, 285
342, 296
342, 309
342, 315
342, 327
342, 329
342, 331
342, 336
342, 339
342, 348
342, 354
342, 356
342, 377
342, 380
342, 385
342, 386
342, 391
342, 396
342, 408
345, 197
345, 238
345, 240
345, 261
345, 294
345, 327
345, 329
345, 339
345, 368
345, 373
345, 377
345, 380
345, 387
345, 412
347, 259
347, 284
347, 285
347, 309
347, 315
347, 327
347, 328
347, 329
347, 331
347, 336
347, 339
347, 340
347, 348
347, 353
347, 354
347, 356
347, 377
347, 380
347, 385
347, 386
349, 285
349, 309
349, 315
349, 327
349, 329
349, 331
349, 336
349, 339
349, 348
349, 354
349, 356
349, 377
349, 380
349, 385
349, 386
349, 391
349, 396
349, 408
349, 411
350, 9
350, 45
350, 51
350, 85
350, 96
350, 107
350, 118
350, 129
350, 141
350, 156
350, 167
350, 178
350, 197
350, 238
350, 240
350, 287
350, 294
350, 304
350, 317
350, 320
351, 309
351, 315
351, 327
351, 329
351, 331
351, 336
351, 339
351, 348
351, 354
351, 356
351, 377
351, 380
351, 385
351, 386
351, 391
351, 396
351, 408
351, 411
352, 5
352, 16
352, 44
352, 48
352, 88
352, 95
352, 98
352, 123
352, 140
352, 154
352, 269
352, 322
352, 344
355, 309
355, 315
355, 327
355, 329
355, 331
355, 336
355, 339
355, 348
355, 354
355, 356
355, 377
355, 380
355, 385
355, 386
355, 391
355, 396
355, 408
355, 411
357, 309
357, 315
357, 327
357, 329
357, 331
357, 336
357, 339
357, 348
357, 354
357, 356
357, 377
357, 380
357, 385
357, 386
357, 391
357, 396
357, 408
357, 411
361, 315
361, 331
361, 336
361, 339
361, 348
361, 354
361, 356
361, 377
361, 380
361, 385
361, 386
361, 391
361, 396
361, 408
361, 411
363, 331
363, 336
363, 339
363, 348
363, 354
363, 356
363, 377
363, 380
363, 385
363, 386
363, 391
363, 396
363, 408
363, 411
364, 10
364, 52
364, 70
364, 151
364, 200
364, 237
364, 338
364, 359
364, 378
365, 5
365, 16
365, 44
365, 48
365, 70
365, 88
365, 95
365, 98
365, 123
365, 140
365, 151
365, 154
365, 269
365, 291
365, 311
365, 322
365, 338
365, 339
365, 344
365, 379
366, 13
366, 43
366, 53
366, 71
366, 132
366, 137
366, 187
366, 227
366, 228
366, 274
366, 276
366, 330
366, 395
366, 415
367, 13
367, 43
367, 53
367, 132
367, 187
367, 227
367, 228
367, 274
367, 276
367, 307
367, 319
367, 330
367, 390
367, 395
367, 415
369, 9
369, 45
369, 51
369, 85
369, 96
369, 107
369, 118
369, 129
369, 141
369, 156
369, 167
369, 178
369, 197
369, 238
369, 240
369, 287
369, 294
369, 304
369, 317
369, 320
371, 291
371, 311
371, 370
371, 379
371, 397
372, 13
372, 43
372, 53
372, 132
372, 187
372, 276
372, 307
372, 319
372, 339
372, 354
372, 377
372, 380
372, 385
372, 390
372, 411
374, 225
374, 235
374, 259
374, 284
374, 297
374, 324
374, 328
374, 340
374, 343
374, 353
374, 360
374, 402
375, 9
375, 45
375, 51
375, 85
375, 96
375, 107
375, 118
375, 129
375, 141
375, 156
375, 167
375, 178
375, 197
375, 238
375, 240
375, 287
375, 294
375, 304
375, 317
375, 320
381, 331
381, 336
381, 339
381, 348
381, 354
381, 356
381, 377
381, 380
381, 385
381, 386
381, 391
381, 396
381, 408
381, 411
382, 331
382, 336
382, 339
382, 348
382, 354
382, 356
382, 377
382, 380
382, 385
382, 386
382, 391
382, 396
382, 408
382, 411
383, 331
383, 336
383, 348
383, 354
383, 356
383, 377
383, 380
383, 385
383, 386
383, 391
383, 396
383, 408
383, 411
384, 9
384, 45
384, 51
384, 85
384, 96
384, 107
384, 118
384, 129
384, 141
384, 156
384, 167
384, 178
384, 197
384, 238
384, 240
384, 287
384, 294
384, 304
384, 317
384, 320
388, 331
388, 336
388, 348
388, 354
388, 356
388, 377
388, 380
388, 385
388, 386
388, 391
388, 396
388, 408
388, 411
389, 331
389, 336
389, 348
389, 354
389, 356
389, 377
389, 380
389, 385
389, 386
389, 391
389, 396
389, 408
389, 411
392, 336
392, 348
392, 354
392, 356
392, 377
392, 380
392, 385
392, 386
392, 391
392, 396
392, 408
392, 411
393, 348
393, 354
393, 356
393, 377
393, 380
393, 385
393, 386
393, 391
393, 396
393, 408
393, 411
394, 348
394, 354
394, 356
394, 377
394, 380
394, 385
394, 386
394, 391
394, 396
394, 408
394, 411
398, 225
398, 235
398, 259
398, 284
398, 297
398, 324
398, 328
398, 340
398, 343
398, 353
398, 354
398, 360
398, 380
398, 385
398, 386
398, 402
398, 411
401, 14
401, 46
401, 89
401, 105
401, 210
401, 239
401, 254
401, 257
401, 288
401, 299
404, 235
404, 259
404, 284
404, 297
404, 324
404, 328
404, 340
404, 343
404, 353
404, 360
404, 402
405, 311
405, 370
405, 379
405, 397
407, 348
407, 356
407, 385
407, 386
407, 391
407, 396
407, 408
407, 411
409, 3
409, 51
409, 107
409, 141
409, 197
409, 227
409, 233
409, 238
409, 240
409, 261
409, 294
409, 304
409, 330
409, 358
409, 368
409, 373
409, 385
409, 386
409, 391
409, 395
410, 356
410, 386
410, 391
410, 396
410, 408
410, 411
413, 3
413, 114
413, 233
413, 261
413, 273
413, 358
413, 406
414, 5
414, 8
414, 9
414, 14
414, 16
414, 44
414, 45
414, 46
414, 48
414, 85
414, 88
414, 89
414, 95
414, 96
414, 105
414, 118
414, 129
414, 154
414, 156
414, 167
416, 370
416, 379
416, 397
417, 391
417, 396
417, 408
417, 411
418, 391
418, 396
418, 408
418, 411
419, 396
419, 408
end