400
4
0, 0.5875320316708266, 0.46147869032961586
1, 0.20713419649863096, 0.24214936851891122
2, 0.36875032981398204, 0.6332356976046549
3, 0.9470933724839649, 0.7017441989963803
4, 0.27934251595221593, 0.5397446869052613
5, 0.7150607842698584, 0.13413768555320738
6, 0.26693022934472377, 0.7466703789086166
7, 0.22446023174385665, 0.5102352546829491
8, 0.5916478164140843, 0.08348983249117103
9, 0.630835802026488, 0.6684934434563427
10, 0.3573801793593778, 0.6634407156715121
11, 0.7391963308333681, 0.8977697862405317
12, 0.8028308130969379, 0.6817061618952635
13, 0.7202931440857789, 0.672898228757505
14, 0.26629049710001884, 0.9065836278315323
15, 0.7391408167248867, 0.5581668757448276
16, 0.5290163220811723, 0.5252318804582309
17, 0.3739168876157789, 0.5741861410562671
18, 0.9217795506212385, 0.5681338237476639
19, 0.3251486356757587, 0.7930505102535887
20, 0.00033675269026112176, 0.21082727943629098
21, 0.3382084549258003, 0.6067841686964922
22, 0.862594565824585, 0.5784773574984743
23, 0.35965941181748706, 0.4193253897064365
24, 0.5675399453752521, 0.8702800368133632
25, 0.7733220349983189, 0.4998568993314949
26, 0.8146030427256769, 0.5120648916328464
27, 0.3270652149959532, 0.6401871240492406
28, 0.6321941120991215, 0.5929754302377684
29, 0.8705966556453899, 0.32925113552284
30, 0.24422757948158558, 0.13794728377492538
31, 0.10551250811682089, 0.3029070231605917
32, 0.7966168862965931, 0.29251895399172567
33, 0.8733723022087533, 0.32821338219112983
34, 0.04355423957925675, 0.6944314335563712
35, 0.5941615216611231, 0.7611264135366832
36, 0.33889316523408763, 0.04955892625117997
37, 0.4943054752753705, 0.4255214437351401
38, 0.7578915217686355, 0.4655033024846452
39, 0.927401808579689, 0.5359090878776611
40, 0.30476336213939303, 0.307360045911907
41, 0.41617314120315463, 0.9613630689428754
42, 0.9254405135716585, 0.6711621447420997
43, 0.7944010544986586, 0.006312761869313954
44, 0.13366253948769347, 0.828736051727981
45, 0.5177910217683899, 0.10367287016747662
46, 0.5521425198520161, 0.9186613454300999
47, 0.02741368086753304, 0.38194225689246963
48, 0.02317444977225125, 0.21035165005241963
49, 0.46970126812878144, 0.9229440722468719
50, 0.9443245097083354, 0.4264159423426749
51, 0.6026228078701523, 0.1940078662111323
52, 0.43584433685042967, 0.025678992685268742
53, 0.35547334965985367, 0.5342162430142969
54, 0.4796517135263132, 0.4159629011243974
55, 0.7236543293779945, 0.5540612108344422
56, 0.8589949701614841, 0.9207446453029872
57, 0.8613818054134132, 0.5479741613427801
58, 0.47161130949502883, 0.2041619384997987
59, 0.23594763018698928, 0.7453561057481045
60, 0.5765563590371297, 0.8008979949019179
61, 0.28610262232254224, 0.9644501875688863
62, 0.6206964691619259, 0.4503760739166177
63, 0.2469143584278951, 0.22620387672540232
64, 0.5680883349526711, 0.02805683943520043
65, 0.2504518175612517, 0.9072789105842468
66, 0.45868454732684205, 0.08622008171194884
67, 0.23614582782968385, 0.2015866308070967
68, 0.572516210931524, 0.5828719350097676
69, 0.9576513860436161, 0.858414720618236
70, 0.48274319698141166, 0.7897270169750749
71, 0.32785608568151214, 0.8480118220863528
72, 0.6575521052719034, 0.5721788741901341
73, 0.8504110977727486, 0.4518884487974397
74, 0.5764422643168796, 0.08826248782836321
75, 0.477222340373318, 0.8006796456851627
76, 0.6675929334639983, 0.5209067277302766
77, 0.4419751185090661, 0.6206273952652153
78, 0.3804342418545037, 0.7791282486234624
79, 0.753678220585002, 0.46472281478189537
80, 0.45142752311473033, 0.15144753763607322
81, 0.6665891286011737, 0.6859059006493214
82, 0.2891384014555236, 0.2229520171754178
83, 0.1609636122635414, 0.4798683466381769
84, 0.5627341316879285, 0.2917745834673805
85, 0.8427355332807779, 0.3102346034965304
86, 0.5800539990837116, 0.8516555659387303
87, 0.16453109528725296, 0.6320872606142229
88, 0.419952716102412, 0.8128571940681555
89, 0.1351842331787556, 0.34830992833906627
90, 0.40325859058218505, 0.9685986481536345
91, 0.9366203478506923, 0.851810037682679
92, 0.3504572937458541, 0.512460265126327
93, 0.6397188690464548, 0.2824490879298479
94, 0.3413706171767148, 0.21755448183688464
95, 0.8414727754612279, 0.37000924877179076
96, 0.9048640195172, 0.2534526488002401
97, 0.07702816197231499, 0.6056454630633813
98, 0.2235041014163609, 0.5348903320543046
99, 0.36195133482012465, 0.9365103019945376
100, 0.5992696384508347, 0.9480470677097521
101, 0.9353828662152958, 0.04147127247251792
102, 0.2473048353465146, 0.5427472543170749
103, 0.3624897277730428, 0.514090697534037
104, 0.9264791936042636, 0.400792003688512
105, 0.7547854268037506, 0.4256820976421736
106, 0.20954339346610307, 0.8355633500642926
107, 0.7887571736638267, 0.2724857257848283
108, 0.221208256071467, 0.8928953946533207
109, 0.44835622722669266, 0.128002754028112
110, 0.946932126638191, 0.904771119238759
111, 0.45526561257282705, 0.7256524840889582
112, 0.38277705544243434, 0.5211678564671308
113, 0.17574088537486676, 0.33650814136126905
114, 0.8655901649189901, 0.45224268763303965
115, 0.8093670447140857, 0.44411456045434583
116, 0.4116746662706334, 0.5770574018134705
117, 0.012702819032810342, 0.44761746664998414
118, 0.8176725996804012, 0.9989424640940987
119, 0.9352000348517276, 0.45422339839469905
120, 0.5340892859618103, 0.4898482286275476
121, 0.9624493539987781, 0.3245811037006867
122, 0.8767852048706513, 0.29219726788673894
123, 0.2604839721872374, 0.48269599834345245
124, 0.4184183577436029, 0.6702344617259324
125, 0.4312917047416084, 0.9721491349694461
126, 0.5214334005286229, 0.4119325999412553
127, 0.015686651021590614, 0.4832211895439057
128, 0.9833571975450437, 0.7019975452412375
129, 0.6908089321209062, 0.9895514755208268
130, 0.23603608484307437, 0.8547356731221563
131, 0.18850076958339967, 0.9484935179850625
132, 0.4735865094799212, 0.2784017091988039
133, 0.6710200883441706, 0.2675476112899614
134, 0.2170843212214345, 0.18588477446556095
135, 0.8508088884362167, 0.2717124083522434
136, 0.2076864200733327, 0.0751331824580933
137, 0.7080605771083376, 0.09901261494682234
138, 0.26350228064885783, 0.38998781502391344
139, 0.04073664116642772, 0.4268498750422107
140, 0.4705975811162313, 0.1288886762110566
141, 0.603860212370439, 0.08499771634388376
142, 0.03670401764215314, 0.866764637372576
143, 0.3125409778801521, 0.007422928225155667
144, 0.3219085201672832, 0.5830603136389917
145, 0.8300872684408316, 0.523414520212761
146, 0.4239770074817919, 0.5269615835501169
147, 0.6012876129408422, 0.9231428753077194
148, 0.4981781831524784, 0.713656898743023
149, 0.11745352598083092, 0.2453378003987916
150, 0.911371162059302, 0.03183593488236436
151, 0.5807088842337893, 0.30211432947074857
152, 0.1870903673167379, 0.8303226049009584
153, 0.9324813884474359, 0.4693123559112583
154, 0.8357841446845099, 0.5503691845492776
155, 0.8112396876925566, 0.9948650588570224
156, 0.17612639791039808, 0.2872961759875208
157, 0.35736021656152583, 0.24128290429128318
158, 0.7723839559429053, 0.01435023369403332
159, 0.3812322225339163, 0.8866902714270689
160, 0.6882752941310568, 0.4965628820879522
161, 0.8815755154455659, 0.05485907439153781
162, 0.41787305610316794, 0.9162352981493123
163, 0.8426183070766194, 0.4146171840971178
164, 0.101647129754033, 0.9014454610561431
165, 0.5871588448220504, 0.26457690861818284
166, 0.012035527840501548, 0.9446882270694361
167, 0.6403354060026921, 0.10793648737926387
168, 0.8878090479148203, 0.43625501829667135
169, 0.9232908100084712, 0.6091457733302138
170, 0.5201614057099073, 0.18055925207605428
171, 0.6636655058974065, 0.8175925672560885
172, 0.9149658173898901, 0.5578398745585132
173, 0.823773779898008, 0.41795015771678823
174, 0.49407870587582414, 0.7166885763565101
175, 0.9736458542600261, 0.9933920619895416
176, 0.07125891453789801, 0.762483895228802
177, 0.6342745975124723, 0.5400163749427075
178, 0.5664886402227924, 0.5584854998887031
179, 0.321824088832139, 0.6111911388176398
180, 0.05768959195709844, 0.5183561407345529
181, 0.6516553751487134, 0.16258560301690772
182, 0.6677340645564831, 0.5211985404780993
183, 0.678332851370477, 0.5795005169030778
184, 0.23649902098550524, 0.4596346552477337
185, 0.6792553452959541, 0.3137446756268746
186, 0.8202057893713781, 0.5269682367915718
187, 0.1583584411265243, 0.8577146708097898
188, 0.6010439072001943, 0.5776241977992786
189, 0.6613749319370759, 0.05000614932577907
190, 0.3852984188567766, 0.1936419171240219
191, 0.8882800064403341, 0.49638730730164193
192, 0.12999045000635046, 0.8881425288440816
193, 0.6710813871522188, 0.9344215187109823
194, 0.7020487992176326, 0.25941323117178994
195, 0.556752902389729, 0.4430195102177886
196, 0.15458472849702598, 0.44030927966343447
197, 0.9997029509419496, 0.9007536586532974
198, 0.47710735613644406, 0.9027840568620257
199, 0.5142773144440748, 0.4830345718744211
200, 0.49693760056202163, 0.49562466260846527
201, 0.459996168499454, 0.5101743723917359
202, 0.15930003679188676, 0.6135325825459214
203, 0.35063136941923634, 0.40194991899851973
204, 0.13446972383145572, 0.4290573290343155
205, 0.6928648258142849, 0.24034800391496436
206, 0.9731632477191897, 0.6678402056885832
207, 0.6315749473658374, 0.8436460339138788
208, 0.007000920131376764, 0.7294552600732597
209, 0.8207482175783549, 0.9239938277369206
210, 0.34720126281204833, 0.9587687950544673
211, 0.9431016392277544, 0.22246191577118224
212, 0.9049911277778722, 0.3432274124013598
213, 0.3967110099259169, 0.9694215469133693
214, 0.7157501937248495, 0.8111583730805192
215, 0.8308088422958002, 0.6180300422663633
216, 0.765077056296437, 0.2261029372716009
217, 0.8443704358957413, 0.4968502915567452
218, 0.8302261492372022, 0.9149323918988205
219, 0.3200301612298473, 0.4514722178474678
220, 0.45947471570266873, 0.07692624614553167
221, 0.1525373952000143, 0.7095758426155683
222, 0.28611536434826856, 0.1266785085935873
223, 0.6637121441955609, 0.5373975256673125
224, 0.47589212470296827, 0.4851363335010771
225, 0.632072677064086, 0.9439869956280852
226, 0.6328483537098633, 0.5511503036757031
227, 0.0481251077324264, 0.026856912168453873
228, 0.8721602888684261, 0.23155731268997792
229, 0.07662287209873397, 0.3857635337113886
230, 0.82140205335502, 0.64817691897912
231, 0.49499760253972824, 0.21696392397170106
232, 0.10244424404179642, 0.43987488707995226
233, 0.05862156694928866, 0.022122610866232018
234, 0.06288641272502105, 0.9380278334933878
235, 0.6059266324922364, 0.321450824030877
236, 0.6743928754555231, 0.3546596968264105
237, 0.8380394350148076, 0.07303674817727113
238, 0.8736026818470166, 0.7301993799076978
239, 0.324833154072404, 0.7337072287020218
240, 0.4099651423710492, 0.03874376308016192
241, 0.3983263906258152, 0.5166902979920661
242, 0.9955055599033383, 0.90451248046963
243, 0.9614432737329702, 0.9026725659129473
244, 0.10165415111982068, 0.8860631389656843
245, 0.7077299935655934, 0.6054899948745114
246, 0.09554395280342554, 0.19331438205780604
247, 0.9266376042523318, 0.21935659686847075
248, 0.10280556769355109, 0.18316524679007995
249, 0.27596586015084956, 0.5836722048166713
250, 0.14354359123074711, 0.5807509961196426
251, 0.5007685881345955, 0.2568110663844625
252, 0.4114829848829328, 0.3010466996041813
253, 0.45291472006885536, 0.6055871954559194
254, 0.3745383744309977, 0.24332321740452545
255, 0.17546078636545814, 0.6370513370261903
256, 0.6447693098169505, 0.748012401613814
257, 0.2931913549657944, 0.4846831003270211
258, 0.9259011534445682, 0.26380215813541985
259, 0.45455445339111533, 0.9510418602458328
260, 0.3402967001711029, 0.36373170631276586
261, 0.0022709658820797562, 0.01823371029803189
262, 0.28638330756162644, 0.7765792458711317
263, 0.8471699434832625, 0.24462464140578877
264, 0.01607354900361313, 0.6636004954927118
265, 0.06899593277497562, 0.38517813919719923
266, 0.48201061315034466, 0.43894236811638276
267, 0.8174922902059308, 0.6051419005142837
268, 0.5537150860882346, 0.6853269789415395
269, 0.4400172164042201, 0.09959997891777206
270, 0.5337707822108542, 0.20358173842701377
271, 0.8916316301416544, 0.9328076959973032
272, 0.6234757234992926, 0.3257463915184101
273, 0.037575525716156966, 0.17623651954878028
274, 0.49919680201751226, 0.5309391521115756
275, 0.6394799239640974, 0.5049232800144183
276, 0.6581290925573553, 0.906258995087342
277, 0.5933189727845606, 0.025733748210437613
278, 0.45060937022978054, 0.808858811880903
279, 0.278585018471579, 0.2556565944548833
280, 0.9411143781149749, 0.1916712867899808
281, 0.622251282923048, 0.16504381404791257
282, 0.8256792313433094, 0.5440580792595809
283, 0.4720443207458018, 0.2759555629958643
284, 0.0003062057469370716, 0.7584751758309638
285, 0.5810872398393833, 0.8717730052887224
286, 0.6055686267544587, 0.29423013967034717
287, 0.266222913903689, 0.08186417656679523
288, 0.3361519397709922, 0.2629074543871177
289, 0.10451506550327827, 0.4894426701469923
290, 0.0282160790773075, 0.2861925223870748
291, 0.01581256199133141, 0.8292713783543266
292, 0.1062608075577649, 0.9493206813235309
293, 0.5758501265897238, 0.5450938459794525
294, 0.2936222730137271, 0.4175622686754007
295, 0.9513973339993368, 0.5295685821494431
296, 0.42166326977975543, 0.17964242310605594
297, 0.7464601714336965, 0.47380469748455367
298, 0.9917194732204313, 0.3796853083520594
299, 0.37582744728317774, 0.7274972276775648
300, 0.0967892266664293, 0.7594850645394502
301, 0.23836545077161064, 0.6100995480638642
302, 0.5331747038574443, 0.48239809355407115
303, 0.36482604839950483, 0.32277210390307676
304, 0.0677137399450306, 0.39289712421202627
305, 0.9151589452365965, 0.7908061500006055
306, 0.9607902560136912, 0.5534093409438905
307, 0.6725815837005946, 0.11572412750696481
308, 0.7379104007802988, 0.08075404047170909
309, 0.9736414811661807, 0.942555618790055
310, 0.05341064245035676, 0.3434773868142539
311, 0.09167696426605865, 0.07107512107654634
312, 0.8779572100763499, 0.5223173374126681
313, 0.04235987745040781, 0.7510779730846071
314, 0.3247244330877064, 0.5209468535937709
315, 0.8649975338299466, 0.6384381436202564
316, 0.4236787787985741, 0.4910724731780597
317, 0.3082978666874826, 0.7351127161845158
318, 0.04544886934098635, 0.9509067530037478
319, 0.22088037097729896, 0.6468108425284008
320, 0.20224930950269404, 0.042489681588102735
321, 0.6353716552608462, 0.31322939365280833
322, 0.08577272121268709, 0.5918757655523316
323, 0.5995801141389128, 0.965181170047957
324, 0.44504413654498465, 0.3186414593803898
325, 0.4904035458416648, 0.22154085926718436
326, 0.6664736829100373, 0.07359775630398824
327, 0.4927697971900933, 0.36430199523350326
328, 0.7709181344729065, 0.2830445337240688
329, 0.41695600224484997, 0.9645672862963417
330, 0.2097655801987316, 0.2722416567532704
331, 0.02696269243052052, 0.5456678235142386
332, 0.08277221476543939, 0.626596885737999
333, 0.47270042538987866, 0.5516999062005575
334, 0.7761309441486809, 0.5641287290672625
335, 0.685668324909453, 0.253639230675583
336, 0.15008764965561483, 0.7324220280634056
337, 0.3067168732060952, 0.8621942089539165
338, 0.712909005565999, 0.7372616514225588
339, 0.04254964280523843, 0.7542695333412109
340, 0.8542847813506906, 0.720498417700381
341, 0.41677754725192895, 0.73415026727902
342, 0.9217847392461391, 0.16022055795247192
343, 0.2783576916330115, 0.9267140959664536
344, 0.9409339311488152, 0.7666598261277866
345, 0.9363198692179232, 0.7769697552688483
346, 0.5021837791559077, 0.5207645805232326
347, 0.5299371395055601, 0.46774191744994964
348, 0.8286653080730365, 0.732164991912476
349, 0.9972996465974497, 0.5368279773107939
350, 0.5675132371428022, 0.46076843829866665
351, 0.7538212130063474, 0.5361748721806632
352, 0.6542629057201323, 0.48978439527367035
353, 0.45782057453611424, 0.020882278502049822
354, 0.04684549710040686, 0.6046126137817713
355, 0.8180947275577306, 0.7232336167686191
356, 0.3907868430386001, 0.26972488805518857
357, 0.4918551502647106, 0.5948897620206918
358, 0.8261798490502676, 0.8272777676866646
359, 0.6584513258642398, 0.574773307937201
360, 0.534611370601697, 0.07559815626113509
361, 0.9788966440205519, 0.3182659791801462
362, 0.5782889316120853, 0.18050255692815131
363, 0.5554088932946427, 0.49000663405226397
364, 0.06188387742157564, 0.3137346205239898
365, 0.9162329651188343, 0.7373859051325038
366, 0.957999164605406, 0.13290277793253125
367, 0.6656286269616385, 0.8639194981936492
368, 0.4065019745937204, 0.028802432831091962
369, 0.5788963407423281, 0.9450904575428768
370, 0.842763591855744, 0.4760607936264285
371, 0.11377894276081035, 0.24972076816378097
372, 0.3470713069493918, 0.9210168484954462
373, 0.47927112075154354, 0.2117475489949785
374, 0.3904943287297994, 0.1499095986220832
375, 0.5101978089307555, 0.052169657783201706
376, 0.30209336742666326, 0.25333692292739773
377, 0.4666238055758476, 0.9915968866442393
378, 0.8047333618225396, 0.0973542531958479
379, 0.31610226984759393, 0.8515797320712808
380, 0.34639055347156156, 0.5876779143009135
381, 0.4132291289043507, 0.6418119644096879
382, 0.21693104778560202, 0.4158498016567036
383, 0.29030465358061364, 0.5676069772578278
384, 0.7282109671674393, 0.9847951300341686
385, 0.24348327420522542, 0.3126456859562635
386, 0.42021243867782077, 0.1477624850503101
387, 0.2529347768087603, 0.05025281996443298
388, 0.6928781755237314, 0.8781036896913524
389, 0.390729486087403, 0.05128631929183902
390, 0.28429041476761285, 0.8887424201229766
391, 0.5321826095217103, 0.04530141834775647
392, 0.48647577518774143, 0.09470571353650659
393, 0.2326974866015068, 0.5675418308266708
394, 0.47152070733908535, 0.5767769073298222
395, 0.24895708801364702, 0.6788975501244187
396, 0.5267954276323072, 0.9064961902780602
397, 0.8464586956432505, 0.45434627044752474
398, 0.7840765332148848, 0.15074811913207142
399, 0.6029715053640164, 0.04930756680732529
end_nodes
0, 1
0, 2
0, 3
0, 4
0, 5
0, 6
0, 7
0, 8
0, 9
0, 10
0, 11
0, 12
0, 13
0, 14
0, 15
0, 16
0, 17
0, 18
0, 19
0, 20
1, 8
1, 20
1, 30
1, 36
1, 40
1, 45
1, 48
1, 52
1, 58
1, 63
1, 64
1, 66
1, 67
1, 74
1, 80
1, 82
1, 84
1, 94
1, 109
2, 4
2, 6
2, 7
2, 10
2, 17
2, 21
2, 27
2, 34
2, 44
2, 47
2, 53
2, 59
2, 83
2, 87
2, 97
2, 98
2, 102
2, 116
2, 117
3, 11
3, 12
3, 13
3, 15
3, 18
3, 22
3, 39
3, 42
3, 50
3, 55
3, 56
3, 69
3, 76
3, 81
3, 91
3, 96
3, 101
3, 104
3, 110
4, 7
4, 21
4, 53
4, 92
4, 103
4, 112
4, 144
4, 146
4, 199
4, 200
4, 201
4, 224
4, 241
4, 302
4, 314
4, 316
4, 380
5, 8
5, 18
5, 25
5, 26
5, 29
5, 32
5, 33
5, 38
5, 39
5, 43
5, 51
5, 57
5, 62
5, 64
5, 73
5, 79
5, 85
5, 93
5, 95
6, 10
6, 14
6, 16
6, 19
6, 44
6, 59
6, 65
6, 77
6, 106
6, 108
6, 124
6, 130
6, 131
6, 152
6, 164
6, 166
6, 187
6, 192
7, 20
7, 21
7, 23
7, 31
7, 37
7, 47
7, 54
7, 83
7, 89
7, 92
7, 102
7, 113
7, 123
7, 138
7, 156
7, 184
7, 196
8, 45
8, 51
8, 58
8, 63
8, 64
8, 74
8, 80
8, 84
8, 94
8, 132
8, 141
8, 151
8, 165
8, 167
8, 170
8, 181
8, 190
9, 11
9, 14
9, 24
9, 28
9, 35
9, 41
9, 46
9, 49
9, 60
9, 61
9, 68
9, 70
9, 71
9, 75
9, 78
9, 86
9, 88
9, 90
9, 99
10, 274
10, 333
10, 363
11, 24
11, 28
11, 41
11, 46
11, 56
11, 81
11, 86
11, 90
11, 100
11, 118
11, 125
11, 129
11, 147
11, 155
11, 171
11, 175
11, 193
12, 13
12, 72
12, 76
12, 182
12, 183
12, 223
12, 230
12, 245
12, 275
13, 72
13, 81
13, 177
13, 226
13, 359
14, 19
14, 61
14, 65
14, 70
14, 71
14, 78
14, 88
14, 131
14, 178
14, 262
14, 278
14, 293
14, 337
14, 341
14, 343
14, 357
14, 379
15, 18
15, 22
15, 42
15, 154
15, 160
15, 215
15, 267
15, 282
15, 315
15, 334
15, 351
15, 352
16, 19
16, 77
16, 124
16, 253
16, 299
16, 394
17, 53
17, 116
17, 120
17, 146
17, 200
17, 201
17, 302
17, 346
18, 22
18, 32
18, 39
18, 57
18, 73
18, 114
18, 154
18, 160
18, 163
18, 169
18, 172
18, 173
18, 191
18, 217
18, 282
18, 312
19, 124
19, 239
19, 262
19, 299
19, 317
20, 30
20, 31
20, 36
20, 40
20, 47
20, 48
20, 54
20, 113
20, 117
20, 134
20, 136
20, 143
20, 149
20, 156
20, 166
20, 196
20, 204
22, 42
22, 169
22, 267
22, 334
23, 54
23, 123
23, 138
23, 156
23, 203
23, 219
23, 257
23, 260
23, 294
24, 46
24, 86
24, 276
24, 285
25, 26
25, 38
25, 57
25, 62
25, 79
25, 105
25, 145
25, 186
25, 236
25, 297
26, 115
26, 145
27, 34
27, 87
27, 255
27, 264
27, 319
29, 33
29, 39
29, 85
29, 95
29, 168
29, 212
30, 36
30, 134
30, 222
30, 246
30, 248
31, 89
31, 113
32, 39
32, 191
33, 43
33, 96
33, 101
33, 122
33, 135
33, 150
33, 161
33, 212
33, 228
33, 237
33, 263
33, 342
33, 378
33, 398
34, 44
34, 142
34, 166
34, 176
34, 221
34, 264
34, 291
34, 300
34, 313
34, 336
34, 339
34, 395
35, 46
35, 60
36, 52
36, 67
36, 143
36, 222
36, 240
36, 287
36, 368
36, 387
36, 389
37, 54
37, 266
37, 347
37, 350
38, 79
38, 105
39, 95
39, 96
39, 107
39, 168
39, 212
40, 149
40, 330
40, 371
40, 385
41, 46
41, 49
41, 90
41, 147
41, 198
41, 259
41, 329
41, 396
42, 267
42, 315
43, 52
43, 64
43, 137
43, 143
43, 150
43, 158
43, 161
43, 189
43, 237
43, 277
43, 308
43, 326
43, 353
43, 378
43, 398
43, 399
44, 59
44, 142
44, 166
44, 176
44, 300
44, 336
44, 339
44, 395
45, 64
45, 74
45, 109
45, 140
45, 360
45, 386
45, 392
46, 60
46, 147
46, 259
46, 276
46, 396
47, 83
47, 98
47, 117
47, 139
47, 196
47, 204
47, 229
47, 232
47, 249
47, 265
47, 289
47, 290
47, 304
47, 310
47, 364
48, 134
49, 60
49, 198
49, 396
50, 69
50, 101
50, 121
50, 128
50, 175
50, 197
50, 206
50, 211
50, 242
50, 243
50, 280
50, 295
50, 298
50, 306
50, 309
50, 349
50, 361
50, 366
51, 93
51, 181
51, 235
51, 272
51, 281
51, 286
51, 321
52, 64
52, 66
52, 67
52, 143
52, 220
52, 240
52, 353
52, 368
52, 375
52, 389
52, 391
53, 146
53, 380
54, 156
54, 257
54, 260
54, 350
55, 76
56, 91
56, 110
56, 175
56, 209
56, 218
56, 243
56, 271
56, 305
56, 344
56, 345
56, 358
56, 365
57, 62
57, 115
57, 145
57, 186
57, 217
57, 328
58, 94
58, 132
58, 157
58, 170
58, 231
58, 254
58, 283
58, 296
58, 325
58, 373
58, 376
60, 396
61, 70
61, 75
61, 90
61, 99
61, 118
61, 125
61, 129
61, 131
61, 159
61, 162
61, 166
61, 210
61, 213
61, 234
61, 278
61, 292
61, 318
61, 343
62, 133
62, 185
62, 186
62, 194
62, 205
62, 236
62, 297
62, 335
63, 80
64, 66
64, 141
64, 269
64, 277
64, 307
64, 360
64, 374
64, 391
64, 392
64, 399
65, 108
65, 130
65, 131
66, 220
66, 269
66, 375
66, 391
67, 389
68, 78
68, 111
68, 148
68, 174
68, 178
68, 188
68, 268
68, 293
68, 341
69, 110
69, 243
70, 88
70, 278
71, 78
71, 337
71, 379
71, 390
72, 183
72, 245
73, 163
73, 173
73, 328
74, 140
75, 99
75, 159
75, 372
76, 182
76, 230
76, 275
77, 124
77, 253
77, 381
77, 394
78, 111
78, 174
78, 268
78, 341
78, 379
79, 185
79, 194
79, 236
80, 82
80, 94
80, 190
81, 214
81, 226
81, 238
81, 338
81, 340
81, 348
81, 355
82, 94
83, 102
84, 126
84, 132
84, 151
84, 195
84, 251
84, 252
84, 270
84, 279
84, 288
84, 303
84, 324
84, 327
84, 356
84, 362
84, 376
85, 95
85, 216
86, 171
86, 207
86, 256
86, 285
86, 367
86, 388
87, 97
87, 202
87, 255
87, 264
87, 332
87, 354
89, 113
90, 125
90, 162
90, 210
90, 213
90, 329
91, 110
91, 344
91, 345
92, 314
92, 316
93, 321
94, 190
94, 296
95, 107
95, 168
95, 216
96, 104
96, 119
96, 212
96, 247
96, 258
96, 342
97, 117
97, 127
97, 179
97, 180
97, 202
97, 250
97, 301
97, 322
97, 331
97, 354
97, 393
98, 232
98, 249
99, 162
99, 372
100, 125
100, 129
100, 193
100, 225
100, 323
100, 369
101, 119
101, 150
101, 211
101, 247
101, 258
101, 280
101, 342
101, 366
102, 383
103, 224
103, 316
104, 119
104, 153
106, 131
106, 152
106, 192
106, 234
108, 130
108, 131
109, 374
109, 392
110, 243
111, 174
112, 200
112, 201
112, 241
113, 156
114, 163
115, 145
116, 346
117, 127
117, 139
117, 166
117, 179
117, 180
117, 249
117, 250
117, 264
117, 289
117, 291
117, 393
118, 129
118, 155
118, 175
118, 318
118, 377
118, 384
119, 153
119, 258
120, 346
121, 361
121, 366
122, 150
122, 161
123, 138
123, 294
124, 239
124, 317
124, 381
125, 129
125, 213
125, 323
125, 369
126, 195
126, 303
126, 324
126, 327
127, 264
127, 331
128, 197
128, 206
128, 306
128, 349
129, 193
129, 225
129, 323
129, 384
131, 234
132, 157
132, 170
132, 231
132, 251
132, 254
132, 270
132, 283
132, 325
132, 373
132, 376
134, 246
135, 263
135, 378
135, 398
136, 143
136, 227
136, 233
136, 261
136, 273
136, 311
136, 320
137, 308
137, 326
137, 399
138, 156
138, 184
138, 294
138, 382
139, 289
140, 386
141, 307
142, 166
142, 313
142, 339
143, 233
143, 261
143, 320
143, 353
143, 368
143, 387
144, 380
146, 201
147, 259
148, 174
148, 268
149, 330
150, 161
151, 165
151, 195
151, 362
152, 192
154, 282
155, 384
156, 203
156, 260
156, 382
157, 254
157, 376
158, 189
158, 326
159, 372
160, 282
160, 351
160, 352
161, 228
161, 237
162, 210
164, 166
164, 187
164, 192
164, 234
164, 244
165, 195
166, 208
166, 234
166, 244
166, 284
166, 291
166, 292
166, 318
167, 181
170, 231
171, 207
171, 256
171, 367
171, 388
172, 173
172, 312
172, 370
172, 397
173, 217
173, 328
173, 370
173, 397
174, 268
175, 197
175, 209
175, 242
175, 243
175, 271
175, 309
176, 339
177, 226
177, 359
178, 293
178, 341
179, 301
179, 393
180, 250
180, 322
181, 281
182, 275
183, 245
184, 382
185, 194
185, 236
187, 192
188, 293
189, 326
189, 399
192, 234
193, 225
194, 205
195, 303
196, 204
197, 206
197, 242
197, 349
199, 302
200, 201
200, 241
200, 302
203, 260
204, 229
204, 265
204, 304
204, 310
204, 364
205, 335
206, 306
207, 367
208, 284
211, 280
211, 366
214, 238
214, 338
214, 348
215, 315
217, 312
217, 328
217, 370
218, 358
219, 257
220, 375
221, 336
221, 395
223, 275
224, 316
227, 233
227, 261
228, 237
229, 265
229, 310
231, 325
233, 261
233, 320
234, 292
235, 272
235, 286
236, 297
238, 340
238, 348
238, 355
239, 317
240, 389
242, 295
242, 309
243, 271
246, 248
247, 258
247, 342
249, 289
250, 322
250, 393
251, 270
252, 279
252, 303
253, 394
254, 283
255, 264
255, 319
261, 273
261, 311
263, 378
264, 291
264, 319
264, 331
264, 332
264, 354
265, 304
266, 347
272, 286
272, 321
273, 311
274, 333
277, 399
278, 343
279, 288
279, 303
279, 356
282, 351
287, 387
288, 356
290, 364
293, 357
295, 309
298, 349
298, 361
298, 366
300, 336
303, 324
305, 344
310, 364
312, 370
313, 339
318, 377
324, 327
325, 373
326, 399
331, 354
332, 354
336, 395
337, 379
337, 390
338, 348
344, 345
347, 350
348, 355
358, 365
360, 392
361, 366
367, 388
370, 397
371, 385
374, 392
375, 391
378, 398
end