120
4
0, 0.6988835717251163, 0.3260921472092402
1, 0.3700354165635181, 0.6835318732707943
2, 0.4114380417740029, 0.28110512803356735
3, 0.37947177671904353, 0.022037108885731405
4, 0.6164632061314704, 0.2420178152392769
5, 0.48765920063211254, 0.2450538057764513
6, 0.6649571855705501, 0.05157449183650997
7, 0.4351144829833644, 0.03537591534444384
8, 0.6832536493381423, 0.02448617939678932
9, 0.40283245285057445, 0.5452304449318098
10, 0.47651393571864253, 0.6138279683546125
11, 0.4884169761632313, 0.7777036186189412
12, 0.08238885542526042, 0.5739896252517883
13, 0.0260253691982002, 0.321915707998051
14, 0.2907017439897266, 0.9112522905536521
15, 0.23645492369753307, 0.23329065495233048
16, 0.41075198508455113, 0.06229153898691342
17, 0.07730904414749296, 0.02748810408208413
18, 0.07368857578503685, 0.8596316244621465
19, 0.2736430074315892, 0.8813690647325281
20, 0.00906628023995093, 0.3219436924431964
21, 0.17230337116387584, 0.5428030720113091
22, 0.16407896176302061, 0.26560625280862926
23, 0.5825239904426813, 0.6355761847971033
24, 0.5371967303784992, 0.8832696459390699
25, 0.11885993635589887, 0.20776885781240084
26, 0.19895978780399326, 0.565986577501776
27, 0.3096554482203485, 0.17746263633514658
28, 0.4102655571877456, 0.7370094250076276
29, 0.7138162165832774, 0.9044792959765309
30, 0.42637829659579163, 0.8440825668034022
31, 0.11316045368488448, 0.9735881425295441
32, 0.30044574726179574, 0.11651093747439545
33, 0.7271822079140081, 0.3682999988551612
34, 0.04643882287582535, 0.17475475755471803
35, 0.29401214839900525, 0.7852702860115927
36, 0.8725383926226081, 0.888366221309267
37, 0.9769317740954155, 0.7415682832004179
38, 0.8348460181812192, 0.2832546644401356
39, 0.6905362626471827, 0.7546184607616019
40, 0.9464442526408512, 0.2513776118517119
41, 0.4312821358862742, 0.7430366431461929
42, 0.8778065685777553, 0.46813953751715875
43, 0.4111478464886271, 0.6914230805313649
44, 0.3682644352620754, 0.38848174095382515
45, 0.48603331524953974, 0.8077947906159834
46, 0.31522073380049676, 0.4798548228981503
47, 0.34960175087770673, 0.8923012721525427
48, 0.8011994624902748, 0.7563973278161752
49, 0.6612236304507649, 0.5146309095073585
50, 0.3311943150944858, 0.7502219652390709
51, 0.18882728903631385, 0.12636080530864524
52, 0.6418212459460477, 0.37640301925318176
53, 0.5928399778812724, 0.37212591409860896
54, 0.8841634982711145, 0.49271384224901293
55, 0.34022171025324854, 0.5067350596982045
56, 0.006370452371222357, 0.8474431882170191
57, 0.4041608662582079, 0.3169986305461808
58, 0.09227275761535059, 0.6388227794017293
59, 0.4373203350557666, 0.16809973711759507
60, 0.33330668179484735, 0.11034518865766885
61, 0.9155334719110066, 0.495842545768697
62, 0.8478778871658796, 0.3650493029582853
63, 0.23730606161247303, 0.008742593842751445
64, 0.3571533433726837, 0.3214177228176819
65, 0.5499241425735105, 0.38472289298663576
66, 0.5935529631543142, 0.20313884675322114
67, 0.4024339190431476, 0.7837465333152633
68, 0.3532559218059971, 0.40996015530890606
69, 0.621384679448962, 0.30191042536913426
70, 0.9436919573695495, 0.6545360756688028
71, 0.01934521178851667, 0.09876103142010706
72, 0.9648546102859106, 0.7417195950735693
73, 0.6759065632435154, 0.44381521766069854
74, 0.9077297257473328, 0.5177196587060308
75, 0.036452170932985695, 0.4876970420642385
76, 0.9868959878556518, 0.12529071466236053
77, 0.8474566489909244, 0.6524813557452389
78, 0.285788354440751, 0.0868517270286372
79, 0.08056259784625608, 0.7203204296856552
80, 0.9759912686523649, 0.12438138635935292
81, 0.905528673395538, 0.6463422420647948
82, 0.17810953785245487, 0.04479513408563651
83, 0.7289303340624348, 0.602761922064426
84, 0.7534397312886422, 0.4837197227862021
85, 0.42178420939773764, 0.5403116925861954
86, 0.26824615666566165, 0.04795283725956434
87, 0.0785974392704113, 0.823210224381001
88, 0.2012943123901112, 0.435031494984374
89, 0.2722667292650651, 0.04495940352813488
90, 0.36471426086173886, 0.4674934023413708
91, 0.8573355607686357, 0.7479347313490619
92, 0.8745104723691006, 0.4094535784251969
93, 0.4679480568146226, 0.28181053559275404
94, 0.5373595347123762, 0.5206444646944227
95, 0.20058723414853996, 0.04899888752343928
96, 0.3030535953128555, 0.9915810772845584
97, 0.8595585492354018, 0.7927755106115006
98, 0.1652832896512776, 0.06283754229440797
99, 0.2721078435151063, 0.5599989104993186
100, 0.010935600915405685, 0.8080709155496473
101, 0.187550546060282, 0.013677515228216808
102, 0.47389623084142296, 0.35729872018031816
103, 0.5174515215242086, 0.5254291985058335
104, 0.3045018789093983, 0.4363781723604222
105, 0.5999253686709118, 0.6221640231258128
106, 0.3097353041258084, 0.795292576886723
107, 0.4076054924773912, 0.944676926985339
108, 0.4791743877506528, 0.5356628590378287
109, 0.15983280268316846, 0.0548902829842034
110, 0.4199986757474924, 0.7248169540827712
111, 0.15893848381224251, 0.5532017735598109
112, 0.06970553435815752, 0.15871896027619448
113, 0.8505383861697503, 0.25200434818856077
114, 0.1324945659194222, 0.5438329954989946
115, 0.5235293437325939, 0.40460196871221055
116, 0.12381628920432508, 0.6174361166338092
117, 0.9534727232792781, 0.42216070512592474
118, 0.8681527940869902, 0.5894699758107557
119, 0.30226988938857746, 0.41190477639153267
end_nodes
0, 1
0, 2
0, 3
0, 4
0, 5
0, 6
0, 7
0, 8
0, 9
0, 10
1, 2
1, 3
1, 9
1, 10
1, 11
1, 12
1, 13
1, 14
1, 15
2, 3
2, 5
2, 9
2, 16
2, 53
2, 57
2, 59
2, 65
3, 4
3, 6
3, 7
3, 8
3, 13
3, 15
3, 16
4, 7
5, 16
5, 59
5, 69
5, 93
6, 7
6, 8
6, 66
7, 66
8, 33
8, 36
8, 37
8, 38
8, 40
8, 42
8, 48
9, 52
9, 53
9, 65
9, 85
9, 102
9, 108
9, 115
10, 11
10, 23
10, 24
10, 29
10, 33
10, 36
10, 39
10, 43
11, 14
11, 24
11, 28
11, 30
11, 41
11, 43
11, 45
11, 47
12, 13
12, 14
12, 18
12, 19
12, 20
12, 21
12, 26
12, 31
12, 35
13, 15
13, 17
13, 20
13, 21
13, 22
13, 25
13, 26
14, 19
14, 24
14, 28
14, 29
14, 31
14, 35
14, 47
15, 22
15, 27
15, 32
15, 44
15, 46
15, 55
15, 60
16, 59
17, 20
17, 25
17, 34
17, 51
17, 63
17, 71
17, 78
17, 82
17, 86
18, 20
18, 31
18, 56
18, 75
18, 79
18, 87
18, 100
19, 35
19, 116
20, 34
20, 56
20, 71
20, 75
20, 100
21, 26
21, 111
21, 114
22, 88
22, 99
23, 33
23, 36
23, 39
23, 48
23, 49
23, 73
23, 83
23, 84
23, 105
24, 29
24, 30
24, 45
24, 47
25, 51
25, 78
25, 112
26, 111
27, 44
27, 60
27, 64
28, 41
28, 67
28, 110
29, 31
29, 36
29, 96
29, 107
30, 45
30, 47
31, 56
31, 58
31, 79
31, 87
31, 96
31, 107
33, 49
33, 73
33, 84
35, 50
35, 106
35, 116
36, 37
36, 39
36, 48
36, 72
36, 77
36, 81
37, 38
37, 40
37, 42
37, 54
37, 61
37, 62
37, 70
37, 72
38, 40
38, 61
38, 62
38, 74
38, 92
38, 113
38, 117
40, 76
40, 80
40, 113
40, 117
41, 110
42, 54
42, 62
44, 55
44, 60
44, 64
44, 68
44, 90
46, 55
46, 104
46, 119
48, 83
48, 84
49, 84
50, 106
51, 78
51, 98
51, 109
52, 85
52, 108
53, 65
54, 70
55, 68
55, 90
55, 119
56, 100
60, 64
61, 74
61, 92
61, 117
63, 86
63, 89
63, 101
65, 102
65, 115
69, 93
72, 81
74, 92
76, 80
77, 81
77, 91
77, 97
77, 118
78, 82
78, 86
78, 89
78, 95
78, 98
78, 109
79, 87
81, 118
82, 86
82, 95
83, 84
83, 105
84, 105
85, 108
86, 89
86, 95
88, 99
91, 97
94, 103
96, 107
98, 109
102, 115
104, 119
end