300
4
0, 0.3053133754459947, 0.9873296435958072
1, 0.9985447253656152, 0.43433817460311697
2, 0.7552166427712463, 0.17065989326796382
3, 0.7009413466584145, 0.21760605470946814
4, 0.8159810324008223, 0.40258365347246894
5, 0.26194519205785494, 0.4987748383658255
6, 0.5360049989195136, 0.11764150859649136
7, 0.9075348813725342, 0.8674337089265937
8, 0.9860471870887744, 0.6854090047468188
9, 0.9712328699300631, 0.7193873184230857
10, 0.39325013927476715, 0.4216722983567579
11, 0.7161858988286117, 0.5682418621150035
12, 0.5506261009611769, 0.6993904852682019
13, 0.08336746877565626, 0.8179377784241325
14, 0.7338226576225637, 0.5559674311674982
15, 0.5570602068916284, 0.48783598549628315
16, 0.9852866104103668, 0.6812654755296365
17, 0.04868832461118833, 0.3500073863146139
18, 0.13093986849720818, 0.8549167919479859
19, 0.508028088770527, 0.9712220540239016
20, 0.6415092830094113, 0.43659745090418334
21, 0.4639425894374819, 0.1879111511694206
22, 0.10119722175112222, 0.1470021388960897
23, 0.9564707173119672, 0.17546163203634213
24, 0.3861996098356034, 0.3393453122634015
25, 0.6736937559413263, 0.8784219812973538
26, 0.37666947403177076, 0.25464451719629155
27, 0.37655270390156026, 0.2354704357494548
28, 0.4511578103936893, 0.40033451484967053
29, 0.6724438349757752, 0.06893419137484469
30, 0.77340261127427, 0.47013403256625286
31, 0.21003552203426523, 0.5009012638029291
32, 0.07496484994479291, 0.60310747495319
33, 0.39360320627979806, 0.6798816284228211
34, 0.45011379546763974, 0.39636356032511155
35, 0.4534313476080827, 0.5803662853834568
36, 0.9960008429530931, 0.22469521744007792
37, 0.20231242227648616, 0.5414233818066252
38, 0.5362771436566346, 0.8112032425626126
39, 0.9398998234973746, 0.554120895555047
40, 0.09271165161653416, 0.1624126579294244
41, 0.8576473225342938, 0.3370192904107293
42, 0.344712468211095, 0.2613934400527298
43, 0.8026908461128988, 0.5410528460160337
44, 0.07093579040554276, 0.6140453203805548
45, 0.3858417966232546, 0.6185820552858762
46, 0.41395897529396475, 0.07436424124742513
47, 0.0949021923058816, 0.5407530702387728
48, 0.475295770613399, 0.8508540770196934
49, 0.19596540893970238, 0.5821254086332666
50, 0.28453764288001837, 0.969483738542535
51, 0.18039996172596462, 0.20573148233515415
52, 0.2668643689867457, 0.1214981883704167
53, 0.7115585454659262, 0.1564154680387434
54, 0.12420687285619736, 0.13314833575123086
55, 0.7669204478180959, 0.2471003731139091
56, 0.46127193374413455, 0.6584750620717011
57, 0.9740339348054239, 0.26216382162776086
58, 0.9319683256910438, 0.4740999729925409
59, 0.4231778684573877, 0.402940541003069
60, 0.45754401020461355, 0.9898014380057121
61, 0.058028210528350055, 0.35126945586866154
62, 0.2390207312256396, 0.22149825757806973
63, 0.8907621578918887, 0.7863894894795506
64, 0.9360779170956368, 0.09901136406136446
65, 0.8129004349652145, 0.012541100207206446
66, 0.611736663063324, 0.6765552723845708
67, 0.3790488530203231, 0.6193081173309328
68, 0.03168360188347652, 0.6593182920017808
69, 0.04675886185771194, 0.3654189244259868
70, 0.6309668463080501, 0.2120100407649791
71, 0.5459515697259282, 0.7956343087919922
72, 0.6077327669224447, 0.4437394536662963
73, 0.9470162608611659, 0.8752509768229856
74, 0.5624794647580281, 0.8199477435510816
75, 0.49446143413357635, 0.30022078740391156
76, 0.20865305063234707, 0.8776463459493004
77, 0.3665757744920821, 0.8558240113877587
78, 0.8797125047578557, 0.8925652070314978
79, 0.13246897130381896, 0.5043342661089127
80, 0.27154822093395836, 0.6925394116012183
81, 0.16676721722573995, 0.45188848920386904
82, 0.7712851331700802, 0.8579290914692953
83, 0.9303629682344958, 0.3151311216772773
84, 0.9029255419648483, 0.08771112332774855
85, 0.9360226849887279, 0.9024943032723116
86, 0.8240549864489964, 0.04393654318846829
87, 0.27751585860172756, 0.30154430972334223
88, 0.27907690506889227, 0.6241601264865377
89, 0.13196249498459012, 0.26931724402490276
90, 0.8355409307505851, 0.4068337406640806
91, 0.6135561940571769, 0.3133184577295782
92, 0.15602973823015576, 0.8752867815200203
93, 0.5868097871975678, 0.5500049788341566
94, 0.5774889400562482, 0.8019490333142254
95, 0.5101037761172436, 0.1900034495617463
96, 0.1075082331543532, 0.6998698183042129
97, 0.13304263153939888, 0.6978764231454179
98, 0.9412457644931885, 0.9102532091593519
99, 0.9108369993905681, 0.0014538613726993166
100, 0.8894210329529946, 0.8211128141725494
101, 0.6384635846002716, 0.7223377389089465
102, 0.15951096376407914, 0.22504921137132772
103, 0.4605792399449511, 0.6578370949321471
104, 0.3071562418993523, 0.9980784769020815
105, 0.5120556341056268, 0.8957740251700678
106, 0.12798939219629357, 0.8059546415064539
107, 0.9123476110580079, 0.7443506553894388
108, 0.5465135144036443, 0.18257981277856272
109, 0.5753592632919613, 0.07308635366611926
110, 0.27229755385775734, 0.44043917024706203
111, 0.5754817756328248, 0.8202080992529887
112, 0.2825566555736372, 0.21138132552453714
113, 0.2473657503876031, 0.630015900458937
114, 0.24880323625568235, 0.18161272093381753
115, 0.7945101778294752, 0.6583964968909432
116, 0.35816547669914023, 0.24759248427276848
117, 0.6435558030771148, 0.9143954314715829
118, 0.6361644546131865, 0.8192210190207595
119, 0.589718926906489, 0.44857003190974065
120, 0.5824560662520335, 0.2867901200274656
121, 0.53288016447621, 0.6109031407691712
122, 0.15260588324185875, 0.7341881729886238
123, 0.7353992017372146, 0.22645884057811827
124, 0.07151813108093574, 0.5268970299526726
125, 0.022287152692108902, 0.16692595310833336
126, 0.15383421826213328, 0.17707355557552984
127, 0.03425032782353088, 0.35690322173508593
128, 0.5801076964333199, 0.2199860572773853
129, 0.48165762982379345, 0.5218990746942095
130, 0.3424575669098274, 0.24597916139801812
131, 0.6482920785117151, 0.61376529673924
132, 0.12548407757645386, 0.8777349048404606
133, 0.44639653925329525, 0.115234340536985
134, 0.40999098269879164, 0.37692328639938577
135, 0.5589137201178512, 0.31280674218689664
136, 0.0006123315651590522, 0.8739977008400623
137, 0.4684983072453758, 0.42725764507389474
138, 0.5847973989488885, 0.09793619361512007
139, 0.13032184789011936, 0.23814537557762772
140, 0.8449155679488586, 0.3937769198239395
141, 0.8218276856548686, 0.3787332949054141
142, 0.3606246214574582, 0.524828933935565
143, 0.685102557929051, 0.22707032470759958
144, 0.4049097219693063, 0.6390088107208898
145, 0.27420512374948436, 0.6853836206981396
146, 0.1606371122430328, 0.08957213442483891
147, 0.6549224433316279, 0.912081480674564
148, 0.47204843778824157, 0.9283278970794745
149, 0.16063494497360797, 0.74246594617194
150, 0.6785011828143366, 0.44572005591830877
151, 0.12751396078544308, 0.5088398596427108
152, 0.2922217705052026, 0.6445187202832041
153, 0.23237403014466662, 0.7870101741954676
154, 0.3855767220677302, 0.6505172509869069
155, 0.05951238715971097, 0.45106522507107283
156, 0.06244629915342226, 0.9297716882085488
157, 0.5374306410740215, 0.5345057425108396
158, 0.00027649561971831993, 0.7748202488145117
159, 0.2761471000143928, 0.6682978164684068
160, 0.9624342922116147, 0.050483152378994256
161, 0.30422675926913023, 0.9038063173173371
162, 0.15830654954501133, 0.5651803525552022
163, 0.6210304310253132, 0.017443064730052305
164, 0.45910648488653194, 0.1725592594558054
165, 0.865872661693552, 0.9244214197954097
166, 0.22563733913009298, 0.09714424103420927
167, 0.2569304476909916, 0.6717545472206665
168, 0.38989690557549206, 0.8044945039371048
169, 0.7054456024301192, 0.5637405426596053
170, 0.35719656495442176, 0.1420892554331149
171, 0.5185181945741167, 0.4574295758314185
172, 0.6222683820188518, 0.9711507440160543
173, 0.6085933918585119, 0.49268887082956747
174, 0.893571003597715, 0.12081686831087346
175, 0.6939418269683273, 0.21998530105068204
176, 0.20738966062551956, 0.05130057446164915
177, 0.2797509986744565, 0.8131869684283718
178, 0.08850251005599052, 0.3744633481782892
179, 0.9456653265211337, 0.9041476854811185
180, 0.43903892977885206, 0.3365983572392336
181, 0.4806138338977689, 0.5886388577794485
182, 0.2253217410395182, 0.5093266634613003
183, 0.022202375216607395, 0.780810384228852
184, 0.6171265763401481, 0.2896300548475855
185, 0.8820440859510993, 0.3913451436138422
186, 0.3799671557961475, 0.9857734030802916
187, 0.6890667854542014, 0.2407798038830804
188, 0.8845154290906995, 0.9046903432147657
189, 0.5568307201351571, 0.7307203331898231
190, 0.008147236368952537, 0.03569795930568853
191, 0.7985497112500705, 0.8019736999158565
192, 0.632831337276229, 0.9819535502636932
193, 0.10662200063659677, 0.46230188317084686
194, 0.44008213287076037, 0.023797270127400294
195, 0.041533129170587824, 0.8059752762219636
196, 0.7998543085799553, 0.45574458137943885
197, 0.7448729265712466, 0.4880573175866696
198, 0.6305003739400026, 0.2529684121579494
199, 0.7989136683793018, 0.7244500201846853
200, 0.44604308947920246, 0.6797026149585113
201, 0.39767807353107254, 0.8070319815026695
202, 0.5816657364495506, 0.15929696065386323
203, 0.43986672099779756, 0.6172140485687169
204, 0.39634280662027555, 0.6208824097405897
205, 0.2956061549442647, 0.4796996568691593
206, 0.5092131063820332, 0.3433350112307062
207, 0.7395466982277675, 0.09760465951121133
208, 0.16890624271772925, 0.9864460096295707
209, 0.5444636225295714, 0.15088045735409317
210, 0.00011943450267137834, 0.23411339222933514
211, 0.6527737416368895, 0.6004122215236297
212, 0.04584411935684729, 0.8483381737588808
213, 0.32927059016793825, 0.008595965098567082
214, 0.2417267214894241, 0.018446644470855533
215, 0.801972527148822, 0.9985038042400575
216, 0.530034452456007, 0.4263900590577182
217, 0.4759333646450796, 0.4126480655668612
218, 0.0773669163538433, 0.13805757322399825
219, 0.3406683187763483, 0.056902806077733126
220, 0.19321617206654107, 0.18754310262293106
221, 0.24534396432979688, 0.02826826323395759
222, 0.8955056822289197, 0.9289297565066
223, 0.05909750019969684, 0.9940042704378198
224, 0.8428658504299268, 0.3101337738371781
225, 0.7573168355792308, 0.997352250024499
226, 0.16358521189547914, 0.5709444985599087
227, 0.6688678883766374, 0.0041895653845196446
228, 0.07988851358895455, 0.7590907489614042
229, 0.495223764082373, 0.3171508450157823
230, 0.7380703236876914, 0.6226532135616427
231, 0.8977977669181795, 0.5854659224532076
232, 0.5774491683279906, 0.8117346958284885
233, 0.6326341698599758, 0.8682315780760481
234, 0.3796588650242603, 0.5907259738070958
235, 0.21820137265275097, 0.6759070953204198
236, 0.8064650618835438, 0.7877015589108565
237, 0.3649991194499551, 0.5514648248309775
238, 0.1340413230712928, 0.18106008640040605
239, 0.8241713834524688, 0.22494628529767213
240, 0.08969667506590684, 0.6848831973457238
241, 0.8882877184330259, 0.33299288320972076
242, 0.23519432909184435, 0.2741940796426886
243, 0.8485384020976712, 0.22423473513125125
244, 0.8186092164040668, 0.43187478691120185
245, 0.6146149848276797, 0.6123731917256036
246, 0.5786428233304758, 0.2525336572271717
247, 0.0836807491164131, 0.8987489670907387
248, 0.3433039340015065, 0.5883082807713154
249, 0.8810908999393773, 0.4060955222054796
250, 0.09804450649474938, 0.9747889303350111
251, 0.19160605221911797, 0.06537936210452022
252, 0.4464181470399753, 0.7831640883268712
253, 0.7005267004504018, 0.3314203606372249
254, 0.21134790187416141, 0.4003061388378105
255, 0.6568853999784137, 0.5437395724252125
256, 0.5842933117115767, 0.7702393949502427
257, 0.41287224878650053, 0.8081580760738934
258, 0.9678247100160473, 0.1313610484416443
259, 0.9425348678988504, 0.9753350625010808
260, 0.5260594034249607, 0.7673603087527034
261, 0.9958734477991992, 0.8925924998696609
262, 0.4826619743634233, 0.3698537064002737
263, 0.7053347278933664, 0.6579007356293051
264, 0.8121040194748811, 0.5262993890644498
265, 0.6172718183004275, 0.674834577740192
266, 0.5515821769213194, 0.8638132002561673
267, 0.3401909025662181, 0.5595794793134595
268, 0.028103200472908596, 0.6537870374552769
269, 0.28886338298231684, 0.766718297968761
270, 0.2556997331951735, 0.3152875210085585
271, 0.5322224548540871, 0.7016847261742026
272, 0.6022711147228932, 0.7296097091456417
273, 0.47655513214756295, 0.7535393208061097
274, 0.868095652289326, 0.30149782528503466
275, 0.5524090599756095, 0.9051617591257803
276, 0.6974045742926056, 0.1694946322619879
277, 0.43948118794823965, 0.5832039499292361
278, 0.89800400668104, 0.8725704992193036
279, 0.34225400731782873, 0.29721986774359677
280, 0.9170597564011902, 0.12192892065368044
281, 0.005202804628889113, 0.5313324280817081
282, 0.18432224684045984, 0.7708987475557963
283, 0.4929275159298132, 0.741571784696408
284, 0.2717535215298704, 0.15331686492160324
285, 0.7753137640436888, 0.18244616553726567
286, 0.051463885437554535, 0.4575808196685288
287, 0.763944848504655, 0.2529986450824405
288, 0.8006560531502299, 0.6327560633583922
289, 0.2816890054246016, 0.4654103599420335
290, 0.42767679009229864, 0.6073879241146928
291, 0.9824045204264755, 0.299368432847538
292, 0.38212637862006527, 0.2696318865434376
293, 0.6166091903226351, 0.08165806952212407
294, 0.18643007217282603, 0.3308707252633275
295, 0.07562918448025946, 0.02500202412159125
296, 0.5560049325160663, 0.10029180018525496
297, 0.5123511426609014, 0.14465923586032658
298, 0.34245789588428677, 0.8993899906184615
299, 0.7653633180142895, 0.9978086157909634
end_nodes
0, 1
0, 2
0, 3
0, 4
0, 5
0, 6
0, 7
0, 8
0, 9
0, 10
0, 11
0, 12
0, 13
0, 14
0, 15
0, 16
0, 17
1, 2
1, 4
1, 8
1, 14
1, 16
1, 23
1, 29
1, 30
1, 36
1, 38
1, 39
1, 41
1, 43
1, 48
1, 55
1, 57
2, 3
2, 6
2, 12
2, 20
2, 29
2, 46
2, 53
2, 55
2, 70
2, 72
2, 75
2, 93
2, 108
2, 109
2, 119
3, 15
3, 33
3, 35
3, 56
3, 75
3, 91
3, 103
3, 119
3, 120
3, 129
3, 135
3, 137
3, 143
3, 144
3, 157
4, 12
4, 30
4, 41
4, 55
4, 90
4, 123
4, 131
4, 140
4, 141
4, 150
4, 169
4, 185
4, 189
4, 196
4, 197
5, 6
5, 10
5, 17
5, 21
5, 22
5, 24
5, 26
5, 27
5, 31
5, 37
5, 40
5, 42
5, 46
5, 49
5, 51
5, 52
6, 10
6, 21
6, 24
6, 26
6, 27
6, 28
6, 33
6, 34
6, 45
6, 46
6, 59
6, 67
6, 75
6, 95
7, 8
7, 9
7, 19
7, 25
7, 60
7, 63
7, 73
7, 78
7, 82
7, 85
7, 98
7, 100
7, 104
7, 107
7, 117
7, 147
8, 9
8, 16
8, 73
8, 98
8, 105
8, 179
8, 259
8, 261
9, 105
9, 107
9, 148
9, 236
10, 24
10, 59
10, 67
10, 88
10, 134
10, 142
10, 152
10, 161
10, 180
10, 205
10, 234
10, 237
10, 248
10, 267
11, 14
11, 30
11, 66
11, 169
11, 189
12, 20
12, 72
12, 93
12, 121
12, 123
12, 150
12, 245
12, 252
12, 253
12, 255
12, 257
12, 271
12, 273
12, 283
13, 17
13, 18
13, 32
13, 44
13, 47
13, 50
13, 68
13, 69
13, 76
13, 92
13, 96
13, 97
13, 104
13, 106
13, 122
13, 124
14, 30
14, 43
14, 48
14, 66
14, 230
14, 260
14, 263
14, 264
14, 265
14, 272
15, 56
15, 77
15, 157
15, 168
15, 201
15, 298
16, 38
16, 39
16, 74
16, 94
16, 111
16, 115
16, 118
16, 199
16, 231
16, 232
16, 266
16, 288
17, 31
17, 37
17, 40
17, 44
17, 47
17, 49
17, 50
17, 61
17, 69
17, 76
17, 79
17, 81
17, 89
17, 97
18, 92
19, 60
19, 104
19, 186
20, 93
21, 26
21, 289
21, 292
21, 297
22, 40
22, 46
22, 51
22, 52
22, 54
22, 62
22, 102
22, 114
22, 125
22, 126
22, 146
22, 163
22, 166
22, 176
22, 190
22, 194
23, 29
23, 36
23, 57
23, 64
23, 65
23, 83
23, 84
23, 86
23, 99
23, 160
23, 163
23, 174
23, 207
23, 227
23, 239
23, 243
24, 134
25, 63
25, 82
25, 100
25, 107
25, 117
25, 147
25, 148
25, 191
25, 233
25, 275
26, 27
26, 289
26, 292
27, 46
27, 116
27, 133
27, 164
27, 279
28, 34
28, 45
28, 67
29, 46
29, 109
29, 163
29, 207
29, 239
29, 285
29, 293
30, 169
30, 196
31, 37
31, 81
31, 182
32, 47
32, 124
33, 35
33, 56
33, 75
33, 103
33, 144
33, 168
33, 181
33, 200
33, 203
33, 290
33, 298
34, 67
35, 290
36, 57
36, 160
36, 258
36, 291
37, 49
37, 182
38, 71
38, 74
38, 94
38, 101
38, 115
38, 199
38, 232
38, 256
38, 266
38, 288
39, 231
39, 288
40, 89
40, 125
40, 127
40, 139
40, 210
40, 254
40, 281
41, 55
41, 140
41, 141
41, 185
41, 224
42, 46
42, 52
42, 87
42, 110
42, 112
42, 130
42, 170
42, 284
43, 58
43, 230
43, 264
44, 124
44, 155
44, 228
45, 67
45, 154
45, 204
46, 52
46, 53
46, 109
46, 116
46, 133
46, 138
46, 163
46, 170
46, 296
47, 96
47, 97
47, 124
47, 155
47, 240
48, 58
48, 260
48, 263
48, 265
48, 272
49, 79
49, 80
49, 113
49, 145
49, 151
49, 153
49, 159
49, 162
49, 167
49, 177
49, 226
49, 235
50, 76
50, 282
51, 62
51, 102
51, 126
51, 238
51, 242
51, 270
51, 294
52, 62
52, 87
52, 110
52, 114
52, 130
52, 170
52, 242
52, 270
52, 284
53, 109
53, 138
53, 296
54, 166
54, 176
54, 213
54, 214
54, 221
55, 123
55, 141
55, 224
55, 241
55, 274
55, 287
56, 103
56, 168
56, 200
57, 291
58, 230
58, 263
59, 67
59, 95
59, 180
60, 78
60, 98
60, 104
60, 165
60, 172
60, 188
60, 192
60, 215
60, 222
60, 225
60, 259
60, 278
60, 299
61, 89
61, 178
61, 254
62, 114
62, 126
62, 220
62, 242
63, 100
63, 107
64, 65
64, 84
64, 99
65, 84
65, 86
65, 99
65, 227
65, 280
67, 95
67, 154
67, 234
68, 69
68, 136
68, 156
68, 158
68, 183
68, 195
68, 212
68, 223
68, 247
68, 250
68, 268
68, 281
68, 286
69, 281
69, 286
70, 75
70, 108
70, 128
70, 246
71, 101
72, 93
72, 121
72, 173
72, 257
73, 85
73, 98
74, 111
74, 232
74, 266
75, 108
75, 120
75, 128
75, 135
75, 137
75, 144
75, 175
75, 198
75, 206
75, 209
75, 217
75, 229
76, 106
76, 122
76, 149
76, 282
77, 298
78, 98
78, 188
78, 278
79, 151
79, 193
80, 145
80, 167
80, 177
82, 100
83, 239
83, 243
84, 280
85, 98
86, 174
86, 227
87, 110
87, 112
87, 284
88, 152
88, 161
88, 205
88, 269
89, 139
89, 254
90, 196
90, 244
91, 129
91, 137
91, 144
91, 171
91, 216
91, 277
92, 104
93, 173
94, 232
96, 97
96, 240
97, 122
97, 149
98, 165
98, 179
98, 188
98, 222
98, 259
99, 160
99, 227
101, 256
102, 238
102, 294
103, 181
104, 132
104, 186
104, 208
104, 215
104, 223
104, 247
104, 250
104, 299
106, 122
107, 148
107, 191
107, 233
108, 128
108, 202
108, 209
108, 276
109, 138
109, 293
111, 118
111, 266
112, 284
113, 159
114, 220
115, 199
115, 288
116, 279
117, 147
117, 148
118, 266
119, 187
120, 135
120, 143
120, 198
121, 257
121, 271
121, 273
122, 149
123, 150
123, 253
123, 287
124, 155
124, 228
125, 190
125, 210
125, 218
127, 210
127, 281
129, 144
130, 170
131, 189
131, 197
131, 211
132, 247
133, 164
135, 137
135, 143
135, 184
135, 206
135, 217
136, 158
136, 183
136, 195
136, 212
136, 223
137, 144
137, 171
137, 184
137, 216
137, 217
137, 262
137, 277
138, 296
139, 254
140, 185
142, 152
142, 248
142, 267
144, 277
144, 290
145, 159
145, 177
146, 176
146, 190
146, 214
146, 251
146, 295
148, 233
148, 236
148, 275
150, 253
150, 255
151, 153
151, 162
151, 193
152, 161
152, 248
152, 267
153, 162
153, 177
153, 193
153, 226
153, 235
154, 204
156, 223
156, 250
157, 201
158, 210
158, 268
158, 281
159, 177
160, 258
161, 237
161, 248
161, 269
162, 226
163, 194
163, 213
163, 227
165, 222
166, 194
166, 213
166, 219
167, 177
168, 200
168, 298
169, 189
171, 216
171, 277
172, 192
172, 222
172, 259
174, 227
176, 214
176, 251
177, 235
178, 254
179, 259
181, 203
183, 195
185, 249
189, 211
190, 210
190, 218
190, 295
191, 233
192, 259
194, 213
194, 219
195, 212
196, 244
197, 211
202, 209
202, 276
206, 217
206, 229
207, 239
208, 223
208, 250
209, 276
210, 281
212, 223
213, 214
213, 219
213, 221
213, 227
213, 295
214, 221
214, 295
215, 225
215, 259
215, 299
217, 229
217, 262
222, 259
223, 250
225, 259
230, 263
231, 288
233, 275
237, 248
239, 243
239, 285
241, 274
242, 270
245, 255
247, 250
252, 257
257, 273
257, 283
259, 261
260, 265
263, 272
268, 281
271, 273
273, 283
289, 292
end