120
4
0, 0.8672509944839035, 0.03782761709830973
1, 0.6084733918242794, 0.20662721512601223
2, 0.6152705315741516, 0.4392040679890754
3, 0.8905444710899333, 0.8594007893694694
4, 0.2965584837912024, 0.14118210550696164
5, 0.22113731313618867, 0.10814150102881781
6, 0.9111744206341014, 0.42796667154249224
7, 0.1256301496570662, 0.11687763515641525
8, 0.5318607485007928, 0.802462801360754
9, 0.902809321977227, 0.5428675860655513
10, 0.2515603230109662, 0.3052483609405864
11, 0.11749902115030575, 0.6702094217011211
12, 0.6149433554624727, 0.13766409305270577
13, 0.9569479890348038, 0.5831373245183328
14, 0.8038263960099072, 0.20361726419238968
15, 0.21722743049849325, 0.3989398138240421
16, 0.8180658999640417, 0.23066645084906134
17, 0.546638353599433, 0.5270939455879511
18, 0.11371090377852755, 0.3026667495868135
19, 0.291736429793666, 0.14823040059036685
20, 0.10751429070236673, 0.5603808534921113
21, 0.35066386977919306, 0.24070287392827006
22, 0.2796840419943968, 0.37051195126072145
23, 0.6472600493794048, 0.6019379073672319
24, 0.2996243294785442, 0.6625977001169174
25, 0.2676525574573666, 0.5851577198539126
26, 0.9051205170054305, 0.20349194797855696
27, 0.33934361046635764, 0.15699710884265494
28, 0.5472351625917717, 0.994886789812753
29, 0.22283539748887182, 0.2500565043471895
30, 0.6443103770447509, 0.8856357214602337
31, 0.793127770126651, 0.9821634156336702
32, 0.9809861046622352, 0.8391348994725036
33, 0.7139512680758029, 0.0804239392607966
34, 0.1842266124123345, 0.2634973233754313
35, 0.12030590490646653, 0.9399516980592332
36, 0.8059730413568376, 0.09685419925882355
37, 0.2978808218736, 0.4734350726573606
38, 0.3457098089455817, 0.8628072359642622
39, 0.19852075019434667, 0.16514774478133165
40, 0.8898635184924666, 0.4397715027485849
41, 0.5155374478416295, 0.4741078204395581
42, 0.2776935862054737, 0.10680523813525333
43, 0.564380290335092, 0.4719980681560606
44, 0.5148428716303675, 0.7602179696879571
45, 0.9751079852561675, 0.4754612791869558
46, 0.6471467690429934, 0.5160972916155556
47, 0.04250511144913072, 0.6764663263623379
48, 0.6464854987968714, 0.8902794017822124
49, 0.16742256426196023, 0.44338496679388584
50, 0.96022859504443, 0.2330662162042284
51, 0.048311261988724596, 0.19235659150046114
52, 0.6053635249303031, 0.5769315795967663
53, 0.7201302711661519, 0.8438282871481577
54, 0.8231862524141811, 0.4592523401235439
55, 0.4456664562664433, 0.33221866696006963
56, 0.05104378431004408, 0.4581376177791908
57, 0.7629951433358267, 0.03723554085216574
58, 0.6516399857577402, 0.8334784974342072
59, 0.07360508309097602, 0.05078025544107889
60, 0.12960268245226325, 0.32044835928809323
61, 0.12202953479937806, 0.9504938899596347
62, 0.8198880531706033, 0.9191116460740325
63, 0.9886927017074301, 0.13806061089919475
64, 0.7146436001318962, 0.8326323609426426
65, 0.35621882331099763, 0.8023921820652473
66, 0.5096632454202702, 0.9343313578907919
67, 0.39393500602884834, 0.5835915606483537
68, 0.6913231252387233, 0.9951268256637117
69, 0.7232748008102918, 0.14795660488800466
70, 0.8385588923265422, 0.7265152300971814
71, 0.191727541062234, 0.6923817600753492
72, 0.4983457912709188, 0.7479695207323811
73, 0.7431802196342241, 0.8392865603319598
74, 0.8973067137312855, 0.5145937112264344
75, 0.9945335711002432, 0.05276454407790476
76, 0.6607598271143604, 0.32659709945036197
77, 0.25999202988741665, 0.9665019906560396
78, 0.9178907999200862, 0.3529451778720515
79, 0.30273166628899495, 0.4235468226493887
80, 0.6648098691526029, 0.13194893420881149
81, 0.3179040849604079, 0.7203542425787618
82, 0.05028611988799292, 0.2504729764107654
83, 0.40611744207664413, 0.8013401429956589
84, 0.43048123588570475, 0.07293800490992175
85, 0.026913128379422058, 0.008950406901563457
86, 0.08352164986704236, 0.9250195847790459
87, 0.131933267370952, 0.48696703168726607
88, 0.2941716324151864, 0.46305291761859757
89, 0.8667561838270488, 0.7475858141168431
90, 0.02252875564942136, 0.24819212718319406
91, 0.09662335627034147, 0.12043385549916674
92, 0.3125540407390113, 0.7493955784788555
93, 0.959774371804995, 0.27180470566943216
94, 0.40687770593163985, 0.23011839489501185
95, 0.961996537511252, 0.10979893742655389
96, 0.9303564103339648, 0.7553155579302715
97, 0.15971962884299928, 0.9078872278812838
98, 0.9915747450474847, 0.2684420075152574
99, 0.09636955228854438, 0.7992053191021343
100, 0.02059506999871419, 0.7393879867989849
101, 0.6680711682957972, 0.17800243112041103
102, 0.014161402435949322, 0.0902145371764117
103, 0.7441117210988059, 0.35111373954761704
104, 0.9290842007174889, 0.05283597245593197
105, 0.444448047404818, 0.2909289281845505
106, 0.9755208224646064, 0.8170937832412705
107, 0.6549107747195313, 0.0418649144421025
108, 0.7565328742307469, 0.11981997837186675
109, 0.5494408978198975, 0.31006490171705225
110, 0.05725901726678018, 0.6447801609985162
111, 0.4331504956090011, 0.9374932376769892
112, 0.8732470786398687, 0.45984206525054394
113, 0.5892112748535432, 0.8113618645484606
114, 0.6323894450688864, 0.7783786072973014
115, 0.15815196742568816, 0.3897015325050811
116, 0.82896226370854, 0.35366705477435556
117, 0.6948569585073516, 0.31054319274965625
118, 0.21859395422333772, 0.417378425133353
119, 0.4799955675475438, 0.14023607905867352
end_nodes
0, 1
0, 2
0, 3
0, 4
0, 5
0, 6
0, 7
0, 8
0, 9
0, 10
1, 2
1, 8
1, 10
1, 11
1, 15
1, 17
1, 20
1, 22
1, 24
2, 8
2, 36
2, 46
2, 52
2, 69
2, 76
2, 101
2, 108
3, 6
3, 8
3, 9
3, 13
3, 14
3, 16
3, 23
3, 28
3, 30
4, 5
4, 7
4, 10
4, 12
4, 15
4, 18
4, 19
4, 20
4, 21
5, 7
5, 42
6, 9
6, 13
6, 26
6, 45
6, 50
6, 63
6, 75
6, 78
7, 18
7, 39
7, 47
7, 51
7, 56
7, 57
7, 59
8, 11
8, 14
8, 17
8, 23
8, 24
8, 28
9, 40
9, 74
10, 12
10, 15
10, 21
10, 80
10, 94
11, 20
11, 24
11, 25
11, 28
11, 35
11, 37
11, 38
11, 47
12, 21
12, 27
12, 33
12, 94
12, 119
13, 32
13, 45
13, 96
13, 106
14, 16
14, 23
14, 54
14, 70
14, 89
14, 103
14, 116
15, 20
15, 22
15, 49
15, 118
16, 112
16, 116
17, 24
17, 41
17, 43
17, 44
17, 67
17, 72
17, 109
18, 19
18, 20
18, 29
18, 34
18, 39
18, 47
18, 60
18, 87
19, 20
19, 29
19, 34
19, 87
19, 115
20, 22
20, 37
20, 47
20, 49
21, 27
21, 94
22, 105
22, 118
23, 70
23, 89
23, 103
23, 113
23, 114
24, 25
24, 41
24, 44
24, 67
24, 71
24, 72
26, 75
26, 78
26, 95
26, 104
27, 119
28, 30
28, 31
28, 32
28, 35
28, 38
28, 48
28, 58
29, 34
29, 60
29, 115
30, 48
30, 53
30, 58
30, 64
30, 73
31, 32
31, 62
31, 68
32, 45
32, 62
32, 63
32, 75
32, 96
32, 98
32, 106
35, 38
35, 47
35, 61
35, 77
35, 86
35, 97
35, 99
35, 100
36, 108
36, 117
37, 55
37, 79
37, 88
38, 97
38, 111
40, 74
41, 67
41, 109
44, 72
45, 63
45, 93
46, 52
47, 51
47, 56
47, 82
47, 85
47, 90
50, 63
50, 75
51, 59
51, 82
51, 85
51, 91
53, 64
53, 73
54, 70
54, 89
55, 79
56, 82
57, 59
57, 84
57, 85
57, 107
58, 64
59, 84
59, 85
59, 91
59, 107
60, 87
60, 115
61, 77
61, 86
63, 75
63, 93
64, 73
65, 66
65, 83
65, 92
66, 83
69, 76
69, 101
69, 108
70, 89
71, 81
75, 78
75, 95
75, 98
75, 104
76, 108
78, 95
79, 88
83, 92
84, 107
85, 90
85, 102
86, 100
87, 115
90, 100
90, 102
96, 106
100, 102
101, 108
113, 114
end