460
4
0, 0.8551163230881108, 0.085841896191576
1, 0.7728562200592529, 0.04423385144361058
2, 0.14825898327295384, 0.5632892040151337
3, 0.2107107993435423, 0.3029605362871891
4, 0.9976460560917492, 0.7185105539263322
5, 0.661957501570224, 0.4861311593266179
6, 0.4983851091764876, 0.765174265801128
7, 0.9490143116934191, 0.6532704754236892
8, 0.6645971698219862, 0.851815167883139
9, 0.6028144701551066, 0.6301733736212984
10, 0.47933359464984815, 0.568311059996468
11, 0.2064280818938129, 0.9208879248291452
12, 0.06765147638879754, 0.8468208577736466
13, 0.41683515318614595, 0.6032321542320238
14, 0.11074072270635837, 0.9786424142580166
15, 0.8168167945687193, 0.9590149896215208
16, 0.17339027476872637, 0.1968903296374216
17, 0.7045916559366424, 0.17939337221460483
18, 0.6622947565745108, 0.44900025519679965
19, 0.42972344691231523, 0.6863363474282298
20, 0.4096672892838562, 0.46304819245315
21, 0.41173622531825094, 0.5258262941372044
22, 0.6317882951307201, 0.1366213380829776
23, 0.20212940336157903, 0.182642211130722
24, 0.527003220993798, 0.5677169286974895
25, 0.42722895135317585, 0.6321233025572548
26, 0.4254571223190111, 0.007535761057698487
27, 0.7999574745538994, 0.873269648140453
28, 0.7631828767096891, 0.16533022996388513
29, 0.01357479541537654, 0.9678989733250037
30, 0.9014446067605019, 0.7257267605733404
31, 0.7103687450102714, 0.49231037658522125
32, 0.9278295738338884, 0.12757648410175926
33, 0.2169882375086407, 0.17288742805459534
34, 0.7036743973689595, 0.21833849463584465
35, 0.6268633334012714, 0.3163133099434061
36, 0.9228897406551486, 0.05959194921001609
37, 0.9611186112137661, 0.17471757833400747
38, 0.3986276590985508, 0.5803167109944564
39, 0.24605043185678566, 0.060853014236683545
40, 0.6562861128493317, 0.07330663933314374
41, 0.3767295810036927, 0.8824899942286872
42, 0.7704260792342585, 0.9852529090804183
43, 0.5520072124195899, 0.27900963929072886
44, 0.07682402110987041, 0.421828269659248
45, 0.6834936592218035, 0.4884351566186905
46, 0.5605880669027753, 0.4568422470859226
47, 0.8781105147938498, 0.7805021909145964
48, 0.7814623591493186, 0.8067766103894202
49, 0.45696526051429653, 0.660542120095725
50, 0.7480165629656098, 0.7034925773129559
51, 0.36038246372083127, 0.3528373636393599
52, 0.8222499152879426, 0.6141247872058382
53, 0.6410534818691088, 0.058155101610910975
54, 0.816038658354678, 0.24046239224363497
55, 0.03171209827361676, 0.11538944367260018
56, 0.7212754538174572, 0.35008398308952016
57, 0.9948627883765531, 0.8068826450939898
58, 0.8007335449015994, 0.5481440796842749
59, 0.10259843175033934, 0.28871640184679226
60, 0.7155978398170001, 0.6652349239443854
61, 0.8643431559801078, 0.5386624817718219
62, 0.41991219596150386, 0.9097556525843087
63, 0.6600084002799347, 0.22642166629939497
64, 0.7813088077046308, 0.857221387673496
65, 0.4683535398684878, 0.9747522064086771
66, 0.020993105777269427, 0.4413575712946449
67, 0.4824704354340499, 0.7013065736444207
68, 0.9493251725166395, 0.8541215285213045
69, 0.6192952089026582, 0.3810452875014967
70, 0.2627526900568512, 0.2805975727375648
71, 0.2845352807485839, 0.967131011121237
72, 0.4903453170507842, 0.6482502166988694
73, 0.24741867549506324, 0.22939278591923173
74, 0.010670962487023372, 0.6435426277955287
75, 0.10977513568079689, 0.9255355139656039
76, 0.4034609273081098, 0.6371096288725766
77, 0.005204732475487361, 0.23438618150943225
78, 0.8515289398138637, 0.3145793936373167
79, 0.07981647005906545, 0.4858749795627326
80, 0.8322359170620398, 0.4162581151082848
81, 0.3638500497357299, 0.41835941846125313
82, 0.44234999146632004, 0.008699722881581384
83, 0.6724560374588393, 0.36293733780558224
84, 0.4070659266219018, 0.30063534370249556
85, 0.32807067366661435, 0.23109932295225788
86, 0.012294752113953034, 0.32616710249790526
87, 0.317721032024496, 0.6459729521204314
88, 0.13161855563093594, 0.9789078795611231
89, 0.24355623128396908, 0.9073205215459853
90, 0.08625813822606088, 0.20985927194116494
91, 0.5745597568563047, 0.5130465979691052
92, 0.9153284150305389, 0.6587600034170684
93, 0.20689096075698254, 0.09175325784508614
94, 0.37190321868226917, 0.5651029431416071
95, 0.08294192619095153, 0.08452714181402654
96, 0.24082161339170394, 0.7747232969058666
97, 0.8370548065525792, 0.995332407942356
98, 0.7224851195765561, 0.8419498908813645
99, 0.7306563310148044, 0.5780303802468206
100, 0.30698943113114263, 0.036205885407307736
101, 0.32217356069360514, 0.8250036840078412
102, 0.03526913733790993, 0.060568585206993264
103, 0.030509018301445145, 0.8914238329741377
104, 0.796585421906504, 0.1252858126967703
105, 0.6903149707092133, 0.27460743150660294
106, 0.3772395750506632, 0.7587374502226253
107, 0.23745336086027102, 0.20785022073007864
108, 0.8346977289076996, 0.978128733672213
109, 0.9925851695718639, 0.9472746732301884
110, 0.1118466037126361, 0.17457456539768135
111, 0.3182184669150673, 0.9948944033540129
112, 0.8442277583760024, 0.07848776208753083
113, 0.5650798048095846, 0.732620473435052
114, 0.13243953696057043, 0.8625974510434447
115, 0.09848361110691173, 0.48032197908597474
116, 0.2888137754112582, 0.19162661426348537
117, 0.6265233945483677, 0.169284651040705
118, 0.7213465996065311, 0.5913201505119567
119, 0.8444825557861703, 0.9773191416628236
120, 0.760896955160192, 0.0967991197509076
121, 0.08044616039965702, 0.7915755552768696
122, 0.933306152532748, 0.7889412490524881
123, 0.5239487976212098, 0.38175630967739493
124, 0.26987930515561986, 0.7258744187377563
125, 0.7831898261002791, 0.45481747477081136
126, 0.36465363759712577, 0.6702477074331448
127, 0.364844229399261, 0.8362138387245072
128, 0.11172867519291607, 0.32394113212938613
129, 0.3939374447019528, 0.9214382932528157
130, 0.014035828407269912, 0.03874455859874626
131, 0.1361127671909832, 0.6153545775473034
132, 0.8835070158201295, 0.4274291547176471
133, 0.7386889456389101, 0.2606306321754104
134, 0.5250888151365759, 0.7579709785227489
135, 0.5833992606890142, 0.0909916434778022
136, 0.30254533883541657, 0.350751255241586
137, 0.09667911498823889, 0.31246691832761786
138, 0.9415783714946371, 0.5039109970902225
139, 0.7455823643831563, 0.5404343464788408
140, 0.5605386631622359, 0.4400450100915554
141, 0.4971404976382332, 0.8213667507777183
142, 0.6488028484872761, 0.8857822425695913
143, 0.021458583159787437, 0.1459859612648594
144, 0.8731702101289727, 0.5174487332321341
145, 0.7993614662499752, 0.47258765028932825
146, 0.5144649364879607, 0.7693158436287242
147, 0.5196189737491221, 0.9201982436133369
148, 0.29876000333794595, 0.622545942418473
149, 0.9341356100351643, 0.7008094411201226
150, 0.8875981234769736, 0.9196504452558288
151, 0.5625021472369238, 0.16084911096888654
152, 0.7698348221449436, 0.2884386349755853
153, 0.7567529411771174, 0.6841330381428548
154, 0.7967275032942734, 0.7428955712500517
155, 0.265746107361284, 0.8040009444214894
156, 0.3592004241633797, 0.4630542915317811
157, 0.8680905272294296, 0.33577252400940116
158, 0.017789228345527985, 0.06902416644498
159, 0.4488746477352018, 0.4667554833183952
160, 0.14517292869457832, 0.3539369965771596
161, 0.7395356649767515, 0.3933844758558721
162, 0.9296023601704229, 0.26689761566280235
163, 0.5214738374139894, 0.6857256032812843
164, 0.5196729591156817, 0.6055640167776408
165, 0.886809826682777, 0.4493883380869762
166, 0.40060286291779146, 0.8022411426323616
167, 0.9446627733689206, 0.19321364031868193
168, 0.09587217626108757, 0.239951727034739
169, 0.8429774732463313, 0.9812773656363966
170, 0.65854700143151, 0.028979585075075365
171, 0.1294421419630961, 0.6927273261331061
172, 0.9125963353613245, 0.7369934757307429
173, 0.9396970756438194, 0.8572875485757802
174, 0.17302537768999127, 0.28157705032503044
175, 0.9325199734230135, 0.910642422314364
176, 0.24041779089582982, 0.20968484606219617
177, 0.741624917429515, 0.8118105832545872
178, 0.7904589927111209, 0.23151614644624152
179, 0.5317928582439939, 0.20723639631488167
180, 0.1442191607011717, 0.24327910968792998
181, 0.8041842854962907, 0.7944686773909103
182, 0.5825647592839299, 0.5046941811869075
183, 0.19356703752962767, 0.5865065555892555
184, 0.30810053755604516, 0.528353018380002
185, 0.4698399956089886, 0.617864261366115
186, 0.9764484819602508, 0.7124470965840851
187, 0.7133262655883117, 0.7164630938592105
188, 0.5501832414353717, 0.5491987753138788
189, 0.19946156495746725, 0.018022564060336865
190, 0.42634650087614445, 0.48694498106926776
191, 0.5294321554504623, 0.46386178539902645
192, 0.34464219568672405, 0.39168829871859046
193, 0.9921185956820202, 0.8527481428122479
194, 0.9176032151507867, 0.08194097581998694
195, 0.981584986735237, 0.461266005175361
196, 0.7909333661392117, 0.2054688226312118
197, 0.7331431596539644, 0.793793522748659
198, 0.3172785036329505, 0.982724506492741
199, 0.07531814444374396, 0.9507656246264953
200, 0.3394312485398224, 0.5882265781816691
201, 0.7316925178289188, 0.8503361076987515
202, 0.14937349355667884, 0.9517807273477252
203, 0.6267196937961474, 0.8761536204704787
204, 0.8066727837017897, 0.11006608470256762
205, 0.12743339425331102, 0.9938360900542107
206, 0.9494407910481489, 0.9156975283998655
207, 0.7029460401147558, 0.385556139763086
208, 0.4110249517469059, 0.863389677670354
209, 0.046710095045575106, 0.4004863261317888
210, 0.6903157657654955, 0.49484280638234523
211, 0.0399562928600552, 0.7948065096536323
212, 0.97665566413723, 0.30523254570787983
213, 0.44659316762417456, 0.44873068395444726
214, 0.905939211390489, 0.6146948679644477
215, 0.24867674643162507, 0.7697261046674717
216, 0.5936113762219455, 0.9784104825104071
217, 0.14677494218578946, 0.7324607734306093
218, 0.6504135176788552, 0.26110531463292375
219, 0.3903979543060101, 0.5011878864312005
220, 0.23218640579998695, 0.39254897460293947
221, 0.8733328415283242, 0.3244926784463831
222, 0.5034845165232762, 0.2879813511103344
223, 0.5284611036388055, 0.0010762468603373598
224, 0.7497396216824891, 0.48239096109798685
225, 0.34874458859540425, 0.18524722931780313
226, 0.28603975115343605, 0.03448177712625544
227, 0.28151752358859483, 0.21860385269763805
228, 0.8719302575690755, 0.5205182833237796
229, 0.7675163830211996, 0.45889809047755026
230, 0.705532238967103, 0.06162562271113914
231, 0.20280837471664748, 0.005320490176255577
232, 0.10532498053991779, 0.7120642682569293
233, 0.939804367959171, 0.6969028428716297
234, 0.2540656159620699, 0.5127698023311877
235, 0.25158326728587754, 0.02606674780077267
236, 0.8855267128387061, 0.40987144920749297
237, 0.24262573642161667, 0.018048632896885852
238, 0.5385870285201423, 0.9078376783983734
239, 0.9159327168979745, 0.9686589428145138
240, 0.9135782096743621, 0.39626486702510844
241, 0.8804063276969881, 0.7008651466725216
242, 0.36997513449013375, 0.943876864784299
243, 0.13708256944427744, 0.09924349302393998
244, 0.6579120382251853, 0.7698640901820916
245, 0.6502277098809838, 0.2844805707771594
246, 0.5119192215647834, 0.05856194153677019
247, 0.9821755174007749, 0.17315095315601658
248, 0.31037469327026457, 0.10567521995486673
249, 0.37129291745252546, 0.1847849859107732
250, 0.0946583179385011, 0.541772994544487
251, 0.625683560720375, 0.757098698362886
252, 0.6408548117778996, 0.14689963182069965
253, 0.34882098807155326, 0.4342447467597359
254, 0.9664410803994488, 0.4394378581139765
255, 0.6906497127738356, 0.6607928884529114
256, 0.2429285273415689, 0.27167535914753815
257, 0.6330531736452976, 0.30176136595186576
258, 0.17652851140309145, 0.3448465645411054
259, 0.01246868064863449, 0.6794263772774622
260, 0.38552798786754283, 0.8508222872711422
261, 0.030655681519711986, 0.5295859762286109
262, 0.8144820686400863, 0.4233575566211115
263, 0.3818959363951906, 0.45660014760714074
264, 0.23415976198962363, 0.8514374201974955
265, 0.917383761871404, 0.8096961123935071
266, 0.11325866861968226, 0.4299706991019183
267, 0.007184247939428401, 0.6870175830465922
268, 0.7939552313552044, 0.5450638511889798
269, 0.6237019300081559, 0.2355195233247831
270, 0.17733241177124626, 0.3605312409346574
271, 0.9970900605822891, 0.3816568874791536
272, 0.042646968191626056, 0.6736091728371318
273, 0.4150287103661172, 0.5612942070257212
274, 0.9261559919856435, 0.5837965646592945
275, 0.08950728680259656, 0.06653355490652935
276, 0.8718774300114907, 0.5619658494560842
277, 0.8714135916652224, 0.6911603608649846
278, 0.35720066975076403, 0.46659919434013564
279, 0.47428380028846817, 0.2981472130539421
280, 0.45130019193910764, 0.03138520435234682
281, 0.9487796961375637, 0.546378568270349
282, 0.8083588207224547, 0.6590425189384238
283, 0.12421490508593724, 0.31357828938179777
284, 0.596452258500491, 0.18486401493903548
285, 0.6174225697258527, 0.12327342134656138
286, 0.16405443373930162, 0.6799735827259658
287, 0.4282787856680943, 0.7107443892723273
288, 0.3748640379068777, 0.9191040327979131
289, 0.34312405061284257, 0.6126010855007682
290, 0.7457638881301083, 0.44723058041840835
291, 0.317958020670985, 0.37145196900931965
292, 0.3761642861510818, 0.17026623327763446
293, 0.6270517887737518, 0.38357910225586767
294, 0.23324679670479476, 0.24973178778357863
295, 0.3595540279900977, 0.9859181238908092
296, 0.9859733888402344, 0.9522451623622542
297, 0.6411239200223606, 0.8115329230652945
298, 0.9128519629611445, 0.9612884753404971
299, 0.8716388582274494, 0.30971822234947066
300, 0.7133642471859583, 0.7546331323509716
301, 0.8038260231485598, 0.5527460238560096
302, 0.3273381810946516, 0.6408019563343936
303, 0.41778596096923415, 0.1979526576319467
304, 0.910278074493589, 0.648688189041065
305, 0.7634327644642437, 0.6314633723013998
306, 0.23659474642250522, 0.07640219057764508
307, 0.8225354066517925, 0.5124711926572332
308, 0.4412947974617242, 0.5559908639569174
309, 0.19397305455010383, 0.791533239000031
310, 0.5192826075672674, 0.6265479239702257
311, 0.5220099021801459, 0.16022581383589074
312, 0.7531268657632959, 0.8715341189042112
313, 0.5836996075128765, 0.7631616470125546
314, 0.28294121007539874, 0.7901177941772272
315, 0.8782398128882628, 0.2878525429128038
316, 0.431805962833846, 0.735285104950435
317, 0.29104594643100157, 0.968322773800107
318, 0.3731882863973931, 0.2575130003574819
319, 0.24353127875932545, 0.4337338598640361
320, 0.5911114836081214, 0.5053070930496022
321, 0.08852902138677854, 0.9613418379196704
322, 0.5868372754018449, 0.018492697020118465
323, 0.3826073625626345, 0.1222361498246638
324, 0.3195882483765964, 0.9402472745529222
325, 0.7116271960930013, 0.39053140703683775
326, 0.013721048800588553, 0.9238685188415698
327, 0.44752971217244353, 0.5400414043574747
328, 0.826040349860936, 0.5698461236300889
329, 0.5100422221786228, 0.7880348680047939
330, 0.8974603010610236, 0.6580383819259016
331, 0.3813715587722847, 0.1438569649760727
332, 0.4328850620838295, 0.7579286297211858
333, 0.08310482023996524, 0.9864131034605955
334, 0.7859968105921789, 0.953888323925959
335, 0.04568484131884287, 0.5300018146337993
336, 0.1696975544016156, 0.07515167027271874
337, 0.4293920255340734, 0.11109448308504699
338, 0.013229951943245832, 0.03234140125121565
339, 0.613998483307873, 0.03600425256825557
340, 0.2852172875700657, 0.6711670367903727
341, 0.7922598349436374, 0.04064113147891402
342, 0.021309317354253787, 0.6838614833711009
343, 0.7968169031380322, 0.7531176704489891
344, 0.38575020073734145, 0.442300366420493
345, 0.06602784213581936, 0.9456973195428517
346, 0.47998668632017516, 0.8109301037197769
347, 0.23377861925094834, 0.22657921567786
348, 0.997450481665112, 0.031059246753210923
349, 0.2747129091085281, 0.6388956528907136
350, 0.9306909389957808, 0.885709597721193
351, 0.33869618282795155, 0.8765163343731983
352, 0.4243299188863504, 0.6225897317154002
353, 0.6601324514823386, 0.07219705502976315
354, 0.20920171681134436, 0.8654802928678309
355, 0.7711277301156372, 0.01321099440439566
356, 0.4422030004320857, 0.3470241002888165
357, 0.03654990486362364, 0.5087256475234232
358, 0.425729214446289, 0.33109302366783466
359, 0.43151635220290896, 0.5539673604778284
360, 0.7943493015552854, 0.04345494008068129
361, 0.40066920340895507, 0.35077991369898764
362, 0.9674552310305611, 0.7033869065038463
363, 0.8996600858630327, 0.39179465366749266
364, 0.7539162083014742, 0.5735023550877668
365, 0.7961149723668702, 0.940959299251012
366, 0.6921116771450814, 0.16658149854599824
367, 0.2917008200599014, 0.5090689211736827
368, 0.3653820360420992, 0.5223265633366995
369, 0.38949081366896043, 0.444422591766897
370, 0.14572172351843793, 0.30948361061215046
371, 0.4485129284643675, 0.8891311184484476
372, 0.8627485707461214, 0.5032565820049566
373, 0.5454225585508635, 0.7609228779353506
374, 0.7493951577001936, 0.726054091229136
375, 0.4290799098596123, 0.7514924274697574
376, 0.9135885737943297, 0.8071298353148026
377, 0.7267272887892762, 0.8423368581726332
378, 0.37981426911670246, 0.8817900140778555
379, 0.8400005373096538, 0.21621565917781715
380, 0.6446308859007701, 0.39539893645230395
381, 0.5890156122260933, 0.6512877786701906
382, 0.8505864412184064, 0.5445427752046278
383, 0.6146895158256207, 0.011835983433758468
384, 0.32533463449007116, 0.5200607958073753
385, 0.4168022297336722, 0.14296285264167974
386, 0.7552981071571098, 0.5462950077374011
387, 0.48555240112740683, 0.06926688688341587
388, 0.2661475744301254, 0.059390900835302074
389, 0.38468932225589747, 0.29327164466519795
390, 0.9566709094734136, 0.8002554013304721
391, 0.9889669531186168, 0.8878362113117843
392, 0.9819161496540357, 0.9096801708420369
393, 0.4079098786511006, 0.17385555849876577
394, 0.4289057249680627, 0.2155806971009092
395, 0.9149190217077738, 0.6037496927436806
396, 0.29532903939109045, 0.7935707576458916
397, 0.888493286987686, 0.2779096367715581
398, 0.9548185659815924, 0.9796850782171174
399, 0.043831336896601125, 0.29642975379492
400, 0.09373716584981784, 0.11653314043831953
401, 0.47442215272977184, 0.6879990855161395
402, 0.5205679108396152, 0.6767884694119727
403, 0.8621517043262248, 0.14756360788901612
404, 0.6058433657129425, 0.8836430533596884
405, 0.20231609940954143, 0.14747016929708934
406, 0.29685055182762843, 0.05933657547227311
407, 0.07744251442255279, 0.20337724944958768
408, 0.6532149859505721, 0.28730226439923334
409, 0.8356126557439938, 0.6911155478730561
410, 0.8576819012313865, 0.5765593519728829
411, 0.49856982665752203, 0.014861432024934396
412, 0.18234740222474366, 0.7141697691651644
413, 0.35808041689207837, 0.6783265344294609
414, 0.5404002164112115, 0.5756043516781038
415, 0.8641715499851343, 0.5708239421997136
416, 0.5397910846917051, 0.729628147708742
417, 0.6382992614908097, 0.7898692792809965
418, 0.5769427160975921, 0.45967956866750115
419, 0.936534254938482, 0.9759248032743316
420, 0.19703870658529543, 0.5695023385510454
421, 0.3070724982388229, 0.8182436035571683
422, 0.9060102485941376, 0.2594950233915244
423, 0.25116816195560276, 0.6247784211105465
424, 0.9867453983626697, 0.9644536374022652
425, 0.47159995629662255, 0.0780939442982076
426, 0.24294637080038373, 0.2637463193832046
427, 0.9076431719115244, 0.9889430645185335
428, 0.6746632722403676, 0.5783487248898455
429, 0.5440576865153749, 0.34139754450046167
430, 0.00021612217164512781, 0.27285601080511657
431, 0.42481398074369137, 0.21473455897756266
432, 0.4478452984354593, 0.9435217851924015
433, 0.08530484877872835, 0.12553015535535783
434, 0.3313212138711067, 0.24748885041738877
435, 0.8391045958884498, 0.4555264937259489
436, 0.4020434269537386, 0.9150428335969233
437, 0.1255742157806936, 0.397834776306205
438, 0.3204223301762962, 0.632896314873525
439, 0.6975969516645847, 0.3484907796906853
440, 0.738874226851636, 0.8853858804757896
441, 0.7966532503125406, 0.904053669928863
442, 0.08998142968625233, 0.926210940882783
443, 0.925648817411581, 0.11748426301858994
444, 0.9543922180466028, 0.33183255475423623
445, 0.13208631387304748, 0.856314008636895
446, 0.702652897632336, 0.5666326118566278
447, 0.7152839171644888, 0.6920572285236352
448, 0.19811666949876983, 0.16492027652060537
449, 0.07934496864182294, 0.21028669672390243
450, 0.04159382152516533, 0.6229761122847048
451, 0.706156890309014, 0.07493756088958459
452, 0.7967732319369186, 0.2539535217722052
453, 0.15903577263940671, 0.08659558895076946
454, 0.696634404676149, 0.7278224531147729
455, 0.5099267062286915, 0.8057134331486686
456, 0.5849794504344357, 0.8055274889149284
457, 0.022243818280045624, 0.5255435467817129
458, 0.23396517640185233, 0.7143775772149831
459, 0.8980389884499926, 0.953025181098753
end_nodes
0, 1
0, 2
0, 3
0, 4
0, 5
0, 6
0, 7
0, 8
0, 9
0, 10
0, 11
0, 12
0, 13
0, 14
0, 15
0, 16
0, 17
0, 18
0, 19
0, 20
0, 21
1, 16
1, 23
1, 26
1, 33
1, 36
1, 39
1, 40
1, 53
1, 55
1, 77
1, 82
1, 90
1, 93
1, 95
1, 100
1, 102
1, 110
1, 112
1, 120
1, 130
2, 3
2, 12
2, 16
2, 17
2, 20
2, 29
2, 43
2, 44
2, 51
2, 59
2, 63
2, 66
2, 74
2, 77
2, 79
2, 81
2, 84
2, 86
2, 103
2, 104
3, 16
3, 17
3, 22
3, 43
3, 70
3, 73
3, 84
3, 85
3, 107
3, 116
3, 117
3, 136
3, 151
3, 174
3, 176
3, 179
3, 204
3, 220
3, 222
4, 7
4, 15
4, 30
4, 32
4, 36
4, 37
4, 47
4, 57
4, 68
4, 92
4, 97
4, 108
4, 109
4, 119
4, 122
4, 138
4, 149
4, 150
4, 162
4, 167
5, 6
5, 9
5, 56
5, 62
5, 134
5, 141
5, 146
5, 207
5, 325
5, 329
5, 346
5, 371
5, 373
5, 381
5, 416
5, 432
5, 455
6, 11
6, 14
6, 18
6, 19
6, 24
6, 41
6, 49
6, 56
6, 62
6, 67
6, 71
6, 72
6, 83
6, 88
6, 89
6, 91
6, 101
6, 106
6, 111
7, 61
7, 78
7, 92
7, 132
7, 138
7, 144
7, 157
7, 165
7, 214
7, 221
7, 228
7, 236
7, 240
7, 274
7, 276
7, 281
7, 299
7, 304
7, 315
8, 9
8, 15
8, 27
8, 31
8, 42
8, 45
8, 48
8, 50
8, 52
8, 54
8, 58
8, 60
8, 64
8, 65
8, 80
8, 97
8, 98
8, 99
8, 108
8, 113
9, 45
9, 54
9, 65
9, 113
9, 152
9, 178
9, 244
9, 251
9, 297
9, 325
9, 373
9, 417
9, 428
9, 452
10, 11
10, 14
10, 25
10, 46
10, 69
10, 76
10, 140
10, 155
10, 202
10, 264
10, 314
10, 352
10, 354
10, 396
11, 14
11, 19
11, 25
11, 101
11, 106
11, 127
11, 166
11, 185
11, 202
11, 293
11, 396
11, 418
11, 421
12, 13
12, 14
12, 20
12, 21
12, 28
12, 29
12, 34
12, 38
12, 75
12, 87
12, 94
12, 96
12, 105
12, 114
12, 121
12, 123
12, 124
12, 126
12, 131
13, 38
13, 87
13, 105
13, 124
13, 126
13, 191
13, 273
13, 302
13, 308
13, 327
13, 359
13, 458
14, 29
14, 75
14, 76
14, 88
14, 89
14, 96
14, 111
14, 114
14, 126
14, 140
14, 155
14, 198
14, 199
14, 202
14, 205
14, 215
15, 27
15, 47
15, 52
15, 61
15, 78
15, 80
15, 92
15, 108
15, 122
15, 154
15, 181
15, 214
15, 241
15, 265
15, 276
15, 277
15, 282
15, 304
16, 22
16, 40
16, 59
16, 77
16, 107
16, 116
16, 120
16, 128
16, 151
16, 160
16, 168
16, 174
16, 180
16, 225
16, 230
16, 249
16, 283
17, 43
17, 104
17, 117
17, 179
17, 204
17, 269
17, 284
17, 318
17, 366
18, 83
18, 133
18, 196
18, 439
19, 24
19, 49
19, 83
19, 106
19, 133
19, 185
19, 287
19, 293
19, 316
19, 332
19, 375
19, 380
19, 418
19, 421
20, 28
20, 34
20, 63
20, 123
20, 131
20, 156
20, 171
20, 183
20, 184
20, 213
20, 217
20, 218
20, 219
20, 234
20, 253
20, 263
20, 278
20, 286
21, 35
21, 94
21, 105
21, 200
21, 245
21, 257
21, 408
22, 151
22, 252
22, 292
22, 311
22, 393
22, 394
23, 77
23, 90
23, 135
24, 49
24, 72
24, 83
24, 91
24, 163
24, 164
24, 188
24, 310
24, 402
24, 414
25, 396
26, 82
26, 100
26, 130
26, 189
26, 223
26, 226
26, 231
26, 235
26, 237
26, 280
26, 322
26, 338
26, 339
26, 348
26, 355
26, 383
26, 411
27, 48
27, 64
27, 154
27, 312
27, 343
27, 365
27, 440
27, 441
28, 34
28, 148
28, 218
29, 74
29, 77
29, 103
29, 121
29, 199
29, 205
29, 211
29, 232
29, 259
29, 267
29, 272
29, 321
29, 326
29, 333
29, 342
29, 345
29, 430
29, 442
30, 47
30, 92
30, 149
30, 172
31, 45
31, 54
31, 99
31, 118
31, 161
31, 210
31, 224
31, 255
31, 290
31, 446
32, 36
32, 112
32, 162
32, 194
32, 422
32, 443
33, 90
33, 110
33, 323
33, 407
33, 448
33, 449
34, 123
34, 159
34, 190
34, 218
34, 349
35, 105
35, 408
36, 37
36, 82
36, 112
36, 167
36, 170
36, 194
36, 247
36, 254
36, 322
36, 341
36, 348
36, 360
36, 443
36, 444
37, 167
37, 195
37, 212
37, 247
37, 271
38, 87
38, 273
38, 289
38, 302
38, 340
38, 438
39, 95
39, 102
39, 158
39, 246
39, 275
39, 336
39, 388
39, 406
40, 77
40, 331
40, 353
41, 71
41, 111
41, 198
41, 208
41, 288
41, 317
41, 324
41, 378
42, 65
42, 97
42, 111
42, 142
42, 203
42, 216
42, 295
42, 334
43, 51
43, 192
43, 222
43, 279
43, 356
43, 358
43, 361
43, 389
44, 77
44, 86
45, 54
45, 161
45, 210
45, 244
45, 428
46, 69
46, 140
47, 92
47, 122
47, 172
47, 265
47, 376
48, 64
48, 98
48, 154
48, 177
48, 197
48, 201
48, 282
48, 343
48, 374
48, 377
49, 67
49, 72
49, 401
50, 52
50, 58
50, 153
50, 300
50, 301
50, 305
50, 307
50, 328
51, 84
51, 192
51, 279
51, 358
51, 361
52, 282
52, 328
52, 374
53, 55
53, 110
53, 143
53, 248
53, 337
53, 400
53, 405
53, 425
53, 433
54, 99
54, 161
54, 178
54, 224
54, 290
54, 452
55, 93
55, 95
55, 143
55, 158
55, 243
55, 275
55, 306
55, 387
55, 400
55, 433
55, 453
56, 207
57, 68
57, 97
57, 109
57, 150
57, 175
57, 193
57, 206
57, 239
57, 296
57, 298
57, 350
57, 391
57, 392
57, 398
57, 419
57, 424
57, 427
57, 459
58, 80
58, 268
58, 301
58, 305
58, 307
59, 77
59, 128
59, 137
59, 168
59, 180
59, 266
59, 399
59, 437
60, 80
60, 125
60, 139
60, 145
60, 187
60, 229
60, 262
60, 364
60, 379
60, 386
60, 447
60, 454
61, 78
61, 132
61, 144
61, 165
61, 228
61, 276
61, 372
61, 382
61, 395
61, 409
61, 410
61, 415
62, 65
62, 111
62, 129
62, 242
62, 295
62, 346
62, 371
62, 432
62, 436
63, 81
63, 253
63, 344
63, 369
63, 429
64, 201
65, 113
65, 147
65, 203
65, 216
65, 238
65, 295
65, 313
65, 373
65, 404
65, 432
65, 456
66, 74
66, 77
66, 79
66, 86
66, 115
66, 209
66, 250
66, 261
66, 335
66, 357
66, 450
66, 457
67, 72
67, 401
68, 150
68, 173
68, 390
69, 140
70, 85
70, 151
70, 303
70, 431
70, 434
71, 88
71, 198
71, 260
71, 317
71, 351
72, 164
72, 401
73, 116
73, 176
73, 294
74, 77
74, 259
74, 261
74, 272
74, 342
74, 450
74, 457
75, 114
76, 140
76, 352
76, 354
77, 86
77, 90
77, 110
77, 130
77, 135
77, 143
77, 158
77, 168
77, 266
77, 338
77, 353
78, 132
78, 157
78, 221
78, 236
78, 299
78, 315
78, 372
78, 382
78, 403
78, 409
78, 435
79, 115
80, 145
80, 187
80, 262
80, 268
80, 307
80, 328
80, 379
80, 447
82, 170
82, 322
82, 411
83, 91
83, 133
83, 182
83, 320
83, 380
83, 439
84, 136
84, 220
84, 222
84, 279
84, 291
84, 319
85, 116
85, 227
85, 249
85, 256
85, 303
85, 426
86, 115
86, 209
87, 302
87, 458
88, 89
88, 198
88, 260
88, 351
90, 449
91, 163
91, 182
91, 188
91, 320
91, 414
92, 149
92, 186
92, 233
92, 304
92, 362
93, 243
93, 306
93, 387
94, 105
95, 246
95, 275
95, 306
95, 336
95, 453
96, 114
96, 126
96, 215
96, 309
96, 445
97, 108
97, 111
97, 119
97, 150
97, 169
97, 239
97, 298
97, 334
97, 350
97, 427
97, 459
98, 201
98, 377
99, 118
99, 224
99, 255
100, 130
100, 226
100, 280
100, 339
101, 106
101, 166
102, 130
102, 158
102, 388
103, 211
104, 269
105, 191
105, 273
105, 289
105, 308
105, 327
105, 359
105, 408
105, 438
106, 287
106, 332
106, 375
106, 421
107, 116
107, 176
107, 347
108, 119
109, 424
110, 143
110, 248
110, 323
110, 337
110, 405
110, 407
110, 448
111, 198
111, 205
111, 242
111, 288
111, 295
112, 194
113, 251
113, 297
113, 313
114, 445
115, 209
116, 176
116, 227
116, 249
116, 426
117, 179
117, 204
117, 284
117, 366
118, 255
118, 446
119, 169
120, 230
120, 285
120, 385
120, 451
121, 232
122, 265
123, 190
123, 213
123, 219
123, 349
124, 126
125, 262
125, 379
125, 386
126, 215
126, 309
126, 413
127, 166
128, 160
128, 180
128, 283
128, 370
128, 437
129, 242
129, 436
130, 158
130, 226
130, 235
130, 338
131, 171
131, 183
131, 367
131, 420
132, 165
132, 372
133, 196
133, 380
133, 439
134, 146
134, 329
134, 371
136, 220
137, 266
137, 399
138, 240
138, 281
138, 397
139, 229
139, 454
141, 329
141, 371
141, 416
141, 432
141, 455
142, 203
143, 158
143, 248
143, 433
144, 165
144, 228
144, 274
145, 262
145, 364
146, 371
147, 238
147, 456
149, 186
149, 233
150, 173
150, 390
151, 225
151, 249
151, 303
151, 311
151, 393
151, 394
151, 431
151, 434
152, 178
152, 452
153, 307
153, 328
154, 181
154, 282
154, 343
155, 354
156, 234
156, 253
156, 263
156, 278
157, 221
157, 236
158, 275
159, 190
159, 349
160, 370
160, 437
162, 422
163, 402
163, 414
165, 274
167, 254
167, 444
170, 322
171, 183
171, 184
171, 217
171, 286
171, 384
173, 390
174, 258
174, 270
175, 298
175, 459
176, 294
176, 347
177, 197
178, 452
179, 284
179, 318
181, 282
182, 320
183, 184
184, 384
185, 418
186, 233
186, 362
187, 447
188, 414
189, 231
189, 237
189, 338
190, 349
191, 308
192, 356
192, 361
193, 296
193, 424
194, 443
195, 212
195, 271
197, 374
198, 317
198, 324
199, 321
199, 345
199, 442
200, 245
200, 257
201, 377
202, 264
202, 314
202, 396
203, 216
204, 366
205, 333
206, 419
206, 427
208, 288
208, 378
211, 272
212, 271
213, 219
214, 241
214, 276
214, 277
214, 304
214, 330
217, 286
217, 412
217, 423
219, 368
220, 291
220, 319
221, 299
222, 279
222, 389
223, 231
223, 355
224, 290
225, 249
226, 235
227, 426
228, 395
229, 379
230, 385
230, 451
231, 338
234, 253
234, 278
237, 338
238, 404
238, 456
239, 298
239, 427
240, 397
241, 277
243, 306
244, 428
245, 257
246, 336
246, 406
247, 271
247, 348
248, 405
249, 303
250, 335
250, 450
251, 297
253, 263
253, 344
253, 369
254, 444
255, 446
256, 426
258, 270
259, 326
259, 342
260, 351
261, 450
261, 457
262, 364
262, 379
262, 386
264, 314
265, 376
266, 399
267, 430
271, 348
272, 342
273, 289
273, 359
276, 277
276, 415
280, 339
282, 374
283, 370
286, 423
287, 375
288, 378
289, 438
291, 319
292, 393
293, 418
296, 391
296, 392
296, 398
296, 424
297, 417
298, 459
299, 315
300, 305
301, 307
303, 434
304, 330
306, 453
307, 328
308, 327
310, 402
311, 393
312, 440
313, 404
313, 456
315, 363
315, 403
316, 332
316, 375
317, 324
322, 341
322, 348
322, 360
323, 448
326, 342
327, 359
329, 371
329, 416
332, 375
335, 357
335, 450
338, 430
340, 438
341, 348
341, 360
344, 369
345, 442
346, 371
348, 355
348, 383
350, 459
352, 354
355, 383
357, 450
358, 361
363, 403
365, 440
365, 441
367, 420
371, 432
373, 381
373, 432
381, 432
382, 409
385, 451
391, 392
392, 398
398, 419
398, 424
398, 427
400, 425
400, 433
403, 435
404, 456
407, 449
409, 410
419, 427
425, 433
431, 434
432, 455
440, 441
end