160
4
0, 0.3901933039815375, 0.9717761654899404
1, 0.9710099303411545, 0.6212160854913672
2, 0.540243176080774, 0.9615128408269579
3, 0.18204347733338122, 0.398683722321439
4, 0.8015938168129807, 0.7585061707823433
5, 0.11278408822154029, 0.11999336948542105
6, 0.3815559282944825, 0.16102646161312884
7, 0.28304867397246214, 0.6124167939300974
8, 0.7821343019588184, 0.9095099861967073
9, 0.0367493403407636, 0.27654224622853996
10, 0.826742718356132, 0.31359073691640027
11, 0.6629656185767523, 0.06537849727040512
12, 0.39714938050857285, 0.7566963326980229
13, 0.4457333869188037, 0.12891934176210662
14, 0.6387199011988384, 0.10397695835630494
15, 0.9527480627427781, 0.033383025448973536
16, 0.39793497378727816, 0.79861993054096
17, 0.1432538658235607, 0.07729560917638667
18, 0.6602877767277309, 0.6966608070426674
19, 0.6999361813097388, 0.6421412213230175
20, 0.6372458174711765, 0.21450621915174573
21, 0.0779381923602338, 0.011609331686783242
22, 0.7833629445523025, 0.021127577030775835
23, 0.8743275381962259, 0.39897078799010677
24, 0.9832279356198658, 0.9718843272072252
25, 0.3408177484897551, 0.5221079917077243
26, 0.894855739820273, 0.6598769393937108
27, 0.055059698209377284, 0.1780982101042614
28, 0.2339711458452467, 0.20553462728088256
29, 0.9990218549094181, 0.4512933010432172
30, 0.6751192663875822, 0.4412268606247841
31, 0.9413765625807138, 0.006530830072944749
32, 0.35935837197386544, 0.5352311512305747
33, 0.9382546450521566, 0.9067536238513834
34, 0.38609447821363485, 0.9053544825207742
35, 0.3025605485360847, 0.5062466009814818
36, 0.5000854166841776, 0.14294596949904959
37, 0.5279943385911937, 0.3331666809392567
38, 0.9302679539629027, 0.358012138183463
39, 0.4677756254437584, 0.28012472835119184
40, 0.6952236890365452, 0.1014965972070958
41, 0.9162102399563297, 0.7717615124555671
42, 0.867814035896251, 0.5221870091247058
43, 0.10259744511977997, 0.4525571062858492
44, 0.29371758314151986, 0.05922572934531389
45, 0.3657135520846002, 0.05444344498986897
46, 0.1420479486796481, 0.6247727240315128
47, 0.33346636218478, 0.37238083865685534
48, 0.9657822883814151, 0.1551677640980269
49, 0.9937444648797242, 0.8828695590862664
50, 0.3042531258397295, 0.6285773200816652
51, 0.35553169567823883, 0.9490064601588735
52, 0.08275812499872648, 0.25444552962394396
53, 0.849128063514647, 0.7125242112855968
54, 0.7264704219046723, 0.368811216833153
55, 0.30784690836034756, 0.9968325052001223
56, 0.9576359095575196, 0.947909933222126
57, 0.4518085755683221, 0.5515867177320914
58, 0.6641255111836365, 0.61341845305001
59, 0.8886932258265411, 0.29568029040486865
60, 0.2486017945021085, 0.7628453937751031
61, 0.8609726542818886, 0.25773182755721336
62, 0.7459694074357353, 0.36146354202699527
63, 0.1565017412768409, 0.8318461687102753
64, 0.525762638176529, 0.10336066471758232
65, 0.6467660189979726, 0.42968209579699
66, 0.9254865793999939, 0.27463380764390266
67, 0.6764553395893466, 0.5913878889518466
68, 0.6664467584911324, 0.29517705290327156
69, 0.33910166535810193, 0.3457372461635303
70, 0.785591671950349, 0.5712308562288082
71, 0.9678693955827976, 0.5013711966324051
72, 0.9306188676597047, 0.4757311234745777
73, 0.38619437742339635, 0.3098395216584826
74, 0.5533156630776122, 0.2833474153112395
75, 0.006974397180056546, 0.25541842971389317
76, 0.6124583098876972, 0.07124793684564446
77, 0.39782513336977476, 0.443569571061302
78, 0.20924927059315057, 0.33368724269449024
79, 0.40551266114864537, 0.103880105376006
80, 0.7022524330171125, 0.5887462485260968
81, 0.23155915956099005, 0.7158897526361917
82, 0.8019967745256357, 0.6388854425486058
83, 0.7235907249015471, 0.29879861576791944
84, 0.5100463998412882, 0.4725666637569975
85, 0.6291584711493157, 0.6782186704633616
86, 0.720304243029931, 0.3760921569663561
87, 0.941250903273414, 0.04367432384163783
88, 0.7457615787300823, 0.48025336800336604
89, 0.054340508083577044, 0.045105780606358836
90, 0.813960085805283, 0.11952771580519828
91, 0.9008589878136286, 0.9629832336468136
92, 0.5549526918804759, 0.1836633078866481
93, 0.8473272129154057, 0.8730387769218853
94, 0.544444951832227, 0.7461146417889098
95, 0.39948123602676466, 0.34610254882721603
96, 0.9155260055359998, 0.6718799275398369
97, 0.03289995790047384, 0.6569803986712094
98, 0.9218114107047749, 0.40003842736313167
99, 0.8291020030879035, 0.9156275360376807
100, 0.3047370761421815, 0.34039257628735975
101, 0.13361582459862043, 0.7934667688760565
102, 0.22953905388818263, 0.31205159455464226
103, 0.1376676495203969, 0.3296223195622121
104, 0.9972235594446022, 0.36704568133985493
105, 0.38875215748845593, 0.6111944196264238
106, 0.5149753705089009, 0.9707679284529696
107, 0.2494174692892943, 0.5739558764309408
108, 0.4153555982979552, 0.3752044629363278
109, 0.4241688458048467, 0.27624875839953
110, 0.6372889289865928, 0.5887733578121853
111, 0.26709195619718196, 0.7309558003553865
112, 0.7721368060278693, 0.9597175772061707
113, 0.2494122590495922, 0.8173457247827726
114, 0.2727007040590176, 0.6930564101407205
115, 0.07189964925329417, 0.1696505432705191
116, 0.3369283293570432, 0.30081459376158415
117, 0.5418080567497433, 0.9306185219069997
118, 0.4492072616934504, 0.9654828951217548
119, 0.5051725417542187, 0.5759551792433258
120, 0.09896036591184598, 0.19701139130846124
121, 0.02686642068510592, 0.03782856272455304
122, 0.6673235786668088, 0.3270149247937749
123, 0.5745272179616461, 0.3504898468990649
124, 0.9077159446398287, 0.36680082097317146
125, 0.003296164409989588, 0.06825466883834408
126, 0.5755520964686868, 0.6092639213359785
127, 0.8011697007740122, 0.0126992925179511
128, 0.19705896360062436, 0.41004463695110926
129, 0.235846767883379, 0.0398283155232827
130, 0.11658699600267175, 0.2521053603406429
131, 0.658411319277256, 0.3562159625884195
132, 0.6011677453682485, 0.9565923187549239
133, 0.41015555562404293, 0.9015772316766656
134, 0.09267179251171809, 0.5280372873137474
135, 0.7332106214312845, 0.9322322414883233
136, 0.2659159484717446, 0.6141590483209314
137, 0.42018584982420704, 0.47444966066069416
138, 0.7162668340952165, 0.9239479670371697
139, 0.35141607554689647, 0.5933792008543212
140, 0.7024241702456888, 0.8321230187083349
141, 0.10763573741847476, 0.022034639154673963
142, 0.9874635422914415, 0.816769730664151
143, 0.541326275564976, 0.26750779401646385
144, 0.5830258642472684, 0.6890388374284553
145, 0.09120148387813831, 0.7779724051169025
146, 0.46057493925616, 0.15911843427533678
147, 0.9933593622555998, 0.28880110390780467
148, 0.7137888117726234, 0.9389560154019623
149, 0.4468979556863746, 0.28018529787758395
150, 0.020394221087346343, 0.9350673550573244
151, 0.40178953465704204, 0.6291643627722974
152, 0.004761156286045121, 0.4936972514631097
153, 0.21670697240297776, 0.0966247327032117
154, 0.42230292154551496, 0.7268497043588807
155, 0.9320070204358796, 0.999984540465867
156, 0.09069586949678332, 0.1463608642743247
157, 0.41365415701223995, 0.48111452549220324
158, 0.48353828178472513, 0.10427295099503142
159, 0.09555111909070635, 0.504085787683468
end_nodes
0, 1
0, 2
0, 3
0, 4
0, 5
0, 6
0, 7
0, 8
0, 9
0, 10
0, 11
0, 12
1, 4
1, 8
1, 10
1, 15
1, 18
1, 19
1, 22
1, 23
1, 24
1, 26
1, 29
2, 8
2, 24
2, 33
2, 55
2, 56
2, 91
2, 99
2, 106
2, 112
2, 118
2, 132
3, 5
3, 9
3, 21
3, 27
3, 52
3, 89
3, 103
3, 107
3, 114
3, 115
3, 120
4, 8
4, 53
4, 96
4, 117
4, 140
5, 6
5, 7
5, 11
5, 13
5, 14
5, 17
5, 21
5, 22
5, 25
5, 28
6, 12
6, 13
6, 14
6, 25
6, 28
6, 32
6, 34
6, 36
6, 37
6, 39
7, 25
7, 32
7, 34
7, 35
7, 50
7, 78
7, 139
8, 33
8, 41
8, 93
8, 96
8, 99
8, 117
8, 118
8, 138
9, 27
9, 43
9, 46
9, 51
9, 52
9, 55
9, 60
9, 63
9, 75
9, 81
10, 11
10, 18
10, 19
10, 20
10, 22
10, 23
10, 30
10, 40
10, 42
10, 54
11, 12
11, 14
11, 16
11, 20
11, 22
11, 37
11, 40
11, 57
11, 64
12, 16
12, 39
12, 57
12, 73
12, 77
12, 84
12, 95
12, 105
12, 108
13, 14
14, 36
14, 37
14, 64
14, 79
14, 92
14, 143
14, 146
14, 158
15, 22
15, 29
15, 31
15, 38
15, 48
15, 59
15, 61
15, 66
15, 71
15, 72
15, 87
16, 84
16, 119
16, 123
16, 133
16, 154
17, 21
17, 22
17, 31
17, 44
17, 45
17, 127
17, 129
17, 141
17, 153
18, 19
18, 26
18, 58
18, 67
18, 80
18, 82
18, 85
18, 88
18, 94
18, 144
19, 42
19, 70
19, 82
20, 30
20, 54
20, 65
20, 68
20, 83
20, 86
20, 110
20, 122
20, 126
20, 131
21, 31
21, 45
21, 89
21, 121
21, 125
21, 127
21, 129
21, 141
22, 23
22, 31
22, 40
22, 61
22, 72
22, 87
23, 90
24, 29
24, 33
24, 41
24, 49
24, 55
24, 56
24, 91
24, 106
24, 142
24, 155
25, 28
25, 32
25, 35
25, 47
25, 69
25, 78
25, 100
25, 102
25, 116
26, 94
27, 52
27, 75
27, 89
27, 103
27, 115
27, 125
27, 156
28, 47
28, 100
28, 102
28, 116
29, 48
29, 49
29, 71
29, 104
29, 142
29, 147
30, 54
30, 62
30, 65
30, 68
30, 86
30, 110
30, 122
30, 131
31, 127
32, 34
32, 139
33, 41
33, 56
33, 93
33, 99
33, 132
33, 135
33, 148
34, 50
34, 139
35, 78
36, 146
37, 39
37, 57
37, 74
37, 92
37, 143
37, 146
38, 59
38, 61
38, 66
38, 72
38, 98
38, 124
39, 57
39, 73
39, 95
39, 108
39, 109
39, 137
39, 149
39, 157
41, 93
42, 70
43, 46
43, 55
44, 45
44, 129
45, 127
45, 129
46, 55
46, 63
46, 134
46, 159
47, 100
47, 116
48, 71
50, 139
51, 55
51, 60
51, 81
51, 111
51, 113
52, 103
54, 62
54, 83
54, 86
55, 63
55, 106
55, 113
55, 145
55, 150
55, 155
56, 91
56, 112
56, 132
57, 74
58, 67
58, 85
58, 144
59, 61
59, 66
60, 81
60, 113
61, 72
61, 87
61, 98
61, 124
63, 75
63, 97
63, 101
63, 134
63, 145
63, 152
64, 76
64, 79
65, 110
65, 131
67, 80
67, 88
67, 144
68, 86
68, 122
69, 116
72, 98
73, 77
73, 95
73, 109
73, 149
75, 125
75, 152
76, 79
77, 95
79, 158
80, 88
84, 154
85, 144
88, 144
89, 125
89, 156
91, 112
92, 143
92, 146
94, 144
95, 108
95, 151
97, 101
97, 145
97, 150
97, 152
98, 124
99, 135
99, 138
101, 152
104, 147
107, 128
107, 136
108, 151
108, 157
109, 149
110, 126
115, 120
115, 130
115, 156
117, 140
119, 123
119, 133
120, 130
120, 156
121, 125
123, 133
125, 152
128, 136
129, 141
132, 148
134, 159
137, 157
145, 150
150, 152
end