220
4
0, 0.24559964194678185, 0.11024187908735283
1, 0.5613651066178115, 0.5750485024628479
2, 0.7288114057891077, 0.871249991522401
3, 0.31104533197446604, 0.8349881718484077
4, 0.21767150025637783, 0.3108069533096638
5, 0.48013218069684716, 0.47907636052793534
6, 0.33887006277928866, 0.02866633659851292
7, 0.15307188825002616, 0.9362514106225108
8, 0.6904470525555905, 0.659689852184252
9, 0.38463014902700965, 0.09248067163055707
10, 0.08730992735079257, 0.12302577349836696
11, 0.17857299100616808, 0.22334740542603626
12, 0.14028915046297274, 0.1119435556089543
13, 0.9844272597497573, 0.48476638981590137
14, 0.47686901489204514, 0.9284706869683984
15, 0.11506436119034302, 0.8392917254604074
16, 0.6485844056859006, 0.9150457133729732
17, 0.4216313520140623, 0.8475313312446603
18, 0.20330203794639168, 0.6984451294184902
19, 0.20665323248261025, 0.10850027927723549
20, 0.23432428212570178, 0.15328894097313173
21, 0.9932706268145101, 0.605410666868273
22, 0.9633501865783026, 0.3417944671021934
23, 0.94838515750307, 0.19034480214394667
24, 0.6100891079094265, 0.3950224889211421
25, 0.5413511379523737, 0.8531622816934136
26, 0.3036882349864529, 0.17362872626319625
27, 0.2545787373402464, 0.0524866367287552
28, 0.8873843916192192, 0.6798506276598751
29, 0.43228910966117773, 0.26677216417198246
30, 0.23845592732045462, 0.6251658394865792
31, 0.7846795170955211, 0.7663441272258497
32, 0.9062116367488107, 0.2834142982251796
33, 0.6127543940345423, 0.6209997564037347
34, 0.057915607212342346, 0.498831738522165
35, 0.976167771324166, 0.07712502069242544
36, 0.8366600183115225, 0.7091479188037544
37, 0.7142904435724108, 0.7426625864398168
38, 0.5562152309206372, 0.15213015996308665
39, 0.28851237639068783, 0.39941548400265015
40, 0.1876650539632979, 0.6159203911205473
41, 0.8826874769027628, 0.3133861229415763
42, 0.11659564751823392, 0.05097038797752995
43, 0.4481303949483053, 0.48805578358670954
44, 0.47058601497853014, 0.9262893186084328
45, 0.0005005516042267955, 0.618583237346384
46, 0.49296577352045523, 0.711105881225946
47, 0.6798613657923647, 0.8896257553801614
48, 0.008751099147940589, 0.630606978903701
49, 0.8413327420003398, 0.4375385340469454
50, 0.34256146447485614, 0.4805687637263786
51, 0.10664015095961443, 0.6495394897262736
52, 0.575339465158256, 0.7836134077575442
53, 0.5931545763721815, 0.5552444249104894
54, 0.8004063726006284, 0.9406032455562149
55, 0.15249407642070556, 0.8401150105961043
56, 0.41314626531640786, 0.28782417488984346
57, 0.11570373538844847, 0.8855800069444933
58, 0.5063897969398017, 0.24473154676084297
59, 0.26954163202548287, 0.8718891927117279
60, 0.3701995588275586, 0.8796749607453865
61, 0.48790827356625743, 0.9604680237581291
62, 0.5953836499058603, 0.9452985058053213
63, 0.28316581209126124, 0.2707176290023341
64, 0.48738915479697875, 0.14731555677932273
65, 0.04977111347000496, 0.31214896498383304
66, 0.9807837513433235, 0.13441032893124982
67, 0.10432969643075896, 0.25914005327993583
68, 0.6987748882048799, 0.47701821615497153
69, 0.23220019509113488, 0.4687401074613323
70, 0.42783565043166205, 0.47162218450798077
71, 0.15341175520499395, 0.1945662190653974
72, 0.7062711598070013, 0.34439735506246294
73, 0.3262151514406204, 0.24870519602141483
74, 0.5772043801667868, 0.6776499030716624
75, 0.6648867654910448, 0.24168748569515752
76, 0.5156283991168492, 0.7363165205446884
77, 0.9735105676091923, 0.8912964485958497
78, 0.2576891204114349, 0.6955991903800279
79, 0.7592359508838488, 0.5007597912686256
80, 0.24271742457841516, 0.1466501322423619
81, 0.5011405676846876, 0.7768204256255006
82, 0.894013450411946, 0.5320738804498595
83, 0.09032749607083734, 0.8041304174494942
84, 0.038531927681067835, 0.6612724731106476
85, 0.2601343739317509, 0.6366572738576178
86, 0.7868651436317966, 0.744646454155012
87, 0.031779959160260884, 0.8138696537826617
88, 0.5536924050319721, 0.182381245258754
89, 0.7087320230170487, 0.2079959287880041
90, 0.5491385596739181, 0.13970500643523298
91, 0.3267884653243115, 0.34169663033324904
92, 0.0487406366706723, 0.9776937268830183
93, 0.7819798933654885, 0.2939594868673775
94, 0.5873442949335055, 0.5306976799333231
95, 0.23129136915190385, 0.8159648436521811
96, 0.004049237415424289, 0.7805728641721308
97, 0.26648318812000926, 0.157181818157894
98, 0.9571714781345402, 0.23608761402356726
99, 0.9567028943135383, 0.405101114003231
100, 0.1708529875939403, 0.09929717937841531
101, 0.8289194298869741, 0.49932583250703944
102, 0.7281054436640325, 0.5185381464317129
103, 0.4248486323892494, 0.7464775537904372
104, 0.5129082254457225, 0.5633510491950628
105, 0.47869918436342107, 0.7261783385156849
106, 0.8873604858295241, 0.0520226264841791
107, 0.39387335101097054, 0.6210697873052687
108, 0.9677803311387133, 0.7788571024260647
109, 0.5906702499307174, 0.9152302588083787
110, 0.24212549785956095, 0.056586168376533186
111, 0.7761745840210156, 0.6297017445630211
112, 0.5660008043998992, 0.6008038378750342
113, 0.3673110169530627, 0.21698437038728657
114, 0.4940885734581917, 0.5442000123211124
115, 0.39255514029383776, 0.11428325588084487
116, 0.47520891646620345, 0.158777880069513
117, 0.7655162958163828, 0.928386373236415
118, 0.17782861663634886, 0.9564346192520561
119, 0.11709626303363374, 0.31066929637774
120, 0.5397199547552012, 0.7230059463370662
121, 0.8551583019052745, 0.012278943929329822
122, 0.6411187134072575, 0.987453952708351
123, 0.42261889409023534, 0.08514528080395545
124, 0.31143805832517135, 0.804035294228433
125, 0.45851235709915084, 0.8397444710661045
126, 0.2713492305152112, 0.8941090045972588
127, 0.34273528573826484, 0.6850854519017424
128, 0.6564022109357651, 0.6864055965769962
129, 0.261838852784823, 0.8525127337391383
130, 0.9474710545221253, 0.1369898683391506
131, 0.48213509373268626, 0.006490858998287274
132, 0.6615952112840362, 0.7370419094711689
133, 0.49456255423080464, 0.0021313422338022914
134, 0.87667470764804, 0.5623389512983302
135, 0.4550985448058249, 0.8155986664348974
136, 0.3836424000507428, 0.49631177799507054
137, 0.7299372788269414, 0.1863974734251227
138, 0.5552229454038332, 0.3632825543868953
139, 0.7632356803306972, 0.5673406579484662
140, 0.4802265274478955, 0.14752754251531375
141, 0.940777590971087, 0.7837689061846219
142, 0.8657553894756891, 0.9826776614975212
143, 0.4303189000039753, 0.16044572946787639
144, 0.5136005214235678, 0.3385262096974394
145, 0.5728225139751066, 0.9296826189511831
146, 0.8021827386096128, 0.6410629398034966
147, 0.5795022745618318, 0.1906907128533044
148, 0.7156788762996216, 0.5710527096521683
149, 0.30910498661301544, 0.39030200925359804
150, 0.05430442816546355, 0.8112383282342454
151, 0.7886463659973459, 0.4975847482808644
152, 0.7062672564353266, 0.24525717789296786
153, 0.1910376321220858, 0.9540421828400741
154, 0.6798188794547997, 0.8005968406458767
155, 0.4693824480071439, 0.29824538930799893
156, 0.6503804337302131, 0.5387858910355513
157, 0.42030135173041683, 0.7444339060123852
158, 0.9824461453506262, 0.6277625484074352
159, 0.3307435033577041, 0.7014184846871554
160, 0.6065311633688552, 0.5288731843652968
161, 0.4180294183039218, 0.7748366669432726
162, 0.9022569411843647, 0.052134193667906614
163, 0.5877182559683006, 0.13948035424139693
164, 0.8450600044749651, 0.5632716819036079
165, 0.4702975478251996, 0.6665482117517669
166, 0.37725129692600545, 0.2303343048302362
167, 0.8727393225232598, 0.5970733338190445
168, 0.5222831928693906, 0.0478835145278913
169, 0.0917750765436055, 0.06719184672553624
170, 0.18746832484220388, 0.6676830011076482
171, 0.07305858870998139, 0.16122047280224694
172, 0.7951815038737572, 0.7301822420962846
173, 0.8839061580791142, 0.6030362677369783
174, 0.9464489068347125, 0.07504699983863838
175, 0.9988639807668733, 0.4889556998336786
176, 0.4027387329181287, 0.5174305531445967
177, 0.3176635467453397, 0.027065063988081284
178, 0.5709759323289612, 0.5790131589386919
179, 0.013431223143533844, 0.8932389930162394
180, 0.16033094594295572, 0.017510039159042368
181, 0.35156811753526074, 0.5931851521183593
182, 0.3699880297440902, 0.6225393833418513
183, 0.4741810263473416, 0.2858579007518247
184, 0.088639927332685, 0.2546763237194062
185, 0.45411470941524246, 0.3595061191208325
186, 0.2710037167135946, 0.991593491940365
187, 0.7918228042955033, 0.37979319504561204
188, 0.5310854954142601, 0.33877547939487285
189, 0.5465679683715069, 0.5480751771275708
190, 0.20684782333536766, 0.7958620726200972
191, 0.07932090477253673, 0.2932627464780261
192, 0.5479443531174556, 0.9963975529406858
193, 0.34236320482473237, 0.048032572108833826
194, 0.8790800034841836, 0.6258139863615466
195, 0.16017759179272129, 0.15017246966458941
196, 0.7752783667339985, 0.24139684424655794
197, 0.36610653529229464, 0.27036362315061335
198, 0.7029206928049356, 0.18873293488143728
199, 0.6519843930786479, 0.43918729060680584
200, 0.35386633071147433, 0.8973050105463048
201, 0.5781913324060933, 0.3040298479977519
202, 0.3640731362020969, 0.503922140934715
203, 0.5988280823837082, 0.32881116215241
204, 0.9525161535417445, 0.31929103740769293
205, 0.1223672989367589, 0.18136398814928412
206, 0.45997039249905813, 0.4478642700460781
207, 0.15661582188418444, 0.3914086793564404
208, 0.1568071459876521, 0.6509863887753149
209, 0.25257008014475035, 0.6185691439496628
210, 0.18307253529164558, 0.3275263377613278
211, 0.45484156435981005, 0.407759078289763
212, 0.64346096687625, 0.04090991225207985
213, 0.24786169385435075, 0.3400109141432518
214, 0.5192704786028584, 0.07308307478449816
215, 0.25642238113514004, 0.2403596713494629
216, 0.4147327782522967, 0.6796817771403251
217, 0.5445117255591838, 0.863492373497314
218, 0.13235848358198798, 0.3785569115726951
219, 0.7256393880986958, 0.4800918007135031
end_nodes
0, 1
0, 2
0, 3
0, 4
0, 5
0, 6
0, 7
0, 8
0, 9
0, 10
0, 11
0, 12
0, 13
0, 14
15, 27
18, 110
18, 153
19, 1
19, 2
19, 3
19, 5
19, 6
19, 8
19, 12
19, 13
19, 14
19, 16
19, 17
19, 20
19, 21
19, 22
23, 10
23, 12
23, 100
24, 79
24, 164
24, 167
24, 173
24, 194
24, 219
26, 1
26, 2
26, 5
26, 8
26, 10
26, 21
26, 28
26, 31
26, 33
26, 36
26, 37
26, 53
26, 54
26, 56
29, 28
29, 36
29, 68
29, 79
29, 102
29, 108
29, 111
29, 134
29, 138
29, 139
29, 141
29, 144
29, 146
29, 148
32, 10
32, 12
32, 100
34, 27
34, 45
35, 10
35, 12
35, 100
38, 10
38, 12
38, 100
39, 14
39, 17
39, 44
39, 61
39, 125
39, 157
39, 161
39, 181
39, 182
40, 110
41, 10
41, 12
41, 22
41, 100
42, 1
42, 2
42, 3
42, 5
42, 8
42, 13
42, 14
42, 16
42, 17
42, 20
42, 21
42, 22
42, 25
42, 28
46, 109
48, 27
50, 107
50, 135
50, 192
50, 216
51, 27
52, 16
57, 27
58, 13
58, 49
58, 72
58, 175
58, 187
59, 126
63, 16
63, 25
63, 47
63, 62
63, 76
63, 81
63, 105
63, 109
63, 120
63, 122
63, 136
63, 145
63, 165
63, 176
64, 10
64, 12
64, 100
65, 6
65, 9
65, 106
65, 121
65, 123
65, 131
65, 133
65, 162
65, 168
65, 177
65, 193
65, 212
65, 214
66, 10
66, 12
66, 100
67, 6
67, 9
67, 106
67, 121
67, 123
67, 131
67, 133
67, 162
67, 168
67, 177
67, 191
67, 193
67, 212
67, 214
69, 30
69, 95
69, 129
69, 186
71, 6
71, 9
71, 106
71, 121
71, 123
71, 131
71, 133
71, 162
71, 168
71, 177
71, 191
71, 193
71, 212
71, 214
75, 10
75, 12
75, 22
75, 100
78, 126
78, 186
80, 1
80, 2
80, 3
80, 5
80, 7
80, 8
80, 9
80, 10
80, 14
80, 16
80, 17
80, 25
80, 28
80, 31
83, 27
84, 27
87, 27
88, 10
88, 12
88, 22
88, 100
89, 10
89, 12
89, 100
90, 10
90, 12
90, 100
91, 16
91, 120
92, 27
96, 27
97, 1
97, 2
97, 5
97, 8
97, 14
97, 16
97, 21
97, 25
97, 28
97, 31
97, 33
97, 36
97, 37
97, 43
98, 12
98, 100
101, 21
103, 125
113, 21
113, 28
113, 36
113, 68
113, 77
113, 79
113, 86
113, 102
113, 108
113, 111
113, 134
113, 138
113, 139
113, 141
115, 100
115, 106
115, 121
115, 162
116, 22
116, 100
118, 110
143, 22
143, 93
143, 99
147, 22
149, 107
149, 125
149, 135
149, 192
149, 216
150, 27
151, 134
151, 158
152, 22
155, 28
155, 68
155, 79
155, 102
155, 108
155, 138
155, 139
155, 141
155, 144
155, 146
155, 164
155, 167
155, 173
155, 194
159, 60
166, 28
166, 36
166, 68
166, 77
166, 79
166, 86
166, 102
166, 108
166, 111
166, 134
166, 138
166, 139
166, 141
166, 144
169, 1
169, 2
169, 3
169, 5
169, 8
169, 13
169, 14
169, 16
169, 17
169, 21
169, 22
169, 25
169, 28
169, 31
170, 110
171, 6
171, 9
171, 106
171, 121
171, 123
171, 131
171, 133
171, 162
171, 168
171, 177
171, 193
171, 212
171, 214
179, 27
180, 1
180, 2
180, 3
180, 5
180, 8
180, 13
180, 14
180, 16
180, 17
180, 20
180, 21
180, 22
180, 25
180, 28
183, 21
183, 28
183, 68
183, 79
183, 102
183, 134
183, 138
183, 139
183, 158
183, 164
183, 167
183, 173
183, 194
183, 199
184, 6
184, 9
184, 106
184, 121
184, 123
184, 131
184, 133
184, 162
184, 168
184, 177
184, 193
184, 212
184, 214
188, 28
188, 68
188, 79
188, 102
188, 164
188, 167
188, 173
188, 194
188, 199
188, 219
195, 6
195, 9
195, 106
195, 121
195, 123
195, 131
195, 133
195, 162
195, 168
195, 177
195, 193
195, 212
195, 214
201, 21
201, 49
201, 82
202, 192
203, 21
203, 82
205, 6
205, 9
205, 106
205, 121
205, 123
205, 131
205, 133
205, 162
205, 168
205, 177
205, 193
205, 212
205, 214
207, 27
208, 27
209, 126
209, 129
209, 186
210, 153
213, 3
213, 60
213, 124
213, 127
213, 200
215, 14
215, 16
215, 17
215, 25
215, 44
215, 61
215, 62
215, 76
215, 81
215, 105
215, 107
215, 109
215, 120
215, 122
end