260
4
0, 0.30738785481875386, 0.21391458783202033
1, 0.17968214790967052, 0.02854978918992168
2, 0.530203442733119, 0.6830399320310688
3, 0.25668443562811694, 0.5586571623267351
4, 0.2073951285442761, 0.860723134962557
5, 0.3029254178855907, 0.2831119851341588
6, 0.05623013315399772, 0.16130260015834608
7, 0.7951461611854095, 0.3318973294690173
8, 0.04649845207341152, 0.046070982712973496
9, 0.518553944355829, 0.700894391736777
10, 0.690635420348543, 0.150929166227747
11, 0.6644981072846394, 0.6122841020998251
12, 0.2836368206546004, 0.6882722086344386
13, 0.9334349216338923, 0.8297280019458864
14, 0.847516905211099, 0.3613405659581237
15, 0.5339932216865372, 0.567485974899169
16, 0.33576457694142336, 0.8427531487059995
17, 0.38433603603722744, 0.8221234394135971
18, 0.9826216412282428, 0.04145349513776775
19, 0.8157466588343598, 0.7174510893487779
20, 0.33275441305828357, 0.6391054517832181
21, 0.2949617313610091, 0.8067682252901227
22, 0.09112609556094764, 0.9182334018884474
23, 0.15099620996251872, 0.5194487805958146
24, 0.49593074411635474, 0.37048631190932113
25, 0.4979588923996644, 0.3567020919730678
26, 0.3848402056142999, 0.005661427975968136
27, 0.11460097396802171, 0.40893737038015443
28, 0.06345725748252606, 0.4975463087733144
29, 0.8441656495656614, 0.9064092641705862
30, 0.08077358999476347, 0.5880870282675376
31, 0.0005842335525955145, 0.7072975826154029
32, 0.8877262729121801, 0.829407675064825
33, 0.25139887369730474, 0.9363449867511991
34, 0.7463586783704279, 0.66369551563824
35, 0.3076176251595678, 0.08228781833906051
36, 0.4110696254990871, 0.797760347740184
37, 0.2945709222828876, 0.037949982480399935
38, 0.09608621898202396, 0.25697777169090585
39, 0.6351566191975306, 0.19115774374180494
40, 0.3916667536871359, 0.6691491077022724
41, 0.8090299528736488, 0.10108239477523684
42, 0.13477212146155693, 0.6249476189535904
43, 0.6913899629154141, 0.86217593503325
44, 0.2888743929923595, 0.787484301034191
45, 0.22993522224387952, 0.04187763624231844
46, 0.4193018773397459, 0.25388443032155095
47, 0.12745545211121823, 0.0798374556990481
48, 0.3967825873278391, 0.8608198752011761
49, 0.13929841236273932, 0.48487850598055027
50, 0.700415692220139, 0.9914247553160581
51, 0.1762472056999278, 0.1862336066346142
52, 0.8817955581142649, 0.877715152874833
53, 0.725242017363601, 0.8894263460422696
54, 0.6070651811705846, 0.802645635967062
55, 0.5931597018497485, 0.5216904123142483
56, 0.12980464922907464, 0.8364311233790307
57, 0.5030609652043267, 0.7207664203780736
58, 0.6557910032579861, 0.18895156048112283
59, 0.44392605137188623, 0.3520819928752702
60, 0.4179810512708816, 0.5490974803442829
61, 0.8881155115727036, 0.5830272682690063
62, 0.6770317809451177, 0.26380192759968324
63, 0.8634067988173885, 0.7587257094639732
64, 0.24710132880256475, 0.14870271081269093
65, 0.2025167321926733, 0.496373676512167
66, 0.9545129716024254, 0.6314790694142787
67, 0.7432084754417151, 0.6661811277718032
68, 0.6481934692581302, 0.48155548417365257
69, 0.5083974978597062, 0.6346228448510571
70, 0.9039257217822615, 0.5011016362940648
71, 0.5684584024032281, 0.7776376183499307
72, 0.6972611966766726, 0.722192040114493
73, 0.07102475704028688, 0.5896927684500753
74, 0.3878270310515878, 0.28328587563220575
75, 0.23998450469337773, 0.7952665359922242
76, 0.9116295357718422, 0.6350755408472569
77, 0.9732942837973018, 0.47038022694604886
78, 0.35666160880062536, 0.8657182484221131
79, 0.7214351290109433, 0.685591328644917
80, 0.9909054669182401, 0.5541574482263438
81, 0.30360398819527834, 0.28185462850112863
82, 0.8451615340312375, 0.6453321569246411
83, 0.5392185532617074, 0.8018822130829227
84, 0.8187296307934961, 0.7212219789885983
85, 0.9490072345075717, 0.6999902459527702
86, 0.6748857403454918, 0.18006269341076964
87, 0.3060813433132359, 0.5457004049528332
88, 0.7019281338691084, 0.17111776857371153
89, 0.6338008607314266, 0.18192213394253665
90, 0.6952021040493344, 0.5266778463496607
91, 0.37097175787040604, 0.6421038400701863
92, 0.4303925795581003, 0.7643426605194762
93, 0.10848745873340715, 0.4486599258323243
94, 0.7769244483318453, 0.23603003363503128
95, 0.3863848945718259, 0.258660368988768
96, 0.8345993949402625, 0.40009201856581744
97, 0.015731604890552697, 0.28923937704213776
98, 0.40090206223681146, 0.08346358045201419
99, 0.6741933524636792, 0.7320433164792928
100, 0.7962344805395725, 0.68147789545173
101, 0.06699929631782386, 0.30311472816176355
102, 0.7840050468383066, 0.15477279142113554
103, 0.5429361851862273, 0.6645347344757719
104, 0.7477520546045752, 0.07933708474151291
105, 0.619207097130502, 0.471239911254852
106, 0.09827962117686839, 0.36351992655678855
107, 0.696098119981412, 0.871642497904865
108, 0.13451675488620607, 0.8252186097359291
109, 0.9250408080611309, 0.662391573015276
110, 0.6365634996220211, 0.3229309080464954
111, 0.35345437233650256, 0.15687866375209414
112, 0.9658324522553303, 0.8791665499916297
113, 0.960559774953213, 0.8584846132173721
114, 0.08507977404066436, 0.8913620127271094
115, 0.49964864060810044, 0.8772287189259859
116, 0.1060769704227934, 0.5893615069249296
117, 0.7440410438242556, 0.22612646354871946
118, 0.2117429911190588, 0.14564338435673918
119, 0.047381597463047154, 0.36631503952969924
120, 0.21119289405580677, 0.8249826041967829
121, 0.48129253309037623, 0.301470217412913
122, 0.004893485962192523, 0.13341949141054255
123, 0.5442504045376093, 0.5338854422742263
124, 0.9915461971570336, 0.04090569747945472
125, 0.9823745061405728, 0.640317250467236
126, 0.33740911477718194, 0.07270925699527253
127, 0.7431879969240536, 0.45502968829586143
128, 0.6271311098754271, 0.049450031168639996
129, 0.32991780840461515, 0.17606364471035196
130, 0.5679257160282986, 0.7234791005187184
131, 0.8037002938985666, 0.22144005056668392
132, 0.42373056483206195, 0.5862152199057886
133, 0.9384573947338373, 0.793917996298411
134, 0.49163567731059155, 0.6887876921096628
135, 0.7328155502054614, 0.05325793402355872
136, 0.8344417425574344, 0.2429133990703366
137, 0.9068712738136581, 0.39413208099017394
138, 0.15847144612570752, 0.4972538306387224
139, 0.4265143330212918, 0.8385795365335047
140, 0.5234145395468408, 0.15817707880427467
141, 0.8296789395232127, 0.011956408384047212
142, 0.7623300905997866, 0.9989358687620582
143, 0.5884218782911899, 0.7320336058040169
144, 0.38023375616857225, 0.6972858343596761
145, 0.5617857864632058, 0.5267590887479693
146, 0.069222493538737, 0.6317849482183813
147, 0.6125572046663937, 0.26528541785238824
148, 0.849660945724779, 0.8653549489056349
149, 0.7538181052631463, 0.11747863820388371
150, 0.6925248984383217, 0.531941271264569
151, 0.07961697648200017, 0.09039059180084275
152, 0.8838036316061344, 0.5062720880629259
153, 0.4906064247285542, 0.13179698879693102
154, 0.8076083070449097, 0.6983028699600057
155, 0.4361930226561733, 0.7563486950100304
156, 0.849501893963718, 0.7734823867005381
157, 0.14702465594281056, 0.4088159840098816
158, 0.6566330731578106, 0.5742634490202008
159, 0.9796795500323958, 0.20308629009779222
160, 0.28090596993671957, 0.24180785130058868
161, 0.9416263512255527, 0.927773748701743
162, 0.7478961092540884, 0.2575769556793104
163, 0.8552971711174926, 0.2765040304745999
164, 0.4998783555018447, 0.5633053304457639
165, 0.24513540385801014, 0.615594383381522
166, 0.7240031492757688, 0.7327529613020926
167, 0.37589194931860803, 0.5759747987014193
168, 0.6103620954454504, 0.19803421202928329
169, 0.5241457246605304, 0.9745903399867247
170, 0.8495280512459525, 0.23501963911340695
171, 0.32759394471567216, 0.3990866298646404
172, 0.30567286911437497, 0.6188416960342298
173, 0.14163928791686775, 0.34773965253808503
174, 0.2466644485666607, 0.11195175466477547
175, 0.5238809056869134, 0.05855951829394446
176, 0.7650502101589562, 0.08144602466656847
177, 0.6369492114310383, 0.7853801336085855
178, 0.07306590498993881, 0.14763826551084525
179, 0.4946365705461758, 0.15348976179945417
180, 0.3150798964667024, 0.45659781878177963
181, 0.9404624553098326, 0.3262903993293301
182, 0.8699959077279155, 0.3112842761934511
183, 0.15205787710645524, 0.07265133780002386
184, 0.5669733346755244, 0.07854425630891204
185, 0.5985875284796083, 0.1475291756045749
186, 0.13318968429167688, 0.528290052092553
187, 0.5515113430006857, 0.02753661807812935
188, 0.3538322904696929, 0.06532483763896324
189, 0.5467238518608086, 0.3774416155331982
190, 0.12970460912021686, 0.29161866256071234
191, 0.5457770326911936, 0.4310243999527066
192, 0.20779070475893202, 0.4941398380779115
193, 0.7532986351352942, 0.42095975921081075
194, 0.8640640696669213, 0.9843529861528914
195, 0.821888941565334, 0.1696751672406973
196, 0.6102979347396992, 0.7991261680070424
197, 0.012116282432840242, 0.3442381736956458
198, 0.7949766532223091, 0.33431731195962633
199, 0.9432344100493398, 0.021623953389855566
200, 0.23659824660897766, 0.21477241146688286
201, 0.6058116497290958, 0.3411119513362427
202, 0.8715044392810741, 0.06270728213685373
203, 0.15651525247949016, 0.12893729168667734
204, 0.6295232956941256, 0.30859402852667805
205, 0.8707529478161145, 0.7092178675566919
206, 0.9808432051210989, 0.22514080526534452
207, 0.7491802364546853, 0.8373205278267797
208, 0.024305808154163056, 0.6449056800481654
209, 0.8234389776128201, 0.8516440428076707
210, 0.017659011078931086, 0.5144128223455918
211, 0.48611179356643497, 0.04712980613701978
212, 0.1130168740407711, 0.9034124927040313
213, 0.8265076309107442, 0.6770465794574541
214, 0.9944520421784313, 0.7691617945490722
215, 0.6719774633028531, 0.4743750005818782
216, 0.1104511341866714, 0.5567150820923175
217, 0.10847879288528395, 0.10447535307614819
218, 0.5387034458658992, 0.7026094386873751
219, 0.0790312119316694, 0.13786335177136666
220, 0.5524366541328951, 0.49482607290985026
221, 0.5347661769498704, 0.5669563697480056
222, 0.6729174003493027, 0.6730658856672672
223, 0.4094697071975745, 0.3271795587905355
224, 0.4407993341847648, 0.9673968087018326
225, 0.9445132347880251, 0.13678748522325634
226, 0.7672536698666093, 0.6978539873147128
227, 0.5415163409592149, 0.9861487112726451
228, 0.21350296474294683, 0.0785489163371591
229, 0.3729076394547479, 0.2310736174054382
230, 0.7912103472991598, 0.613915965741108
231, 0.42218428945972286, 0.16271552581747084
232, 0.9622438391941728, 0.7518556648176723
233, 0.26726715802838985, 0.1461819154840266
234, 0.5388624075022811, 0.13838843458411199
235, 0.7700572226086955, 0.5262112438445294
236, 0.3572414211135613, 0.38187267474103337
237, 0.7399368887600771, 0.7151141206982128
238, 0.18353567544981275, 0.41823665087737383
239, 0.13042846542653186, 0.08753367246584542
240, 0.7410532317951946, 0.39816904610705806
241, 0.99677536773907, 0.6493580053785701
242, 0.005474892836167644, 0.5496099392818936
243, 0.42815178711056334, 0.46708181305055696
244, 0.6596973293471576, 0.6110631985519549
245, 0.07377276615314055, 0.46197488777758855
246, 0.019339845437997716, 0.4543253500151505
247, 0.0171894234974157, 0.4426730840017248
248, 0.6111416480620422, 0.42405995474672553
249, 0.859719012541562, 0.4553431654857659
250, 0.29172183028372145, 0.8036323056979066
251, 0.5819424303273701, 0.4828361645909588
252, 0.2543730820609107, 0.6110043939911033
253, 0.9746017067285558, 0.14207800636658086
254, 0.09582774832670982, 0.32761357831983584
255, 0.17944331361337496, 0.7371797641042638
256, 0.3133018643533636, 0.6795275181799003
257, 0.5781940561534118, 0.626874267807475
258, 0.9060028258988001, 0.3233807594111374
259, 0.8027639734840574, 0.8115224284808585
end_nodes
0, 1
0, 2
0, 3
0, 4
0, 5
0, 6
0, 7
0, 8
0, 9
0, 10
0, 11
0, 12
0, 13
0, 14
0, 15
0, 16
1, 8
1, 10
1, 18
1, 26
1, 35
1, 37
1, 41
1, 45
1, 47
1, 64
1, 98
1, 102
1, 104
1, 111
1, 118
2, 9
2, 11
2, 13
2, 15
2, 19
2, 29
2, 32
2, 34
2, 43
2, 50
2, 52
2, 53
2, 54
2, 67
2, 69
3, 4
3, 5
3, 12
3, 21
3, 33
3, 44
3, 75
3, 81
3, 250
3, 252
4, 6
4, 22
4, 23
4, 27
4, 28
4, 30
4, 31
4, 33
4, 38
4, 42
4, 49
4, 56
4, 65
4, 73
5, 81
6, 8
6, 27
6, 28
6, 31
6, 38
6, 42
6, 51
6, 65
6, 93
6, 97
6, 101
6, 106
6, 116
6, 119
7, 10
7, 14
7, 18
7, 39
7, 41
7, 58
7, 62
7, 86
7, 88
7, 89
7, 94
7, 102
7, 117
7, 124
7, 131
8, 47
8, 51
8, 97
8, 118
8, 122
8, 151
8, 178
8, 203
8, 217
8, 219
8, 239
9, 16
9, 17
9, 20
9, 33
9, 36
9, 40
9, 48
9, 50
9, 57
9, 60
9, 71
9, 78
9, 83
9, 91
10, 35
10, 58
10, 86
10, 88
10, 89
10, 94
10, 98
10, 102
10, 111
10, 117
10, 126
10, 129
10, 140
11, 15
11, 34
11, 55
11, 59
11, 103
11, 123
11, 145
11, 158
11, 220
11, 221
11, 223
11, 244
11, 257
12, 16
12, 21
12, 81
12, 87
12, 172
12, 180
12, 256
13, 14
13, 19
13, 24
13, 25
13, 32
13, 46
13, 52
13, 59
13, 61
13, 63
13, 66
13, 68
13, 70
13, 72
14, 46
14, 61
14, 68
14, 70
14, 76
14, 77
14, 80
14, 82
14, 90
14, 96
14, 105
14, 110
14, 121
15, 69
15, 103
15, 123
15, 164
15, 220
15, 221
15, 243
15, 244
15, 257
16, 20
16, 21
16, 33
16, 40
16, 87
16, 92
16, 144
16, 155
16, 171
16, 172
16, 180
16, 256
17, 33
17, 36
17, 78
18, 26
18, 37
18, 41
18, 104
18, 124
18, 128
18, 131
18, 135
18, 136
18, 141
18, 170
18, 175
18, 176
18, 187
19, 34
19, 59
19, 67
19, 72
19, 79
19, 84
19, 156
19, 158
19, 166
19, 222
19, 226
19, 237
20, 40
20, 60
20, 91
20, 132
20, 144
20, 167
20, 171
20, 236
21, 33
21, 250
22, 31
22, 33
22, 50
22, 56
22, 108
22, 114
22, 142
22, 169
22, 212
22, 224
22, 227
23, 38
23, 49
23, 65
23, 138
23, 157
24, 25
24, 46
24, 63
24, 74
24, 95
24, 100
24, 154
24, 191
24, 251
25, 46
25, 100
26, 141
26, 187
27, 38
27, 254
28, 30
28, 31
28, 73
28, 101
28, 116
28, 119
28, 146
28, 208
28, 245
29, 50
29, 52
29, 53
29, 112
29, 113
29, 142
29, 143
29, 148
29, 161
29, 177
29, 194
29, 207
29, 209
30, 73
31, 97
31, 108
31, 114
31, 119
31, 122
31, 146
31, 197
31, 208
31, 210
31, 242
31, 246
31, 247
32, 52
32, 259
33, 36
33, 44
33, 48
33, 50
33, 75
33, 78
33, 83
33, 115
33, 250
34, 67
34, 158
35, 45
35, 111
35, 126
35, 153
35, 179
35, 185
35, 234
37, 104
37, 128
37, 175
37, 211
38, 49
38, 65
38, 157
38, 254
39, 62
39, 89
39, 147
39, 168
40, 144
40, 155
41, 102
41, 104
41, 131
41, 149
41, 176
41, 184
41, 195
41, 202
42, 93
42, 106
42, 116
42, 186
42, 216
42, 255
43, 50
43, 53
43, 54
43, 107
43, 130
43, 196
44, 250
45, 98
45, 126
46, 95
46, 105
46, 110
46, 121
46, 189
46, 204
46, 248
47, 118
47, 183
47, 239
48, 57
48, 78
48, 83
48, 139
50, 53
50, 54
50, 71
50, 83
50, 107
50, 115
50, 142
50, 218
51, 151
51, 178
51, 203
51, 217
51, 219
52, 113
52, 148
52, 209
52, 259
53, 107
53, 130
53, 143
53, 177
54, 196
55, 59
55, 158
56, 108
56, 212
57, 78
58, 86
58, 89
59, 158
59, 223
60, 132
60, 134
60, 167
60, 236
61, 82
61, 205
61, 213
61, 249
62, 147
63, 154
63, 191
63, 251
64, 118
64, 228
65, 120
65, 138
65, 157
65, 160
65, 165
65, 173
65, 190
65, 192
65, 200
65, 238
66, 70
66, 80
66, 85
66, 109
66, 112
66, 113
66, 125
66, 133
66, 214
66, 232
66, 241
67, 79
67, 222
67, 226
68, 90
68, 105
68, 127
68, 150
68, 193
68, 213
68, 215
69, 164
69, 243
70, 76
70, 80
70, 109
70, 152
71, 218
72, 99
72, 166
72, 237
73, 146
74, 95
74, 251
75, 252
76, 152
77, 80
77, 124
77, 137
77, 159
77, 163
77, 181
77, 182
77, 206
77, 225
77, 253
77, 258
79, 222
79, 226
80, 124
80, 125
80, 241
82, 90
82, 96
82, 213
82, 230
82, 235
82, 249
83, 115
83, 139
84, 156
85, 113
85, 133
86, 88
86, 162
87, 172
87, 180
88, 162
89, 168
90, 96
90, 127
90, 213
90, 230
90, 235
91, 132
91, 134
92, 155
93, 106
94, 102
94, 117
96, 235
97, 122
97, 197
97, 246
97, 247
98, 126
101, 116
101, 245
102, 149
102, 184
102, 188
103, 257
104, 135
104, 175
104, 176
105, 189
105, 201
105, 240
105, 248
106, 186
106, 255
108, 114
110, 121
110, 204
111, 129
111, 140
111, 174
111, 179
111, 231
111, 233
112, 113
112, 161
112, 214
112, 232
113, 133
116, 216
116, 245
118, 183
118, 239
120, 165
121, 201
121, 248
122, 197
122, 242
123, 145
123, 220
123, 221
124, 141
124, 159
124, 163
124, 199
124, 206
124, 225
124, 241
124, 253
125, 241
127, 193
127, 215
128, 175
128, 211
129, 140
129, 231
129, 233
131, 136
131, 195
132, 134
135, 175
136, 170
137, 182
138, 157
140, 231
141, 199
142, 169
142, 194
142, 224
142, 227
143, 177
145, 220
146, 208
147, 168
148, 209
149, 184
150, 213
151, 219
153, 179
153, 185
153, 234
156, 166
159, 206
159, 253
160, 165
160, 192
160, 200
161, 194
163, 181
163, 182
163, 225
163, 258
164, 243
165, 192
167, 236
169, 224
171, 236
172, 256
173, 190
174, 233
175, 211
176, 202
178, 219
179, 185
181, 225
181, 258
185, 234
186, 255
189, 248
190, 200
190, 238
191, 251
193, 215
197, 242
198, 229
200, 238
201, 240
201, 248
203, 217
205, 213
207, 209
210, 246
213, 230
214, 232
214, 241
224, 227
225, 253
244, 257
246, 247
end