260
4
0, 0.8210235553839833, 0.24643370114689755
1, 0.8471312019021591, 0.45922343892142425
2, 0.2934125848382716, 0.22272009598071196
3, 0.04006333288209085, 0.04622756068300826
4, 0.6789223960116224, 0.16977139981706502
5, 0.1217652701055082, 0.28840699974795025
6, 0.5372241283102257, 0.8218252775219405
7, 0.47492892133058684, 0.8576591189948681
8, 0.7801993813047045, 0.5543964292538242
9, 0.20453194614637615, 0.4844088940157151
10, 0.01615062784182064, 0.22334607504417636
11, 0.486049820800758, 0.35018488839071404
12, 0.6554192153689398, 0.8825240396801528
13, 0.7577810147136984, 0.39140494405063475
14, 0.6297494549679701, 0.5600122911310182
15, 0.9885775676407319, 0.5909014779458557
16, 0.8276303788064793, 0.7611833520729777
17, 0.7250082191693741, 0.363066630793365
18, 0.03819337924023458, 0.9741515793876205
19, 0.7673229633696567, 0.9736199357829316
20, 0.9867304815682606, 0.9294741405972053
21, 0.78539809488427, 0.12693435508253847
22, 0.6803039344264086, 0.28711842204208915
23, 0.7995943803985969, 0.10918903257526358
24, 0.5209594484658813, 0.11419424753417262
25, 0.7569400244184166, 0.4052776903376669
26, 0.8994478156298117, 0.29204947543916693
27, 0.0352062653839289, 0.9071396133413839
28, 0.374987244231067, 0.5804046136292513
29, 0.05160463795691095, 0.47199861263856824
30, 0.14157518152452142, 0.6490248492729855
31, 0.7856699839857023, 0.9891076917395869
32, 0.641715991928589, 0.3345517023975745
33, 0.8360349493116374, 0.03692066937304339
34, 0.2694777553038442, 0.2845061145243014
35, 0.42803818677233996, 0.4540449958648889
36, 0.4928764388646967, 0.612314313905876
37, 0.13591989861514864, 0.8686166065970592
38, 0.6042620922699883, 0.9917226256421874
39, 0.4404649850818777, 0.5376179171445801
40, 0.25063025826227214, 0.8495641968797847
41, 0.17007001040960834, 0.896533989472814
42, 0.052201658063243284, 0.2770423407346312
43, 0.22132541875202538, 0.647129886066373
44, 0.2960657846878523, 0.24011920928359598
45, 0.4857401682249134, 0.9068458180657525
46, 0.8175643942454335, 0.39071010075212276
47, 0.26362195312402303, 0.08347490317571327
48, 0.1497257673356186, 0.5443876096517594
49, 0.231781801260734, 0.2285682882783201
50, 0.08090807887390439, 0.28912740921621005
51, 0.6074391321799092, 0.8711656530408933
52, 0.5479360926183764, 0.5067779594210864
53, 0.07942985581541229, 0.4298745342158361
54, 0.23525990650776563, 0.14989394289808744
55, 0.8243742067138916, 0.051303848544583364
56, 0.8663997712293942, 0.4498332138338975
57, 0.9111732364409417, 0.36365291556138657
58, 0.4473527651639716, 0.3024411343020966
59, 0.9837521097100153, 0.039668317567607136
60, 0.19507314230439943, 0.9364605641706135
61, 0.11338123196587313, 0.6071592505691499
62, 0.1687863441858618, 0.06261308788698727
63, 0.049563036264422156, 0.09044529810837243
64, 0.9223134989737749, 0.4962163706991978
65, 0.8769703915704421, 0.036443738869725406
66, 0.0060916296679652815, 0.978253200885584
67, 0.5983890864833253, 0.6505364704260704
68, 0.348401640818523, 0.5946900936762876
69, 0.9538012707102168, 0.5656855213798947
70, 0.2218098613193923, 0.6198634792964993
71, 0.8129864955499092, 0.6732865265607025
72, 0.20998372548366917, 0.8349998763027697
73, 0.6260717856997099, 0.19730471395353455
74, 0.28808231233655557, 0.07756518459406037
75, 0.06965020838847036, 0.941755604441833
76, 0.033978795091731406, 0.9100116188316107
77, 0.027454063358971936, 0.5040343800372733
78, 0.12260795494378007, 0.501142487440236
79, 0.9914929426521775, 0.14154030999952816
80, 0.558023686863065, 0.1895147501537161
81, 0.3432631010901571, 0.2316460717898855
82, 0.6459607600093235, 0.032140561385054944
83, 0.9484728740094747, 0.9142416976196963
84, 0.6101359777766603, 0.7903742409710176
85, 0.4195158370009783, 0.5635095630977994
86, 0.30261282760510944, 0.5058181836883955
87, 0.017388796981581134, 0.6442587603562644
88, 0.26046036199905154, 0.30576875956227867
89, 0.005466809712670551, 0.820464267153367
90, 0.6044835745662818, 0.4900629426566453
91, 0.5333484888607412, 0.16671578158788647
92, 0.273829280494305, 0.47276774464542004
93, 0.749723538683587, 0.04125926193029894
94, 0.1610627831040241, 0.4778684705728029
95, 0.86656344654045, 0.6851857274883909
96, 0.4434167657108946, 0.8151039477429173
97, 0.8452199604142049, 0.36699614611162323
98, 0.49459372850248295, 0.7122909997843085
99, 0.5380918020058385, 0.13912035583326132
100, 0.3437069300018052, 0.04235245756906825
101, 0.2462177557256302, 0.8476635209254173
102, 0.2576330914555657, 0.8116492329632881
103, 0.4432290376651682, 0.4316269119818342
104, 0.6654045150942945, 0.979938618123469
105, 0.4025971958633432, 0.3886285796239274
106, 0.36503599191052316, 0.26564406508679606
107, 0.6646518357758037, 0.2823760232555105
108, 0.07351278175026099, 0.4625910063144041
109, 0.929179999239227, 0.7905859583093942
110, 0.6834924817358976, 0.7623707411804558
111, 0.3166713848489868, 0.8946262659842373
112, 0.760883843093327, 0.6783213037752919
113, 0.9211562126993793, 0.8216185212800019
114, 0.7650671447659406, 0.47885876030832875
115, 0.187954113193597, 0.4883064516769441
116, 0.36622372381790924, 0.6168564116979284
117, 0.10669190059371825, 0.3261339698284159
118, 0.4536375357221416, 0.28919155740283053
119, 0.567673475606768, 0.8034776077923584
120, 0.32503802843788165, 0.22138707192160412
121, 0.8237072747439352, 0.24021141296071968
122, 0.05663872751588728, 0.24655967397011702
123, 0.028800682476907258, 0.03916886672392961
124, 0.9036520979089026, 0.20714162832630034
125, 0.34649891268892685, 0.026844755341327797
126, 0.28762577217766416, 0.9935130236563793
127, 0.9867534861463196, 0.06869281352219947
128, 0.08538843976708155, 0.8482310266195262
129, 0.07319258642214677, 0.12423429032564215
130, 0.6851138202567304, 0.14929619774825165
131, 0.16948298358895908, 0.19835879287639058
132, 0.02326126240327875, 0.9519456884820889
133, 0.7587041644307703, 0.9319405975677547
134, 0.003992027729749714, 0.6017545941391081
135, 0.5757420908686177, 0.15717314240832825
136, 0.03732188244884249, 0.44893733220437715
137, 0.23132436804195844, 0.31148949313980834
138, 0.6853843217720849, 0.5486998641233849
139, 0.5959612393057013, 0.6962382928896436
140, 0.0019373246951196466, 0.25557325247762064
141, 0.803377777611914, 0.40789045248653266
142, 0.8797360377063371, 0.8811944912169591
143, 0.16877018797347487, 0.40969292251512834
144, 0.5153632308135897, 0.30991459010757827
145, 0.30432493540099137, 0.445294557833119
146, 0.5912381643688538, 0.19722054262598465
147, 0.3311344835041362, 0.5711555269668963
148, 0.5049881588458314, 0.009886595405126486
149, 0.45032561642380575, 0.9363045501975399
150, 0.15852649836400234, 0.18550287940265708
151, 0.9997628895894775, 0.651018981664236
152, 0.07852818260399719, 0.20594794179498888
153, 0.6971796562929515, 0.9943756803107914
154, 0.9457506450772386, 0.9146590177962094
155, 0.1696207045345609, 0.2655834577855537
156, 0.8669344745208601, 0.48722363808023217
157, 0.08969339315386626, 0.09470066835314606
158, 0.9043320051939594, 0.027546397600609618
159, 0.28098430647863204, 0.6558795883781454
160, 0.23505629350728519, 0.20074528341884934
161, 0.7010393472908171, 0.008672267022666436
162, 0.9317761831253536, 0.12383416172347539
163, 0.11900472297145936, 0.9155130798310469
164, 0.852946784082742, 0.1022715020186249
165, 0.7821019624171878, 0.35857260975899385
166, 0.5021638516316317, 0.29186039734006797
167, 0.7402414893140541, 0.11793929839931216
168, 0.44944512499621225, 0.8134209489414868
169, 0.8769343229637504, 0.8273025734650437
170, 0.0145288199851209, 0.5242759107204866
171, 0.028644888129648938, 0.4626102329723899
172, 0.6104321014890233, 0.7654752797642025
173, 0.10335843119927435, 0.07042162185424583
174, 0.47227465323917583, 0.9953470984362515
175, 0.24277765108574412, 0.29030411028433145
176, 0.124985972361644, 0.6584290995697349
177, 0.07394879845766711, 0.8547572239821024
178, 0.5212672432678067, 0.4998283813710951
179, 0.9826280041479375, 0.4378674005366059
180, 0.569917745474619, 0.5766024238867864
181, 0.8283429214592244, 0.5013539920530252
182, 0.2409279167027184, 0.4078383554497309
183, 0.6225092481140202, 0.7449025981739313
184, 0.8563192962153172, 0.5787523808965652
185, 0.2968337013537452, 0.519290559733422
186, 0.518366563407157, 0.5381672150916972
187, 0.9252123116941271, 0.892081703041446
188, 0.6477154792675819, 0.35054531941319356
189, 0.18389209262303152, 0.6665652012668386
190, 0.3264312340061388, 0.909303533728189
191, 0.5736989933252711, 0.41393362660310973
192, 0.9957184298556301, 0.003656714955278084
193, 0.06369677213114666, 0.5062058344499426
194, 0.22872986132465867, 0.8101060954443778
195, 0.9702426017935953, 0.7285929241740882
196, 0.7961631328445533, 0.028157062177967096
197, 0.22051398666097555, 0.7008535341176481
198, 0.2713027522394852, 0.20709689606359127
199, 0.09528118368197935, 0.5119230528933321
200, 0.562164885381624, 0.7210946969190092
201, 0.7845377888664615, 0.6490411991518252
202, 0.027441657357252458, 0.3573954216520868
203, 0.5440615207771752, 0.0756111575949534
204, 0.7591736141586964, 0.7338440677072782
205, 0.506295259227176, 0.9342298653506549
206, 0.7385801034808166, 0.12708337256671942
207, 0.4513752799609586, 0.12345128517902604
208, 0.5072551498230492, 0.24111755071142893
209, 0.8315690542075205, 0.5221135272833185
210, 0.17724349013772223, 0.21176410484549357
211, 0.44795895555670473, 0.7110207670932741
212, 0.835313006548337, 0.08946721604764607
213, 0.587293784304088, 0.05608588130583636
214, 0.7792857091397348, 0.7173872972994673
215, 0.23032852564106998, 0.5997031598022443
216, 0.34402333497560345, 0.017898825559532483
217, 0.11079580396156241, 0.21676570256618388
218, 0.13737554113270456, 0.9521099849338032
219, 0.11251656320409142, 0.47705321076364426
220, 0.23070698076424412, 0.16998914332864978
221, 0.9410076333594247, 0.599386597868751
222, 0.5175081161866405, 0.6427720985010609
223, 0.7724074328974533, 0.4572076426294126
224, 0.6402621186519444, 0.5787152680842572
225, 0.9136170124692053, 0.8868061297360044
226, 0.6430816715059761, 0.3483611757333247
227, 0.7327887508137536, 0.6952091849583953
228, 0.061610566325859706, 0.3992088777982721
229, 0.9363212637648748, 0.7958764713282813
230, 0.30605494804229305, 0.5989969130035454
231, 0.0904021169093383, 0.9131126578981338
232, 0.24548850615399176, 0.8913066625808465
233, 0.933132015357683, 0.6855304911877623
234, 0.9354426743065415, 0.5434712728112963
235, 0.237913600222184, 0.5299192936470403
236, 0.9130085811686642, 0.76421886538878
237, 0.8926167930927067, 0.9610540615060047
238, 0.1378468177504092, 0.2982033548832852
239, 0.22854677977443016, 0.9675750581060295
240, 0.7761134624690291, 0.45901319573288246
241, 0.8391390144867628, 0.9977940174698103
242, 0.16043292651641317, 0.2760277298028011
243, 0.22904869991905696, 0.48782598511491093
244, 0.3181026549516158, 0.3285064890378512
245, 0.8545604774240603, 0.9196673580120515
246, 0.7350144257739338, 0.5239239298930448
247, 0.8543668827325979, 0.15004109897341877
248, 0.23833305285371686, 0.714243595252069
249, 0.011114465155965703, 0.6087596905346512
250, 0.31588390333099414, 0.7705841816533873
251, 0.8440361715055056, 0.2716572394676606
252, 0.31401088236027663, 0.13471056099692236
253, 0.3552117756096157, 0.46293541596249155
254, 0.6649677433931015, 0.8178519235693822
255, 0.151116716933844, 0.13295129674781792
256, 0.2743482083645208, 0.9363854967555691
257, 0.5819547918639449, 0.6859832910900582
258, 0.8200733948737281, 0.6982630242311253
259, 0.5701468247154895, 0.7303316545287402
end_nodes
0, 1
0, 2
0, 3
0, 4
0, 5
0, 6
0, 7
0, 8
0, 9
0, 10
0, 11
0, 12
0, 13
0, 14
0, 15
0, 16
1, 15
1, 16
1, 20
1, 56
1, 64
1, 69
1, 83
1, 95
1, 97
1, 109
1, 113
1, 142
1, 151
1, 154
1, 156
2, 3
2, 10
2, 49
2, 54
2, 63
2, 73
2, 80
2, 81
2, 120
2, 123
2, 129
2, 131
2, 146
2, 150
2, 152
3, 4
3, 21
3, 23
3, 24
3, 33
3, 47
3, 54
3, 55
3, 59
3, 62
3, 65
3, 73
3, 74
3, 79
4, 21
4, 24
4, 47
4, 79
4, 91
4, 99
4, 121
4, 124
4, 130
4, 135
4, 206
4, 207
4, 247
5, 9
5, 10
5, 11
5, 18
5, 22
5, 27
5, 29
5, 30
5, 34
5, 37
5, 40
5, 41
5, 42
5, 43
5, 44
6, 7
6, 12
6, 13
6, 19
6, 25
6, 31
6, 38
6, 45
6, 51
6, 67
6, 84
6, 104
6, 110
6, 119
6, 126
7, 9
7, 14
7, 17
7, 18
7, 28
7, 32
7, 35
7, 36
7, 39
7, 40
7, 41
7, 43
7, 52
7, 60
8, 12
8, 16
8, 19
8, 31
8, 46
8, 71
8, 112
8, 114
8, 133
8, 141
8, 201
8, 204
8, 214
8, 223
8, 227
9, 11
9, 28
9, 32
9, 35
9, 43
9, 68
9, 70
9, 85
9, 86
9, 92
9, 96
9, 103
9, 105
10, 27
10, 29
10, 42
10, 44
10, 49
10, 63
10, 66
10, 76
10, 77
10, 81
10, 87
10, 89
10, 122
11, 22
11, 58
11, 88
11, 105
11, 118
11, 137
11, 144
11, 145
11, 166
11, 175
11, 182
11, 238
11, 244
12, 19
12, 110
12, 112
12, 114
12, 133
12, 165
12, 204
12, 227
12, 254
13, 25
13, 165
14, 17
15, 26
15, 57
15, 64
15, 69
15, 79
15, 97
15, 121
15, 124
15, 151
15, 179
15, 192
15, 234
15, 251
16, 31
16, 46
16, 71
16, 142
16, 181
16, 184
16, 201
16, 209
16, 237
16, 241
16, 245
16, 258
17, 32
17, 90
17, 180
17, 188
17, 226
18, 27
18, 37
18, 41
18, 60
18, 61
18, 66
18, 75
18, 76
18, 78
18, 111
18, 126
18, 128
18, 132
18, 163
19, 31
19, 133
19, 214
20, 83
20, 109
20, 151
20, 154
20, 156
20, 195
20, 221
20, 229
20, 233
20, 237
20, 241
21, 24
21, 74
21, 79
21, 167
21, 206
21, 247
22, 34
22, 107
22, 118
22, 144
22, 166
22, 175
23, 55
23, 59
23, 79
23, 127
23, 162
23, 164
23, 203
23, 212
23, 213
24, 47
24, 62
24, 74
24, 99
24, 130
24, 206
25, 84
25, 110
25, 119
25, 138
25, 165
25, 172
25, 183
25, 246
26, 57
26, 121
26, 124
26, 251
27, 29
27, 53
27, 76
27, 77
27, 108
27, 136
27, 171
27, 193
27, 202
28, 68
28, 85
28, 116
28, 147
28, 168
28, 185
28, 211
29, 42
29, 50
29, 53
29, 108
29, 117
29, 136
29, 193
29, 202
29, 228
30, 37
30, 41
31, 38
31, 51
31, 104
31, 153
31, 174
31, 201
31, 214
31, 241
32, 35
32, 39
32, 52
32, 90
32, 103
32, 178
32, 180
32, 186
32, 191
32, 226
33, 65
33, 82
33, 100
33, 123
33, 125
33, 148
33, 158
33, 161
33, 192
33, 196
33, 216
34, 107
35, 39
35, 85
35, 86
35, 92
35, 103
35, 211
35, 243
35, 253
36, 39
36, 52
36, 98
36, 178
36, 186
36, 222
37, 41
37, 61
37, 75
37, 78
37, 128
37, 163
37, 176
37, 231
38, 45
38, 104
38, 126
38, 149
38, 174
38, 205
39, 178
39, 191
40, 41
40, 43
40, 48
40, 72
40, 94
40, 101
40, 102
40, 189
40, 194
40, 197
40, 248
40, 250
41, 48
41, 72
41, 111
41, 163
41, 189
41, 232
42, 50
42, 228
43, 70
43, 96
43, 115
43, 143
43, 159
43, 197
43, 215
43, 248
43, 250
44, 106
44, 122
44, 155
44, 208
44, 242
45, 126
45, 149
45, 205
46, 71
46, 141
46, 258
47, 99
47, 207
48, 94
48, 189
49, 81
50, 117
50, 228
51, 104
52, 186
52, 222
53, 108
54, 73
54, 80
54, 173
54, 198
54, 220
54, 252
55, 59
55, 212
55, 213
56, 64
56, 97
57, 251
58, 118
58, 175
59, 65
59, 93
59, 127
59, 158
59, 192
59, 212
60, 126
60, 190
60, 218
60, 239
60, 256
61, 78
61, 128
61, 176
61, 177
62, 74
63, 123
63, 129
63, 140
63, 152
63, 157
63, 255
64, 97
65, 93
65, 158
66, 76
66, 87
66, 89
66, 126
66, 132
66, 134
66, 140
66, 170
66, 249
67, 139
67, 200
67, 224
67, 257
67, 259
68, 116
68, 147
68, 168
68, 230
68, 235
69, 151
69, 234
70, 215
71, 258
72, 101
72, 189
72, 194
73, 80
73, 120
73, 146
73, 173
73, 252
75, 163
76, 87
76, 132
77, 171
77, 202
78, 176
78, 199
78, 219
79, 124
79, 127
79, 162
79, 167
79, 179
79, 192
79, 247
80, 146
82, 125
82, 216
83, 109
83, 154
84, 110
84, 119
84, 172
84, 183
85, 86
85, 185
85, 211
86, 243
87, 170
88, 175
89, 134
89, 140
90, 180
90, 188
90, 226
91, 135
92, 103
92, 253
95, 113
95, 142
95, 154
95, 169
95, 187
95, 225
95, 237
96, 159
96, 215
98, 222
100, 123
101, 194
102, 248
102, 250
105, 182
106, 208
108, 193
109, 229
110, 165
110, 246
110, 254
111, 232
112, 204
112, 227
113, 154
113, 236
114, 223
115, 143
116, 168
118, 166
118, 175
119, 138
119, 172
121, 124
121, 251
122, 155
122, 242
123, 125
123, 140
123, 157
123, 216
123, 255
124, 179
125, 216
126, 149
126, 174
126, 190
126, 218
126, 239
126, 256
127, 162
127, 164
127, 192
128, 177
128, 231
129, 131
129, 150
129, 152
129, 160
129, 210
130, 206
131, 150
131, 210
133, 204
134, 140
136, 202
137, 238
139, 224
139, 259
142, 169
142, 184
142, 237
144, 166
148, 161
148, 192
148, 216
149, 205
150, 160
151, 156
151, 192
151, 195
151, 221
152, 210
152, 217
153, 174
153, 241
154, 187
154, 225
154, 236
154, 237
155, 242
156, 221
156, 233
157, 255
158, 192
159, 215
161, 192
161, 196
162, 164
165, 246
168, 230
168, 235
169, 237
170, 249
171, 202
172, 183
173, 252
174, 241
178, 186
178, 191
181, 209
182, 238
182, 244
187, 225
188, 226
189, 194
190, 256
192, 196
195, 221
198, 220
199, 219
200, 257
203, 213
218, 239
221, 233
223, 240
225, 237
230, 235
237, 241
237, 245
238, 244
241, 245
248, 250
end