440
4
0, 0.6298428813158583, 0.392917176528105
1, 0.8940746466727656, 0.033508467644462914
2, 0.42001830690453545, 0.6152510062639557
3, 0.3255695435181495, 0.7135982652441416
4, 0.422476426892904, 0.27048467931890763
5, 0.02867011155101984, 0.5737076124111107
6, 0.6490433713016326, 0.6903225807624824
7, 0.9134386129716732, 0.792948241030138
8, 0.31000825761663586, 0.1873445401234024
9, 0.1467177032654402, 0.47842054628674957
10, 0.46523129243871575, 0.8307192801093035
11, 0.7040172841466501, 0.10056296027455391
12, 0.06486885350674543, 0.9149300094220776
13, 0.7900541693261707, 0.6368146279203056
14, 0.7601553982983819, 0.12725088540262708
15, 0.13827765699512606, 0.90127153113786
16, 0.04042945989505797, 0.8948544687364134
17, 0.8341300743978864, 0.19695015980799724
18, 0.23277707824311067, 0.0014974910542052688
19, 0.6415028135511168, 0.12113252332259217
20, 0.5878452597845074, 0.4332682132114034
21, 0.08578551504757581, 0.14296853178987956
22, 0.9599956506730316, 0.4820013124531123
23, 0.6825914593295848, 0.9269197866464427
24, 0.3772854234878592, 0.19113079609970496
25, 0.805343118560132, 0.2633027780576147
26, 0.8625569219973394, 0.3647665260638874
27, 0.7898329033086627, 0.5232560142251862
28, 0.6103416259420721, 0.8998214961782144
29, 0.8779232926603283, 0.7345482989701353
30, 0.9177819004785902, 0.6121749846098768
31, 0.9340917531305173, 0.9994498930944025
32, 0.19787716173656622, 0.7607347721874217
33, 0.7680441537529326, 0.7033887313764867
34, 0.4760309012419238, 0.7232656232986675
35, 0.03195139590295215, 0.24587080947272888
36, 0.4052851926051114, 0.8709057071106183
37, 0.11660919548926219, 0.0013246959373558465
38, 0.9549656853676728, 0.9812234017030264
39, 0.6755564913829986, 0.6882390377936523
40, 0.683302956303281, 0.4085987397840418
41, 0.441967448950651, 0.4258165972068677
42, 0.3621933132565899, 0.9653829733320018
43, 0.4653004851897, 0.7409365447975623
44, 0.1853856853793191, 0.5854947438210167
45, 0.337291758440316, 0.560512225320267
46, 0.045198430385640975, 0.032822501098835666
47, 0.5117759351796101, 0.622120729820134
48, 0.37303167411429183, 0.21284022397286173
49, 0.8076532919929876, 0.26982049162408517
50, 0.02683592302863047, 0.06098918800205744
51, 0.5748468133910922, 0.5500341185680966
52, 0.015423609454573217, 0.931916646077324
53, 0.5702805651944368, 0.06085763118070009
54, 0.9139923022403873, 0.7146006100803273
55, 0.8748291212383204, 0.8008224749954054
56, 0.6115234521432789, 0.2683053408756646
57, 0.9366176045387332, 0.3369233728871711
58, 0.4242443587970056, 0.7544732227205766
59, 0.0012175047691597163, 0.849088662425272
60, 0.48292011711478267, 0.6462559499719218
61, 0.6542616491440141, 0.21380531365147404
62, 0.2600860591674572, 0.7678165224657911
63, 0.2813909087098678, 0.10089696286906258
64, 0.06683152565230588, 0.5376101922409889
65, 0.9382755384093365, 0.9921397589614965
66, 0.26160809776346305, 0.1854058844041252
67, 0.5373187175434799, 0.5926168137814334
68, 0.21053301984210604, 0.0768765894019603
69, 0.8724284487194032, 0.17966000504447588
70, 0.07197008532445093, 0.7341893971636254
71, 0.2838737898049778, 0.24377940142564725
72, 0.4498983050906513, 0.807819153444638
73, 0.7054942419943898, 0.17349427489991665
74, 0.5654810830605921, 0.478813854496109
75, 0.866147652634149, 0.4057244066428767
76, 0.9855218467531962, 0.3331266678895579
77, 0.2093060590778003, 0.6479193644557613
78, 0.5974007100405749, 0.46710832938790214
79, 0.6627749092268146, 0.10844917563589818
80, 0.7842787090141736, 0.13897772730287927
81, 0.20831714582256688, 0.11940396770933615
82, 0.7623617400896794, 0.9198041495828105
83, 0.4805094502070546, 0.906400217379699
84, 0.5434689879525745, 0.8078789255979911
85, 0.12231510277871527, 0.15315747340432473
86, 0.35572288458978074, 0.9567118961605301
87, 0.2025257721415875, 0.31558202713666583
88, 0.745363613454199, 0.6452347548549068
89, 0.36364376627168404, 0.7801280077019981
90, 0.5413822956486871, 0.8200032705371257
91, 0.3240504443316726, 0.6965982690703871
92, 0.24322946333324635, 0.6524174666292605
93, 0.9627953428503422, 0.1397016206020888
94, 0.40411496606123176, 0.398399651981019
95, 0.04926533470741612, 0.5062151884288413
96, 0.3710224982644573, 0.8897913356393167
97, 0.16649514285379996, 0.939602474273369
98, 0.8428898213081953, 0.4978012850665354
99, 0.47292806405698795, 0.880148377085543
100, 0.7629800282333321, 0.06657352994679688
101, 0.12670193843317368, 0.1032143578552569
102, 0.9336724786431893, 0.19338736301643922
103, 0.1887453515101022, 0.5854012930125954
104, 0.7205108861190791, 0.7926429344949053
105, 0.5573155475188257, 0.8255160439688786
106, 0.47985812378423065, 0.38586819850555476
107, 0.8589919294261669, 0.28622646904403537
108, 0.944456520524371, 0.9944121936619592
109, 0.8120525454593989, 0.10340604058946368
110, 0.7661474451506637, 0.9932686940841029
111, 0.8700111729982591, 0.37564270117886356
112, 0.2231559596970708, 0.4679619961143209
113, 0.4272472617992362, 0.9894576547498959
114, 0.057573785005475386, 0.04913362884620476
115, 0.6199757089812735, 0.9847359930041694
116, 0.6552280994136698, 0.9407503769433456
117, 0.7668113865242214, 0.020524134466673227
118, 0.8272109179080038, 0.6513056179638804
119, 0.8711123492955102, 0.8078142171730415
120, 0.5270827092824276, 0.9978444939751526
121, 0.8443363826975473, 0.24543548135228088
122, 0.9933255914763298, 0.3587611382255529
123, 0.8797050410955527, 0.7162972130884633
124, 0.8515523047369007, 0.6881909675727207
125, 0.13188414822585226, 0.7983263995890924
126, 0.9422866090976479, 0.4155444497596582
127, 0.5538407052719738, 0.5922937385777027
128, 0.7663872129545296, 0.4462264939223045
129, 0.8553947165448048, 0.0644529143097573
130, 0.01238041411739721, 0.4799264844653224
131, 0.26751530623349895, 0.7736253023929917
132, 0.6492882068639207, 0.5391661846229537
133, 0.4376557508736959, 0.6868773835029749
134, 0.026249463682947005, 0.8120633866285533
135, 0.7235956105252767, 0.18755770100823377
136, 0.28986916900954585, 0.17118697616759782
137, 0.2557362668873524, 0.9370421301329851
138, 0.7676118150022465, 0.7770218498571083
139, 0.9029934903750627, 0.32867473619757825
140, 0.04134765815995922, 0.3341491540151196
141, 0.2359256145596188, 0.7140843030558294
142, 0.936639066998928, 0.7663735179793202
143, 0.2721563137455949, 0.7585305047985557
144, 0.29806536236690073, 0.6570123135240474
145, 0.1023014687734819, 0.3998823730327655
146, 0.9981272332910214, 0.1621293472042058
147, 0.06696422346426179, 0.3243294551254786
148, 0.07339438398993336, 0.15239822073166187
149, 0.705536487807416, 0.7531984841930626
150, 0.4872764365491843, 0.0003124794064971459
151, 0.5602716715727745, 0.862749807494473
152, 0.8445276358794898, 0.5977298532525536
153, 0.5062913705954342, 0.44730038429282715
154, 0.5053216463762796, 0.18403325116844516
155, 0.3368347941854737, 0.3315387382619206
156, 0.9585137773135624, 0.6419605845851021
157, 0.0337233694777892, 0.8115215681500835
158, 0.34500827886731944, 0.05706347606080975
159, 0.04513229639878191, 0.5411138605807384
160, 0.04595318787846436, 0.6918846100134669
161, 0.389046301221038, 0.5451457590181332
162, 0.5134687683668119, 0.9713504409155876
163, 0.4604356924480375, 0.7561054711510106
164, 0.2845940692375365, 0.3050058728763595
165, 0.6438747790631123, 0.4167319429666181
166, 0.004221644115030898, 0.09535055486476662
167, 0.4690012891137474, 0.21904086510932752
168, 0.7939942949869284, 0.15256473124070036
169, 0.04555455075313908, 0.8919665553249246
170, 0.07005800400935003, 0.02806122874450112
171, 0.06512689657474968, 0.46509793302276203
172, 0.025162320291356455, 0.34384145325836324
173, 0.972070441867827, 0.29712257926973096
174, 0.3650200243077454, 0.9198264962801801
175, 0.3890638330489328, 0.5500089032984755
176, 0.19289308340809386, 0.0408363512352129
177, 0.5457664127503961, 0.9066255505413218
178, 0.8886059292671254, 0.42564151597481015
179, 0.29328524348242746, 0.5843571584583652
180, 0.5488949264543709, 0.8201003077543797
181, 0.4088621494492036, 0.946980744971288
182, 0.7240235912117927, 0.4414179459855634
183, 0.7841561807672647, 0.8394680605957887
184, 0.4578608102569638, 0.7766596705397624
185, 0.8264717013567697, 0.34961860490336716
186, 0.36401477711518215, 0.5912667787607737
187, 0.8572537354125367, 0.703454787339458
188, 0.05557684197174351, 0.853555060775754
189, 0.157077357339506, 0.8267474625166841
190, 0.763142403930208, 0.9702899012805914
191, 0.9344615163151694, 0.7735201282857962
192, 0.37720197150260737, 0.4999905522190733
193, 0.05160955549061552, 0.9335759431276381
194, 0.4895022977788541, 0.03738088460913247
195, 0.18649435839369222, 0.9690052556544625
196, 0.18574795736236716, 0.6355496570433876
197, 0.7704400419249811, 0.09975092922432227
198, 0.4091659301287861, 0.3664229559131106
199, 0.13216699634193074, 0.8364473885843126
200, 0.5070058117143647, 0.9786730742927132
201, 0.9540434299747671, 0.9987899139711054
202, 0.6138945224572392, 0.1065925792390694
203, 0.8044459508161244, 0.0018704531118768353
204, 0.41821993276827807, 0.10180862453821427
205, 0.1607824257034235, 0.4714855540145231
206, 0.6694272978695042, 0.10970431355589438
207, 0.026886462277065593, 0.7784202859332842
208, 0.040504993601705674, 0.3795578991324665
209, 0.10320227045462449, 0.9478735182624687
210, 0.4821100488037421, 0.6360551623860483
211, 0.35888527576259355, 0.468556879120992
212, 0.1762955768897596, 0.6551413361909136
213, 0.24291662367559874, 0.3702626270726651
214, 0.29878280957128045, 0.12851018592532848
215, 0.5244248052602242, 0.7733695526925396
216, 0.14099343749989335, 0.7126195156736629
217, 0.22124008834015518, 0.5725223854023299
218, 0.8042016585634878, 0.9172594628151753
219, 0.4123165163562875, 0.4804735089293125
220, 0.044445973870406275, 0.734572530008359
221, 0.8836648275181032, 0.7191246392180534
222, 0.9452939765663961, 0.7080234826479096
223, 0.17744934454623484, 0.29212636481813725
224, 0.08778102333590965, 0.683624511830631
225, 0.8374828291156409, 0.5205393901321355
226, 0.08958427851619499, 0.11547868377042925
227, 0.5855738471733718, 0.9187028786821202
228, 0.7002191114911996, 0.13213967752967326
229, 0.05141622477905761, 0.1683717709581557
230, 0.19423484656244094, 0.2555732190670934
231, 0.2622528406948489, 0.42975457711253184
232, 0.14802047951787622, 0.8852491852482569
233, 0.7152211893133422, 0.4389006315651419
234, 0.36120723822098755, 0.4088941828779291
235, 0.12506175500984784, 0.33155936180710166
236, 0.36231794913911086, 0.21647679423990107
237, 0.5127691924147874, 0.4088110225122398
238, 0.3264806360929814, 0.7038603942118166
239, 0.34000026733642696, 0.3798988378407341
240, 0.4634536973963006, 0.4637460966213083
241, 0.4139568729196974, 0.22033530550693037
242, 0.34542238980694706, 0.7325641555327457
243, 0.5201636276151328, 0.1010500141983861
244, 0.1610554724584058, 0.7426363832862477
245, 0.799829795387858, 0.48402002810877953
246, 0.33650792854657074, 0.27068150793626133
247, 0.1782331059908452, 0.5915375583850973
248, 0.8008544450034042, 0.889992829731863
249, 0.6735185126958917, 0.4362349479542019
250, 0.5805322918136838, 0.01016215768986306
251, 0.8266974850165701, 0.7862331149164263
252, 0.20942361691727773, 0.2477424206031481
253, 0.08995434869360286, 0.3332299379670697
254, 0.023449949069072273, 0.1688173748586782
255, 0.9704914784586008, 0.6623023756422892
256, 0.992060568054827, 0.930318009244206
257, 0.2871252118775435, 0.2146591216861783
258, 0.08398694894116943, 0.8449096951608899
259, 0.021517377810820193, 0.360443742536667
260, 0.9466127479593845, 0.9471261925996778
261, 0.6984684341920756, 0.8632319374232335
262, 0.4551241334536963, 0.3043751678612503
263, 0.6893234553035564, 0.4375990009054276
264, 0.499625635728291, 0.5853613532530386
265, 0.5279866655138651, 0.5572550148693473
266, 0.8572103743210358, 0.5968105995784688
267, 0.3395489433505058, 0.9351592003663397
268, 0.8275155378056943, 0.15465357661565138
269, 0.7430014818276396, 0.5058085193363324
270, 0.0814141579001566, 0.27662252256382147
271, 0.8271067350145064, 0.9408536828826696
272, 0.5428822835050455, 0.06498831994662724
273, 0.24647000848795253, 0.8925122867043659
274, 0.8499277288443564, 0.026746366874113803
275, 0.9166588444863005, 0.6883612623119315
276, 0.7085441333695855, 0.022578326734138288
277, 0.9208416895017075, 0.30004296115181717
278, 0.23284710700626188, 0.16141689213536048
279, 0.43794536222678293, 0.8395137086480315
280, 0.93732241094057, 0.7544369413784088
281, 0.21427295729188023, 0.16931511371922914
282, 0.1470465573343398, 0.9301409943720197
283, 0.0605255190081011, 0.9644651411195774
284, 0.4324000173984519, 0.021807230279181078
285, 0.7312496720652296, 0.22006006245626908
286, 0.9556656701461772, 0.6283619797303759
287, 0.8717203972314111, 0.2614723105423902
288, 0.3836757907236722, 0.9113187942412136
289, 0.9764655593856333, 0.6580070222275806
290, 0.7803976819825298, 0.39460885918893696
291, 0.6052788206973507, 0.3687210432609771
292, 0.10605534681730422, 0.7284683888255854
293, 0.562734328053765, 0.6411507438980351
294, 0.46938292617737154, 0.2870383911501654
295, 0.7751059186247204, 0.8249733112165042
296, 0.512199726895933, 0.25353642013969524
297, 0.5085166777062767, 0.7227307932536018
298, 0.23590290027356797, 0.22937575935512777
299, 0.8070139734094298, 0.8166737225468552
300, 0.8208914531913057, 0.7954169282073092
301, 0.4026499484634404, 0.4814564486412699
302, 0.39507178341496607, 0.4480229389918515
303, 0.9124368201590094, 0.41045150484761683
304, 0.5266560185581526, 0.17086656929399824
305, 0.39587027159679355, 0.5801833922941758
306, 0.4870412566097204, 0.871901674538285
307, 0.5322542220119958, 0.3342019300737359
308, 0.527432581754273, 0.05713618482676597
309, 0.22709632591550477, 0.48286112655539926
310, 0.7046390315515341, 0.3357205189190371
311, 0.9537140606904182, 0.15568699004462694
312, 0.22295589246717273, 0.8931928858723251
313, 0.45922214681284734, 0.48014193495012547
314, 0.7162148766144047, 0.2437348079919387
315, 0.5185114618504942, 0.7145828426823744
316, 0.5072990439642813, 0.8631148887352438
317, 0.3062547806162388, 0.6006848629741947
318, 0.875280982261085, 0.49495330318229513
319, 0.16731998329594167, 0.3165793230035484
320, 0.3886331645483293, 0.8605722694374363
321, 0.990447573892434, 0.417015110480641
322, 0.4690040989835327, 0.39701677298849514
323, 0.32834935396789944, 0.5048237031172321
324, 0.7735655292512288, 0.695325963383949
325, 0.5011976696606005, 0.3993197684109201
326, 0.3085365662933297, 0.5535732947775498
327, 0.21166975442220182, 0.7280056068487789
328, 0.27626165407117376, 0.25854356655404975
329, 0.40432356735516095, 0.7425745255353218
330, 0.7225911776465908, 0.758354151620499
331, 0.9447775361546743, 0.3003361846688568
332, 0.7301093798644475, 0.991931560695723
333, 0.860744549632405, 0.2700665379440801
334, 0.2740335339817702, 0.7775357230980137
335, 0.7329900811192583, 0.25296049257104436
336, 0.39875960041896474, 0.5141535138715413
337, 0.04736524773892137, 0.7354127074667456
338, 0.549373881642239, 0.128553724811862
339, 0.6442758119355234, 0.16236465426781488
340, 0.7729187650016569, 0.6365364841035177
341, 0.2301250284961437, 0.13172539828638974
342, 0.765031755257841, 0.2928873773641303
343, 0.1903577114229451, 0.846183332934226
344, 0.9902029206658376, 0.5767028938510681
345, 0.5103078912404991, 0.9313789674360925
346, 0.007030145968783819, 0.08591373430496674
347, 0.24345906961035102, 0.6187493103369366
348, 0.7802401819976664, 0.9425262253450875
349, 0.22003081894541998, 0.6590201831351536
350, 0.039170923599824214, 0.048391503655908163
351, 0.056585248729534854, 0.40544183311899484
352, 0.8656171205415814, 0.1641037177710034
353, 0.3977208207530484, 0.7357164764314384
354, 0.1408549374333259, 0.5761234537683406
355, 0.5319989722375423, 0.21914435862415882
356, 0.3782176891433151, 0.12556273783448668
357, 0.2924660572212673, 0.7981688129002841
358, 0.4330454292312851, 0.9924026814723594
359, 0.6842248832642988, 0.10201537865786148
360, 0.1892513024565904, 0.28019645956544903
361, 0.4669890022924734, 0.2688687106477914
362, 0.34012992014500554, 0.05962471188836904
363, 0.690856182601416, 0.777624489088563
364, 0.267195340275858, 0.46954207093889544
365, 0.5116083500578658, 0.816127583481402
366, 0.2588281967935351, 0.09808421177688864
367, 0.10188278508886728, 0.23221883096674212
368, 0.9054605875940492, 0.36884822012428053
369, 0.34968391119093833, 0.5677791065336303
370, 0.0056400476466963445, 0.7074296964894918
371, 0.09522263763848338, 0.5726151175239435
372, 0.7830062897703478, 0.6317664345827071
373, 0.8429426760489868, 0.7078670490214921
374, 0.6951209709120124, 0.7434439550893531
375, 0.39721155877999015, 0.8306623156987126
376, 0.3192320762654449, 0.41443335765006495
377, 0.3531432162907625, 0.043519354310779135
378, 0.295771558958293, 0.14179181698498056
379, 0.04262603104406992, 0.862951939655117
380, 0.8285912005903241, 0.6471419137986384
381, 0.1364619639014324, 0.25530330708826776
382, 0.05651949418421598, 0.5619275093173172
383, 0.38837470500311955, 0.9931071551275488
384, 0.6694387881997201, 0.7155389818895045
385, 0.4386007033021573, 0.9678544614912962
386, 0.4367102857044448, 0.880393155577969
387, 0.6811425160271352, 0.6622058589041886
388, 0.2704039909469732, 0.6964359519741548
389, 0.11064937577645506, 0.9909893979881704
390, 0.4731810755161643, 0.8609235888907403
391, 0.6696083004464005, 0.3591857217313601
392, 0.21032415107655078, 0.7450955223537116
393, 0.35690575106282485, 0.30760448009381247
394, 0.9306811372934186, 0.5278373569727833
395, 0.2512553776030624, 0.2815853072860812
396, 0.20468935053771586, 0.1590441787923177
397, 0.8696387919549866, 0.10299617063545874
398, 0.8064158548176259, 0.15065676751607548
399, 0.9921847953499926, 0.7582550792029683
400, 0.7917721644308728, 0.19216978404802754
401, 0.5950187687085864, 0.7758013142681007
402, 0.08788264302143656, 0.06898355597367178
403, 0.4932905852249312, 0.8427466931737299
404, 0.8421522589746183, 0.4161049010228651
405, 0.8995539805048443, 0.7893878931285878
406, 0.46121573676152794, 0.939993468233991
407, 0.9600017061848305, 0.3808091134641468
408, 0.917623937596588, 0.39501050988604447
409, 0.551568281565491, 0.06689131744314569
410, 0.4707052762582311, 0.29208604927377946
411, 0.9807914492934368, 0.5366896334071928
412, 0.20720191948632916, 0.8659646864508748
413, 0.5415154990919863, 0.22070816894938095
414, 0.020179319840597176, 0.8244102018914113
415, 0.8895447370320791, 0.9687055703118601
416, 0.6551574742120321, 0.588415947099268
417, 0.03166600738198322, 0.5584540187039786
418, 0.03111529627353027, 0.029616193771059063
419, 0.7303105533062192, 0.13732266348560107
420, 0.9840753428823694, 0.025227461325406764
421, 0.8059748099973494, 0.9236568331130827
422, 0.12003805817926183, 0.5313158410018811
423, 0.4568560548738645, 0.824479021814235
424, 0.4710023591285687, 0.44180226406565326
425, 0.03298190536934387, 0.782036703157211
426, 0.026476307759858653, 0.7815836191609579
427, 0.4876021879123861, 0.5064014470255993
428, 0.8455972691232182, 0.7654773708525208
429, 0.051620540812617466, 0.873681094910243
430, 0.37425370663328617, 0.016550362003399544
431, 0.09882560932249063, 0.8299339210929984
432, 0.5839208331882031, 0.4984011490414879
433, 0.03760425399340572, 0.4049426574120618
434, 0.4878526944800672, 0.40764304086272707
435, 0.7539658924335871, 0.86547981298159
436, 0.9781620681506665, 0.4098193561975704
437, 0.4521141595024547, 0.4599413073734161
438, 0.00623845353584751, 0.06951128386987082
439, 0.9879771186743845, 0.5031472164030265
end_nodes
0, 1
0, 2
0, 3
0, 4
0, 5
0, 6
0, 7
0, 8
0, 9
0, 10
0, 11
0, 12
0, 13
0, 14
0, 15
0, 16
0, 17
0, 18
0, 19
0, 20
1, 7
1, 11
1, 14
1, 17
1, 18
1, 19
1, 22
1, 26
1, 27
1, 29
1, 30
1, 31
1, 38
1, 49
1, 53
1, 54
1, 57
1, 65
1, 69
2, 3
2, 10
2, 34
2, 36
2, 42
2, 43
2, 47
2, 58
2, 60
2, 67
2, 72
2, 74
2, 78
2, 83
2, 86
2, 89
2, 96
2, 97
2, 99
3, 15
3, 97
3, 131
3, 209
3, 282
3, 334
3, 389
3, 412
4, 8
4, 9
4, 21
4, 35
4, 41
4, 46
4, 50
4, 64
4, 66
4, 71
4, 81
4, 85
4, 87
4, 94
4, 95
4, 101
4, 106
4, 114
4, 130
5, 9
5, 16
5, 32
5, 44
5, 45
5, 52
5, 59
5, 64
5, 70
5, 77
5, 92
5, 95
5, 103
5, 112
5, 125
5, 130
5, 134
5, 141
5, 144
6, 7
6, 10
6, 13
6, 23
6, 28
6, 31
6, 33
6, 39
6, 51
6, 55
6, 82
6, 83
6, 84
6, 88
6, 90
6, 104
6, 105
6, 110
6, 113
7, 13
7, 29
7, 30
7, 31
7, 33
7, 54
7, 55
7, 118
7, 119
7, 123
7, 178
7, 187
7, 221
7, 249
7, 263
7, 275
7, 295
8, 18
8, 24
8, 37
8, 48
8, 63
8, 68
8, 81
8, 136
8, 176
8, 214
8, 236
8, 241
8, 291
8, 294
8, 307
8, 341
8, 361
8, 366
9, 41
9, 64
9, 94
9, 112
9, 205
9, 231
9, 234
9, 239
9, 376
10, 34
10, 43
10, 47
10, 51
10, 67
10, 78
10, 83
10, 84
10, 90
10, 127
10, 133
10, 163
10, 184
10, 215
10, 293
10, 297
10, 306
11, 14
11, 19
11, 61
11, 73
11, 135
11, 197
11, 228
11, 339
11, 419
12, 15
12, 16
12, 20
12, 52
12, 62
12, 91
12, 143
12, 169
12, 189
12, 193
12, 199
12, 209
12, 232
12, 238
12, 283
12, 343
12, 389
13, 33
13, 39
13, 88
13, 132
13, 165
13, 324
13, 340
13, 372
13, 373
13, 416
14, 80
14, 109
14, 129
14, 135
14, 168
14, 197
14, 285
14, 314
14, 398
14, 419
15, 20
15, 131
15, 209
15, 232
15, 238
15, 343
16, 32
16, 52
16, 70
16, 125
16, 134
16, 157
16, 160
16, 169
16, 188
16, 199
16, 207
16, 220
16, 258
16, 337
16, 379
16, 414
16, 425
17, 25
17, 40
17, 49
17, 182
17, 233
17, 249
17, 263
17, 268
17, 310
17, 335
17, 342
17, 391
17, 400
18, 19
18, 24
18, 37
18, 53
18, 56
18, 63
18, 79
18, 117
18, 150
18, 154
18, 158
18, 167
18, 176
18, 194
18, 202
18, 203
18, 204
19, 56
19, 79
19, 100
19, 154
19, 158
19, 202
19, 204
19, 206
19, 243
19, 304
19, 338
19, 339
19, 359
19, 377
20, 91
20, 238
21, 35
21, 50
21, 66
21, 71
21, 85
21, 148
21, 166
21, 226
21, 229
21, 230
21, 252
21, 254
21, 281
21, 298
21, 328
21, 346
21, 367
21, 396
21, 438
22, 38
22, 57
22, 76
22, 93
22, 102
22, 122
22, 126
22, 146
22, 156
22, 173
22, 222
22, 255
22, 256
22, 277
22, 286
22, 289
22, 311
22, 321
22, 331
23, 28
23, 110
23, 113
23, 115
23, 116
23, 120
23, 162
23, 177
23, 200
23, 227
23, 261
23, 332
23, 345
23, 358
24, 63
24, 214
24, 241
24, 291
25, 27
25, 49
25, 128
25, 182
25, 185
25, 269
25, 290
26, 27
26, 29
26, 69
26, 75
26, 98
26, 107
26, 111
26, 118
26, 124
26, 152
26, 225
26, 245
26, 266
26, 287
26, 318
26, 333
26, 380
26, 404
27, 69
27, 118
27, 128
27, 185
27, 225
27, 245
27, 269
27, 290
27, 352
27, 404
28, 105
28, 151
28, 177
28, 401
29, 75
29, 118
29, 123
29, 124
29, 178
29, 266
29, 318
30, 31
30, 54
30, 139
30, 275
30, 368
31, 38
31, 65
31, 82
31, 104
31, 108
31, 110
31, 119
31, 120
31, 149
31, 183
31, 190
31, 201
31, 218
31, 248
31, 271
31, 275
32, 125
32, 141
32, 144
32, 153
32, 186
32, 216
32, 224
32, 244
32, 292
32, 305
32, 327
32, 388
32, 392
32, 427
33, 39
33, 324
33, 373
33, 428
34, 43
34, 47
34, 60
35, 87
35, 130
35, 140
35, 145
35, 147
35, 148
35, 166
35, 172
35, 208
35, 223
35, 229
35, 230
35, 235
35, 246
35, 253
35, 254
35, 259
35, 270
36, 42
36, 58
36, 72
36, 83
36, 99
36, 113
36, 181
36, 279
36, 288
36, 320
36, 329
36, 375
36, 383
36, 385
36, 386
36, 406
36, 423
37, 46
37, 68
37, 81
37, 136
37, 150
37, 170
37, 176
37, 341
37, 418
38, 65
38, 108
38, 142
38, 156
38, 191
38, 201
38, 222
38, 255
38, 256
38, 260
38, 277
38, 280
38, 286
38, 303
38, 394
38, 408
40, 249
40, 310
40, 342
40, 391
41, 94
41, 106
41, 198
41, 237
41, 322
41, 325
41, 434
42, 86
42, 96
42, 97
42, 137
42, 174
42, 195
42, 267
42, 273
42, 288
42, 312
42, 320
42, 329
42, 383
42, 389
43, 133
43, 163
44, 103
44, 144
44, 179
44, 186
44, 247
44, 317
44, 347
45, 103
45, 153
45, 161
45, 175
45, 179
45, 186
45, 192
45, 217
45, 219
45, 240
45, 301
45, 313
45, 323
45, 326
45, 336
45, 354
45, 369
45, 371
45, 424
46, 50
46, 81
46, 114
46, 170
46, 350
46, 418
46, 438
47, 60
47, 67
47, 210
48, 241
48, 361
49, 121
49, 185
49, 352
49, 397
50, 66
50, 101
50, 114
50, 226
50, 350
50, 396
50, 402
50, 438
51, 293
51, 297
51, 315
52, 59
52, 193
52, 283
52, 414
53, 79
53, 100
53, 194
53, 272
53, 308
53, 409
54, 139
55, 138
55, 251
55, 295
55, 299
55, 300
55, 330
55, 405
56, 154
56, 167
56, 296
56, 355
56, 356
56, 413
57, 277
58, 72
59, 130
59, 166
59, 370
60, 210
61, 339
62, 143
62, 343
63, 214
63, 378
64, 95
64, 155
64, 159
65, 191
65, 260
65, 303
66, 85
66, 257
66, 281
66, 396
67, 78
67, 264
67, 265
67, 432
68, 176
69, 245
69, 287
69, 333
70, 125
70, 160
70, 188
70, 258
70, 337
70, 379
70, 431
71, 298
71, 328
72, 279
72, 423
73, 135
73, 228
74, 78
75, 318
76, 122
76, 146
76, 436
77, 92
77, 141
77, 196
77, 212
77, 349
78, 127
78, 264
78, 265
78, 432
79, 100
79, 202
79, 272
79, 409
80, 109
80, 129
80, 398
81, 170
81, 341
82, 104
82, 190
82, 218
82, 248
82, 271
82, 348
82, 363
82, 421
82, 435
83, 90
83, 99
83, 180
83, 306
83, 316
83, 386
83, 390
83, 403
83, 406
84, 90
84, 365
85, 257
86, 89
86, 96
86, 174
86, 242
86, 267
86, 353
86, 357
87, 130
87, 145
87, 164
87, 223
87, 235
87, 246
87, 270
87, 319
87, 360
87, 395
88, 340
88, 387
88, 416
89, 242
90, 316
90, 403
91, 238
92, 141
92, 144
92, 196
92, 349
93, 146
93, 173
93, 311
93, 407
93, 420
94, 198
94, 234
94, 239
94, 376
95, 130
95, 155
95, 159
95, 171
95, 213
95, 393
95, 417
96, 174
96, 353
97, 137
97, 195
97, 242
97, 312
97, 357
97, 389
98, 118
98, 225
99, 386
99, 423
100, 206
100, 359
101, 278
101, 402
102, 311
102, 331
102, 420
103, 179
103, 217
103, 354
103, 371
104, 149
104, 183
104, 248
104, 374
104, 384
104, 435
105, 113
105, 151
105, 177
105, 345
105, 401
106, 262
106, 322
106, 325
107, 245
107, 333
108, 201
109, 129
110, 120
110, 190
110, 261
110, 332
110, 363
111, 318
112, 211
112, 302
112, 309
112, 364
112, 382
112, 422
113, 180
113, 181
113, 345
113, 358
113, 383
113, 385
113, 406
114, 278
114, 350
114, 402
115, 116
115, 120
115, 332
116, 120
117, 203
117, 250
117, 274
117, 276
117, 420
118, 124
118, 187
118, 225
118, 263
118, 269
118, 380
119, 295
120, 200
120, 332
120, 358
120, 383
120, 389
121, 185
121, 352
122, 146
122, 256
122, 321
122, 344
122, 399
122, 436
122, 439
123, 178
123, 221
124, 152
124, 266
124, 380
125, 224
125, 258
125, 292
125, 431
126, 222
126, 277
128, 269
128, 290
129, 398
130, 145
130, 147
130, 164
130, 166
130, 171
130, 172
130, 208
130, 213
130, 259
130, 351
130, 370
130, 393
130, 417
130, 433
131, 209
132, 165
132, 372
132, 416
133, 163
133, 184
134, 207
134, 414
134, 426
135, 419
136, 341
137, 312
138, 295
138, 299
138, 300
138, 330
139, 368
140, 147
140, 208
141, 144
141, 212
141, 327
141, 349
141, 392
142, 191
142, 280
142, 303
143, 238
143, 343
144, 186
144, 247
144, 317
144, 347
145, 147
145, 235
145, 253
145, 351
146, 173
146, 256
146, 420
147, 208
147, 351
147, 433
148, 229
149, 183
149, 374
149, 384
150, 203
151, 177
152, 380
153, 161
153, 175
153, 186
153, 240
153, 305
153, 313
153, 336
153, 424
153, 427
153, 437
154, 204
154, 304
154, 338
154, 362
156, 255
157, 207
157, 425
158, 204
158, 243
158, 377
160, 220
160, 337
161, 175
161, 313
162, 200
162, 358
163, 184
165, 372
166, 254
166, 259
166, 346
166, 438
167, 296
167, 356
168, 285
168, 314
168, 398
169, 199
171, 213
172, 208
175, 186
175, 369
176, 366
177, 227
177, 345
178, 221
179, 186
180, 406
181, 383
182, 233
182, 263
182, 269
185, 352
186, 317
186, 369
187, 263
188, 258
188, 429
189, 199
190, 348
190, 363
191, 260
191, 303
192, 301
192, 323
193, 283
194, 284
194, 430
195, 389
200, 358
201, 256
203, 250
203, 420
204, 243
204, 338
204, 362
205, 231
205, 239
206, 359
207, 425
208, 433
209, 282
209, 389
211, 302
211, 309
211, 364
211, 382
211, 422
213, 393
214, 378
215, 293
216, 224
217, 354
218, 248
218, 271
218, 415
218, 421
219, 301
219, 424
222, 277
222, 286
223, 360
223, 381
224, 244
224, 292
225, 404
226, 396
227, 345
229, 254
230, 252
230, 328
230, 367
231, 239
231, 376
232, 343
233, 263
234, 376
235, 253
235, 270
235, 319
236, 291
236, 361
237, 262
237, 325
237, 434
238, 343
239, 376
240, 336
240, 437
241, 291
241, 361
242, 357
244, 292
245, 333
246, 360
246, 381
246, 395
248, 415
248, 435
249, 263
249, 391
251, 330
252, 328
255, 256
256, 289
256, 344
256, 399
256, 411
256, 439
258, 429
258, 431
262, 325
263, 269
264, 265
267, 273
267, 357
268, 335
268, 400
270, 319
271, 421
272, 308
272, 409
273, 312
273, 357
274, 276
274, 420
277, 394
277, 408
278, 402
279, 423
280, 303
281, 396
282, 334
282, 389
282, 412
283, 389
284, 430
285, 314
288, 320
289, 411
291, 294
291, 361
293, 315
295, 299
295, 330
297, 315
298, 328
299, 300
301, 323
301, 424
304, 338
305, 388
305, 427
306, 390
306, 403
307, 410
309, 364
309, 422
310, 342
310, 391
311, 331
311, 407
311, 420
312, 357
314, 398
316, 403
317, 347
320, 329
320, 375
321, 411
321, 439
323, 326
323, 424
324, 373
325, 434
327, 392
329, 375
334, 412
335, 400
337, 379
340, 416
344, 399
344, 439
346, 438
352, 397
354, 371
355, 356
355, 413
356, 413
358, 383
360, 381
360, 395
374, 384
382, 422
383, 389
385, 406
387, 416
388, 427
389, 412
394, 408
411, 439
414, 426
418, 438
424, 437
end