400
4
0, 0.7256118632239714, 0.11739461191612699
1, 0.4749136830197179, 0.6469136906673175
2, 0.04050597924032684, 0.8812178119744443
3, 0.4583564913397933, 0.6372196253812912
4, 0.5385794293517476, 0.9267233190413966
5, 0.6975738900759566, 0.7873599053567006
6, 0.4404720725697232, 0.23052010079430196
7, 0.021382148537638868, 0.5214110369454863
8, 0.22848845029558074, 0.24469976023623186
9, 0.7037349435192067, 0.6906169553867764
10, 0.3491227810890196, 0.031413721149831764
11, 0.8186018139039425, 0.029146868120394798
12, 0.3793689446541395, 0.7940730280421276
13, 0.2019497009970076, 0.3934589543691368
14, 0.48661968083080354, 0.6147836183505235
15, 0.15902494072903384, 0.8143379166008713
16, 0.5900359805430209, 0.06461615120257602
17, 0.34329086616703197, 0.3446082553538784
18, 0.9884093683397386, 0.13082541393595049
19, 0.8311004309250423, 0.23188075351541493
20, 0.9178547621504514, 0.767232841192617
21, 0.048831956755608474, 0.3370310142300197
22, 0.11155507997420777, 0.7471595883140425
23, 0.21109108681544342, 0.31096045252589155
24, 0.18242344648437814, 0.04878323043523325
25, 0.9464482569476453, 0.9544167661160031
26, 0.9358140326924131, 0.0704610234520553
27, 0.3537895241912229, 0.9124514929033373
28, 0.48882473216400857, 0.7307670114000905
29, 0.9224594527706814, 0.703741931006976
30, 0.5739800522692673, 0.061507381537683314
31, 0.6848502225622769, 0.8225917581459712
32, 0.7370240751489072, 0.6874117184836527
33, 0.7378725408699812, 0.13425150061082847
34, 0.5807120867048104, 0.3089532985245663
35, 0.28221284948447245, 0.14836366361690323
36, 0.7333785326223212, 0.6708522069018559
37, 0.10952371359358104, 0.32267716523858536
38, 0.7030032056083214, 0.6128739832286362
39, 0.7626152884753354, 0.9065115687473194
40, 0.5307935243933039, 0.02480380910865443
41, 0.6953794277075191, 0.5630787390609675
42, 0.544773886863196, 0.15223060150033718
43, 0.22492827141488192, 0.6152839495105216
44, 0.6965471348032528, 0.936374927740768
45, 0.01533185290363337, 0.690412430591813
46, 0.36259044860486267, 0.321343515382037
47, 0.6297364141665936, 0.739754433198009
48, 0.030266806971379068, 0.3031965228563167
49, 0.4506315570562832, 0.8966576001141969
50, 0.8952921669505541, 0.8870801843371939
51, 0.7040482872553788, 0.05220008257031583
52, 0.758680052826976, 0.934372972094657
53, 0.07594496536221762, 0.6932777777640537
54, 0.17015425534219553, 0.1639637604646632
55, 0.4693209846240659, 0.2126054394642345
56, 0.13280642714985935, 0.45713884427339824
57, 0.8077026347701725, 0.5229432021150576
58, 0.8467807227279316, 0.7868637769945466
59, 0.9571722558793899, 0.6761963235466842
60, 0.34569754606928227, 0.7729397046034164
61, 0.2201819745601431, 0.7048185122497483
62, 0.663246189847794, 0.10763805939488702
63, 0.28459517451592387, 0.061934534037529576
64, 0.6230126514609526, 0.31779001498394244
65, 0.9237158890887286, 0.42320020535218994
66, 0.8728813265747842, 0.30187736723164227
67, 0.5501974512002107, 0.45162467986350474
68, 0.648106046557007, 0.10134914500848058
69, 0.12977573262561082, 0.28328878951114955
70, 0.10794546795419369, 0.42028721665070845
71, 0.5562952224963726, 0.9066331585895905
72, 0.3255761433965999, 0.06150575634269262
73, 0.010088851746322347, 0.9204480218088266
74, 0.6657601358506867, 0.6322777089917134
75, 0.637877069160886, 0.9621523955580047
76, 0.4015453440384089, 0.6981295669903312
77, 0.894686140210444, 0.8179059561332241
78, 0.5243562763512861, 0.14078075622052
79, 0.6626815326899413, 0.5589583500471972
80, 0.9583252788067884, 0.5029993335386939
81, 0.9528404140879159, 0.9923383110231356
82, 0.19131714238241615, 0.08769781816562605
83, 0.42514468155320173, 0.08872315392124597
84, 0.7227751433899564, 0.9851903793796362
85, 0.12365065851524981, 0.4603373286336204
86, 0.6152988117154377, 0.814750459070438
87, 0.022282448301761293, 0.7819310356580721
88, 0.4920541913191593, 0.44723274391761036
89, 0.19736931350426434, 0.4825517297863131
90, 0.06130035817045254, 0.5042169210872163
91, 0.6870044795902598, 0.7689112863695206
92, 0.15710579118915358, 0.8286125437804023
93, 0.2720784647164334, 0.2634177799444022
94, 0.5911999169726564, 0.4219177299999901
95, 0.9754869284072367, 0.6521585978906114
96, 0.719698145028328, 0.624191599913054
97, 0.02722241458990593, 0.9982148740041767
98, 0.9544920552320968, 0.2510144989046037
99, 0.5985997928129609, 0.08916643776819211
100, 0.22996644319462978, 0.8451278245069368
101, 0.20529621573480605, 0.2278565490412927
102, 0.636718244489052, 0.34884531817980047
103, 0.4359267511466557, 0.6592943991187128
104, 0.19473578614210596, 0.22291160643984398
105, 0.9851731686872889, 0.6751263687754936
106, 0.04131136853282791, 0.42378525479596807
107, 0.9874949423153129, 0.3335262416551915
108, 0.3498329026680158, 0.415582073175522
109, 0.0001790431372699075, 0.29802335760222776
110, 0.2651159184294798, 0.3329470598406554
111, 0.009026433944221979, 0.984272502053666
112, 0.24032460380732035, 0.7205948437444686
113, 0.3538530674125223, 0.004958040873570768
114, 0.6390344337012711, 0.296562051998566
115, 0.09631113470192154, 0.02016119880956957
116, 0.0183789829219414, 0.8995343590106372
117, 0.3289359902578539, 0.2246525342389355
118, 0.5747505011717559, 0.5158086845933988
119, 0.3042561120243118, 0.028454641365812106
120, 0.46884958921517306, 0.41388417557651547
121, 0.970267550680261, 0.8296147149157646
122, 0.4330661087445522, 0.22422007104459918
123, 0.3557952216954394, 0.42748035643813886
124, 0.05133606444271932, 0.6188204491263468
125, 0.6509219403146344, 0.20589688160439157
126, 0.7569864357423653, 0.5989586768547805
127, 0.38085484234629663, 0.4860709951743858
128, 0.4369099211268198, 0.7783309711596484
129, 0.956298071133182, 0.2089076983522995
130, 0.6223362529251251, 0.19208449984076703
131, 0.6025495173413815, 0.14230899170905942
132, 0.23362637322467827, 0.7246197184778805
133, 0.7835361783314171, 0.9482620407654662
134, 0.7492825520212713, 0.016249217684107586
135, 0.3237019304994685, 0.5561774855608059
136, 0.05962640544047548, 0.8844112269086966
137, 0.7057910866021544, 0.9483504076108596
138, 0.8614181081814889, 0.5010724538449999
139, 0.02277495056792045, 0.9522155135036579
140, 0.881340655634496, 0.654307667225364
141, 0.7973739109128076, 0.9045415416708696
142, 0.6609286704738432, 0.909671647173875
143, 0.2579426842152134, 0.3554539526567726
144, 0.8496816246688156, 0.8332376911156957
145, 0.6144123389063051, 0.5096297293931427
146, 0.6675230908124964, 0.8346766295732408
147, 0.7915404163423007, 0.038568610395082525
148, 0.12091848878761491, 0.3487517237500498
149, 0.9050585495906597, 0.7493547920398016
150, 0.2628853224948551, 0.11599867030306232
151, 0.7108945746216639, 0.49255145986403415
152, 0.8159932845449872, 0.8845179665704144
153, 0.054788812030172385, 0.7277952704230758
154, 0.09566929191450402, 0.908900838845116
155, 0.40856284367336315, 0.3472250608790609
156, 0.07696654429266636, 0.3888622971269896
157, 0.29704488102038007, 0.6372439077692464
158, 0.19551748130916136, 0.29557658591791847
159, 0.7052844323070624, 0.2612615209696473
160, 0.0805630785245599, 0.33384045407892227
161, 0.5425746710122025, 0.7859118105298568
162, 0.040778807953990914, 0.7140926568642608
163, 0.5381660580954157, 0.8492656231405147
164, 0.9693534402191252, 0.5784393991314793
165, 0.8808948022988452, 0.4074979161870973
166, 0.378421385920648, 0.44239758216793246
167, 0.45278809321280133, 0.3376170715757155
168, 0.006353345803006838, 0.505666627561153
169, 0.17467379279425288, 0.5569920192016852
170, 0.067796791650938, 0.0467314765443787
171, 0.8868392482643432, 0.27646751503748823
172, 0.12970993762740413, 0.4406821635663337
173, 0.08900777364041046, 0.6231658106987452
174, 0.7238113682412585, 0.4597806516891938
175, 0.0896979683080692, 0.20024968316199665
176, 0.7859749800679267, 0.5496069714082717
177, 0.5681823393413188, 0.3910299573015097
178, 0.31597919784397777, 0.6628454896209448
179, 0.0390128526252741, 0.34619591857585874
180, 0.14962754584717308, 0.18440697528463357
181, 0.5492374443855177, 0.9159328126687177
182, 0.0839234731466556, 0.5428910073771244
183, 0.12794865138608247, 0.4197537428701794
184, 0.47566749738354974, 0.6907837628842302
185, 0.552394605227417, 0.7007211593240046
186, 0.438888887149665, 0.9875793326456291
187, 0.729337514338946, 0.12047464890136006
188, 0.6084240544245056, 0.6863775181648342
189, 0.27074591293847794, 0.7677495175434393
190, 0.036066702960720565, 0.3636057012481472
191, 0.25557814147198865, 0.6048759215661393
192, 0.20522853467721225, 0.24079381701418623
193, 0.042888970701514206, 0.3752449712210998
194, 0.15952519366378837, 0.3317916008469214
195, 0.04703843763409532, 0.9656114275421128
196, 0.8569685253319383, 0.532236737361876
197, 0.9453516401655419, 0.34516139705809024
198, 0.038861728099702564, 0.0075209352744667335
199, 0.5945184790862662, 0.13510059022638066
200, 0.5012977589071123, 0.5224809462028432
201, 0.933575766885082, 0.46455355542364274
202, 0.5375981453804867, 0.07039369197722234
203, 0.550322432281997, 0.8053544680258171
204, 0.6864223581284628, 0.7126371670521882
205, 0.8068743377104756, 0.9335362808879322
206, 0.949326573470196, 0.13794903128002078
207, 0.6455253345098975, 0.9359429703083495
208, 0.39601397040502007, 0.596974905445806
209, 0.1846788395615675, 0.7239137955342444
210, 0.1553179706684894, 0.1549632700728355
211, 0.9951530589733929, 0.661524918632343
212, 0.18213196045371838, 0.6476187841092327
213, 0.28778856655929275, 0.068878197067894
214, 0.8357072750329693, 0.29475247985635866
215, 0.46955169218066073, 0.9614896050560863
216, 0.8103041069196233, 0.6838848952526412
217, 0.6253321607768301, 0.9526503745524266
218, 0.3107158761889972, 0.6504147770751559
219, 0.8327348130664528, 0.575279244732917
220, 0.7848606896663357, 0.6907639381710465
221, 0.4301631307490793, 0.3698173944845332
222, 0.5019391652670071, 0.32989347543937453
223, 0.9167854784801579, 0.9532109694270077
224, 0.5746427107967683, 0.6101367870736067
225, 0.5888232457374614, 0.3036891549890387
226, 0.553653209116251, 0.9892131428674388
227, 0.18707429062328274, 0.8496609270191305
228, 0.6441596485458442, 0.05032405359588876
229, 0.28269329371621066, 0.23585926686587133
230, 0.0052194822337851, 0.11069767248171924
231, 0.6610950980008803, 0.45994878796441085
232, 0.14334586362323887, 0.18776382874205266
233, 0.07972208390039326, 0.23936984536348793
234, 0.9286302996775477, 0.5175752917765251
235, 0.40141300581312833, 0.9321384250433308
236, 0.5021550632215991, 0.4276026087934546
237, 0.6786699018472436, 0.47716307020829407
238, 0.7361024092453125, 0.9103918431750894
239, 0.21170105397507977, 0.34845867570642197
240, 0.05071860447372034, 0.5738971795708858
241, 0.3079418643373192, 0.4771789594293063
242, 0.562600552960932, 0.7814421810700092
243, 0.4973661835687001, 0.34242326009764223
244, 0.2572410514955702, 0.31714371561106536
245, 0.7974780753302034, 0.6575462169314671
246, 0.10119480965089311, 0.5540339263962896
247, 0.45963187704282027, 0.5829131728687363
248, 0.6054790276698375, 0.20103109447446255
249, 0.257134484994039, 0.5993889899540092
250, 0.48554697453197415, 0.2183284346201304
251, 0.3524076123472367, 0.3773306418310951
252, 0.6473214312260368, 0.8842190172789448
253, 0.5398715180743119, 0.300836348019356
254, 0.5413086766764547, 0.6007913959495869
255, 0.5672179405416387, 0.2963698146727499
256, 0.6237479542082659, 0.4544278331565833
257, 0.42326999535898435, 0.7647090824173599
258, 0.07992926466871886, 0.08921282222963867
259, 0.005803795077379048, 0.11200098534799618
260, 0.6500693646676423, 0.49639887524160264
261, 0.8532845730629072, 0.8058792465767912
262, 0.45783739152578296, 0.9421125848482206
263, 0.5415693937378002, 0.9004517994078014
264, 0.8661486998652365, 0.7878826758297067
265, 0.6168295766754748, 0.0038271540971717144
266, 0.5394459818544283, 0.07104409183078886
267, 0.12224929426089048, 0.6005539677519671
268, 0.2413473326479837, 0.9439580047642756
269, 0.18735283532659885, 0.029511314170629577
270, 0.5116124762296371, 0.7947816763300063
271, 0.9856972205391424, 0.3002411609249004
272, 0.8483654581671445, 0.2570231113763799
273, 0.5117757884713396, 0.5488623993151159
274, 0.0914096557570474, 0.0018526219135235333
275, 0.31373955372921636, 0.5681837941731852
276, 0.013420581196177062, 0.28991432100920456
277, 0.1349827942939319, 0.6610693639227819
278, 0.011540257676726062, 0.9491428451523474
279, 0.9045905916872227, 0.06504584163236649
280, 0.6417709598321755, 0.008717513968169222
281, 0.7436816123892733, 0.02228508396514972
282, 0.9862955222796927, 0.4082665177428906
283, 0.1256556661976449, 0.5332203237984392
284, 0.08133833269147794, 0.2677349348592405
285, 0.8652460651527755, 0.28689478678732416
286, 0.013016707509878156, 0.12467858108586882
287, 0.33098023943718613, 0.19925745659682081
288, 0.6907204887817118, 0.27686187675614227
289, 0.9285230341736654, 0.9874461205479027
290, 0.19940207851624991, 0.36568768070411195
291, 0.3200024357927067, 0.0226392252206139
292, 0.5659205169590492, 0.6458305341535111
293, 0.9048718859221161, 0.07674649188717653
294, 0.29633457089137494, 0.3601807228023043
295, 0.6399589058157514, 0.2994202214606463
296, 0.6729354007588698, 0.0767672117590521
297, 0.3015092011461683, 0.24411286609151006
298, 0.7684226756209902, 0.5994618563378015
299, 0.45151062252006513, 0.04300135479274492
300, 0.47633479458332095, 0.21959584307522717
301, 0.06697718895692639, 0.6121743776053958
302, 0.4657224177225118, 0.35824331879634363
303, 0.12533030948937118, 0.3428728065390386
304, 0.763123258257134, 0.20377329105836417
305, 0.26753328844905844, 0.9423186532425277
306, 0.12883274869991446, 0.7080400130584228
307, 0.4893986279271053, 0.7336778118506807
308, 0.9365548112495562, 0.651815911116673
309, 0.7070531858322892, 0.24613323098195372
310, 0.6289278265283841, 0.6711785729244495
311, 0.22155186788572645, 0.4899707395536542
312, 0.13332044438786417, 0.7040971382206173
313, 0.7525188008536833, 0.4515586730465765
314, 0.6635781312169737, 0.7693698365706317
315, 0.34369035002333714, 0.5253461449348023
316, 0.6306845665504455, 0.7264473219753697
317, 0.7563161152177126, 0.541229515143182
318, 0.8254452160861122, 0.2806542128198023
319, 0.21847940941132848, 0.10862585521314039
320, 0.24057102086513116, 0.594852829089268
321, 0.5253057244500015, 0.48139089047673467
322, 0.5964428986134458, 0.05831351634735038
323, 0.22833016551948926, 0.8193148257224615
324, 0.40344493944822, 0.9784607973540818
325, 0.24719225872859218, 0.38772163261597414
326, 0.48861205416988385, 0.6543441661297805
327, 0.506994352334733, 0.5873810750646854
328, 0.1440735038165346, 0.07432004378991519
329, 0.2846392615478278, 0.20935283641028624
330, 0.09771080850852676, 0.22042955198297776
331, 0.8934945849997884, 0.5403260865992925
332, 0.5226561978883718, 0.3272085450296168
333, 0.47109611607718915, 0.472899334894879
334, 0.7613071131795214, 0.16115104449724427
335, 0.4180844630327958, 0.8889017848884938
336, 0.2522923155815463, 0.4796731210647426
337, 0.8998122444657932, 0.8271931040162301
338, 0.22011486154766124, 0.7443607203031704
339, 0.9712701781446516, 0.7157570451685814
340, 0.7040545088059088, 0.4396597343347354
341, 0.6289742441955929, 0.5284524819514729
342, 0.7653858227164583, 0.8329113048197991
343, 0.33100942292190894, 0.23434740628642992
344, 0.5301095827762061, 0.3871146179138396
345, 0.2570402645997296, 0.7950719225480694
346, 0.7131670342159694, 0.7736597953089073
347, 0.5649867274520859, 0.6568352332498778
348, 0.7322982384095893, 0.45860931134606764
349, 0.8163215977321359, 0.6990239860612982
350, 0.5490791596608319, 0.2111486894422656
351, 0.5295009712521095, 0.748019479959947
352, 0.23892079437091696, 0.22740721427384902
353, 0.6872833345074377, 0.012351233761978775
354, 0.06429579898798898, 0.9007119422252021
355, 0.13023658647123815, 0.40829588142019924
356, 0.4015881038897431, 0.8901967575605758
357, 0.02873522474101753, 0.20199137431147496
358, 0.42773646424872347, 0.503601649010851
359, 0.7122210453602246, 0.5557273933571283
360, 0.8790358021479696, 0.5751183262087183
361, 0.9665377095165748, 0.6270348053995575
362, 0.2992539353571556, 0.7082257639401136
363, 0.6805945112226055, 0.7373204974658573
364, 0.47374058442869127, 0.5747384321867897
365, 0.2352388554127719, 0.4974932693844488
366, 0.5490852004466013, 0.1792861640253055
367, 0.3705562160787014, 0.21577750362783832
368, 0.23238068402179424, 0.7930960147493746
369, 0.7574188502375798, 0.8192069468831596
370, 0.11241697898801306, 0.7344553445898285
371, 0.11181812292192161, 0.8900294951810153
372, 0.9494633248723675, 0.8839950950705847
373, 0.6171239167989142, 0.4672581873078012
374, 0.19832091987675338, 0.8583385338933615
375, 0.43514727760086314, 0.4068366880216301
376, 0.9719344227550417, 0.19992612704853285
377, 0.23602740549372747, 0.18530686642719296
378, 0.32813920454319023, 0.7084806250176396
379, 0.371398019702493, 0.9816665549910947
380, 0.8154310806094279, 0.5625571045533488
381, 0.5044907881350967, 0.7232675998991185
382, 0.2073927284622562, 0.9067337867001405
383, 0.48165153007671513, 0.6898534880665177
384, 0.8445769908658477, 0.940589660071459
385, 0.12770634939216607, 0.6708410355913609
386, 0.37258421911141726, 0.5639094740515964
387, 0.8631416065009168, 0.15737011782910715
388, 0.4416207264670775, 0.5802202384219236
389, 0.8569817518906039, 0.16785084097449743
390, 0.4031462286903067, 0.6972446011433258
391, 0.6576842559875655, 0.583142606037729
392, 0.2548413792535915, 0.12005016823067127
393, 0.6506781578800418, 0.26508197310996084
394, 0.9991523406112859, 0.9323907375332714
395, 0.8992649433271462, 0.17043370791561618
396, 0.6131828144336327, 0.40046833290335493
397, 0.008795549721220097, 0.3473942391441397
398, 0.7391798542796826, 0.203485606508376
399, 0.9629731148291213, 0.14020669441691613
end_nodes
0, 1
0, 2
0, 3
0, 4
0, 5
0, 6
0, 7
0, 8
0, 9
0, 10
0, 11
0, 12
0, 13
0, 14
0, 15
0, 16
0, 17
0, 18
0, 19
0, 20
1, 4
1, 12
1, 14
1, 27
1, 28
1, 49
1, 94
1, 102
1, 118
1, 128
1, 145
1, 161
1, 163
1, 184
1, 185
1, 186
1, 203
1, 215
1, 224
2, 7
2, 12
2, 15
2, 17
2, 22
2, 27
2, 43
2, 45
2, 53
2, 60
2, 61
2, 73
2, 76
2, 87
2, 89
2, 90
2, 92
2, 97
2, 100
3, 12
3, 15
3, 34
3, 60
3, 64
3, 67
3, 76
3, 88
3, 103
3, 112
3, 132
3, 177
3, 178
3, 200
3, 208
3, 218
3, 225
3, 236
3, 247
4, 5
4, 20
4, 25
4, 28
4, 31
4, 38
4, 39
4, 41
4, 44
4, 47
4, 50
4, 52
4, 58
4, 71
4, 74
4, 75
4, 77
4, 79
5, 9
5, 20
5, 31
5, 32
5, 36
5, 38
5, 57
5, 58
5, 71
5, 86
5, 91
5, 96
5, 126
5, 140
5, 146
5, 149
5, 151
5, 174
6, 8
6, 13
6, 21
6, 23
6, 37
6, 48
6, 55
6, 69
6, 70
6, 93
6, 106
6, 109
6, 110
6, 117
6, 122
6, 143
6, 148
6, 156
6, 158
7, 13
7, 17
7, 21
7, 45
7, 46
7, 48
7, 56
7, 70
7, 85
7, 90
7, 106
7, 109
7, 110
7, 124
7, 162
7, 168
7, 172
7, 179
8, 10
8, 24
8, 35
8, 42
8, 54
8, 62
8, 63
8, 68
8, 72
8, 78
8, 82
8, 83
8, 99
8, 101
8, 104
8, 109
8, 113
8, 115
9, 151
9, 174
9, 359
9, 398
10, 11
10, 16
10, 30
10, 35
10, 40
10, 51
10, 72
10, 83
10, 99
10, 113
10, 134
10, 147
10, 202
10, 228
10, 265
10, 266
10, 280
10, 281
11, 18
11, 26
11, 134
11, 147
11, 279
11, 281
11, 293
12, 14
12, 27
12, 60
12, 64
12, 100
12, 114
12, 227
12, 273
12, 323
12, 374
12, 393
13, 46
13, 85
13, 110
13, 143
13, 172
13, 250
13, 294
13, 300
13, 325
13, 350
14, 114
14, 273
15, 61
15, 76
15, 103
15, 120
15, 125
15, 132
15, 157
15, 255
15, 338
15, 362
15, 378
16, 30
16, 51
16, 202
16, 228
16, 266
16, 296
16, 322
17, 22
17, 43
17, 89
17, 90
17, 108
17, 123
17, 127
17, 130
17, 135
17, 155
17, 166
17, 167
17, 169
17, 182
17, 191
17, 212
17, 221
18, 19
18, 20
18, 25
18, 26
18, 29
18, 59
18, 65
18, 66
18, 80
18, 81
18, 95
18, 98
18, 105
18, 107
18, 121
18, 129
18, 138
18, 164
19, 33
19, 66
19, 138
19, 165
19, 171
19, 187
19, 196
19, 206
19, 214
19, 272
19, 285
19, 304
19, 318
19, 334
19, 387
19, 389
19, 395
19, 399
20, 25
20, 29
20, 33
20, 50
20, 58
20, 59
20, 65
20, 77
20, 80
20, 138
20, 140
20, 149
20, 196
20, 197
20, 201
20, 234
21, 23
21, 37
21, 48
21, 93
21, 106
21, 148
21, 156
21, 158
21, 160
21, 179
21, 193
21, 194
21, 303
22, 89
22, 169
22, 277
22, 306
22, 312
22, 336
22, 365
22, 370
22, 385
23, 37
23, 148
23, 160
23, 194
24, 63
24, 82
24, 113
24, 115
24, 119
24, 150
24, 269
24, 274
24, 291
24, 319
24, 328
24, 377
24, 392
25, 39
25, 44
25, 50
25, 52
25, 59
25, 75
25, 81
25, 84
25, 133
25, 137
25, 141
25, 164
25, 186
25, 205
25, 207
25, 217
25, 223
26, 279
26, 293
27, 97
27, 128
27, 136
27, 154
27, 186
27, 195
27, 235
27, 257
27, 268
27, 305
27, 324
27, 335
27, 354
27, 356
27, 371
27, 374
27, 379
28, 184
28, 215
28, 307
28, 383
29, 197
30, 228
30, 299
30, 322
31, 58
31, 146
31, 369
32, 57
32, 126
32, 176
32, 298
33, 196
33, 304
33, 334
34, 112
34, 132
34, 200
34, 218
34, 225
34, 236
34, 333
34, 344
34, 358
34, 364
34, 386
35, 72
36, 96
36, 126
36, 174
36, 313
36, 317
36, 348
36, 398
38, 41
38, 47
38, 71
38, 74
38, 86
38, 91
38, 159
38, 204
38, 288
38, 309
38, 314
38, 316
38, 340
38, 363
39, 50
39, 52
39, 141
39, 205
39, 238
40, 134
40, 281
41, 74
41, 79
41, 231
41, 237
41, 260
41, 288
41, 310
41, 391
42, 62
42, 131
42, 199
43, 191
43, 212
43, 249
43, 320
44, 52
45, 73
45, 87
45, 116
45, 168
46, 56
46, 294
46, 350
47, 316
48, 69
48, 93
48, 109
48, 179
48, 190
48, 397
49, 186
49, 215
49, 262
50, 77
50, 141
50, 142
50, 144
50, 152
50, 337
51, 147
51, 228
51, 296
52, 205
52, 238
52, 384
53, 89
53, 90
53, 153
53, 173
53, 182
53, 246
53, 267
53, 283
53, 301
54, 101
54, 104
54, 109
54, 115
54, 170
54, 175
54, 180
54, 198
54, 210
54, 230
54, 232
54, 233
54, 258
54, 259
54, 276
54, 284
54, 286
54, 330
54, 357
55, 117
55, 122
55, 366
55, 367
56, 350
57, 140
57, 176
57, 216
57, 219
57, 220
57, 245
57, 298
57, 313
57, 317
57, 346
57, 349
57, 380
57, 398
58, 264
58, 369
59, 80
59, 308
59, 372
60, 76
60, 92
60, 189
60, 323
60, 345
60, 368
60, 390
61, 120
61, 209
61, 255
62, 68
62, 131
62, 199
63, 113
63, 119
63, 150
63, 213
63, 291
63, 377
65, 98
65, 138
65, 197
65, 201
65, 234
65, 331
65, 360
65, 376
66, 129
66, 165
66, 171
66, 285
67, 177
68, 78
68, 99
69, 109
70, 106
70, 110
70, 183
70, 239
70, 290
70, 355
71, 86
71, 181
72, 113
73, 97
73, 109
73, 111
73, 116
73, 139
73, 168
73, 278
74, 316
75, 186
75, 215
75, 217
76, 103
76, 189
76, 390
77, 144
77, 252
77, 261
77, 337
77, 342
78, 99
79, 188
79, 260
79, 310
79, 391
80, 308
81, 84
81, 97
81, 121
81, 164
81, 186
81, 211
81, 226
81, 289
81, 339
81, 361
81, 394
82, 328
83, 99
83, 287
83, 329
83, 352
84, 186
84, 289
85, 294
85, 325
86, 91
86, 314
87, 116
88, 208
88, 236
88, 247
88, 333
88, 388
89, 169
89, 182
89, 267
89, 277
89, 283
89, 311
89, 385
90, 124
90, 153
90, 182
90, 240
90, 301
91, 204
91, 314
91, 363
92, 189
92, 345
92, 368
93, 158
94, 102
94, 295
94, 327
95, 105
95, 121
95, 271
95, 282
96, 174
97, 111
97, 136
97, 139
97, 186
97, 195
97, 226
97, 268
97, 278
97, 305
97, 354
97, 379
98, 138
98, 376
99, 287
100, 227
100, 374
101, 104
102, 118
102, 145
102, 256
102, 295
102, 327
102, 341
102, 373
102, 396
104, 192
104, 284
105, 107
105, 121
105, 211
105, 282
106, 156
106, 239
106, 244
107, 211
108, 123
108, 127
108, 135
108, 315
109, 111
109, 168
109, 175
109, 192
109, 230
109, 259
109, 276
109, 284
109, 286
109, 297
109, 330
109, 357
109, 397
110, 172
110, 183
110, 355
111, 278
112, 132
112, 178
112, 218
112, 386
113, 213
113, 265
113, 269
113, 274
113, 291
114, 273
114, 393
115, 198
115, 274
115, 328
117, 122
117, 229
117, 343
117, 367
118, 145
118, 373
118, 396
119, 291
120, 157
120, 255
121, 211
121, 339
123, 127
124, 162
124, 240
125, 255
126, 176
126, 317
127, 130
127, 135
127, 166
127, 167
127, 221
127, 222
127, 243
127, 251
127, 253
127, 302
127, 315
127, 332
127, 375
128, 186
128, 257
128, 335
128, 356
129, 138
129, 165
130, 167
130, 222
130, 243
130, 248
130, 253
130, 302
130, 332
131, 199
132, 338
132, 362
133, 137
133, 207
133, 223
134, 265
134, 280
134, 281
134, 353
135, 191
135, 241
135, 275
135, 315
135, 332
136, 354
136, 371
137, 207
137, 217
138, 165
138, 196
138, 360
140, 149
140, 219
140, 346
140, 349
140, 380
140, 398
142, 144
142, 152
143, 300
144, 152
145, 161
145, 185
145, 203
145, 224
145, 242
145, 254
145, 256
145, 263
145, 292
145, 341
145, 347
145, 373
147, 296
148, 156
148, 194
148, 303
150, 377
150, 392
153, 301
154, 195
154, 354
154, 382
155, 167
155, 221
156, 244
157, 255
159, 288
159, 309
159, 340
160, 194
161, 185
161, 203
161, 351
163, 203
163, 242
163, 263
163, 270
163, 381
164, 361
166, 221
166, 251
167, 221
167, 302
169, 306
169, 311
169, 336
169, 365
170, 198
170, 230
170, 258
171, 272
171, 285
173, 246
173, 283
174, 348
174, 398
175, 330
175, 357
176, 298
176, 317
177, 225
177, 321
178, 218
179, 190
179, 193
180, 232
180, 233
180, 284
182, 246
182, 283
183, 355
184, 215
184, 383
185, 224
185, 292
185, 326
185, 347
185, 351
186, 215
186, 226
186, 235
186, 262
186, 324
186, 335
186, 379
187, 206
187, 387
187, 389
188, 260
188, 288
189, 368
191, 241
191, 249
191, 275
192, 284
194, 303
195, 354
196, 214
196, 304
196, 318
197, 201
198, 230
198, 274
200, 225
201, 234
202, 266
203, 242
203, 381
204, 363
205, 384
206, 387
206, 395
206, 399
207, 217
207, 223
208, 218
208, 247
208, 333
208, 358
208, 388
209, 255
210, 230
210, 258
211, 394
214, 318
215, 262
215, 307
216, 220
216, 245
216, 346
216, 349
218, 358
218, 386
219, 380
220, 245
220, 346
222, 243
222, 302
222, 375
224, 254
224, 292
224, 326
225, 321
228, 299
228, 322
229, 343
230, 258
230, 259
231, 237
231, 260
231, 288
232, 233
233, 276
233, 284
235, 335
236, 333
236, 344
236, 364
237, 288
239, 290
242, 263
246, 283
247, 388
249, 320
250, 300
252, 342
253, 332
256, 341
259, 286
260, 288
261, 342
263, 270
263, 341
265, 274
265, 280
267, 283
268, 305
269, 274
271, 282
272, 285
275, 332
276, 284
277, 385
279, 293
280, 353
286, 357
287, 329
288, 309
288, 340
292, 347
294, 325
295, 341
302, 375
304, 318
304, 334
305, 379
306, 365
310, 391
312, 336
312, 365
313, 317
313, 398
314, 363
319, 377
319, 392
324, 379
331, 360
333, 358
335, 356
336, 365
338, 362
344, 364
345, 368
346, 349
348, 398
349, 380
354, 371
354, 382
359, 398
362, 378
366, 367
370, 385
377, 392
387, 389
387, 395
end