340
4
0, 0.42353109812205036, 0.44889781397546125
1, 0.29103516897862813, 0.2064784837511925
2, 0.4125391178100283, 0.051940218160421714
3, 0.9790689742490432, 0.3064893563227318
4, 0.6868949331943832, 0.557117122846202
5, 0.3420584993369865, 0.8989099403076496
6, 0.23675399070307612, 0.29504295482422305
7, 0.6097626174644427, 0.3502095156875078
8, 0.6708377688008268, 0.008696488095386257
9, 0.13426872235668963, 0.26273012813118857
10, 0.4787480570422852, 0.9547197686683543
11, 0.16375844827478392, 0.7478628212792883
12, 0.3656299541105211, 0.1538791246759632
13, 0.5616701402848264, 0.6758060306530985
14, 0.5871262278951099, 0.7486161197991154
15, 0.9313123390511405, 0.6248130068174079
16, 0.4757914673732757, 0.24636371636681875
17, 0.23574226937455967, 0.8836336089429276
18, 0.2540048964354107, 0.7892354680937362
19, 0.18609916939653448, 0.842954759388012
20, 0.6357711031444868, 0.8470216048714081
21, 0.4602253652468886, 0.4573838312292352
22, 0.7265587122412482, 0.2873316663001425
23, 0.7420720667483272, 0.9055781146666928
24, 0.27062607520443394, 0.35997582161705044
25, 0.6617721190150148, 0.8985563738702401
26, 0.9321469080799706, 0.4886773439570995
27, 0.2787937739846068, 0.5063160709184589
28, 0.7669365611922957, 0.1570774296458587
29, 0.2491791214843987, 0.8219497657039669
30, 0.8099057563117683, 0.457592218685017
31, 0.26112625497160913, 0.6892247479806792
32, 0.1084927422275036, 0.6164915072809094
33, 0.1438422016885197, 0.4315684644069422
34, 0.6763779084230513, 0.5337851716788147
35, 0.33547021813185984, 0.8361633468155913
36, 0.5990894610978195, 0.45520694846989374
37, 0.4000082716167984, 0.585610799802293
38, 0.19914664474522814, 0.8177137389809909
39, 0.3753850664934242, 0.40677023091348663
40, 0.9811344143652743, 0.3237891505982955
41, 0.026926619132663143, 0.92207684488923
42, 0.0839743541958573, 0.5573351455883453
43, 0.965705603080005, 0.6641190308097915
44, 0.09452687252268677, 0.768758077794101
45, 0.23003228240974116, 0.5179216125713284
46, 0.34502625605430526, 0.529652660130194
47, 0.5003446157081302, 0.3162397304185789
48, 0.4504527390854327, 0.9453728673678602
49, 0.29637919898369025, 0.5385214729445337
50, 0.8802245238432004, 0.5419951834458896
51, 0.39030247586137334, 0.8761706897372649
52, 0.0226862117047556, 0.36611057729109564
53, 0.05584061278654773, 0.5409111848682668
54, 0.35025300477532173, 0.2905084155108093
55, 0.27213994247235274, 0.2860614519869171
56, 0.14227957126032187, 0.5661550159344356
57, 0.572940353927281, 0.12851344215028504
58, 0.6673340540008449, 0.6839306300319716
59, 0.2505188966486601, 0.15062958483434563
60, 0.053596467829711836, 0.22476978435674322
61, 0.27788161725540506, 0.001541089494477177
62, 0.8323526144604381, 0.6919548873987683
63, 0.7816430363217849, 0.7837734339192615
64, 0.06348350583755946, 0.8181109598727514
65, 0.09822209677204552, 0.0016742731945549316
66, 0.7284590628793338, 0.3558099811424309
67, 0.7780246304401486, 0.8307167548076108
68, 0.6397932751211652, 0.9856472042860493
69, 0.4372500213454382, 0.4046640465790804
70, 0.02489449124410459, 0.33932578150315584
71, 0.42009049967305, 0.9631945614744097
72, 0.4833171506379643, 0.1587996357412148
73, 0.9889968931009004, 0.5956331700799826
74, 0.14193613591933174, 0.5001098479792896
75, 0.1901297330678261, 0.13139545719566448
76, 0.7097461604000054, 0.46396451321670884
77, 0.5643888932226286, 0.774923996735298
78, 0.39390434166536015, 0.8570300516345575
79, 0.8699413076673573, 0.5633711252023604
80, 0.1466990692736706, 0.4962198171823343
81, 0.32797053935374376, 0.020489499889239204
82, 0.7160286033922881, 0.054293062344616505
83, 0.12639380729279137, 0.22091729620286515
84, 0.9028146608193828, 0.292601285013499
85, 0.9986944588479791, 0.016021764539491334
86, 0.9369867072122194, 0.784563200747294
87, 0.7102598096575006, 0.7616820029196426
88, 0.09305619897131989, 0.18101041702045817
89, 0.8267635086347855, 0.6408734355787489
90, 0.2012011180272386, 0.1853598816189611
91, 0.1599308052097974, 0.17691171353974688
92, 0.32603746560913627, 0.6681535422762285
93, 0.8352999514079891, 0.7305757290682583
94, 0.7224376458962309, 0.5132267062641278
95, 0.9963714418941788, 0.5740351758753601
96, 0.8495959632709592, 0.26988217635438416
97, 0.8831049561281608, 0.6295191614075618
98, 0.4589358125537246, 0.3158734614934725
99, 0.9146976855310595, 0.09120214452184694
100, 0.4446149131386333, 0.24291287163206743
101, 0.9331151303168461, 0.5371207196031609
102, 0.3686445849101109, 0.7386238135688104
103, 0.960414336506368, 0.6340572356825485
104, 0.3121134921954801, 0.38236531319616174
105, 0.10647077550247375, 0.4967248259267536
106, 0.23605846223865712, 0.5352631260819961
107, 0.033668412488018995, 0.35213417649808165
108, 0.5890144129301497, 0.415222712234561
109, 0.43365881609051893, 0.764176258737681
110, 0.12157234949102669, 0.16743542798719346
111, 0.26471497785392517, 0.40315583006962186
112, 0.29852761035386877, 0.9215752448203324
113, 0.9838615342948702, 0.9355813344083177
114, 0.4558703176008623, 0.09793295784020051
115, 0.46443747808713565, 0.8706547896827747
116, 0.12879622870087737, 0.24970999235808522
117, 0.5088209328235617, 0.8072324312425933
118, 0.3196054497439037, 0.44837360097162005
119, 0.3786521492317708, 0.25048856386957874
120, 0.0016572587889651658, 0.7307693381251605
121, 0.2804766711783725, 0.7359969946739688
122, 0.08967507734725233, 0.5843822354718236
123, 0.9906576299651108, 0.3454549450620903
124, 0.9051289268189396, 0.5258128625499383
125, 0.7655179832372648, 0.879128222164139
126, 0.34425325563837195, 0.1553176207568715
127, 0.3603909129761679, 0.5822598841423992
128, 0.48027427188765326, 0.4804702125615541
129, 0.08057095537481951, 0.9230854134324415
130, 0.2842617222117918, 0.7006294281053436
131, 0.2171024092188345, 0.6137639119735708
132, 0.46266744439801355, 0.6068005876448059
133, 0.02736086050506492, 0.5926152963554484
134, 0.38735135631130135, 0.2443507371564705
135, 0.06164554171688175, 0.1910819831379913
136, 0.8177414251478196, 0.7120835212644476
137, 0.20512988361872853, 0.7519919100681035
138, 0.7760253383419689, 0.444942202299894
139, 0.8006045006619196, 0.26210692590754725
140, 0.6108534953253635, 0.11612138520108972
141, 0.2391422405142788, 0.7522671106220437
142, 0.675746008878488, 0.7032247845904707
143, 0.40405467656918226, 0.8271995860554652
144, 0.011927035147254794, 0.8442451076843867
145, 0.7659509741179313, 0.7017689151940851
146, 0.13229787802932236, 0.6430301343355712
147, 0.2883781097732423, 0.073619086650758
148, 0.758934585432584, 0.7638114412036212
149, 0.5921793218661046, 0.08896758585017905
150, 0.023236296763652353, 0.21185238048150978
151, 0.5392498801600186, 0.20818681683403806
152, 0.8026983528966817, 0.5937672835923539
153, 0.3288034956657918, 0.8710626738286051
154, 0.6091725500999577, 0.6218469631356408
155, 0.6532425914309864, 0.8862257320223204
156, 0.27142867089731926, 0.6425771755463642
157, 0.37281185945072826, 0.4709452324533683
158, 0.6539930897858066, 0.15145730302938443
159, 0.9680165200134128, 0.6996780688048261
160, 0.004494475984454849, 0.7774688845531497
161, 0.892667954479698, 0.8792033314275406
162, 0.3565894368988616, 0.8909123605840025
163, 0.47024829451058126, 0.8487405389386623
164, 0.5249911903545771, 0.610384181427059
165, 0.5963468395881242, 0.2588654030201275
166, 0.6729372033760962, 0.32742470829654124
167, 0.5731847600397113, 0.5110199473932451
168, 0.35225454011671653, 0.18666544365411397
169, 0.13827635798673188, 0.9791695721321795
170, 0.06921642005674422, 0.08994415408020984
171, 0.05303681182087083, 0.36282232820757365
172, 0.6350184760946082, 0.6638776468539184
173, 0.8613503445527266, 0.899821830232161
174, 0.5853055167450293, 0.32932979019443287
175, 0.2635701848739763, 0.42039759629904694
176, 0.07332298085658251, 0.4263790167203434
177, 0.43329042200197376, 0.6627655246783739
178, 0.8724429459479747, 0.025717857949312806
179, 0.08194819343897786, 0.46944224981644656
180, 0.11223231481975049, 0.5353181397325631
181, 0.9568303493442759, 0.9467299578539896
182, 0.9067990390367769, 0.2668652946228568
183, 0.17138822924267705, 0.45814007023147996
184, 0.20373804155626785, 0.40021349490776714
185, 0.6504523834996314, 0.15026871272694187
186, 0.8418507687308365, 0.7764245732442263
187, 0.25536024589951045, 0.39704411498314496
188, 0.5140066530349722, 0.9374443065174847
189, 0.1259693674822071, 0.11235585425582284
190, 0.02135898139101111, 0.9248769625941589
191, 0.026545674452855605, 0.9086981706597728
192, 0.4334637792820083, 0.8646795673615711
193, 0.9826402806399718, 0.6432669390572004
194, 0.6072014742201971, 0.7212207097663673
195, 0.4442791604445243, 0.2642936379936486
196, 0.8487416195662617, 0.9681795202834242
197, 0.779197115595918, 0.35435357212281826
198, 0.5568377245874502, 0.6174985015995271
199, 0.039102341974432075, 0.018866954084033383
200, 0.1579708221516487, 0.4714487451067647
201, 0.08065759526371696, 0.9811214398436343
202, 0.37406089744972804, 0.40702156807280465
203, 0.2558483773738942, 0.8694724810010575
204, 0.9102029388072305, 0.5154712883479423
205, 0.5717669163495891, 0.006266539677226901
206, 0.23925274518301487, 0.8036498535914854
207, 0.023110067197008033, 0.46079881146693313
208, 0.6022248256011549, 0.14336274067498433
209, 0.23190383146425997, 0.4387217315639451
210, 0.39150491835092904, 0.2602350273153533
211, 0.10827355659047333, 0.32275059833161235
212, 0.7854209772455922, 0.01735345741595895
213, 0.016899444627444082, 0.4975894366363933
214, 0.5753144722348319, 0.017611158658420112
215, 0.3636407231405314, 0.8938668652188053
216, 0.7618671358031867, 0.4142480517806263
217, 0.025156394302342955, 0.4851221842164247
218, 0.7129880453807469, 0.07697629857246291
219, 0.36494640571932924, 0.46425618764795096
220, 0.4946101932532543, 0.9690501714490971
221, 0.6585372596441995, 0.6592494231147865
222, 0.7261049805324375, 0.2751124309436551
223, 0.3151531352678766, 0.8670359058339511
224, 0.29194081673427086, 0.3691052254301638
225, 0.16736343804156428, 0.39092816106856687
226, 0.31472040178129157, 0.9241249589270029
227, 0.2140273725262105, 0.7737529567911708
228, 0.7364547119727849, 0.6783598126910966
229, 0.16621873644378893, 0.0552088839477094
230, 0.7631866710503207, 0.37899074831193447
231, 0.25421872381909394, 0.9765399820445104
232, 0.649653062651129, 0.9286380011914679
233, 0.1449099344793533, 0.2727667666444187
234, 0.313945866007209, 0.1669096663360189
235, 0.909327539718299, 0.47510637391708876
236, 0.6219660754002773, 0.38839283740179964
237, 0.7110546778076634, 0.17436778867620129
238, 0.7860482256425486, 0.5646620506674443
239, 0.38269368568909556, 0.5668050341940967
240, 0.8293522794645601, 0.28883492611903916
241, 0.5778277056180102, 0.24843135981226916
242, 0.2401324667235626, 0.7502629886663614
243, 0.31079082772719147, 0.969242210443346
244, 0.9446572119466502, 0.053395009242518165
245, 0.9185196345911179, 0.9442235460161968
246, 0.809739365876664, 0.7326739580600762
247, 0.5597817004785207, 0.2595383194037444
248, 0.10116192801107937, 0.08081270542999552
249, 0.13187877310817775, 0.8395803720124396
250, 0.7711984114598863, 0.8766154683157968
251, 0.3544905751994033, 0.5743940391811333
252, 0.13516665152362373, 0.664718832138022
253, 0.8621479817572083, 0.1263774523466672
254, 0.5869971014558444, 0.9417346399616152
255, 0.49011665589322095, 0.3669622890996289
256, 0.15304683965027255, 0.9975786416253
257, 0.10725563213205191, 0.821110572618211
258, 0.3014574817466458, 0.9125367607975785
259, 0.22214100932890601, 0.09967853363251988
260, 0.9383461340117268, 0.5761261824787516
261, 0.9112063935373622, 0.2343842002404125
262, 0.5655733842233164, 0.6880586715992163
263, 0.33036957451519444, 0.25090190637512266
264, 0.4189733127979718, 0.9636612382790222
265, 0.2770683275260981, 0.5373788618633881
266, 0.4136783598152537, 0.5251145897254199
267, 0.04098408693619715, 0.12492852212930583
268, 0.8038494450775916, 0.808356122808251
269, 0.8644656104025832, 0.6917047324343448
270, 0.11860669577243244, 0.3040319241985723
271, 0.5134125770081743, 0.5920761727470563
272, 0.46463224837879624, 0.21649620198839548
273, 0.3946717212961738, 0.2378094434190905
274, 0.3610873548513466, 0.6899533616111729
275, 0.24493105972298235, 0.5503086965981902
276, 0.6149397077466803, 0.9485149303425856
277, 0.4247933056761686, 0.2867938624021863
278, 0.22061413265728602, 0.2820803315277155
279, 0.009021194330330218, 0.9738189327696014
280, 0.33386148462240217, 0.3899883617629083
281, 0.48831103991279534, 0.5912688132785322
282, 0.8954290548180488, 0.6314197533009043
283, 0.724471337018801, 0.4734906497774992
284, 0.9413438759328787, 0.08130026459025941
285, 0.7411505125877218, 0.5430610829030339
286, 0.05029825420915224, 0.6520399649117893
287, 0.8132904130700739, 0.29131321806687804
288, 0.7780342956406257, 0.8005016314187046
289, 0.7990582792351392, 0.7596576901539723
290, 0.9449907810941275, 0.15166382364036812
291, 0.7838387052061475, 0.0983014796510655
292, 0.3778240631507771, 0.7971381950763822
293, 0.11006456312940793, 0.5640564243199286
294, 0.08781524130300866, 0.3256201864117032
295, 0.9892217301189432, 0.32845974388143784
296, 0.7861081736675761, 0.4410313266374317
297, 0.19710414006047194, 0.6468231523426814
298, 0.06857803981096722, 0.6893130895125318
299, 0.5466285439982403, 0.7846395808528542
300, 0.17258480874529292, 0.3540470399092467
301, 0.12340765545889254, 0.9419382415977919
302, 0.9281795036174982, 0.0315135454763148
303, 0.40419985981506246, 0.6941399297838212
304, 0.6728924006528297, 0.29875807225565587
305, 0.8805054720157987, 0.9072435704169907
306, 0.029152520217435307, 0.8275787515956153
307, 0.26221487602700144, 0.751041077422535
308, 0.847600635916514, 0.4083543950360309
309, 0.04191775918180718, 0.8678837999479211
310, 0.9943072838510361, 0.4543351469707676
311, 0.2111767729532723, 0.19505893724619583
312, 0.3793442235540029, 0.8506225347687519
313, 0.7835917850961985, 0.13996542826910374
314, 0.8267866558361946, 0.3173695602176603
315, 0.4825385224238792, 0.007498831796893479
316, 0.6233901412389982, 0.43457950225551845
317, 0.28488796376502623, 0.23478853760041551
318, 0.7157794820640164, 0.6627823548767681
319, 0.7065279830144696, 0.6720928272487119
320, 0.10281678730952015, 0.48061114980129616
321, 0.006240545096399486, 0.3969732855510225
322, 0.03255592615781033, 0.004155990533971754
323, 0.7779049778031537, 0.30385775087510625
324, 0.6421671396014472, 0.011790692030431926
325, 0.25587800263650984, 0.809080527728546
326, 0.2789854345022891, 0.31950454121788485
327, 0.7217563697995112, 0.5628483503092453
328, 0.30537422849595186, 0.8359119578977932
329, 0.7534607166776414, 0.611663415914161
330, 0.7001614597142344, 0.9725997773567728
331, 0.7590252459133082, 0.9397971719788302
332, 0.6449790319847943, 0.04093926909747414
333, 0.09245227527898492, 0.007632123176738559
334, 0.37007509072548683, 0.15169298335979786
335, 0.2480067173452004, 0.02343544163674538
336, 0.12398686257703806, 0.753364233800569
337, 0.4225692792913429, 0.15508179023692503
338, 0.7015332449598992, 0.9760244612472587
339, 0.015090434218950288, 0.1670862319060531
end_nodes
0, 1
0, 2
0, 3
0, 4
0, 5
0, 6
0, 7
0, 8
0, 9
0, 10
0, 11
0, 12
0, 13
0, 14
0, 15
0, 16
0, 17
0, 18
1, 2
1, 6
1, 9
1, 12
1, 39
1, 54
1, 55
1, 59
1, 60
1, 61
1, 65
1, 75
1, 81
1, 83
1, 88
1, 90
1, 91
2, 8
2, 12
2, 16
2, 57
2, 61
2, 72
2, 81
2, 100
2, 114
2, 126
2, 134
2, 149
2, 151
2, 195
2, 205
2, 210
3, 7
3, 8
3, 15
3, 21
3, 22
3, 26
3, 28
3, 30
3, 34
3, 36
3, 40
3, 43
3, 47
3, 50
3, 66
3, 73
3, 76
4, 13
4, 14
4, 15
4, 20
4, 23
4, 25
4, 43
4, 58
4, 62
4, 63
4, 67
4, 68
4, 86
4, 87
4, 89
4, 93
4, 97
5, 10
5, 17
5, 35
5, 37
5, 41
5, 48
5, 51
5, 71
5, 78
5, 102
5, 109
5, 112
5, 115
5, 129
5, 143
5, 153
5, 162
6, 9
6, 39
6, 55
6, 202
6, 278
6, 280
6, 326
7, 47
7, 66
7, 166
7, 174
7, 236
7, 255
7, 314
8, 22
8, 28
8, 47
8, 57
8, 69
8, 82
8, 85
8, 99
8, 139
8, 140
8, 149
8, 151
8, 158
8, 165
8, 178
9, 11
9, 24
9, 27
9, 32
9, 33
9, 41
9, 42
9, 44
9, 45
9, 46
9, 49
9, 52
9, 53
9, 56
9, 60
10, 14
10, 20
10, 48
10, 68
10, 71
10, 77
10, 115
10, 117
10, 132
10, 163
10, 172
10, 177
10, 188
10, 194
10, 220
10, 221
11, 17
11, 18
11, 19
11, 29
11, 31
11, 32
11, 33
11, 38
11, 41
11, 44
11, 45
11, 46
11, 49
11, 56
11, 64
11, 74
12, 54
12, 119
12, 126
12, 134
12, 168
12, 263
12, 334
13, 14
13, 128
13, 154
13, 164
13, 167
13, 198
13, 262
13, 271
14, 77
14, 117
14, 132
14, 172
14, 262
14, 281
14, 299
15, 21
15, 26
15, 30
15, 34
15, 43
15, 50
15, 79
15, 94
15, 97
15, 101
15, 103
15, 124
15, 152
15, 204
15, 235
16, 69
16, 72
16, 98
16, 100
16, 151
16, 195
16, 272
16, 277
17, 19
17, 29
17, 35
17, 38
17, 41
17, 92
17, 102
17, 127
17, 153
17, 203
17, 223
17, 239
17, 249
17, 257
17, 274
18, 29
18, 31
18, 121
18, 127
18, 130
18, 137
18, 141
18, 156
18, 206
18, 227
18, 242
18, 251
18, 307
18, 325
19, 38
19, 257
20, 58
20, 68
20, 188
20, 221
20, 254
20, 276
21, 34
21, 36
21, 76
21, 108
21, 230
21, 283
21, 316
22, 47
22, 84
22, 96
22, 139
22, 158
22, 165
22, 182
22, 185
22, 222
22, 237
22, 240
22, 247
22, 287
22, 304
22, 323
23, 25
23, 67
23, 68
23, 86
23, 87
23, 93
23, 113
23, 125
23, 161
23, 173
23, 181
23, 186
23, 196
23, 232
23, 245
23, 250
23, 268
24, 46
24, 104
24, 111
24, 118
24, 157
24, 175
24, 187
24, 219
24, 224
24, 233
25, 87
25, 142
25, 155
25, 232
26, 101
26, 235
26, 260
27, 46
27, 49
28, 82
28, 96
28, 139
28, 182
28, 218
28, 313
29, 206
29, 227
29, 325
30, 34
30, 50
30, 79
30, 94
30, 308
31, 137
31, 141
31, 156
31, 242
32, 44
32, 56
32, 146
32, 252
32, 336
33, 74
33, 80
34, 94
34, 138
34, 238
34, 283
34, 285
34, 296
34, 308
35, 102
35, 153
35, 203
35, 223
35, 328
36, 76
36, 216
36, 230
36, 316
37, 109
37, 115
37, 177
37, 266
37, 292
37, 303
39, 55
39, 202
39, 317
39, 326
40, 73
40, 85
40, 95
40, 123
40, 295
40, 310
41, 42
41, 52
41, 53
41, 64
41, 71
41, 105
41, 120
41, 122
41, 129
41, 133
41, 144
41, 160
41, 169
41, 171
42, 53
42, 179
42, 286
43, 73
43, 86
43, 89
43, 95
43, 97
43, 103
43, 113
43, 159
43, 193
43, 269
43, 282
44, 64
44, 105
44, 180
44, 293
44, 336
45, 49
45, 106
45, 131
45, 183
45, 184
45, 200
45, 209
45, 225
45, 265
45, 275
45, 297
45, 300
46, 49
46, 118
46, 157
46, 175
46, 219
46, 233
47, 140
47, 166
47, 174
47, 208
47, 247
47, 255
47, 304
47, 314
47, 323
48, 71
49, 131
49, 209
49, 265
49, 275
49, 297
50, 124
50, 204
50, 235
51, 78
51, 109
51, 115
51, 143
51, 162
51, 192
51, 215
52, 60
52, 65
52, 70
52, 107
52, 120
52, 133
52, 150
52, 170
52, 171
52, 191
52, 199
52, 207
52, 211
52, 213
52, 217
52, 267
53, 171
53, 176
53, 179
53, 211
53, 270
53, 286
54, 119
54, 263
55, 317
55, 326
56, 74
56, 146
56, 252
57, 114
57, 149
57, 151
57, 332
58, 68
59, 61
59, 65
59, 229
59, 259
59, 335
60, 65
60, 83
60, 88
60, 107
60, 116
60, 135
60, 189
60, 248
61, 65
61, 81
61, 147
61, 205
61, 229
61, 315
61, 335
62, 86
62, 93
62, 186
63, 67
63, 93
63, 136
63, 145
63, 148
63, 228
63, 246
63, 288
63, 289
64, 105
64, 309
65, 75
65, 90
65, 91
65, 135
65, 170
65, 189
65, 199
65, 229
65, 248
65, 267
65, 322
65, 333
66, 197
66, 236
67, 93
67, 148
67, 288
67, 318
67, 319
68, 71
68, 142
68, 155
68, 169
68, 188
68, 196
68, 201
68, 220
68, 231
68, 232
68, 243
68, 254
68, 256
69, 98
69, 151
70, 170
70, 267
71, 112
71, 129
71, 220
71, 226
71, 243
71, 264
71, 301
72, 151
73, 95
74, 80
75, 90
76, 138
76, 216
76, 283
76, 296
77, 117
77, 299
78, 143
78, 162
79, 94
81, 147
81, 234
82, 313
83, 116
84, 182
84, 240
84, 287
85, 95
85, 99
85, 123
85, 178
85, 205
85, 212
85, 244
85, 261
85, 284
85, 290
85, 295
85, 302
85, 310
86, 113
86, 125
86, 159
86, 161
86, 186
86, 250
86, 269
86, 305
86, 329
88, 91
88, 110
88, 189
88, 311
89, 269
89, 329
90, 91
91, 110
91, 189
91, 311
92, 127
93, 136
93, 186
93, 246
93, 268
93, 289
94, 238
94, 285
95, 113
95, 193
95, 310
96, 139
96, 182
97, 152
97, 282
98, 151
99, 178
99, 244
99, 253
99, 261
99, 284
99, 291
99, 302
100, 195
100, 272
101, 260
102, 203
102, 239
102, 274
102, 328
104, 157
104, 224
105, 122
105, 180
105, 298
105, 309
105, 320
106, 131
106, 275
109, 115
109, 143
109, 192
109, 292
109, 303
109, 312
110, 189
111, 175
111, 187
112, 129
112, 226
112, 258
113, 159
113, 181
113, 193
113, 305
114, 151
115, 177
115, 192
115, 215
117, 132
117, 299
118, 219
120, 150
120, 160
120, 191
120, 207
120, 213
120, 279
120, 321
120, 339
121, 251
122, 298
123, 295
123, 310
124, 204
125, 186
125, 250
127, 325
128, 164
128, 167
128, 198
128, 271
129, 258
130, 156
130, 251
130, 307
131, 275
131, 297
132, 163
132, 281
133, 171
133, 217
133, 306
134, 210
134, 334
135, 248
136, 145
136, 246
137, 141
138, 283
138, 296
139, 218
139, 222
139, 237
141, 242
142, 155
143, 312
144, 160
144, 190
144, 279
146, 252
148, 228
148, 288
150, 199
150, 322
150, 339
151, 332
153, 223
154, 167
155, 232
156, 251
156, 307
157, 219
158, 185
160, 279
161, 173
161, 305
164, 271
165, 185
165, 208
165, 241
165, 247
166, 174
166, 314
167, 198
168, 263
169, 190
169, 201
169, 231
169, 243
169, 279
169, 301
170, 267
171, 176
171, 211
171, 217
171, 306
172, 194
172, 221
173, 305
175, 187
175, 233
176, 211
177, 266
178, 212
178, 302
180, 293
181, 196
181, 245
182, 240
183, 200
183, 225
184, 209
184, 300
186, 268
187, 233
188, 254
189, 248
190, 279
191, 207
194, 221
195, 277
195, 337
196, 245
196, 330
196, 331
196, 338
197, 236
199, 267
199, 322
199, 333
200, 225
201, 256
201, 279
203, 328
204, 235
205, 214
205, 315
205, 324
206, 227
207, 213
208, 241
208, 247
209, 300
210, 273
211, 270
211, 294
214, 324
222, 237
229, 259
229, 335
230, 316
231, 243
238, 285
239, 274
241, 247
243, 264
243, 301
244, 302
246, 289
249, 257
253, 261
253, 291
254, 276
256, 279
259, 335
261, 284
261, 290
261, 291
265, 275
267, 333
269, 329
270, 294
277, 337
292, 303
298, 320
304, 323
318, 319
321, 339
322, 339
330, 331
330, 338
end