260
4
0, 0.7327756796573288, 0.8319036403508306
1, 0.9653182460666089, 0.8821833985221703
2, 0.025220592687384413, 0.2664523836878132
3, 0.7278320113321073, 0.8609129758459153
4, 0.8441952811042328, 0.2540201717478553
5, 0.6118861248028061, 0.5506337411549626
6, 0.855478012500555, 0.8541852653658107
7, 0.2607477844627806, 0.07489249806665144
8, 0.6144986292768477, 0.8858919280105154
9, 0.7254721305302279, 0.5626084378577237
10, 0.45203768774310116, 0.32100703223787974
11, 0.1741120855963043, 0.10672040505267355
12, 0.01848208182130795, 0.9475432843929948
13, 0.2825295705596348, 0.2933833093320678
14, 0.0019683668101336815, 0.7929248605366784
15, 0.33403750445396063, 0.8346073053249962
16, 0.6513931260000639, 0.7780101507318903
17, 0.5282165113782703, 0.1869095862704231
18, 0.4255923821154537, 0.43436170526488693
19, 0.21600036568613312, 0.48492986913118963
20, 0.23130115759029535, 0.1639064036192599
21, 0.8867417252739219, 0.3103223346641888
22, 0.892485830408463, 0.6108121471318558
23, 0.4168667273584785, 0.9397532771843565
24, 0.6749170724967485, 0.11863510523492204
25, 0.14022458602259458, 0.7674804289205969
26, 0.09026425239306846, 0.6845313950667054
27, 0.627792068813723, 0.7692761917865845
28, 0.6106897262597396, 0.7699726350842211
29, 0.11997508152306868, 0.6101273357664231
30, 0.5022945342913007, 0.7270334224015703
31, 0.5979826023913246, 0.3032918108584376
32, 0.10558788422594001, 0.13444382826970724
33, 0.12391138447516048, 0.2081805407812527
34, 0.5929723343645409, 0.7364794104244753
35, 0.6177499191846113, 0.8531229946912919
36, 0.3836681589517107, 0.8237977223569772
37, 0.6465596813214932, 0.034365422567849135
38, 0.4199807938788145, 0.21326424770021857
39, 0.7623373944770885, 0.4274995600506457
40, 0.3107172141079, 0.608217217513067
41, 0.17902315999542462, 0.37177344121921196
42, 0.10273509014460303, 0.42965078447634686
43, 0.8778317955064482, 0.45828899490970865
44, 0.4544157828564187, 0.6070994618843474
45, 0.35113164224356663, 0.7595219456961213
46, 0.9259687087918443, 0.2155931527311301
47, 0.06882223989171254, 0.2458430933528345
48, 0.490621295159836, 0.046975173736900744
49, 0.807584435177091, 0.6812899796028249
50, 0.8421526157462715, 0.15461794101145954
51, 0.12721116782146935, 0.5154602414183889
52, 0.24941164696852292, 0.04451337206639039
53, 0.5555743355456354, 0.6810852327175632
54, 0.8213498632132312, 0.18160479726882495
55, 0.7394210260382654, 0.19261161434837137
56, 0.8235169260063975, 0.685444272858845
57, 0.5685156611500036, 0.5117657625485528
58, 0.897943837338931, 0.201579903677788
59, 0.6232119962148481, 0.4988984783743051
60, 0.5370394331939881, 0.35927450697489227
61, 0.287056372757703, 0.8066972081024878
62, 0.30737467261331564, 0.8092699778120175
63, 0.9942932263998678, 0.23494611579070024
64, 0.9042428492612623, 0.3593108181277782
65, 0.3113865331961988, 0.606905488949247
66, 0.24812516293838338, 0.0938432909593222
67, 0.2477216476467371, 0.7404125190288194
68, 0.7394098954015067, 0.10260895673304282
69, 0.44409001622795574, 0.38096102802002785
70, 0.9390957142852261, 0.9996335171291936
71, 0.3840914352815661, 0.8429574988686596
72, 0.4136833759862667, 0.4760402813341662
73, 0.9137886791573627, 0.1705639676751659
74, 0.39882154412529847, 0.19337647360206967
75, 0.4642637933558974, 0.23425574785512593
76, 0.6543083103485607, 0.9818198444249565
77, 0.3616056725294112, 0.29179446635339823
78, 0.5371401791621504, 0.6001237852071799
79, 0.7330998139939088, 0.3384291270902915
80, 0.43539500331368386, 0.21095760974637312
81, 0.29734098610977056, 0.858552731654304
82, 0.8177945985333906, 0.39259459615087655
83, 0.4131429159726936, 0.9815537828646114
84, 0.4986406050490172, 0.10787823241431016
85, 0.6227244244815496, 0.9232145280243385
86, 0.21761382965714893, 0.7821675483038948
87, 0.33266402083504343, 0.418737207621693
88, 0.6233837356401997, 0.8847331998072038
89, 0.4003734675551809, 0.9651009292289395
90, 0.9504170032552022, 0.5670503523016512
91, 0.7799068081639751, 0.9201159029917033
92, 0.25824398157686856, 0.9814394832196932
93, 0.488974598373342, 0.29965835461886625
94, 0.40488228144014204, 0.6963394884543447
95, 0.754707306535035, 0.5061255201560276
96, 0.7422260780376972, 0.7001175670000901
97, 0.4279801795058442, 0.7837487001636125
98, 0.22767922502538718, 0.896001445179424
99, 0.8704553075349388, 0.06094006549723763
100, 0.6707243008309407, 0.6792811360597459
101, 0.37310720525064234, 0.7910179249528942
102, 0.4867255929671701, 0.2170659532058854
103, 0.7508253077219251, 0.5119936410227897
104, 0.9154147342612107, 0.28172387093117546
105, 0.1327126935841887, 0.8290388548649864
106, 0.7772655225946935, 0.8304535054838315
107, 0.28945732734189766, 0.1891824009154196
108, 0.6372452189052683, 0.579382044725686
109, 0.015257145616213386, 0.28634430391928645
110, 0.9408269598767601, 0.29223483264585903
111, 0.04304657812002888, 0.821732136299436
112, 0.895470027425425, 0.323211318482295
113, 0.4159646537073063, 0.7008309913303284
114, 0.729927233450685, 0.7557950734638345
115, 0.4525014162313252, 0.6413416351409967
116, 0.12930640204717325, 0.5013386281978593
117, 0.9068889611838034, 0.5671357850540495
118, 0.20742006575380734, 0.12360074205192928
119, 0.9154288714097755, 0.4224604844655937
120, 0.502542550752439, 0.8503918718604484
121, 0.2289015645550081, 0.9763730688816983
122, 0.3286510529594485, 0.82097059722031
123, 0.5188699527356461, 0.5776477022050224
124, 0.649220622674251, 0.9684946354550705
125, 0.9038547523044806, 0.5263427290207202
126, 0.037255681955140396, 0.059881213894893204
127, 0.1677485262625672, 0.623074914091373
128, 0.4561595277984819, 0.1637340969961122
129, 0.5396437305825073, 0.5350781816642711
130, 0.36888873642624354, 0.4617465470754396
131, 0.4820342225823633, 0.8813351157298129
132, 0.8236730267506788, 0.8773996641897049
133, 0.5039180348317952, 0.5492482421549059
134, 0.20827336834877286, 0.9040032169150355
135, 0.22051085734626474, 0.7920748383921682
136, 0.7147262005632632, 0.29524854544336476
137, 0.46367495475820286, 0.3147717866930956
138, 0.2886468692827555, 0.48938107053637103
139, 0.45434250992314196, 0.5314561142218275
140, 0.7783369948825467, 0.3494498131064704
141, 0.6303271292879761, 0.41508009555040914
142, 0.9361391105279611, 0.6503273409692936
143, 0.6351748539733378, 0.3005188123024214
144, 0.15212766874766337, 0.09172592238218746
145, 0.2570567256473909, 0.1344507324886488
146, 0.8827879830077543, 0.060799667027848114
147, 0.723261113312361, 0.2543946092707633
148, 0.06020822904283929, 0.017062422285837875
149, 0.37571556328181954, 0.7875355275818644
150, 0.2975622360242285, 0.017149983558330972
151, 0.6017125596197852, 0.6222506455842683
152, 0.020721210379455623, 0.3527611178863058
153, 0.9452815205813944, 0.15377368720620943
154, 0.676176929364797, 0.03343708969009651
155, 0.2779185437870152, 0.503130144493063
156, 0.3441014863227623, 0.04278524433739006
157, 0.36776726179228525, 0.5333946495995083
158, 0.31820418409324924, 0.2760533783874063
159, 0.13102789829955586, 0.2624639721986447
160, 0.31518617549599826, 0.27014665497018864
161, 0.4576516170532263, 0.774963248206331
162, 0.3666357030548151, 0.16886103364294747
163, 0.8272080589522415, 0.3660553407180843
164, 0.18074077440789138, 0.1442640765232277
165, 0.8350290340105654, 0.5356286665079514
166, 0.9354552088732164, 0.35208415419638184
167, 0.20908804139950465, 0.4329571231829007
168, 0.5321799185523822, 0.1568225624797488
169, 0.6515958030593217, 0.5113514718903629
170, 0.42133020744499405, 0.8380645343311167
171, 0.12248485181365354, 0.4240625808289443
172, 0.24037978015625194, 0.9329257779113497
173, 0.34597905538105744, 0.7243438771806658
174, 0.08645262968884626, 0.39886235658433333
175, 0.13854386621635195, 0.9773809091797967
176, 0.6344990034235886, 0.9545146453961268
177, 0.6956215266641979, 0.008083251311346129
178, 0.6235939499555012, 0.8945787270489464
179, 0.6051996603898088, 0.746924944632849
180, 0.28635200273773276, 0.9769085912662795
181, 0.4177593678706438, 0.512078965464019
182, 0.6736872710026844, 0.7607574729091097
183, 0.43653077373475857, 0.012994127518866305
184, 0.8164420956435737, 0.56898237767443
185, 0.039949982272625806, 0.3901511865267081
186, 0.5934379194878531, 0.18751689687488615
187, 0.5231539437904803, 0.6200033934592976
188, 0.5907070361544249, 0.42499668773517507
189, 0.14284656693859588, 0.6966040001608724
190, 0.45136080208407403, 0.8738076959975895
191, 0.4057020654236224, 0.7086917541454311
192, 0.007171574965973426, 0.12577643466066624
193, 0.029802199998045453, 0.20784156958411037
194, 0.040457121530000806, 0.2447390230859312
195, 0.9962783064987553, 0.93373387224252
196, 0.679534380295775, 0.5331285908165739
197, 0.8912762674654979, 0.40069418121144973
198, 0.28712839745277496, 0.5953400812616871
199, 0.7013634736319063, 0.925104531277572
200, 0.792860608952708, 0.4471503563874457
201, 0.8984937087477464, 0.8764535812766058
202, 0.3145126691435234, 0.6084142214099029
203, 0.6590510169412576, 0.25690444814963975
204, 0.8712527717122809, 0.7728600533690421
205, 0.20630592195819475, 0.9266883086200866
206, 0.23427889346507624, 0.22518080175711797
207, 0.5677437647400567, 0.7373974067922333
208, 0.5660752852655517, 0.6109007796488443
209, 0.2327699502771886, 0.7136546034236957
210, 0.5824070255260874, 0.059202618892870595
211, 0.022076500751170403, 0.6414746793727627
212, 0.4123232815727639, 0.733453514819443
213, 0.8952206860329137, 0.3827900336991543
214, 0.14030635756165266, 0.02594553836820257
215, 0.43304389619326, 0.9147335922400174
216, 0.7069247196990647, 0.014859659251482138
217, 0.06948564928116252, 0.490391831547799
218, 0.47224979387169563, 0.7668547659890603
219, 0.8753895890439536, 0.677475718203342
220, 0.39547977367518783, 0.5989727589538504
221, 0.06660916597130295, 0.48091917793352734
222, 0.1281484878503033, 0.6069412332362003
223, 0.35273486587315406, 0.28428339611126907
224, 0.22763794696354533, 0.6908442556828052
225, 0.5031762826342348, 0.06803040357598944
226, 0.00503162722678363, 0.362496004120619
227, 0.44770186471035045, 0.4340499701834015
228, 0.6456519901968597, 0.21492025889660904
229, 0.7872038367380767, 0.8761188199191043
230, 0.35155476839438904, 0.8626628195744568
231, 0.387065270342678, 0.04607469807719944
232, 0.41640382491213246, 0.8940954902259403
233, 0.015281650174251094, 0.022917959234337926
234, 0.09061574907931302, 0.7313975733380051
235, 0.43576858183562805, 0.705937283255603
236, 0.16523842080117357, 0.9468465556526707
237, 0.6952587517221864, 0.2361832101820618
238, 0.7618513434949428, 0.2700295676415473
239, 0.877948621148816, 0.6645442205200287
240, 0.14786927596598376, 0.7389531706696066
241, 0.8710829430070802, 0.7141583753231573
242, 0.8761319221030486, 0.14465132142353765
243, 0.722992054166308, 0.1616988868155076
244, 0.9307091753327009, 0.47883545679638984
245, 0.24427691351438174, 0.7280147415134857
246, 0.8519627772197386, 0.5388751486532262
247, 0.830654174559282, 0.4255394517288652
248, 0.03146772920424701, 0.5153415184336153
249, 0.12615572920915985, 0.3720360675004135
250, 0.6313672125242268, 0.8087859760058601
251, 0.44475400821725997, 0.9615115726150455
252, 0.2767902094482275, 0.04421444011939035
253, 0.4428547571536199, 0.3408589659627135
254, 0.5609610916150223, 0.047238660355871764
255, 0.9553674972440387, 0.028291447030934225
256, 0.12354378454998549, 0.5869390946146824
257, 0.16076291213509708, 0.7552552041389732
258, 0.20845871602230037, 0.7773666620001877
259, 0.857481373146624, 0.7883869557518957
end_nodes
0, 1
0, 2
0, 3
0, 4
0, 5
0, 6
0, 7
0, 8
0, 9
0, 10
0, 11
0, 12
0, 13
0, 14
0, 15
0, 16
1, 3
1, 4
1, 6
1, 8
1, 12
1, 21
1, 22
1, 23
1, 43
1, 46
1, 49
1, 50
1, 56
1, 58
1, 63
2, 11
2, 13
2, 14
2, 16
2, 19
2, 25
2, 26
2, 27
2, 28
2, 29
2, 30
2, 32
2, 33
2, 34
2, 40
3, 8
3, 88
3, 132
3, 201
3, 229
4, 5
4, 7
4, 9
4, 10
4, 17
4, 22
4, 24
4, 31
4, 37
4, 38
4, 39
4, 43
4, 48
4, 49
5, 9
5, 10
5, 31
5, 39
5, 57
5, 59
5, 60
5, 79
5, 100
5, 108
5, 114
5, 136
5, 140
5, 141
6, 49
6, 106
6, 204
6, 259
7, 10
7, 11
7, 17
7, 20
7, 38
7, 48
7, 52
7, 66
7, 69
7, 74
7, 77
7, 80
7, 84
7, 93
8, 12
8, 35
8, 88
8, 131
8, 132
8, 178
8, 201
8, 205
8, 215
8, 229
8, 232
9, 39
9, 95
9, 96
9, 103
9, 108
9, 114
9, 196
9, 200
10, 31
10, 57
10, 60
10, 93
10, 137
10, 147
10, 203
10, 238
10, 253
11, 13
11, 18
11, 20
11, 32
11, 33
11, 52
11, 66
11, 69
11, 118
11, 126
11, 129
11, 133
11, 144
12, 14
12, 15
12, 23
12, 35
12, 62
12, 70
12, 71
12, 76
12, 81
12, 83
12, 89
12, 92
12, 98
13, 33
13, 41
13, 44
13, 47
13, 53
13, 72
13, 78
13, 87
13, 123
13, 130
13, 133
13, 139
13, 157
14, 16
14, 25
14, 26
14, 28
14, 30
14, 45
14, 61
14, 62
14, 86
14, 97
14, 101
14, 105
14, 109
15, 36
15, 62
15, 71
15, 81
15, 120
15, 122
15, 170
16, 27
16, 28
16, 34
16, 61
16, 97
16, 101
16, 149
16, 179
16, 250
17, 80
17, 102
17, 128
17, 186
17, 228
17, 237
18, 133
18, 182
19, 30
19, 40
19, 65
19, 94
19, 113
19, 191
19, 202
19, 212
19, 235
19, 249
20, 66
20, 69
20, 77
20, 107
20, 118
20, 145
20, 223
21, 50
21, 58
21, 64
21, 99
21, 112
21, 119
21, 142
21, 146
21, 197
21, 213
21, 242
22, 43
22, 49
22, 56
22, 165
22, 219
22, 239
22, 241
22, 246
22, 247
23, 70
23, 76
23, 85
23, 89
23, 91
23, 124
23, 172
23, 176
23, 195
23, 199
23, 236
23, 251
24, 37
24, 48
24, 55
24, 183
24, 210
24, 243
24, 254
25, 26
25, 29
25, 30
25, 40
25, 42
25, 51
25, 67
25, 116
25, 127
25, 171
25, 173
25, 189
25, 198
25, 209
26, 185
26, 211
26, 217
26, 221
26, 234
26, 248
27, 28
27, 34
27, 138
27, 179
28, 30
28, 45
28, 86
28, 115
28, 138
28, 155
28, 161
28, 167
28, 207
28, 218
28, 220
28, 258
29, 42
29, 174
30, 45
30, 113
30, 155
30, 191
30, 207
30, 212
30, 220
30, 235
30, 249
31, 60
31, 136
31, 141
31, 143
31, 188
31, 238
32, 126
32, 192
32, 193
32, 194
33, 47
33, 164
33, 206
34, 179
35, 131
35, 205
35, 232
36, 62
36, 122
37, 50
37, 54
37, 68
37, 99
37, 146
37, 154
37, 177
37, 183
37, 210
37, 216
37, 254
37, 255
38, 74
38, 75
38, 80
38, 93
38, 102
38, 147
38, 162
38, 203
38, 237
39, 140
39, 169
39, 196
40, 65
40, 67
40, 116
40, 171
40, 173
40, 198
40, 209
40, 212
40, 224
40, 245
40, 257
41, 157
42, 171
42, 174
42, 222
42, 256
44, 53
44, 87
44, 130
44, 157
44, 181
45, 218
45, 258
46, 58
46, 63
46, 73
46, 90
46, 104
46, 110
46, 146
46, 153
46, 166
46, 244
46, 255
47, 159
48, 52
48, 55
48, 84
48, 148
48, 150
48, 156
48, 168
48, 183
48, 214
48, 225
48, 231
48, 233
48, 252
49, 56
49, 82
49, 106
49, 163
49, 165
49, 184
49, 204
49, 247
49, 259
50, 54
50, 68
50, 99
50, 117
50, 125
50, 197
51, 116
51, 171
52, 126
52, 144
52, 156
52, 231
52, 233
52, 252
53, 72
53, 78
53, 139
53, 181
53, 187
54, 68
55, 243
56, 219
56, 239
56, 241
58, 64
58, 104
58, 112
58, 119
58, 142
58, 146
58, 244
59, 136
59, 141
60, 188
61, 101
61, 135
61, 250
62, 105
62, 122
63, 90
63, 110
63, 153
63, 195
63, 255
64, 112
64, 119
65, 212
66, 118
67, 173
67, 209
67, 245
69, 77
69, 129
69, 151
69, 160
69, 223
70, 76
70, 83
70, 92
70, 121
70, 124
70, 176
70, 195
71, 81
71, 98
71, 120
71, 134
71, 190
71, 230
72, 139
73, 146
73, 255
74, 80
75, 93
75, 203
76, 89
76, 124
76, 251
77, 107
77, 145
77, 223
78, 123
78, 139
78, 187
79, 136
80, 102
80, 128
82, 106
82, 163
83, 121
83, 180
84, 168
85, 91
86, 161
86, 258
87, 130
87, 157
88, 229
89, 236
89, 251
90, 110
90, 166
91, 195
91, 199
92, 121
92, 175
93, 137
93, 162
93, 203
94, 113
94, 191
95, 103
95, 200
96, 200
97, 149
98, 134
99, 146
99, 242
100, 114
101, 135
101, 149
102, 237
103, 200
104, 244
105, 111
107, 145
108, 114
109, 152
109, 192
109, 193
109, 226
113, 191
113, 235
115, 155
115, 167
116, 127
116, 171
116, 189
116, 198
117, 125
119, 142
120, 170
120, 190
121, 180
126, 144
126, 192
126, 233
127, 189
127, 198
127, 240
129, 151
129, 158
129, 160
129, 208
129, 227
131, 232
132, 201
132, 229
133, 182
134, 190
134, 230
136, 141
136, 143
137, 203
139, 187
140, 169
146, 242
146, 255
147, 203
148, 150
148, 177
148, 183
148, 214
148, 233
150, 183
151, 208
153, 255
154, 216
154, 255
155, 167
155, 220
156, 233
156, 252
158, 208
158, 227
163, 184
164, 206
165, 246
165, 247
168, 225
171, 174
171, 222
173, 212
176, 195
177, 183
177, 216
177, 255
178, 215
183, 254
185, 211
185, 248
190, 230
191, 202
191, 212
192, 193
192, 226
192, 233
195, 199
197, 213
198, 240
202, 212
204, 259
205, 232
207, 220
208, 227
209, 224
209, 245
209, 257
210, 254
211, 248
214, 233
216, 255
217, 221
218, 258
219, 239
219, 241
222, 256
224, 257
228, 237
246, 247
end