440
4
0, 0.4453386373907844, 0.6404278470389834
1, 0.6099954168639621, 0.09081811838494092
2, 0.08499891098813384, 0.845870757918765
3, 0.6694653632547403, 0.44278066575419084
4, 0.7564813265001633, 0.7047035666570016
5, 0.27983934863040305, 0.2363845801392067
6, 0.506535732042407, 0.25568963044786197
7, 0.6004360622235045, 0.8027166610932036
8, 0.4807230051925325, 0.5560694474973259
9, 0.7564503593795581, 0.41261382742392494
10, 0.2602501684827281, 0.8222468619476073
11, 0.6815829845554644, 0.51472170126463
12, 0.0008446284145752214, 0.5978414383762298
13, 0.7334332893369258, 0.23180045456843823
14, 0.9896529003992756, 0.8115185149345993
15, 0.9048534307320077, 0.4064257330861287
16, 0.900097294335956, 0.08544438935274878
17, 0.8019474244357302, 0.10363313735840429
18, 0.9551514891939067, 0.9408000368192782
19, 0.4266229501386446, 0.49686666156489356
20, 0.8116974045154859, 0.17351044765322376
21, 0.7129967897846432, 0.5554937196417188
22, 0.9420743739586623, 0.6035296430763551
23, 0.5101604366339956, 0.5962955528995656
24, 0.13878723355414413, 0.33540114298310564
25, 0.006948823096436851, 0.26549102027758276
26, 0.25927562190836606, 0.6132091898271848
27, 0.38403972174541456, 0.28403730514419967
28, 0.07349539770124658, 0.9950304862720563
29, 0.8605099685358851, 0.5614257587045951
30, 0.1150118915117816, 0.03371449101345059
31, 0.4825377864989764, 0.5778984932961387
32, 0.060274913070897385, 0.7001229457855356
33, 0.6873325928413585, 0.41515069006438565
34, 0.6593267333534163, 0.3659090994787393
35, 0.5900863324201795, 0.0905059877833686
36, 0.623886958714992, 0.33392475490635654
37, 0.9874833020641179, 0.6688733541336617
38, 0.7537733472746977, 0.1063465911151068
39, 0.09525123892207976, 0.4690421984053601
40, 0.5751866522748741, 0.26437581732309234
41, 0.9395188388120344, 0.36541237762903866
42, 0.2441183897483411, 0.41615545896197004
43, 0.27511010485750487, 0.17275451608320447
44, 0.9137992955850772, 0.7997808508057535
45, 0.15806320410890062, 0.8247190066524483
46, 0.7576586322159995, 0.13769931510544364
47, 0.02991191311064012, 0.5703976201008423
48, 0.2532431234464684, 0.23257121545892767
49, 0.2415052337569401, 0.9734735229377559
50, 0.47391211893544405, 0.6299612979816995
51, 0.2901096211120988, 0.5559681903475779
52, 0.7528221113327612, 0.6532147830564274
53, 0.19294014039529273, 0.6373197447872585
54, 0.13698242755125078, 0.5418620306220309
55, 0.9342330738362243, 0.023233409024285945
56, 0.7228376118292416, 0.00787169997888959
57, 0.5165461159764781, 0.6381980488894633
58, 0.06509671566982167, 0.09725553838305978
59, 0.15704034024950397, 0.2742238097111731
60, 0.31630183365628683, 0.18040616733467751
61, 0.19590437662499716, 0.9960668047354089
62, 0.8176916731385383, 0.7863268664715517
63, 0.9173667534886372, 0.9731104794112726
64, 0.992993594579086, 0.8840165135584457
65, 0.6870647544177887, 0.048202242160818476
66, 0.48490032317896214, 0.10551583667692055
67, 0.012450090765400379, 0.5971359233933312
68, 0.8169130209869347, 0.6856380158101579
69, 0.7603934969454844, 0.641666473679779
70, 0.03111147299503536, 0.856230176675955
71, 0.32631893125205924, 0.9164248743541726
72, 0.015449402988399918, 0.22203514523220402
73, 0.34399572788661603, 0.5512325958578734
74, 0.35413798044326517, 0.04047258988338709
75, 0.579178555252348, 0.9195787821803835
76, 0.9898056676523604, 0.5201829385302933
77, 0.682703063917899, 0.31105771026935913
78, 0.9393126814642461, 0.4677252149731008
79, 0.9769812794471227, 0.3977735157960084
80, 0.7138492682465742, 0.9127808522514083
81, 0.9615326652470308, 0.32178105283639924
82, 0.14570942899489014, 0.2972748868715569
83, 0.26374652951443445, 0.5424209814319826
84, 0.42283548678072025, 0.5678165158794876
85, 0.18419025402654965, 0.7520995912977749
86, 0.2989970164650003, 0.7878255860002764
87, 0.577529886210459, 0.4519111621735272
88, 0.23480585720794578, 0.2579237954689396
89, 0.6364667329676796, 0.2314362730675419
90, 0.14400816200759636, 0.5033197575515904
91, 0.8086162636205445, 0.9453492107463977
92, 0.3854956336318296, 0.9464483916053177
93, 0.7506775013956221, 0.8054221578014706
94, 0.791401432748346, 0.003863888090234524
95, 0.9024798631983271, 0.3175007135210268
96, 0.8822650829324142, 0.739114139058347
97, 0.6993343517779691, 0.3650192027923176
98, 0.9712885103865714, 0.07412047291357338
99, 0.462860270485578, 0.8955162690976308
100, 0.02259579709004078, 0.843938387870958
101, 0.514285303586345, 0.1524971623152258
102, 0.3119388476394164, 0.03357325859389615
103, 0.3584150578621432, 0.15552853601065653
104, 0.018941764650189485, 0.07596830453242553
105, 0.702619532657751, 0.9565720396321233
106, 0.5291230810550388, 0.359127817276496
107, 0.5504684054005664, 0.256705907919474
108, 0.12328581394896143, 0.39796839447092625
109, 0.6120388921672711, 0.3167236986717893
110, 0.22817184655511868, 0.08705060423153299
111, 0.4323485247340221, 0.4069892714021218
112, 0.6322057704394483, 0.08706173110899296
113, 0.5258013976382542, 0.659200004880677
114, 0.4001738346201934, 0.475616201595472
115, 0.7570503814306124, 0.10282626188943922
116, 0.006933590253567434, 0.15308067492343813
117, 0.037365816612152214, 0.4574209714686486
118, 0.8725878031137216, 0.7802052749078825
119, 0.5277023102011741, 0.9307813994206587
120, 0.3562586139020296, 0.4704837213737082
121, 0.8415899179116019, 0.44744467088320716
122, 0.9690885851232125, 0.7496185877131317
123, 0.023644331926335416, 0.6640587131080998
124, 0.5936017888468539, 0.02964140015373451
125, 0.5127868175225799, 0.20600668184791127
126, 0.9589088648423025, 0.9197188141630359
127, 0.20469318838776485, 0.615552546054176
128, 0.6260030799390869, 0.6499634273540742
129, 0.03755455591482304, 0.5691454520816167
130, 0.9477360125254973, 0.47935472447948113
131, 0.6319631453201564, 0.1865117358919015
132, 0.7022209022569154, 0.9541892915584801
133, 0.5199434173349665, 0.19205502504140637
134, 0.4496876779922613, 0.49531044740644914
135, 0.7662453822429849, 0.6758039638504396
136, 0.8751798363038993, 0.8126771269131892
137, 0.8644186767417384, 0.30275739874393914
138, 0.22731014031135255, 0.36601548658843
139, 0.47552125294702086, 0.21493886844616317
140, 0.9929321291034756, 0.3780059954194256
141, 0.9933922672315497, 0.7646913114250858
142, 0.29407268315410384, 0.16368912106220124
143, 0.4196588774348622, 0.7548634712205907
144, 0.24253063558171695, 0.514863732437974
145, 0.13435424182122457, 0.6764797534533767
146, 0.7708909082993591, 0.38348413525204605
147, 0.5623545372047778, 0.606428129525909
148, 0.988718279699195, 0.11096008516093336
149, 0.26057988701535195, 0.8749185548087608
150, 0.46532542336208105, 0.32143167540802253
151, 0.889797640768623, 0.6867070098456953
152, 0.05880324771763823, 0.18707076958005375
153, 0.4827867255660835, 0.622054504326888
154, 0.13228878133548594, 0.11347459405703553
155, 0.05831516796002556, 0.22808370384209342
156, 0.07417529624513541, 0.7038377937074302
157, 0.035573841045985155, 0.7352276944471822
158, 0.7153535137950092, 0.921944895796914
159, 0.9487270596677445, 0.21943566201029585
160, 0.3181243733800866, 0.7169639988231445
161, 0.14618073609122617, 0.8817508048630681
162, 0.911247281946508, 0.44169452811538523
163, 0.9257439802485203, 0.278588772322377
164, 0.5517022165370349, 0.10424360563460411
165, 0.15386760384678544, 0.32400648985546887
166, 0.9688466152116619, 0.2077353863068242
167, 0.16764877852811488, 0.16859546056683272
168, 0.6209638227482508, 0.5688144248914364
169, 0.015168075423521943, 0.06747482982035191
170, 0.5028880471305216, 0.47207570506359664
171, 0.7750076243595736, 0.7015925243847685
172, 0.8053199965716705, 0.5976737582007469
173, 0.9379166196832851, 0.723368342449251
174, 0.3165311863234398, 0.18453779546682436
175, 0.9673584803519871, 0.03541658029204031
176, 0.09421656137810175, 0.5103941224061217
177, 0.3782532953978779, 0.15153702783160916
178, 0.9684020867951432, 0.8919491565463452
179, 0.2673676088096226, 0.7575000215011649
180, 0.45143664048844667, 0.9864545283048111
181, 0.9423653718121269, 0.05982386423895025
182, 0.030504587776741365, 0.3848210923155575
183, 0.5115437891167568, 0.017367176596250977
184, 0.40565898541912204, 0.1004748370261892
185, 0.6063962799357764, 0.006978332588154612
186, 0.6019856929427793, 0.8581435979787359
187, 0.9587547535657922, 0.926300671863675
188, 0.9149650163351696, 0.4024569602000614
189, 0.6908951013738266, 0.29781745836447604
190, 0.22272654797761826, 0.8611524826088056
191, 0.7176653577044353, 0.8742568190870501
192, 0.764311101572649, 0.1271426508503024
193, 0.013673010020634924, 0.39636140688969757
194, 0.029476788440188972, 0.26988647813833044
195, 0.5711157646919006, 0.4285047906344479
196, 0.4232018962414875, 0.8395312285992821
197, 0.8065880545241652, 0.802947324854604
198, 0.47051312638060006, 0.2612085529721432
199, 0.7864838758796767, 0.9748010941592283
200, 0.46976353537263915, 0.11093465999123575
201, 0.5164086616923143, 0.6373763410244778
202, 0.07706885988449386, 0.6460753568978446
203, 0.11753030282623056, 0.9045414484096336
204, 0.4402666594911041, 0.5981345595709865
205, 0.10775762298652569, 0.8502742429251446
206, 0.4599074744394378, 0.2976961179402098
207, 0.590092177968007, 0.31584138825326524
208, 0.18311689423084354, 0.1433762387562113
209, 0.2620750653321907, 0.09172259531182314
210, 0.5742381743264392, 0.9631562436409331
211, 0.9583531441444653, 0.4555492299307081
212, 0.18635487990049326, 0.9696586250435135
213, 0.4456973126409348, 0.7599288688999352
214, 0.14292533666339313, 0.5923196243932207
215, 0.8499561471625431, 0.012914722978204174
216, 0.34146371673904263, 0.3274102393033914
217, 0.5917446638757127, 0.9056063337538378
218, 0.8670701222080964, 0.03481020352685027
219, 0.4057110935774251, 0.814750468362308
220, 0.037633728949526435, 0.6714606962633501
221, 0.23808507339560414, 0.0786162592462667
222, 0.07275731312906109, 0.24106632539736583
223, 0.5130566419010405, 0.6619758713269984
224, 0.32213602999310165, 0.0673767633236958
225, 0.19776974386821888, 0.08731267744332505
226, 0.91955461096027, 0.16309164201666304
227, 0.23801598866205986, 0.09770269630218886
228, 0.34478881139770334, 0.029310692387382487
229, 0.12079281017625976, 0.3472302410671787
230, 0.7779717310895745, 0.9476371047134367
231, 0.002350258593728949, 0.7174638102494789
232, 0.4258036786123145, 0.5151270885065821
233, 0.6210296151362, 0.3250433701081279
234, 0.8499796665045126, 0.6768924039403158
235, 0.05857707040494886, 0.16304491165320234
236, 0.8161497805270724, 0.06975000972224421
237, 0.39653410871194306, 0.8136109469341034
238, 0.6442009255907765, 0.40777144644740204
239, 0.7776093283881532, 0.7855710013989663
240, 0.7213153711275168, 0.29902574429787787
241, 0.7394453800895752, 0.007676875862517862
242, 0.7972785568466875, 0.48678131752259646
243, 0.5329352524523799, 0.16983398168956765
244, 0.5954607197427085, 0.15064049459783824
245, 0.6240056431889716, 0.9739158498208287
246, 0.5780462891893957, 0.7819130421706919
247, 0.30148756412357247, 0.6941898077723814
248, 0.9082452853799362, 0.26263750067423874
249, 0.6231632011059021, 0.12324574427615631
250, 0.4992443877128808, 0.3262357904083506
251, 0.6476107090962137, 0.7208203184532155
252, 0.8980745813741141, 0.8207469133059888
253, 0.8864887663642373, 0.5615156549971662
254, 0.6389636053567475, 0.10707735303107402
255, 0.3283337483638714, 0.7136547618340554
256, 0.17373901143290993, 0.6561595617847643
257, 0.8022439298046127, 0.9342219314338657
258, 0.8164167630114102, 0.14854764619721028
259, 0.6566286931670979, 0.1354630832469711
260, 0.14058833922938818, 0.048349756411045774
261, 0.6944111197575847, 0.6960280126124987
262, 0.575523640631142, 0.9110432081388378
263, 0.3670957793403097, 0.6992603635861929
264, 0.6442693061053772, 0.5736694438222399
265, 0.8069911717606802, 0.6919296537248278
266, 0.24244316117094444, 0.7813144616775382
267, 0.4961522595443, 0.9573386694981653
268, 0.3642707188623642, 0.1604344194521815
269, 0.29978900008075504, 0.3154800017598859
270, 0.39047872416687923, 0.8747278372414531
271, 0.6929671892881892, 0.17906964433332673
272, 0.5278530880834365, 0.9391952158709377
273, 0.3049714550867917, 0.39698657760503464
274, 0.15375904005778018, 0.5416837556470149
275, 0.30921125823601314, 0.8535148634168493
276, 0.3896698141432937, 0.6337406736356073
277, 0.8417950343078117, 0.027033260703685613
278, 0.6579886821366323, 0.7086009951874208
279, 0.020265271013082287, 0.7712038687130573
280, 0.9115270157777164, 0.05245361787265457
281, 0.07694149624734059, 0.6854068049508049
282, 0.1438264831777143, 0.22148631575013666
283, 0.8018065398843333, 0.883201371167557
284, 0.05578341141419774, 0.667280578788371
285, 0.7450980882778159, 0.6868573142217763
286, 0.9913182786857739, 0.518333940470488
287, 0.7832637738550688, 0.7460525681162894
288, 0.7513787951776691, 0.33666014808863143
289, 0.9794935805943853, 0.2755745659949328
290, 0.9001951984546601, 0.08997256544482435
291, 0.1889967872366869, 0.24527686660569703
292, 0.8446604756222507, 0.4274161396910905
293, 0.36187974124146305, 0.37973916601986724
294, 0.8481388612917594, 0.26159444913964436
295, 0.7310538346115003, 0.5911615942451915
296, 0.8541962423259614, 0.5720525876303999
297, 0.7824313728906603, 0.9423170547011871
298, 0.6012529805885259, 0.21750553758766478
299, 0.3800004653771145, 0.757185165995121
300, 0.20600296058510525, 0.9256341882193406
301, 0.0535469512841541, 0.6818858671939151
302, 0.9334046310014337, 0.2858669600480168
303, 0.6693841905606981, 0.1936853926702582
304, 0.4165658114915525, 0.5114045901281343
305, 0.4319645915784932, 0.28868731285527904
306, 0.24797866529085444, 0.1773148327831625
307, 0.790071203348479, 0.990739891573108
308, 0.7207709736063589, 0.3558869640895118
309, 0.1792043349186423, 0.7854963582193784
310, 0.25048961399226044, 0.4358809276281592
311, 0.6434491576284255, 0.7901820648668225
312, 0.5961709534959502, 0.8996000404293263
313, 0.15313831573134484, 0.7422416411854084
314, 0.9347416564184181, 0.3942700543149582
315, 0.008669200961776036, 0.5411729920750639
316, 0.572142008126308, 0.5941833653411517
317, 0.5501701043260937, 0.9365332286702039
318, 0.17713342934887444, 0.4674759429754929
319, 0.966696676932501, 0.8263424636427262
320, 0.1403495740473587, 0.42830033079001795
321, 0.6931086396429996, 0.23107534870963964
322, 0.30235908292335456, 0.5497280755346315
323, 0.2231562319839513, 0.884385664155049
324, 0.8987956167890381, 0.5099028455320245
325, 0.3862474580610361, 0.6414330844850051
326, 0.2313355252079473, 0.5876322985512396
327, 0.9127481989619896, 0.041830191538203776
328, 0.12488586178193961, 0.7357045640984199
329, 0.6859919411061435, 0.4228795219272178
330, 0.49438733096465926, 0.5665444916485284
331, 0.013695072072211878, 0.21964926317441158
332, 0.8952096125362118, 0.8597524097829528
333, 0.9717379227207013, 0.20563776319022575
334, 0.4317716130776622, 0.6840056010074153
335, 0.13581620211115542, 0.03019377550772484
336, 0.09562988451544951, 0.5111263872013081
337, 0.17174783794086979, 0.7295576690357124
338, 0.6962508049403993, 0.6094855925417207
339, 0.21131478345875, 0.1738621410215493
340, 0.08613625122076352, 0.18932130240468847
341, 0.541138956522065, 0.9379767504084617
342, 0.7958431740424394, 0.5211144938916367
343, 0.9263109479399879, 0.752951883930886
344, 0.5749066434233565, 0.2380843222380311
345, 0.7689242401650493, 0.728934597104941
346, 0.4631790319516357, 0.9552186858735517
347, 0.525167838578254, 0.43442475540873204
348, 0.37320977799287236, 0.3703198815005371
349, 0.8545072480705592, 0.24886455777372885
350, 0.2896706930556757, 0.361690715454395
351, 0.678718871872181, 0.47409305225552134
352, 0.2665392696817599, 0.18343748759986334
353, 0.1683446419738801, 0.02995096953354026
354, 0.6659259750453088, 0.04304950177043676
355, 0.5625851049624307, 0.9839670032932313
356, 0.45274244743820646, 0.9375115353760611
357, 0.4211966786579131, 0.453838635870641
358, 0.2574308124838397, 0.6418308011867236
359, 0.12552009996097957, 0.7467950780387208
360, 0.34143404853218684, 0.8986281797749319
361, 0.26712408305278945, 0.0017078278576990735
362, 0.44439201894577585, 0.0014191145055892918
363, 0.9785616050209409, 0.009546028240681292
364, 0.13615320144565657, 0.83053088873631
365, 0.5385277045420487, 0.8679070592179985
366, 0.7034284089212106, 0.9374168456499051
367, 0.7145820397793944, 0.4192135264279645
368, 0.45096258798702293, 0.8771407232327336
369, 0.3640946295094648, 0.9822006867061115
370, 0.9723882927755982, 0.28578681527345273
371, 0.2906065793550341, 0.23382597135188077
372, 0.6321532348821249, 0.026295112266085496
373, 0.4913629795157167, 0.23209858180242193
374, 0.7281677358391774, 0.3422845596664401
375, 0.9665918602487394, 0.23871776503518072
376, 0.7257806830088998, 0.5436343079119228
377, 0.17128187760136893, 0.6017663906608384
378, 0.12875275099651828, 0.9577104542413163
379, 0.4856809311567605, 0.5634827470690315
380, 0.043711063988092214, 0.06218414112714521
381, 0.9419921291526865, 0.1986751666137394
382, 0.4119472433445164, 0.36896301360260475
383, 0.14091032219530253, 0.6587414376502713
384, 0.9634958034369869, 0.07426703512968835
385, 0.6738142642602623, 0.8271836102150844
386, 0.003527055864994022, 0.5832354508738544
387, 0.19966195435108935, 0.6255774178083197
388, 0.21376426590412168, 0.02837178359656134
389, 0.24601554282909088, 0.8473276865221473
390, 0.28898025847426245, 0.7493124654841264
391, 0.828457939880854, 0.3147567455869015
392, 0.38670968467151745, 0.8292522865950566
393, 0.6653329266821074, 0.061599047229838
394, 0.23340288077407811, 0.5620147489588859
395, 0.8485958630936463, 0.008822600274116521
396, 0.09331178681444474, 0.22306091752415202
397, 0.8841027951096817, 0.6423628085393085
398, 0.8640866339309072, 0.630520621711858
399, 0.6095993875034438, 0.9512639148919362
400, 0.161853313291219, 0.16349887534788898
401, 0.22973564280431213, 0.07527715938055568
402, 0.36704932854220296, 0.3396335629922762
403, 0.6671864466048689, 0.810486923985466
404, 0.6273117111856336, 0.551539370221424
405, 0.20448157461207284, 0.09596040819136853
406, 0.34930289678112514, 0.19447431411739247
407, 0.6606801915322551, 0.2752774432736629
408, 0.46249735598373276, 0.14261433612057428
409, 0.8058009134263697, 0.3704213248565652
410, 0.3547333151664086, 0.665468794622787
411, 0.40386094100256575, 0.6753701894936923
412, 0.44745946203638065, 0.3790426331068034
413, 0.5364753091699223, 0.8116515241195194
414, 0.8581862400888682, 0.27655464294538945
415, 0.05099182187455109, 0.24700857039522528
416, 0.16087280992019126, 0.8493115634458089
417, 0.9109043984603673, 0.9641390815106768
418, 0.8853274950539457, 0.5439086957130415
419, 0.8073282242136566, 0.33744398191635583
420, 0.11799715264038091, 0.7043634877299666
421, 0.22139606216216434, 0.532084914640516
422, 0.678156356704282, 0.6575454982576222
423, 0.15367889241346055, 0.2572596287461666
424, 0.8529087778801446, 0.9061536301431112
425, 0.5405047512813356, 0.9156205227193458
426, 0.03715756516742785, 0.4667097188966737
427, 0.4578593457815502, 0.5722502690413542
428, 0.31573407368535245, 0.7640822694711918
429, 0.561868725605665, 0.5071418545506102
430, 0.09279172951861647, 0.29533076833086713
431, 0.014727285572047055, 0.026930689667867935
432, 0.6345686195505627, 0.8431129346993295
433, 0.5184405631055201, 0.6792454420827831
434, 0.41439229729416527, 0.24107859035760748
435, 0.6275717103888622, 0.8525824787114022
436, 0.3405366569485857, 0.36489746325496886
437, 0.9604064046372645, 0.6659804172960974
438, 0.49383376904385345, 0.14683838743601096
439, 0.330920529108788, 0.34479747051149623
end_nodes
0, 1
0, 2
0, 3
0, 4
0, 5
0, 6
0, 7
0, 8
0, 9
0, 10
0, 11
0, 12
0, 13
0, 14
0, 15
0, 16
0, 17
0, 18
0, 19
0, 20
1, 5
1, 6
1, 8
1, 16
1, 17
1, 25
1, 27
1, 30
1, 31
1, 35
1, 36
1, 38
1, 40
1, 43
1, 46
1, 48
1, 55
1, 56
1, 58
2, 7
2, 10
2, 12
2, 18
2, 28
2, 32
2, 45
2, 49
2, 53
2, 61
2, 63
2, 70
2, 71
2, 75
2, 80
2, 85
2, 91
2, 92
2, 99
3, 9
3, 16
3, 33
3, 81
3, 95
3, 97
3, 98
3, 137
3, 146
3, 148
3, 159
3, 163
3, 166
3, 175
3, 181
3, 226
3, 238
3, 248
3, 288
4, 14
4, 15
4, 21
4, 22
4, 29
4, 37
4, 41
4, 50
4, 52
4, 57
4, 68
4, 69
4, 76
4, 78
4, 79
4, 81
4, 96
4, 113
4, 121
5, 12
5, 19
5, 24
5, 25
5, 26
5, 27
5, 39
5, 42
5, 47
5, 48
5, 51
5, 54
5, 59
5, 67
5, 73
5, 82
5, 83
5, 84
6, 19
6, 27
6, 106
6, 107
6, 111
6, 125
6, 133
6, 134
6, 139
6, 150
6, 198
6, 204
6, 206
6, 216
6, 243
6, 250
6, 293
6, 305
7, 10
7, 18
7, 80
7, 86
7, 143
7, 186
7, 191
7, 196
7, 213
7, 219
7, 237
7, 246
7, 270
7, 275
7, 283
7, 299
7, 311
7, 312
8, 31
8, 170
8, 379
9, 11
9, 15
9, 23
9, 81
9, 188
9, 292
9, 351
10, 45
10, 86
10, 160
10, 179
10, 219
10, 237
10, 255
10, 263
10, 266
10, 390
10, 411
10, 428
11, 15
11, 23
11, 292
11, 351
12, 24
12, 25
12, 26
12, 32
12, 39
12, 47
12, 53
12, 67
12, 70
12, 82
12, 100
12, 108
12, 116
12, 117
12, 123
12, 127
12, 145
13, 16
13, 17
13, 20
13, 34
13, 77
13, 87
13, 189
13, 258
14, 18
14, 37
14, 44
14, 62
14, 64
14, 76
14, 93
14, 96
14, 113
14, 118
14, 122
14, 126
14, 136
14, 140
14, 141
14, 151
14, 173
14, 178
15, 50
15, 57
15, 121
15, 135
15, 147
15, 153
15, 168
15, 172
15, 188
15, 201
15, 264
15, 292
15, 316
15, 404
16, 17
16, 20
16, 33
16, 55
16, 97
16, 112
16, 175
16, 181
16, 236
16, 238
16, 240
16, 258
16, 280
16, 290
16, 308
16, 327
17, 31
17, 36
17, 38
17, 46
17, 87
17, 89
17, 115
17, 192
17, 195
17, 258
17, 321
17, 330
17, 407
18, 63
18, 64
18, 80
18, 91
18, 93
18, 99
18, 126
18, 136
18, 158
18, 178
18, 187
18, 190
18, 191
18, 217
18, 223
18, 230
19, 84
19, 111
19, 114
19, 134
19, 204
19, 232
19, 293
19, 304
19, 348
19, 357
19, 382
19, 412
19, 436
19, 439
20, 34
20, 240
21, 52
21, 57
21, 69
21, 121
21, 128
21, 242
21, 264
21, 285
21, 295
21, 338
21, 342
21, 376
21, 422
22, 37
22, 68
22, 76
22, 234
22, 397
22, 398
22, 437
23, 351
24, 82
24, 88
24, 108
24, 165
25, 43
25, 48
25, 58
25, 59
25, 60
25, 72
25, 82
25, 103
25, 104
25, 116
25, 117
25, 142
25, 152
25, 154
25, 155
25, 167
25, 169
26, 42
26, 51
26, 54
26, 67
26, 73
26, 83
26, 127
26, 129
26, 138
26, 144
26, 214
26, 274
26, 276
26, 310
26, 318
26, 322
26, 326
26, 377
27, 101
27, 139
27, 198
27, 216
27, 243
27, 371
27, 434
27, 438
28, 61
28, 70
28, 100
28, 203
28, 378
29, 78
29, 79
29, 140
29, 296
29, 324
30, 35
30, 56
30, 58
30, 74
30, 94
30, 102
30, 104
30, 110
30, 124
30, 169
30, 183
30, 185
30, 209
30, 221
30, 224
30, 225
30, 228
30, 260
30, 335
31, 36
31, 40
31, 109
31, 195
31, 207
31, 233
31, 244
31, 298
31, 330
31, 344
31, 347
31, 379
32, 123
32, 145
32, 156
32, 202
32, 220
32, 281
32, 284
32, 301
32, 328
32, 359
32, 420
33, 181
33, 290
34, 77
35, 58
35, 209
35, 221
35, 224
35, 401
36, 89
36, 131
36, 195
36, 233
36, 249
36, 254
36, 298
36, 407
37, 68
37, 76
37, 122
37, 151
37, 171
37, 173
37, 234
37, 265
37, 437
38, 46
38, 115
38, 192
39, 108
40, 244
40, 298
40, 344
40, 347
41, 79
41, 81
41, 140
41, 162
41, 314
42, 138
42, 310
43, 66
43, 103
43, 142
43, 164
43, 200
43, 282
43, 352
44, 62
44, 118
44, 223
44, 251
44, 278
45, 160
45, 179
45, 266
45, 364
46, 89
46, 192
46, 254
46, 259
46, 271
46, 303
47, 67
48, 60
48, 174
48, 291
48, 406
48, 408
49, 61
49, 63
49, 92
49, 105
49, 119
49, 132
49, 161
49, 180
49, 199
49, 210
49, 212
49, 245
49, 267
49, 272
49, 300
49, 307
49, 317
49, 341
49, 346
50, 57
50, 147
50, 153
50, 201
50, 316
50, 404
51, 83
51, 273
51, 322
51, 350
52, 69
52, 295
53, 85
53, 145
53, 247
53, 256
53, 313
53, 325
53, 328
53, 337
53, 358
53, 359
53, 383
53, 387
53, 410
53, 420
54, 90
54, 129
54, 138
54, 176
54, 274
54, 318
54, 320
54, 336
55, 56
55, 65
55, 94
55, 112
55, 175
55, 215
55, 218
55, 236
55, 241
55, 277
55, 280
55, 327
55, 363
55, 393
55, 395
56, 65
56, 94
56, 124
56, 183
56, 228
56, 241
56, 277
56, 354
56, 372
56, 393
57, 128
57, 201
57, 264
57, 285
57, 422
58, 66
58, 72
58, 104
58, 110
58, 152
58, 154
58, 164
58, 184
58, 209
58, 225
58, 227
58, 235
58, 331
58, 405
59, 82
59, 194
59, 423
60, 174
60, 408
61, 180
61, 203
61, 212
61, 307
61, 355
61, 369
61, 378
62, 93
62, 197
62, 239
62, 251
63, 75
63, 105
63, 119
63, 132
63, 149
63, 199
63, 205
63, 210
63, 230
63, 245
63, 307
63, 317
63, 323
63, 341
63, 360
63, 366
63, 417
64, 141
64, 178
65, 277
65, 393
66, 142
66, 154
66, 164
66, 167
66, 200
66, 208
66, 306
66, 339
66, 396
66, 400
67, 129
67, 214
67, 320
67, 377
68, 171
68, 234
68, 265
68, 397
69, 121
69, 295
69, 342
70, 100
70, 157
70, 279
71, 92
71, 119
71, 205
71, 323
71, 356
72, 331
73, 120
73, 269
73, 273
73, 276
73, 322
74, 102
74, 124
74, 354
75, 91
75, 230
75, 297
75, 366
76, 78
76, 130
76, 140
76, 211
76, 253
76, 286
76, 398
76, 418
77, 189
78, 130
78, 140
78, 211
78, 296
78, 324
78, 418
79, 140
79, 162
79, 314
80, 186
80, 191
80, 312
80, 432
80, 435
81, 95
81, 140
81, 148
81, 163
81, 166
81, 188
81, 289
81, 302
81, 333
81, 367
81, 370
81, 375
81, 409
82, 88
82, 117
82, 182
82, 194
82, 229
82, 426
82, 430
84, 114
84, 232
84, 304
84, 436
84, 439
85, 247
85, 309
85, 313
85, 337
86, 237
86, 299
86, 334
88, 165
89, 254
89, 259
89, 271
89, 303
89, 321
89, 407
90, 320
91, 99
91, 158
91, 230
91, 257
91, 262
91, 297
92, 119
92, 161
92, 300
92, 356
93, 136
93, 197
93, 223
93, 239
93, 251
93, 332
94, 185
94, 215
94, 241
94, 361
94, 362
94, 363
94, 388
94, 395
95, 146
95, 163
95, 367
95, 409
96, 151
96, 343
97, 238
97, 308
97, 374
98, 148
98, 175
98, 226
98, 288
98, 329
98, 363
98, 384
99, 158
99, 190
99, 217
99, 262
100, 231
100, 279
101, 438
102, 124
103, 177
103, 268
103, 282
103, 352
104, 169
104, 331
104, 380
105, 132
105, 210
106, 107
106, 250
106, 427
109, 207
109, 233
109, 298
110, 209
110, 225
110, 260
111, 150
111, 206
111, 382
111, 412
112, 236
113, 261
113, 287
113, 345
114, 304
114, 436
116, 169
116, 431
117, 182
117, 193
117, 315
117, 386
117, 426
118, 278
119, 272
119, 317
119, 323
119, 356
120, 269
120, 276
121, 135
121, 172
121, 242
121, 264
121, 342
121, 376
122, 173
123, 220
124, 228
124, 354
124, 372
125, 133
125, 139
125, 373
126, 136
126, 187
126, 252
126, 319
127, 276
128, 422
129, 176
129, 214
129, 320
130, 418
131, 249
131, 254
132, 267
132, 341
132, 346
132, 399
133, 139
133, 243
134, 204
135, 172
136, 252
136, 319
136, 332
137, 163
137, 166
137, 248
137, 375
138, 144
138, 318
138, 394
138, 421
139, 198
139, 243
139, 373
140, 141
140, 148
140, 211
140, 286
140, 289
140, 324
142, 222
142, 306
142, 396
142, 415
143, 213
143, 246
143, 299
143, 334
144, 394
145, 202
145, 281
145, 383
145, 420
146, 163
147, 168
147, 201
147, 316
148, 159
148, 166
148, 226
148, 289
148, 294
148, 333
148, 349
148, 363
148, 370
148, 381
148, 391
148, 414
149, 205
149, 323
149, 360
150, 206
151, 173
151, 343
152, 154
152, 235
154, 155
154, 208
154, 340
154, 400
155, 167
155, 340
155, 400
156, 328
156, 420
158, 257
158, 262
159, 166
159, 381
159, 391
160, 179
160, 255
160, 263
160, 364
160, 390
160, 411
161, 300
162, 314
163, 302
163, 375
164, 184
164, 200
166, 248
166, 333
166, 375
166, 419
167, 339
167, 396
167, 400
167, 415
168, 316
169, 380
169, 431
171, 265
174, 408
175, 181
175, 288
175, 363
175, 384
176, 320
176, 336
177, 268
179, 266
179, 390
180, 355
180, 369
181, 290
182, 430
183, 228
184, 227
184, 405
185, 335
185, 353
185, 361
185, 388
185, 431
186, 312
186, 432
186, 435
190, 217
191, 283
191, 424
193, 315
193, 386
196, 270
196, 275
199, 245
199, 307
202, 281
202, 284
203, 378
205, 323
205, 425
206, 293
206, 348
206, 382
207, 298
208, 400
209, 221
213, 246
214, 377
215, 241
216, 293
216, 305
216, 402
218, 393
221, 401
222, 415
223, 251
223, 278
223, 433
224, 401
225, 260
226, 329
226, 349
227, 405
229, 426
230, 366
230, 417
233, 298
234, 397
234, 437
236, 327
238, 429
239, 251
242, 342
244, 344
246, 334
247, 309
247, 410
248, 419
249, 254
250, 427
252, 319
253, 418
254, 259
255, 263
256, 328
256, 420
259, 303
261, 345
263, 411
263, 428
264, 376
267, 346
270, 275
270, 312
270, 365
270, 368
270, 389
270, 416
271, 303
272, 317
273, 322
273, 350
274, 318
274, 326
275, 389
275, 392
275, 413
280, 327
282, 352
283, 424
284, 301
285, 338
285, 422
288, 384
289, 370
293, 305
293, 348
293, 402
294, 391
294, 414
298, 347
299, 334
302, 375
305, 402
306, 396
307, 355
308, 374
309, 410
311, 385
311, 403
312, 365
312, 368
312, 416
313, 337
315, 386
316, 404
317, 341
318, 326
318, 394
318, 421
320, 336
321, 407
323, 360
325, 358
325, 387
325, 410
328, 359
328, 420
335, 353
335, 431
338, 422
339, 396
340, 400
341, 346
341, 399
346, 399
348, 357
348, 382
354, 372
357, 382
358, 410
361, 362
361, 431
363, 395
365, 368
367, 409
371, 434
371, 438
381, 391
385, 403
389, 392
389, 416
391, 414
392, 413
392, 416
394, 421
396, 415
411, 428
413, 416
432, 435
434, 438
436, 439
end