100
4
0, 0.2206182030872107, 0.10367056187121193
1, 0.8445914265933003, 0.5311629295115688
2, 0.08443873177360128, 0.9887467424619356
3, 0.8484720967138961, 0.6512348856673394
4, 0.7842897710112237, 0.9881009918975661
5, 0.7130222554588627, 0.9657884148222773
6, 0.2979451051979082, 0.767998929547789
7, 0.6808173155053034, 0.6681887458401672
8, 0.45015721621576266, 0.7688036110360825
9, 0.776663467069894, 0.650255239426037
10, 0.3823142601288342, 0.0825547646775876
11, 0.8116068042432145, 0.6508278898459755
12, 0.8965803852191818, 0.2793435940908504
13, 0.0864043280303527, 0.5632710838414531
14, 0.42176816784826165, 0.6663738846635294
15, 0.8110991812483788, 0.7161582428325247
16, 0.7925477695359847, 0.28466835034025495
17, 0.7864336936276115, 0.5078336183397988
18, 0.0746204132389634, 0.8344632412699562
19, 0.27002827637293747, 0.7270283539442648
20, 0.9645268549691781, 0.21538658319066328
21, 0.8195388219008318, 0.4630506899153095
22, 0.9361273422995978, 0.5550796798176368
23, 0.2522866141240393, 0.20960255775087921
24, 0.14228860876818628, 0.8104375110552469
25, 0.03135589773529179, 0.8964372371553262
26, 0.5668945327235886, 0.8439038047844546
27, 0.7849481509233102, 0.05299363741387364
28, 0.9923186792961148, 0.834392839288288
29, 0.5930331385927745, 0.1776357726238208
30, 0.03044157454716545, 0.802368235211161
31, 0.9508732426177342, 0.4963637802796603
32, 0.6583667073659734, 0.4230721285591924
33, 0.8059845762128242, 0.37639038864036234
34, 0.167140132508665, 0.9492233050682469
35, 0.4403456659550591, 0.008847233997046011
36, 0.23538290844464438, 0.7854233664665943
37, 0.8235426441567606, 0.29791012979940634
38, 0.24730580498920274, 0.6002010055492901
39, 0.34833961255796375, 0.24860550644170687
40, 0.9104388603396062, 0.44066421892739793
41, 0.39635703539917144, 0.5449956102314824
42, 0.15931494783159927, 0.6548848969629202
43, 0.4426154002749094, 0.9505590004882619
44, 0.9572954250923555, 0.2744960282878737
45, 0.7604510944287011, 0.5208672476459795
46, 0.2096891940341753, 0.5659109268797139
47, 0.9419320540730723, 0.03538844594710788
48, 0.9516576780361716, 0.738943516334569
49, 0.6088813176564885, 0.8115808912009805
50, 0.10996944245068951, 0.6815487905064522
51, 0.807331337860265, 0.4142893919782513
52, 0.2982933684628938, 0.9461888327952609
53, 0.8193676501537653, 0.4452777021107708
54, 0.3432141998680047, 0.305179406311227
55, 0.304629657467806, 0.7961496525265851
56, 0.03774872968769982, 0.7111489625242817
57, 0.9767821539579886, 0.08651135734341342
58, 0.8581204056913395, 0.8074375926391282
59, 0.6257587309528633, 0.6960082379814397
60, 0.7141896557340255, 0.4858835475562878
61, 0.7302148588342221, 0.0785761698478823
62, 0.917519794105449, 0.34986040648060024
63, 0.9422800281634267, 0.8389481369489132
64, 0.22669696017247198, 0.03577842555436139
65, 0.8883706537172418, 0.5189586650151451
66, 0.638275236293252, 0.8666739316893298
67, 0.8319775138712567, 0.1753909185644833
68, 0.3512940194573112, 0.17957604568779562
69, 0.479436702493918, 0.03637961415423252
70, 0.7895491786385274, 0.025173263076785024
71, 0.5706864378598082, 0.6094017151810571
72, 0.1831679997024056, 0.04932121921619659
73, 0.6105610322247158, 0.728479132371188
74, 0.07349970591430977, 0.13518154048904607
75, 0.28480261278618646, 0.8266125363628374
76, 0.6640168103645854, 0.02140991416141813
77, 0.29440662872877144, 0.1757484865791381
78, 0.1898481734923516, 0.32042210433492546
79, 0.619238078304465, 0.6494533547275316
80, 0.2169203221253504, 0.4197288985972506
81, 0.8709090272325964, 0.16951894479628415
82, 0.8209043541241824, 0.9431209566930722
83, 0.05782761953109916, 0.06332867922182006
84, 0.433664569885849, 0.028055029159002376
85, 0.8056780536039567, 0.951928901815896
86, 0.7230097780214537, 0.8182033863620706
87, 0.8857155978925326, 0.4810685396768395
88, 0.7088615607632575, 0.8582050078275946
89, 0.12204922582114142, 0.8070101893496415
90, 0.7861004347319964, 0.3546345880777628
91, 0.7854507466326714, 0.3461460671355364
92, 0.19055166468817208, 0.5340844857370407
93, 0.2922371417944707, 0.9948690901612
94, 0.6574760649079514, 0.6883266686907634
95, 0.397547836295867, 0.9134105354283529
96, 0.6059990526332952, 0.779274918480778
97, 0.3717922132543886, 0.6014681610673234
98, 0.01605691560653011, 0.9485230280830571
99, 0.6768090100230031, 0.43450372175669993
end_nodes
0, 1
0, 2
0, 3
0, 4
0, 5
0, 6
0, 7
0, 8
0, 9
0, 10
11, 28
11, 48
12, 44
13, 1
13, 2
13, 3
13, 4
13, 5
13, 6
13, 7
13, 8
13, 9
13, 10
14, 1
14, 3
14, 4
14, 5
14, 7
14, 8
14, 15
14, 17
14, 21
14, 22
16, 20
16, 37
16, 44
18, 1
18, 2
18, 3
18, 4
18, 5
18, 8
18, 10
18, 15
18, 17
18, 20
19, 1
19, 3
19, 4
19, 5
19, 6
19, 8
19, 15
19, 17
19, 20
19, 21
23, 1
23, 2
23, 3
23, 4
23, 5
23, 6
23, 7
23, 8
23, 9
23, 10
24, 1
24, 2
24, 3
24, 4
24, 5
24, 8
24, 10
24, 15
24, 17
24, 20
25, 1
25, 2
25, 3
25, 4
25, 5
25, 8
25, 10
25, 15
25, 17
25, 20
27, 47
29, 20
29, 44
29, 47
29, 57
29, 67
29, 70
29, 81
30, 1
30, 2
30, 3
30, 4
30, 5
30, 6
30, 8
30, 10
30, 15
30, 17
32, 1
32, 3
32, 17
32, 20
32, 21
32, 22
32, 28
32, 31
32, 33
32, 40
34, 4
34, 5
34, 15
34, 26
34, 28
34, 43
34, 48
34, 49
34, 52
34, 58
36, 8
36, 15
36, 17
36, 20
36, 21
36, 22
36, 26
36, 28
36, 31
36, 33
38, 6
38, 7
38, 9
38, 15
38, 17
38, 20
38, 21
38, 22
38, 26
38, 28
39, 6
39, 7
39, 9
39, 15
39, 17
39, 20
39, 21
39, 22
39, 26
39, 28
41, 7
41, 9
41, 21
41, 22
41, 26
41, 28
41, 31
41, 33
41, 40
41, 43
42, 2
42, 6
42, 7
42, 10
42, 21
42, 22
42, 26
42, 28
42, 31
42, 33
45, 22
45, 31
45, 48
45, 65
45, 87
46, 2
46, 6
46, 7
46, 9
46, 10
46, 21
46, 22
46, 26
46, 28
46, 31
50, 2
50, 6
50, 7
50, 10
50, 21
50, 22
50, 26
50, 28
50, 31
50, 33
51, 31
51, 40
51, 62
53, 31
53, 40
53, 87
54, 9
54, 26
54, 31
54, 33
54, 37
54, 40
54, 43
54, 44
54, 47
54, 48
56, 26
56, 33
56, 35
56, 40
56, 43
56, 44
56, 47
56, 48
56, 49
56, 52
59, 48
59, 58
59, 63
59, 82
59, 85
59, 86
59, 88
60, 40
60, 48
60, 62
60, 65
60, 87
61, 47
61, 70
64, 9
64, 33
64, 35
64, 37
64, 40
64, 43
64, 44
64, 47
64, 48
64, 49
68, 9
68, 33
68, 35
68, 37
68, 40
68, 43
68, 44
68, 47
68, 48
68, 49
71, 40
71, 48
71, 58
71, 63
71, 65
71, 79
71, 82
71, 85
71, 86
71, 87
72, 33
72, 35
72, 37
72, 43
72, 44
72, 47
72, 49
72, 52
72, 55
72, 57
74, 35
74, 37
74, 43
74, 44
74, 47
74, 49
74, 52
74, 55
74, 57
74, 58
75, 43
75, 49
75, 52
75, 58
75, 62
75, 63
75, 65
75, 66
75, 73
75, 82
77, 35
77, 37
77, 43
77, 44
77, 47
77, 49
77, 52
77, 55
77, 57
77, 58
78, 35
78, 37
78, 49
78, 52
78, 55
78, 57
78, 58
78, 62
78, 63
78, 65
80, 35
80, 37
80, 49
80, 52
80, 55
80, 57
80, 58
80, 62
80, 63
80, 65
83, 35
83, 37
83, 52
83, 55
83, 57
83, 58
83, 62
83, 63
83, 65
83, 66
89, 35
89, 52
89, 55
89, 57
89, 58
89, 62
89, 63
89, 65
89, 66
89, 67
90, 62
91, 62
92, 55
92, 57
92, 62
92, 63
92, 65
92, 66
92, 67
92, 69
92, 70
92, 73
94, 63
97, 57
97, 63
97, 65
97, 66
97, 67
97, 73
97, 79
97, 81
97, 82
97, 85
98, 66
98, 67
98, 69
98, 70
98, 73
98, 76
98, 81
98, 82
98, 84
98, 85
99, 87
end