240
4
0, 0.6325461861567563, 0.40133081850459285
1, 0.3700672999061605, 0.5512810711691483
2, 0.5401782357025657, 0.7221497341763424
3, 0.29127938479775217, 0.33294579853460715
4, 0.32133935223668053, 0.7491256147631263
5, 0.6304069307212671, 0.3323179643067826
6, 0.9993422146910197, 0.6710761072502522
7, 0.9376767249004698, 0.4359872422802761
8, 0.46613125265039257, 0.10067453420385142
9, 0.8382809963552865, 0.4938325143358291
10, 0.8079744974854919, 0.08810236279503558
11, 0.6716601078246741, 0.6502418886597005
12, 0.8632188426210291, 0.34294953830996733
13, 0.8655354034695002, 0.40246734516226557
14, 0.46007024352432213, 0.914468463914334
15, 0.4909714646642328, 0.08109624433587936
16, 0.826307042032805, 0.511526077414671
17, 0.43317862567212084, 0.7097447834608819
18, 0.45476885676096923, 0.7788009016759374
19, 0.1811147351700696, 0.8694441061234434
20, 0.38314500939553375, 0.995862324174347
21, 0.055805596715648775, 0.4071046296255574
22, 0.6153243463093002, 0.9648110204897193
23, 0.3279036544460536, 0.4781751044816235
24, 0.9033927547076426, 0.06602794110622967
25, 0.22060494079477078, 0.23642789591124425
26, 0.3882515300998336, 0.8729163045384363
27, 0.6129891644445907, 0.2929559041656361
28, 0.07608755568765035, 0.014433593992286164
29, 0.8913010621175587, 0.3379403560233968
30, 0.2803408677856454, 0.2775058074673732
31, 0.6810131596584799, 0.745234725493651
32, 0.48961001828993744, 0.6883321386127951
33, 0.423355120550884, 0.2540282363366274
34, 0.9809497744794131, 0.8915321784809407
35, 0.2017118142736316, 0.7904553229414715
36, 0.11464695578968964, 0.06029604764790952
37, 0.8390877794071477, 0.23865446472329033
38, 0.3323300503999599, 0.1309459118039964
39, 0.9176039060062103, 0.4003740370144502
40, 0.6041330705854334, 0.273783385906488
41, 0.8347586490942599, 0.4604125795046039
42, 0.5292928824105149, 0.2609700520029137
43, 0.8560298780381058, 0.3338476594329688
44, 0.6874091220151849, 0.10353150886455631
45, 0.3553082413156897, 0.46076771859170484
46, 0.18587462601524807, 0.964883039556292
47, 0.8975423250465243, 0.8363158536607411
48, 0.6365780969143126, 0.8769219948918253
49, 0.20447778166055952, 0.9802782179600924
50, 0.6855640143193251, 0.47179864448964526
51, 0.8985709780718768, 0.9614109092921729
52, 0.7463239020177115, 0.0055577813752490934
53, 0.4675583865666706, 0.4821440480131909
54, 0.697782369911739, 0.37896260078522936
55, 0.89964647569556, 0.07569662907709229
56, 0.8012564783580254, 0.9857578763747018
57, 0.026469665391440023, 0.7003550368357645
58, 0.8502853045228435, 0.39508366277704077
59, 0.9262105256164652, 0.9408807891138722
60, 0.44541812090498867, 0.4379117674342625
61, 0.4238198686595802, 0.13476196190489909
62, 0.6528085017508661, 0.41376178815325637
63, 0.4378795108213239, 0.9673863621101011
64, 0.2558118879449567, 0.25823917718792466
65, 0.8503949296482575, 0.1992671685773849
66, 0.2359611891026785, 0.3783449833657099
67, 0.11750728339070782, 0.11985348452538469
68, 0.5543363834473344, 0.9046266840006945
69, 0.02322093852840046, 0.08425455149138272
70, 0.3995788337327876, 0.40923071877294803
71, 0.2394335599715538, 0.1262118591436514
72, 0.8188097982862876, 0.9433852971241423
73, 0.9959333199662812, 0.3778821082177086
74, 0.5469282480726053, 0.9245613159689431
75, 0.40459087768291635, 0.0726899217897653
76, 0.17105308652646356, 0.3626699840968908
77, 0.8860082651763449, 0.9217481097154259
78, 0.8087201919644819, 0.37918277486240115
79, 0.1646480237948097, 0.20189972908849918
80, 0.30378316052179255, 0.5648165462011117
81, 0.28200664518752194, 0.011912393977829283
82, 0.07034749785405947, 0.3298821515462107
83, 0.590665138235413, 0.2086057438889375
84, 0.2304313553792703, 0.9534163650124351
85, 0.10612083567788966, 0.1191561614794504
86, 0.3003798629189547, 0.8479256475304994
87, 0.6614102439485213, 0.13116975101503714
88, 0.29198226189155874, 0.984734665028911
89, 0.31415507115365504, 0.35078553206713925
90, 0.5495193530963635, 0.24132624800926683
91, 0.05488702685854119, 0.28315182752466017
92, 0.5687467946868526, 0.85469709680355
93, 0.19560788803060813, 0.885698237439943
94, 0.11768712073381282, 0.22033738963677751
95, 0.9044245495511876, 0.818691729412636
96, 0.2587024221373233, 0.30332310935007945
97, 0.7527043742154281, 0.019500769147729247
98, 0.16340717285077633, 0.25657344934818116
99, 0.6062116642992454, 0.631314031126076
100, 0.10418376796278428, 0.5059319494059726
101, 0.9391141181795163, 0.08338561199010697
102, 0.7773175554186926, 0.5766320801576799
103, 0.37457733880817445, 0.22178906966718215
104, 0.727414482211706, 0.34887695055404244
105, 0.12592244098031402, 0.035574568846912014
106, 0.022068843892267154, 0.3773045693061401
107, 0.24679898575958503, 0.3325605602431402
108, 0.5703440951200716, 0.7621551417773252
109, 0.3873717141062837, 0.0785440806634069
110, 0.03966648492499514, 0.8157912898219293
111, 0.294890426955401, 0.4384585911126172
112, 0.0310620131432372, 0.30335688519247905
113, 0.41403913100944656, 0.5669649570527411
114, 0.7520337371423854, 0.9690064355020314
115, 0.25838650988004785, 0.8933724043074042
116, 0.3364826743182622, 0.5885620868215554
117, 0.025347641154158884, 0.08362130759800834
118, 0.6614197112483394, 0.5714665476883224
119, 0.23658279738465393, 0.47429328806115933
120, 0.6347713200374869, 0.3059693223280443
121, 0.790644571761301, 0.17339398892894975
122, 0.8438969819790316, 0.47106211788509544
123, 0.7805848188734272, 0.37361904756998077
124, 0.10992295428663634, 0.1691399786136416
125, 0.3840811892878212, 0.05181872061515147
126, 0.029433266601232466, 0.23897026094348817
127, 0.6432613518941336, 0.5868109798195064
128, 0.8546466549289958, 0.48209302493873174
129, 0.3364370839381774, 0.9922078431750371
130, 0.39630599737971617, 0.8481142598185788
131, 0.15871011967799098, 0.5126821213094392
132, 0.23667951929008635, 0.5338769683026167
133, 0.6874361374464806, 0.600222460792852
134, 0.37896854516537903, 0.20056084103473504
135, 0.18489268379949408, 0.18461794960818068
136, 0.13724139490090592, 0.9584910581622591
137, 0.7193012843834177, 0.4068400774818616
138, 0.6621923998388122, 0.5630666336864237
139, 0.467052155700451, 0.31623398118796797
140, 0.3491275012956885, 0.8665781951123376
141, 0.7611889581223792, 0.11219752041089082
142, 0.2860171222849316, 0.8588619396585357
143, 0.07483936941971792, 0.040706689018794484
144, 0.14908659158793336, 0.8866048381881403
145, 0.29500254344213916, 0.58123547905465
146, 0.8394932499884467, 0.7159586286525024
147, 0.6304133103884315, 0.6782005268218068
148, 0.7255458608835944, 0.4617117717673407
149, 0.9363477346910983, 0.10510768267312232
150, 0.4541659213074979, 0.713539175303695
151, 0.516903226336822, 0.4897252211231786
152, 0.6927638155282515, 0.9053842401619382
153, 0.5231596447814979, 0.13403450471021394
154, 0.016329984119503815, 0.6754377525845955
155, 0.6827526493605436, 0.5967149351959485
156, 0.5466926310522309, 0.9242972141993563
157, 0.5431715918983065, 0.6780592082071094
158, 0.901710007196977, 0.5309154128588434
159, 0.7850494587483957, 0.8736007020807307
160, 0.6832426955783394, 0.32425087843151457
161, 0.4615133777228009, 0.4977507900841023
162, 0.2381516716952421, 0.10728007690212082
163, 0.7940847797513123, 0.5864165079652506
164, 0.07923365853566755, 0.2885306093022839
165, 0.6213406702668394, 0.13636455941262504
166, 0.7314224990122014, 0.9376008094837598
167, 0.2822190937868223, 0.2172633716928256
168, 0.20053060354515584, 0.9631957937895158
169, 0.11703753508200276, 0.7294692031839377
170, 0.7653143453214698, 0.31368218888516786
171, 0.933483669034857, 0.32723882331644993
172, 0.3335712062245425, 0.5799791160485438
173, 0.8968637283455988, 0.27680723617211
174, 0.9231653573617602, 0.9067148996877856
175, 0.5260452565474254, 0.19548219736745176
176, 0.13184426227237356, 0.3486283889476052
177, 0.8366804660565933, 0.14031248287479392
178, 0.9854737050618698, 0.2529965775034826
179, 0.3033165683654099, 0.9839707243274655
180, 0.16662663278901024, 0.16020780816599844
181, 0.5813375697776296, 0.6591168286320527
182, 0.6391027069652848, 0.14437406006408882
183, 0.2418476669466032, 0.17536291990521813
184, 0.41941819989873785, 0.2831396467672995
185, 0.9078738988424012, 0.04175960151023439
186, 0.8192880860149586, 0.30906882435050687
187, 0.776246013952912, 0.27443013935550986
188, 0.6297326401517813, 0.5820600889456938
189, 0.39042588556710156, 0.5694932580861383
190, 0.47876121010934536, 0.932850203115014
191, 0.8676749300567411, 0.7417024489816071
192, 0.5990149825041626, 0.6172648921943854
193, 0.08291333101051857, 0.2867911783180034
194, 0.1395393496839885, 0.12180115809923342
195, 0.5026389478435376, 0.46711985093836006
196, 0.08940043738789982, 0.259560656843128
197, 0.36543116864126546, 0.5031383561909787
198, 0.21207083189535758, 0.44619501676004425
199, 0.9328242244280998, 0.5544369112222645
200, 0.8330187508356004, 0.5608827860394814
201, 0.05857671809007181, 0.9859865146237832
202, 0.5206236542456265, 0.8727979051648448
203, 0.09034429316345416, 0.18414671769577207
204, 0.31524929844338767, 0.4652632765531758
205, 0.07166996086866462, 0.7342370598704493
206, 0.2180636793794858, 0.8357899289767833
207, 0.9905256294466191, 0.9955824984832122
208, 0.2487086770234319, 0.791083737708539
209, 0.7764011407523751, 0.4183850036068354
210, 0.23160822492122346, 0.12415176789927374
211, 0.14844603149376956, 0.9802967830120911
212, 0.43442035247831956, 0.13118753236704261
213, 0.6276911560250662, 0.4631334763495676
214, 0.673055710153067, 0.7472190799325319
215, 0.6964641854621292, 0.44665813630618545
216, 0.47479865731564985, 0.7333173798633238
217, 0.9379167111987881, 0.8269505048593319
218, 0.2580696500952574, 0.6008255579014601
219, 0.1716531449001404, 0.6717890742321453
220, 0.6437045201540345, 0.0828951929235614
221, 0.32457919276129865, 0.7724379177076306
222, 0.8411761523145664, 0.5339086539803232
223, 0.22481603737687172, 0.7271950003039203
224, 0.6775313792264027, 0.8617489874069102
225, 0.4900443611071966, 0.5216549200868896
226, 0.3996910075902742, 0.8912618435207557
227, 0.6158182863738788, 0.6609525464658792
228, 0.2538817765992102, 0.6874616289488704
229, 0.49522632167412095, 0.1795110776537575
230, 0.5462637916691093, 0.019993585632429145
231, 0.8823658801845404, 0.08018093375107993
232, 0.21994071182844876, 0.9031924398256966
233, 0.9091958087037911, 0.6893215664119098
234, 0.8813835285804866, 0.7209746630444096
235, 0.17871818208483703, 0.3901662591030918
236, 0.7665473802578864, 0.9509518353403259
237, 0.40652769543898104, 0.5761086957488614
238, 0.38223477069562295, 0.7148716105421403
239, 0.16772820241738817, 0.8046127144164383
end_nodes
0, 1
0, 2
0, 3
0, 4
0, 5
0, 6
0, 7
0, 8
0, 9
0, 10
0, 11
0, 12
0, 13
0, 14
0, 15
1, 3
1, 4
1, 19
1, 21
1, 23
1, 25
1, 28
1, 35
1, 36
1, 45
1, 46
1, 49
1, 53
1, 57
2, 6
2, 11
2, 14
2, 22
2, 31
2, 34
2, 47
2, 48
2, 51
2, 56
2, 59
2, 68
2, 72
2, 74
3, 8
3, 25
3, 30
3, 33
3, 36
3, 38
3, 42
3, 45
3, 53
3, 60
3, 61
3, 64
3, 70
4, 14
4, 17
4, 18
4, 20
4, 26
4, 32
4, 49
4, 63
4, 84
4, 86
4, 88
4, 113
4, 115
5, 10
5, 15
5, 27
5, 40
5, 44
5, 52
5, 83
5, 87
5, 97
5, 120
5, 141
5, 153
5, 165
5, 182
6, 7
6, 9
6, 11
6, 16
6, 24
6, 31
6, 34
6, 41
6, 47
6, 50
6, 55
6, 62
6, 73
7, 10
7, 12
7, 13
7, 29
7, 37
7, 39
7, 41
7, 43
7, 55
7, 58
7, 65
7, 121
7, 122
8, 15
8, 28
8, 33
8, 36
8, 38
8, 42
8, 61
8, 71
8, 75
8, 81
8, 90
8, 103
8, 105
9, 16
9, 41
9, 62
9, 148
9, 209
10, 24
10, 29
10, 37
10, 52
10, 54
10, 55
10, 65
10, 97
10, 104
10, 121
10, 141
10, 160
11, 50
11, 99
11, 102
11, 118
11, 127
11, 133
11, 138
11, 147
11, 155
11, 163
11, 181
11, 188
12, 43
12, 54
12, 58
12, 78
12, 104
12, 123
12, 170
12, 186
12, 187
13, 58
13, 78
13, 123
13, 137
14, 18
14, 22
14, 26
14, 32
14, 63
14, 74
14, 130
14, 150
14, 156
14, 157
14, 190
14, 202
15, 44
15, 52
15, 81
15, 83
15, 87
15, 90
15, 125
15, 153
15, 165
15, 175
15, 220
15, 230
16, 148
16, 222
17, 18
17, 32
17, 150
18, 150
19, 35
19, 46
19, 57
19, 93
19, 110
19, 136
19, 144
19, 169
19, 201
19, 205
19, 206
19, 208
19, 211
19, 219
20, 22
20, 49
20, 56
20, 63
20, 88
20, 114
20, 129
20, 140
20, 179
20, 201
20, 207
20, 211
20, 221
20, 236
21, 23
21, 28
21, 57
21, 66
21, 67
21, 69
21, 76
21, 79
21, 80
21, 82
21, 85
21, 91
21, 94
21, 98
22, 48
22, 63
22, 68
22, 74
22, 92
22, 152
22, 166
22, 190
22, 224
22, 236
23, 28
23, 66
23, 67
23, 79
23, 98
23, 107
23, 111
23, 119
23, 143
23, 198
23, 204
23, 235
24, 52
24, 55
24, 73
24, 101
24, 149
24, 178
24, 185
25, 36
25, 96
25, 135
25, 180
26, 63
26, 130
26, 226
27, 40
27, 83
28, 36
28, 52
28, 69
28, 75
28, 81
28, 91
28, 105
28, 107
28, 109
28, 117
28, 143
29, 37
30, 36
30, 38
30, 64
30, 71
30, 167
30, 183
30, 210
31, 47
31, 95
31, 146
31, 191
31, 214
31, 233
31, 234
32, 150
32, 216
32, 238
33, 42
33, 184
33, 229
34, 47
34, 59
34, 174
34, 207
34, 217
35, 116
35, 172
35, 218
35, 219
35, 223
35, 228
36, 64
36, 71
36, 105
36, 135
36, 162
36, 180
36, 183
36, 194
36, 210
37, 121
38, 61
38, 71
38, 134
38, 167
39, 43
39, 121
40, 83
40, 153
41, 122
41, 209
42, 139
42, 184
42, 229
43, 121
43, 187
44, 52
44, 87
44, 120
44, 220
45, 53
45, 197
46, 49
46, 93
46, 168
46, 206
46, 208
46, 211
46, 232
47, 95
47, 214
47, 217
48, 108
48, 224
49, 84
49, 88
49, 129
49, 168
49, 211
49, 232
50, 102
50, 133
50, 138
50, 155
50, 163
50, 200
51, 56
51, 59
51, 72
51, 77
51, 159
51, 207
52, 81
52, 97
52, 185
52, 220
52, 230
53, 60
53, 70
53, 89
53, 161
53, 195
53, 197
54, 104
54, 160
55, 65
55, 171
55, 173
55, 177
55, 231
56, 72
56, 114
56, 207
56, 236
57, 69
57, 80
57, 100
57, 106
57, 110
57, 112
57, 126
57, 131
57, 132
57, 145
57, 154
57, 169
58, 78
59, 77
59, 159
59, 174
59, 207
60, 70
60, 195
61, 103
61, 134
61, 212
62, 148
62, 215
63, 190
63, 226
65, 173
65, 177
66, 76
66, 98
66, 111
66, 176
66, 204
66, 235
67, 79
67, 82
67, 85
67, 94
67, 124
67, 143
67, 164
67, 193
67, 196
68, 74
68, 92
69, 91
69, 106
69, 117
69, 126
69, 154
70, 89
71, 162
71, 167
71, 210
73, 178
74, 156
74, 202
75, 81
75, 109
76, 176
77, 159
78, 123
79, 94
79, 98
80, 132
80, 145
81, 125
81, 230
82, 85
82, 164
83, 153
83, 165
84, 86
84, 88
84, 115
84, 142
85, 143
85, 164
85, 203
86, 88
86, 142
87, 120
87, 165
87, 182
88, 140
88, 179
88, 221
90, 175
91, 117
93, 206
94, 124
94, 193
94, 196
95, 191
95, 234
97, 141
98, 111
98, 176
99, 181
99, 188
99, 192
99, 213
100, 131
101, 149
101, 178
101, 185
102, 133
102, 163
103, 212
104, 121
104, 170
104, 187
106, 154
107, 143
108, 224
110, 144
110, 154
110, 201
112, 126
113, 151
113, 189
113, 225
113, 237
114, 236
115, 142
116, 172
118, 138
121, 187
122, 128
122, 158
122, 199
124, 196
127, 188
127, 213
128, 158
128, 199
129, 211
131, 132
133, 155
135, 180
136, 201
136, 211
140, 179
140, 221
143, 203
144, 201
146, 234
148, 222
149, 178
150, 216
151, 189
151, 225
152, 166
152, 224
152, 236
154, 201
156, 202
158, 199
161, 195
165, 182
166, 236
168, 232
169, 205
169, 219
169, 239
170, 186
170, 187
172, 218
172, 228
177, 231
181, 192
181, 213
181, 227
183, 210
186, 187
188, 213
189, 237
191, 234
192, 213
193, 196
198, 235
201, 211
204, 235
206, 208
218, 219
218, 223
218, 228
219, 239
223, 228
224, 236
end