480
4
0, 0.32820683874368706, 0.00486448816279117
1, 0.2767069969662941, 0.8679408758357089
2, 0.9453956959022778, 0.09609161951305445
3, 0.39124039067153926, 0.521371978856853
4, 0.6342768245259374, 0.7395091867519122
5, 0.38161391330773153, 0.03439579982176888
6, 0.7971680054950997, 0.8512896449713817
7, 0.948158149449362, 0.3767573882569404
8, 0.8026478271718793, 0.20750744526133302
9, 0.6149442618469182, 0.8481986893761656
10, 0.16523447328051288, 0.3401280694643678
11, 0.3621708544623151, 0.8545523598962544
12, 0.4312174444323311, 0.9766649815686822
13, 0.19129864705475974, 0.7622061773605965
14, 0.21413499584732776, 0.5297534528208908
15, 0.8214326126637046, 0.8896292249410376
16, 0.2527542486636555, 0.8155596985998703
17, 0.948961553144356, 0.2757887714344698
18, 0.5665895892186603, 0.4475700869516047
19, 0.7785847107483611, 0.8696048700661306
20, 0.22779781999072823, 0.07890326750762255
21, 0.1168660279747985, 0.7505691478199097
22, 0.6343843463312163, 0.9483489577042342
23, 0.168882842650949, 0.27579741275981584
24, 0.4358736408300644, 0.9327985721198375
25, 0.15385116564830992, 0.9358145317638191
26, 0.12472026356819865, 0.39010639648344114
27, 0.2635818898736184, 0.9782894561923694
28, 0.15133540029136716, 0.738498323817983
29, 0.16566694255524206, 0.8439946953939538
30, 0.6564998861802517, 0.812263439314403
31, 0.5361403531739303, 0.054872491093378994
32, 0.9126455080377491, 0.051185600028685774
33, 0.1696705066260672, 0.904086569758947
34, 0.9288438259940315, 0.01597287455624774
35, 0.252692921034698, 0.6673646724606643
36, 0.022295513531686684, 0.7259659701997333
37, 0.04335893397036783, 0.2108127604948149
38, 0.6449193211559305, 0.21408724231668186
39, 0.7845103763503618, 0.8007116114371002
40, 0.7049028214254425, 0.5407922643294882
41, 0.5515482663759644, 0.9923900719120062
42, 0.8743223415561443, 0.48086732336037086
43, 0.2674912304369206, 0.8973584218366312
44, 0.06736785982587157, 0.3506032929998092
45, 0.18109420745046612, 0.6217577087915926
46, 0.9677284342530426, 0.5394509941592326
47, 0.9477617160687445, 0.9195015686631752
48, 0.28299552114757054, 0.9773235099570718
49, 0.5482212295995323, 0.10609356938407921
50, 0.0329784469223382, 0.16390583990207908
51, 0.47952355343366115, 0.44348236991478907
52, 0.9726477091462492, 0.9316942875230674
53, 0.48449784369507176, 0.6691760511767704
54, 0.5164394551231251, 0.8467995214976486
55, 0.6444178012519733, 0.2752823763040343
56, 0.08185792783901169, 0.485622609379014
57, 0.8950896015017425, 0.6966437627799593
58, 0.71542825052921, 0.15297586393791518
59, 0.7814106929890351, 0.5695520926992007
60, 0.8491510887268837, 0.2781736506726574
61, 0.7919226871548399, 0.03345661840621339
62, 0.31611318318406223, 0.828445164093079
63, 0.3062092248922922, 0.9209505264341722
64, 0.22211769983467233, 0.0720758338409544
65, 0.37519719960754716, 0.06625131358864911
66, 0.3566319414485539, 0.7276824628999026
67, 0.9610513031028568, 0.5380487220369015
68, 0.7225835220664165, 0.6673361170589026
69, 0.664958340048739, 0.3379135219861117
70, 0.5778013073400311, 0.17301104337276874
71, 0.3820892254550212, 0.9284022588370806
72, 0.9586234131768474, 0.01985102336922817
73, 0.27865329123553084, 0.410908989909206
74, 0.8808743283755687, 0.18131386479205613
75, 0.34593342042432873, 0.6483618717620131
76, 0.8315936624531994, 0.880525516920654
77, 0.44131712269995504, 0.3105351797013779
78, 0.7881204786066555, 0.5702045979431439
79, 0.4787537562569252, 0.1314823567614587
80, 0.41615458052582754, 0.6283604519309471
81, 0.7838548162363261, 0.47565441158818467
82, 0.635909603317646, 0.4127873778531309
83, 0.9402218976137832, 0.08766585104578983
84, 0.7878944318586762, 0.6991177831657459
85, 0.6226816203864667, 0.9922345683594025
86, 0.5142501190521122, 0.7754398157601439
87, 0.297841766188189, 0.19443318388369535
88, 0.3181588607075194, 0.8053452543431178
89, 0.5605186940386663, 0.6499709452173483
90, 0.6808569599805833, 0.6863242968383572
91, 0.17429632031785602, 0.49135898094536357
92, 0.37909626992880396, 0.8924473307227767
93, 0.9892945486098232, 0.62077826742006
94, 0.5256192689247131, 0.5139890041579482
95, 0.39801856876675323, 0.5667669454959233
96, 0.605405648372738, 0.2391433255098776
97, 0.24254725546664635, 0.587611077578947
98, 0.7014651410456069, 0.9264304631780746
99, 0.45329971931394986, 0.4835849786679268
100, 0.21503784815050675, 0.25781271346672785
101, 0.5423437939052043, 0.011432032398115188
102, 0.9953580912644343, 0.8161713865745213
103, 0.2854136399637386, 0.46351069748729745
104, 0.8578732451890864, 0.1295878649080302
105, 0.8423817287387416, 0.3510332417484847
106, 0.12969434149701298, 0.15044827122762983
107, 0.3968363319673154, 0.24674982715502825
108, 0.9290109163285282, 0.1454160031564954
109, 0.6531580820302041, 0.022808427798656883
110, 0.2623372096303116, 0.6065770608801734
111, 0.49760954466034724, 0.39649051899676124
112, 0.9499117883791052, 0.30709343760260577
113, 0.8317136883691726, 0.1817518639672271
114, 0.7670599091412962, 0.5317736473238586
115, 0.5271239748640011, 0.49807871941609605
116, 0.32945957396905046, 0.47135195505766037
117, 0.1989598884261472, 0.4765517500991069
118, 0.6575767890368573, 0.9511142170655503
119, 0.16406907256489434, 0.016784459995201617
120, 0.8395957316494406, 0.8900496929530376
121, 0.6690727687568345, 0.6633018767566742
122, 0.051550339448760085, 0.4715209205917985
123, 0.789718403175366, 0.10814890750894723
124, 0.30785950361438774, 0.7040306322289299
125, 0.7134943945078429, 0.9150272427102398
126, 0.30460033282274857, 0.7096479555483399
127, 0.5548628479166641, 0.06856335325810226
128, 0.5868750351073354, 0.2753332455619797
129, 0.06715674955503603, 0.513965473006107
130, 0.9871423001552864, 0.9426871051985969
131, 0.6972588330333387, 0.17812683668872142
132, 0.3794634489278831, 0.0997917332363164
133, 0.6046612445123396, 0.437855565313376
134, 0.2482629027189205, 0.4185401975640646
135, 0.9704969740729935, 0.15463591376103136
136, 0.8723838557015569, 0.8334249181182853
137, 0.6645394199879544, 0.26548302444101146
138, 0.17894912641563798, 0.8438679095656357
139, 0.39853672595332723, 0.06510784757531518
140, 0.878583352509249, 0.032970839512376116
141, 0.09598376802725173, 0.7123327343653568
142, 0.8113881809221939, 0.4097093725682657
143, 0.569491687181898, 0.6133208481590366
144, 0.9085228925871759, 0.5375309857099457
145, 0.40503087664059345, 0.22741667276197264
146, 0.7283107114914749, 0.2800937129803871
147, 0.19808241716408315, 0.14694842396525554
148, 0.4922729028602616, 0.7615335204758642
149, 0.4975723253194908, 0.21900309159557996
150, 0.40220511588781227, 0.7641742586440977
151, 0.6022010827452297, 0.5275862295942783
152, 0.8908072512769847, 0.22867759033794288
153, 0.14358190118881486, 0.5742358416907677
154, 0.4475721329386205, 0.9313806790812915
155, 0.8692443983379011, 0.9952853393556479
156, 0.5026584866386102, 0.6938629711161833
157, 0.7379303776345598, 0.4770461578759837
158, 0.6667817209628306, 0.5340686613125527
159, 0.6867930301218041, 0.09292772681312522
160, 0.8144262253629648, 0.9159422600071625
161, 0.9247065334183324, 0.6888013551150372
162, 0.8525533148977481, 0.786619174362432
163, 0.1283480137116455, 0.6791079480260733
164, 0.6044016547738723, 0.8683372111540304
165, 0.8117049981065947, 0.23134443667629634
166, 0.6258731176449112, 0.7371560386098609
167, 0.8880310425091409, 0.5674291158040895
168, 0.35086351353861445, 0.7644198830619268
169, 0.031753261869409966, 0.2696543704105494
170, 0.45464673836293135, 0.9879327654568396
171, 0.37979231896538557, 0.30786488359159925
172, 0.22315519912375947, 0.1908808682895693
173, 0.5532973078492919, 0.8795425964280614
174, 0.5868063341107759, 0.018898660373720566
175, 0.7187960806331299, 0.8413247861457492
176, 0.4782189041319804, 0.5380334326707266
177, 0.600182272061508, 0.7961745826061745
178, 0.6129577433281663, 0.4404928881055894
179, 0.08652988080579249, 0.9780621930861808
180, 0.47537081510012513, 0.2914097707598601
181, 0.67316497385276, 0.8879653384053899
182, 0.9291048182049656, 0.8134177098072976
183, 0.11899429366332892, 0.5161031641950001
184, 0.8591138116655164, 0.3832660238450736
185, 0.8589925018578176, 0.213767125045481
186, 0.9209110327901724, 0.45554734301223054
187, 0.45954621049304856, 0.12265511841861476
188, 0.35089324896984, 0.5501032811802801
189, 0.9273975495961068, 0.4912819566606592
190, 0.40336500822667853, 0.892086216770676
191, 0.8251206948752929, 0.35753002905737163
192, 0.28522227474283934, 0.24950408353772469
193, 0.7836975157878898, 0.6813499524985981
194, 0.22916725753969713, 0.9975364197393201
195, 0.8026877685409735, 0.19882195733924835
196, 0.3338589229256683, 0.5659795579816219
197, 0.6669285609964254, 0.4993725676983103
198, 0.85227144668507, 0.8888954776802648
199, 0.678326695522111, 0.40225577582477634
200, 0.9387877138781651, 0.9987500757470804
201, 0.23717389352630647, 0.910258319626795
202, 0.1438606159189293, 0.5925131626716363
203, 0.7413279329107094, 0.7787148093532761
204, 0.66567059880495, 0.18834330186670978
205, 0.3801785847414608, 0.5580702808580842
206, 0.9443832509771414, 0.21191923794413314
207, 0.008216809547850645, 0.4468607340142233
208, 0.5576150808295325, 0.007063441898983558
209, 0.4998078163950278, 0.7704963601432826
210, 0.5648498831961758, 0.5283732511136373
211, 0.671071715215052, 0.725008775219306
212, 0.31141884951138366, 0.6802198039698979
213, 0.9659333504776793, 0.8113308769257612
214, 0.022296181536695214, 0.7859402298767184
215, 0.5120481842631461, 0.8813595822436144
216, 0.999864185379441, 0.5201587047476857
217, 0.889672117676536, 0.02898165109847739
218, 0.01983392070452006, 0.002162429546922806
219, 0.1608246349927811, 0.7964531794408702
220, 0.5541090993358838, 0.08062980522103147
221, 0.036627626006559555, 0.525594446874006
222, 0.22958727896245046, 0.8151692995699666
223, 0.9703309892852271, 0.42114862192422675
224, 0.1837694473641156, 0.24134556259275042
225, 0.9627858298621736, 0.8834590429761502
226, 0.0009571652871148695, 0.5265863887237475
227, 0.7748064782669112, 0.3872320371087029
228, 0.6084032665911634, 0.08512219661508169
229, 0.24850584578713175, 0.13546849781967163
230, 0.5679785020024779, 0.2359253816863186
231, 0.9116847439793102, 0.12064972481253233
232, 0.569963879400372, 0.9811411383897456
233, 0.43614833651417706, 0.8329242240114497
234, 0.4852847961227409, 0.579001220420818
235, 0.6206702850709996, 0.8991486716929832
236, 0.06990979877639547, 0.2384178755650206
237, 0.9154559360645315, 0.9924622385696258
238, 0.11482437599217776, 0.6786856634099063
239, 0.6539131686671517, 0.17528421068569733
240, 0.7380518500820233, 0.39720555435375293
241, 0.0756980324883717, 0.1731500270586238
242, 0.8006979931233416, 0.5379917022867947
243, 0.1392623590757448, 0.03404366102906142
244, 0.09462540176922607, 0.6703871333249675
245, 0.17429947820867764, 0.8140439434216536
246, 0.5571319394216188, 0.9240844732750823
247, 0.4316414284098846, 0.5786719764789809
248, 0.6101575159008604, 0.02384829267689592
249, 0.33462824053411966, 0.8445150771704479
250, 0.052879111682229585, 0.8863387593089478
251, 0.5816434889340053, 0.7079210390109536
252, 0.06205992005263672, 0.4434156346109377
253, 0.1766490007268906, 0.5707058323562744
254, 0.3616508828276441, 0.8597225319720088
255, 0.8705389933222956, 0.3755236384209649
256, 0.9971248740173019, 0.07315264565726176
257, 0.9679333882890186, 0.8479857441778265
258, 0.7914699067825607, 0.3515696810566682
259, 0.8046001851947014, 0.676185228604624
260, 0.13347110225050907, 0.7105031544932835
261, 0.3219029901801036, 0.5200689214499077
262, 0.35285214249161034, 0.6602417737068486
263, 0.9944568307552264, 0.5423046690743807
264, 0.6552000076009762, 0.8235092853377609
265, 0.21074690538496543, 0.9036019573386345
266, 0.06903237336547297, 0.7783379745298916
267, 0.010725271691914728, 0.05977752848211926
268, 0.1565502548001484, 0.039810044105145215
269, 0.8849028007933695, 0.709646778814465
270, 0.7026445752838006, 0.9849134986111799
271, 0.676805540825051, 0.5080939732790347
272, 0.9278088683678565, 0.8481345737088655
273, 0.5942165664733969, 0.5759131985597089
274, 0.962615464670163, 0.8032406182736371
275, 0.30932207942432055, 0.8677288088354502
276, 0.5189089843852341, 0.4316299613664194
277, 0.47646340723246094, 0.8115715153074409
278, 0.3771480716369843, 0.6333781342498839
279, 0.37071030024121077, 0.6575425171543785
280, 0.17192557055997815, 0.9600252733268397
281, 0.8631529626605648, 0.3413255573021965
282, 0.3006393175801202, 0.314675160755867
283, 0.023441859921731867, 0.03742052659051176
284, 0.5737143120772247, 0.2803708165386911
285, 0.20576153482731552, 0.04538320050751732
286, 0.36072044609142695, 0.5872620532401236
287, 0.9644427225508748, 0.7956935563861939
288, 0.19268543397985438, 0.2103418457480165
289, 0.4154916500330311, 0.7369411926711151
290, 0.5619180300143912, 0.6770574903072347
291, 0.5049975071399274, 0.3200426874391402
292, 0.72980900227933, 0.49510030372919467
293, 0.7454895536540579, 0.3719171584600457
294, 0.06732829336169233, 0.945703552573261
295, 0.4160500731827498, 0.3772021925761453
296, 0.5376525406211549, 0.550799108041502
297, 0.39131303651793026, 0.8176693418717095
298, 0.8108340998927624, 0.038390943787950715
299, 0.22155678390251599, 0.4801247130200291
300, 0.017470530578370225, 0.40277923999098164
301, 0.11969360457357436, 0.7119412029694099
302, 0.6652878219141135, 0.603822267902343
303, 0.5114510646543513, 0.31346671654848923
304, 0.7671835243831728, 0.3372152235337621
305, 0.9575333753789943, 0.9554725315930597
306, 0.5657791655322962, 0.7674552986641423
307, 0.17184757478214563, 0.9379304695299111
308, 0.4823268304679086, 0.18860235934012737
309, 0.7522137013239901, 0.8118422380882963
310, 0.3959545602290543, 0.3251349797599823
311, 0.26996673584896513, 0.9155380603722997
312, 0.9048247849002832, 0.5677431340658305
313, 0.9269647913587011, 0.8833503567807695
314, 0.5518646814298039, 0.02613829135692136
315, 0.5121813869820693, 0.18336684539546888
316, 0.5736234468426296, 0.26138770095005537
317, 0.7684065362340786, 0.663188385198176
318, 0.24418335520992118, 0.34617920567631755
319, 0.4061174718381034, 0.3818612028669376
320, 0.8647862766351472, 0.7437887622024044
321, 0.6343441139328371, 0.6861449821563849
322, 0.6209280454148954, 0.9039926606719608
323, 0.5789921840998176, 0.755559419119436
324, 0.9351323270445108, 0.14126231607015793
325, 0.3336435683183664, 0.10255608106313996
326, 0.3178662792937311, 0.36021441001581744
327, 0.24422376044156602, 0.49334395915680207
328, 0.393752883929527, 0.9895416640180422
329, 0.1377903960729584, 0.5945401107874596
330, 0.5469307954425718, 0.48906996095933486
331, 0.287462099931717, 0.42948061263866666
332, 0.2643379177245937, 0.6070037781349302
333, 0.9461603475163798, 0.5586284479208795
334, 0.47033384338076545, 0.49980730292385944
335, 0.8805345154783236, 0.8165254830150944
336, 0.28927064204269926, 0.06417922493259554
337, 0.5121217223180329, 0.5435003429864748
338, 0.22449641058063408, 0.6298402295757453
339, 0.8886046717918225, 0.24296326045071492
340, 0.871807277136965, 0.32343030198038514
341, 0.7352039918826012, 0.5472117068085308
342, 0.8166184778584591, 0.7608934856374308
343, 0.257043305516504, 0.45306334229052003
344, 0.930239139161401, 0.8728884182508031
345, 0.5492951717678202, 0.5962035258301301
346, 0.3894926963313039, 0.8133714704450312
347, 0.986702248755259, 0.799601976286567
348, 0.0861236954526714, 0.6512306750216691
349, 0.5195307342819739, 0.2654016384107094
350, 0.15750790221231004, 0.9523384039243082
351, 0.6480147936828978, 0.83666810971245
352, 0.2677069391693262, 0.1974778043402895
353, 0.21947442487559776, 0.8296565335842747
354, 0.8899640136383019, 0.0995748453404528
355, 0.3221902051627197, 0.007018549107227989
356, 0.6614419777223167, 0.2833130297172759
357, 0.4090334350295206, 0.10123630677681561
358, 0.6251028031338689, 0.5532988677047125
359, 0.5460501711934911, 0.6478945047616333
360, 0.2907228874215876, 0.33486608822867947
361, 0.9701301007461961, 0.40530687101940954
362, 0.9959826879974951, 0.8522652537202905
363, 0.8042508048381513, 0.8907484231467064
364, 0.4771441532986339, 0.713840598454499
365, 0.584644388536243, 0.9026954338942079
366, 0.19257459268610022, 0.5319069139252908
367, 0.024384568419009267, 0.899100952036746
368, 0.11352301051006963, 0.10260374158356023
369, 0.23941168908528954, 0.31762592347445073
370, 0.7996979766480229, 0.5322233531444499
371, 0.2484875499890804, 0.17125486814838342
372, 0.5204589306263361, 0.38281502802800205
373, 0.7483915234098583, 0.2052130365522924
374, 0.3267059803855411, 0.6320412492575075
375, 0.9466928600253934, 0.5523076957785007
376, 0.4733772610188357, 0.17242790067098313
377, 0.5320676500673766, 0.47962733274344926
378, 0.49402173224622414, 0.1029863214303085
379, 0.27342437143652476, 0.3444418164510852
380, 0.45538538804593487, 0.6648206857158497
381, 0.8996974994164847, 0.7622624898982482
382, 0.6089564903736611, 0.6273201470481323
383, 0.19080699446393323, 0.450644107682043
384, 0.5314710503761859, 0.0184740800670522
385, 0.5923866985605514, 0.22069783314357405
386, 0.1913457246841831, 0.1505873566068009
387, 0.7668729183437355, 0.8184615838458712
388, 0.4556546629304985, 0.7460711314391493
389, 0.903150870340847, 0.6589032983217331
390, 0.5235410191157054, 0.6429367176736865
391, 0.7681711454107732, 0.6783658846642582
392, 0.12462503288897187, 0.8096212137820002
393, 0.6537087243086607, 0.9679773592346452
394, 0.8121298229267715, 0.3048017420896475
395, 0.4280677810187087, 0.6553429424456081
396, 0.3181734859732317, 0.3089500704916862
397, 0.9238373778519486, 0.7049501147380477
398, 0.4150076584441864, 0.7115701251132788
399, 0.4704397527876589, 0.9377094282600449
400, 0.6782995826259085, 0.9502018951582765
401, 0.1469447372366316, 0.9960559077307888
402, 0.8040236175427501, 0.8856068323459575
403, 0.48714261164927963, 0.2161584029615461
404, 0.28437823127942374, 0.883267440552734
405, 0.8862515535518312, 0.008859157582713051
406, 0.741515002179443, 0.09527952175626653
407, 0.13352383778203136, 0.5022157361048164
408, 0.37808699284877334, 0.03202296499177515
409, 0.890549012163361, 0.8737836675723644
410, 0.703267903343392, 0.11441914573606216
411, 0.38728299836441904, 0.6950716571830159
412, 0.5859652488747683, 0.37098627277676643
413, 0.448206168425329, 0.3381195083944464
414, 0.24331483959550515, 0.5214385947029399
415, 0.3488330630169767, 0.3906328217002246
416, 0.26593085442265674, 0.993060207666045
417, 0.171140379552421, 0.13473422995626338
418, 0.46242700949496185, 0.009743581889453568
419, 0.24060833569329776, 0.2652685128563612
420, 0.21681131332896508, 0.9056751516981716
421, 0.9510693505626173, 0.0919285841848968
422, 0.7220483895238324, 0.9750840010686801
423, 0.985458092377098, 0.37284951984742376
424, 0.7000011754962839, 0.3831796068067306
425, 0.6737199345528049, 0.04098468534585775
426, 0.3638252449067304, 0.4239284541681442
427, 0.7093039730180004, 0.47413507686242096
428, 0.14557332519882582, 0.05745612620328677
429, 0.6981855972138001, 0.016322782215128284
430, 0.5558043992137565, 0.22655459558564905
431, 0.21825363194101766, 0.3280861621301052
432, 0.08281632391940486, 0.8433297839727656
433, 0.5179034587230342, 0.6094466876814096
434, 0.8646129663478513, 0.42703595766896574
435, 0.34473262541691285, 0.785474029644409
436, 0.11934126130068645, 0.5255194292462869
437, 0.2881687095731795, 0.06482178828327523
438, 0.6159400376809956, 0.9256342899405674
439, 0.810175284541304, 0.6435367506584534
440, 0.289525427600719, 0.5872730787164274
441, 0.26554611020084007, 0.7482532698378436
442, 0.28911630786038556, 0.848276859749703
443, 0.6438126078714133, 0.24742827721709837
444, 0.41844609382534603, 0.7322075659061931
445, 0.9008462648419732, 0.2271216890821336
446, 0.15088237247414427, 0.5747950068798476
447, 0.42574187312594025, 0.40822818939673344
448, 0.7870321427639791, 0.9312627121165343
449, 0.15254768780525396, 0.23612775896618743
450, 0.5336168334973336, 0.6476788836779606
451, 0.4432353097192139, 0.5208060942120604
452, 0.2050459330409864, 0.8261083220637067
453, 0.019032783896283045, 0.18365822696769418
454, 0.15932418711371865, 0.7092214214003424
455, 0.7948789124680209, 0.7276581801003715
456, 0.8374375519052103, 0.7732348606665488
457, 0.2061013018900073, 0.9468774778905922
458, 0.663560006589317, 0.48199884410614646
459, 0.15539149012451414, 0.13727073289880865
460, 0.6332304226689962, 0.09867945128428857
461, 0.4181856102263726, 0.2413600570835892
462, 0.7969391601966824, 0.5101519760261677
463, 0.8318384483199911, 0.9627630679245728
464, 0.733605415911238, 0.7610617727737516
465, 0.6963800920045233, 0.11344399418310913
466, 0.02285775609892471, 0.2655601689320497
467, 0.5185405115577816, 0.5771248843769
468, 0.9632150479507725, 0.602027455574487
469, 0.630858700989056, 0.04259847927178895
470, 0.8497688341662595, 0.7537099996949661
471, 0.45842515014763663, 0.4621283564841254
472, 0.003021589827295945, 0.41142588166352845
473, 0.3277182125621545, 0.023695029732483053
474, 0.8565118764878163, 0.6655640483455026
475, 0.20931970420054735, 0.44989514584078427
476, 0.5683368628572859, 0.9540991743140005
477, 0.10072998630008956, 0.9354276854455627
478, 0.3709546698621734, 0.47464708659617993
479, 0.9894492837632515, 0.9590750812832666
end_nodes
0, 1
0, 2
0, 3
0, 4
0, 5
0, 6
0, 7
0, 8
0, 9
0, 10
0, 11
0, 12
0, 13
0, 14
0, 15
0, 16
0, 17
0, 18
0, 19
0, 20
0, 21
1, 11
1, 12
1, 13
1, 16
1, 21
1, 25
1, 27
1, 28
1, 29
1, 33
1, 36
1, 43
1, 48
1, 62
1, 63
1, 66
1, 71
1, 75
1, 88
1, 92
2, 8
2, 17
2, 31
2, 32
2, 34
2, 46
2, 52
2, 58
2, 61
2, 67
2, 72
2, 74
2, 83
2, 93
2, 101
2, 102
2, 104
2, 108
2, 109
2, 112
3, 9
3, 12
3, 22
3, 24
3, 41
3, 53
3, 54
3, 80
3, 85
3, 86
3, 95
3, 99
3, 107
3, 118
3, 148
3, 154
3, 156
3, 164
3, 170
3, 171
4, 9
4, 19
4, 30
4, 51
4, 77
4, 89
4, 90
4, 94
4, 98
4, 111
4, 115
4, 118
4, 121
4, 125
4, 143
4, 145
4, 155
4, 160
4, 166
4, 175
5, 7
5, 17
5, 49
5, 60
5, 112
5, 131
5, 165
5, 204
5, 239
5, 340
5, 373
5, 378
5, 408
6, 15
6, 18
6, 19
6, 132
6, 151
6, 155
6, 160
6, 203
6, 309
6, 358
6, 363
6, 387
6, 402
6, 464
7, 15
7, 38
7, 39
7, 40
7, 42
7, 47
7, 52
7, 55
7, 57
7, 59
7, 60
7, 65
7, 68
7, 69
7, 70
7, 76
7, 78
7, 79
7, 81
8, 17
8, 31
8, 58
8, 74
8, 104
8, 113
8, 127
8, 152
8, 185
8, 195
8, 206
8, 220
8, 231
8, 339
8, 445
9, 51
9, 53
9, 89
9, 99
9, 107
9, 118
9, 145
9, 156
9, 166
9, 176
9, 177
9, 234
9, 247
9, 251
9, 290
9, 295
9, 306
9, 310
10, 20
10, 21
10, 23
10, 26
10, 36
10, 37
10, 44
10, 50
10, 56
10, 64
10, 91
10, 100
10, 106
10, 119
10, 122
10, 129
10, 141
10, 147
10, 153
10, 163
11, 12
11, 62
11, 66
11, 88
11, 92
11, 150
11, 168
11, 188
11, 190
11, 205
11, 249
11, 254
11, 275
11, 278
11, 279
11, 286
11, 297
11, 325
11, 346
12, 24
12, 27
12, 48
12, 63
12, 71
12, 92
12, 150
12, 170
12, 190
12, 194
12, 205
12, 297
12, 325
12, 328
12, 401
12, 416
12, 426
13, 14
13, 16
13, 28
13, 35
13, 45
13, 73
13, 87
13, 97
13, 103
13, 110
13, 117
13, 134
13, 192
13, 222
13, 253
13, 260
13, 327
13, 331
13, 332
14, 117
14, 134
14, 299
14, 318
14, 475
15, 39
15, 47
15, 52
15, 65
15, 68
15, 76
15, 79
15, 120
15, 130
15, 133
15, 144
15, 149
15, 155
15, 162
15, 167
15, 178
15, 182
15, 186
16, 35
16, 103
16, 282
16, 332
16, 440
16, 441
17, 49
17, 112
17, 131
17, 152
17, 165
17, 206
17, 339
17, 408
17, 445
18, 132
18, 151
18, 358
19, 90
19, 121
19, 151
19, 160
19, 180
19, 211
19, 309
19, 363
19, 372
20, 64
20, 172
20, 229
20, 285
20, 336
20, 355
20, 437
21, 28
21, 36
21, 91
21, 117
21, 141
21, 163
21, 202
21, 219
21, 238
21, 253
21, 260
21, 301
21, 352
21, 353
21, 369
21, 371
21, 383
21, 419
22, 85
22, 118
22, 155
22, 164
22, 235
22, 270
22, 322
22, 365
22, 393
22, 422
22, 438
23, 119
23, 147
23, 285
23, 386
23, 417
24, 170
24, 289
24, 398
24, 444
25, 27
25, 29
25, 33
25, 36
25, 43
25, 179
25, 201
25, 214
25, 250
25, 265
25, 266
25, 280
25, 294
25, 307
25, 311
25, 350
25, 367
25, 392
25, 401
25, 420
26, 56
26, 122
26, 129
26, 221
27, 48
27, 280
27, 307
27, 311
27, 401
27, 457
28, 222
28, 260
29, 33
29, 138
29, 245
29, 392
30, 98
30, 118
30, 181
30, 264
30, 351
30, 400
31, 58
31, 123
31, 127
31, 159
31, 220
31, 228
31, 354
31, 406
31, 410
31, 460
31, 465
32, 34
32, 61
32, 83
32, 140
32, 217
32, 298
32, 405
32, 429
33, 265
34, 72
34, 83
34, 405
35, 332
36, 37
36, 50
36, 129
36, 141
36, 169
36, 183
36, 207
36, 214
36, 218
36, 219
36, 221
36, 226
36, 244
36, 245
36, 266
36, 267
36, 283
37, 44
37, 50
37, 122
37, 169
37, 221
37, 236
37, 252
38, 65
38, 79
38, 394
39, 42
39, 68
39, 84
39, 167
39, 186
39, 193
39, 259
39, 317
39, 342
39, 391
39, 439
39, 455
39, 456
39, 474
40, 55
40, 59
40, 68
40, 69
40, 79
40, 81
40, 82
40, 96
40, 114
40, 128
40, 142
40, 157
40, 158
40, 184
40, 197
40, 199
40, 227
40, 230
40, 240
40, 242
41, 54
41, 80
41, 85
41, 86
41, 154
41, 155
41, 170
41, 173
41, 194
41, 200
41, 209
41, 215
41, 232
41, 233
41, 246
41, 277
41, 328
41, 388
41, 395
41, 399
42, 68
42, 84
42, 193
42, 317
42, 439
43, 201
43, 311
43, 420
44, 252
45, 117
45, 253
45, 366
46, 52
46, 67
46, 102
46, 130
46, 347
46, 362
46, 468
46, 479
47, 52
47, 120
47, 161
47, 182
47, 198
47, 213
47, 225
47, 257
47, 272
47, 274
47, 287
47, 313
47, 333
47, 344
47, 375
47, 389
47, 397
47, 409
48, 63
48, 404
49, 131
50, 106
50, 119
50, 169
50, 236
50, 241
50, 243
50, 268
50, 283
50, 368
50, 428
50, 459
51, 77
51, 89
51, 94
51, 143
51, 145
51, 290
51, 296
51, 337
51, 345
51, 413
52, 67
52, 112
52, 130
52, 213
52, 225
52, 257
52, 468
53, 118
53, 156
54, 148
54, 209
55, 69
55, 96
55, 105
55, 137
55, 146
55, 191
55, 258
55, 281
55, 304
55, 356
55, 385
55, 443
56, 129
57, 76
57, 136
57, 182
57, 189
57, 269
57, 312
57, 320
57, 335
57, 381
57, 389
58, 104
58, 123
58, 195
58, 354
58, 410
58, 460
58, 465
59, 68
59, 78
59, 242
59, 341
60, 112
60, 204
60, 239
60, 340
61, 101
61, 109
61, 208
61, 298
61, 429
62, 88
62, 249
63, 404
64, 147
64, 224
64, 285
64, 288
64, 386
65, 70
65, 79
65, 139
65, 149
65, 187
65, 291
65, 302
65, 303
65, 308
65, 349
65, 357
65, 376
65, 403
66, 75
66, 88
66, 116
66, 168
66, 262
66, 326
66, 396
66, 435
66, 442
66, 473
67, 468
68, 78
68, 79
68, 158
68, 317
68, 391
69, 184
69, 191
69, 199
69, 227
69, 240
69, 255
69, 258
69, 293
69, 424
69, 427
70, 139
71, 92
72, 93
72, 135
72, 216
72, 256
72, 263
72, 405
72, 421
72, 423
73, 87
73, 327
73, 331
73, 338
73, 343
73, 360
73, 379
73, 414
74, 108
74, 206
74, 324
75, 116
75, 124
75, 126
75, 196
75, 212
75, 261
75, 326
75, 374
76, 136
76, 144
76, 162
76, 182
76, 312
76, 320
77, 94
77, 145
77, 413
79, 82
79, 96
79, 133
79, 146
79, 149
79, 158
79, 178
79, 187
79, 197
79, 230
79, 271
79, 281
79, 284
79, 308
79, 315
80, 95
80, 233
80, 277
80, 388
80, 395
81, 184
81, 255
81, 434
82, 230
82, 284
82, 316
82, 430
84, 193
84, 259
84, 439
84, 455
85, 86
85, 155
85, 173
85, 232
85, 246
85, 270
85, 365
85, 393
85, 476
86, 148
86, 173
86, 209
86, 364
86, 380
87, 192
87, 327
87, 331
87, 360
87, 379
88, 435
88, 442
89, 166
89, 177
89, 251
89, 290
89, 345
90, 121
90, 211
91, 100
91, 153
91, 202
91, 329
91, 371
91, 446
92, 254
92, 275
93, 102
93, 216
93, 223
93, 263
93, 361
93, 421
94, 143
94, 296
95, 154
95, 233
96, 128
96, 230
96, 385
97, 103
97, 331
98, 125
98, 155
98, 181
98, 400
98, 448
98, 463
99, 176
99, 234
99, 247
99, 295
99, 310
99, 319
99, 390
99, 447
99, 451
100, 371
101, 109
101, 174
101, 208
101, 248
101, 314
101, 384
101, 418
101, 425
101, 469
102, 216
102, 223
102, 362
103, 110
103, 331
103, 332
104, 113
104, 195
104, 231
105, 191
106, 241
106, 449
106, 459
107, 171
107, 310
107, 323
107, 334
107, 359
107, 433
107, 450
107, 467
107, 471
108, 324
109, 174
109, 248
110, 332
111, 121
111, 180
111, 210
111, 273
111, 276
111, 321
111, 330
111, 372
111, 377
111, 382
112, 165
112, 239
112, 373
113, 231
114, 242
114, 370
114, 462
115, 145
115, 461
116, 326
117, 253
117, 318
117, 366
117, 475
118, 155
118, 164
118, 235
118, 264
118, 351
118, 400
119, 218
119, 243
119, 268
119, 283
119, 285
119, 355
119, 417
119, 449
119, 459
120, 182
120, 198
120, 272
120, 409
121, 273
121, 276
121, 321
121, 372
121, 382
122, 221
122, 252
123, 159
123, 354
123, 406
123, 410
124, 126
124, 212
124, 261
124, 326
124, 396
125, 175
125, 448
126, 396
126, 473
127, 220
128, 230
129, 221
130, 155
130, 200
130, 237
130, 305
130, 479
131, 165
133, 149
133, 178
135, 216
135, 256
136, 182
136, 335
137, 146
137, 443
138, 245
140, 217
140, 405
140, 429
141, 183
141, 238
141, 244
141, 407
141, 436
142, 157
142, 184
142, 227
142, 292
143, 296
144, 162
145, 337
145, 413
145, 461
146, 281
146, 385
146, 443
147, 224
147, 386
148, 209
148, 364
148, 380
149, 308
149, 349
149, 403
150, 205
150, 278
150, 297
150, 346
150, 411
151, 203
151, 309
151, 358
151, 464
152, 339
152, 445
153, 329
154, 170
154, 233
154, 399
155, 160
155, 175
155, 200
155, 237
155, 270
155, 305
155, 400
155, 422
155, 463
157, 227
157, 292
158, 197
159, 410
160, 363
160, 402
161, 333
161, 375
161, 389
161, 397
163, 202
163, 329
164, 235
164, 322
165, 373
166, 251
167, 186
167, 456
167, 470
167, 474
168, 435
170, 328
170, 444
172, 229
172, 336
172, 437
173, 246
174, 248
175, 448
175, 463
176, 295
177, 290
178, 412
179, 294
179, 367
179, 401
180, 372
181, 400
182, 272
182, 335
182, 381
182, 389
183, 244
183, 348
183, 407
183, 436
184, 227
184, 255
184, 293
185, 206
185, 445
186, 470
187, 308
187, 357
187, 376
188, 205
188, 286
188, 325
188, 415
188, 426
189, 312
190, 297
191, 258
191, 304
191, 356
193, 317
194, 200
194, 328
194, 401
194, 416
196, 261
196, 326
197, 271
198, 409
199, 427
200, 237
200, 479
201, 311
202, 329
202, 446
203, 309
203, 387
203, 464
204, 340
205, 278
205, 279
205, 286
205, 426
206, 324
206, 445
207, 226
207, 267
207, 472
208, 405
208, 418
208, 429
210, 273
210, 330
210, 382
212, 261
212, 374
213, 257
213, 287
214, 226
214, 250
214, 367
214, 432
215, 395
216, 256
216, 263
216, 362
216, 423
217, 405
218, 267
218, 283
218, 300
218, 355
218, 405
218, 453
218, 466
219, 353
219, 452
223, 361
224, 288
225, 257
226, 367
226, 472
227, 240
227, 293
228, 460
228, 465
229, 437
230, 315
230, 316
230, 430
232, 246
232, 476
233, 277
233, 399
234, 247
234, 306
234, 390
235, 322
238, 301
240, 424
240, 427
242, 341
242, 370
242, 462
243, 283
244, 348
245, 266
245, 392
246, 476
247, 306
247, 451
250, 367
253, 260
253, 454
254, 275
255, 434
258, 304
259, 439
259, 455
260, 454
261, 326
261, 374
262, 396
262, 473
263, 423
264, 351
266, 392
267, 300
267, 472
268, 428
268, 459
269, 312
269, 320
270, 393
270, 422
271, 458
272, 313
272, 344
272, 409
273, 276
273, 330
273, 382
274, 287
277, 388
278, 411
279, 286
280, 350
280, 401
282, 440
283, 466
284, 315
284, 430
285, 355
285, 386
285, 417
289, 398
291, 302
294, 367
294, 477
295, 310
297, 346
299, 318
299, 475
300, 453
303, 349
304, 356
307, 311
307, 457
308, 376
309, 387
310, 319
310, 323
310, 334
310, 447
310, 471
311, 457
312, 320
313, 344
313, 409
314, 384
314, 418
314, 469
315, 430
316, 430
317, 391
318, 475
319, 447
321, 377
321, 382
323, 334
323, 450
325, 415
325, 426
325, 478
326, 396
327, 343
327, 379
327, 414
331, 338
331, 360
333, 375
334, 433
334, 450
334, 471
335, 381
336, 437
342, 456
342, 474
343, 379
347, 362
347, 479
349, 403
350, 401
352, 369
352, 371
352, 419
353, 452
354, 406
357, 376
359, 467
362, 479
363, 402
364, 380
365, 438
367, 477
368, 428
368, 459
370, 462
371, 383
371, 419
371, 431
375, 389
383, 419
383, 431
384, 418
385, 443
389, 397
396, 473
398, 444
401, 416
405, 429
407, 436
410, 465
415, 426
418, 469
419, 431
424, 427
425, 469
426, 478
428, 459
433, 450
440, 441
448, 463
449, 459
456, 474
460, 465
end