560
4
0, 0.6564479655431357, 0.8508938363515743
1, 0.04102274054001642, 0.461628928916206
2, 0.8150469376641611, 0.07038443080308221
3, 0.9045492509221917, 0.4474913874216564
4, 0.7962460021288877, 0.6012673094245845
5, 0.18349099827907955, 0.22032407228963102
6, 0.7914952425569924, 0.09176095452102473
7, 0.34198672032982036, 0.6755474627362421
8, 0.670898377822385, 0.5072851998669473
9, 0.01677828089611766, 0.8624369420754138
10, 0.15253568373191495, 0.34570201059804795
11, 0.42655687003744613, 0.9424913361049331
12, 0.6152268461568865, 0.48991585399588644
13, 0.4349579346132242, 0.6508041626126042
14, 0.9224778692297556, 0.6004309930549128
15, 0.9082835911182711, 0.9066888357497764
16, 0.9973071951706642, 0.9404208771816701
17, 0.7239565966656956, 0.6306155756396156
18, 0.7333266012889345, 0.7629023866598028
19, 0.5523255451863148, 0.34245915820874995
20, 0.595603220964414, 0.6453598485510317
21, 0.03355206096728647, 0.9305666306643796
22, 0.29149878265648044, 0.23701688448463765
23, 0.8941184043096754, 0.3558775966824912
24, 0.934912111664241, 0.9931223934484716
25, 0.5398019733863969, 0.9564368070669096
26, 0.027611231280917137, 0.7089476420594626
27, 0.37194980226935315, 0.25132989994078936
28, 0.814764300488709, 0.5405689261928597
29, 0.2767768514017981, 0.28308293122685646
30, 0.7869376383528494, 0.4577975151986846
31, 0.1179405023243173, 0.47564054553377166
32, 0.40418986291662706, 0.06866241631745107
33, 0.9431297694401313, 0.39184201002597197
34, 0.577384782418469, 0.8129015107455907
35, 0.21551606224650754, 0.016497712142611753
36, 0.349644079916672, 0.502517457118979
37, 0.6320493480173366, 0.9358137051520052
38, 0.4735093391990379, 0.03317059049801874
39, 0.7929028689425439, 0.07128844839034676
40, 0.5094404588121192, 0.06883439658187351
41, 0.7006432221732742, 0.2629943136193139
42, 0.448664402113246, 0.2820782886976684
43, 0.17203211868289148, 0.0022904892905201146
44, 0.6895201416405473, 0.37165709908205224
45, 0.3149019349446942, 0.1869425764972007
46, 0.5970836877537888, 0.9234400143747772
47, 0.9187362795541969, 0.476814339971959
48, 0.7345723534024563, 0.6296806048342535
49, 0.3142875831277152, 0.8920882890358405
50, 0.5822524028544181, 0.6060401459864964
51, 0.33331818928996015, 0.22356568133098165
52, 0.22220458992541336, 0.19893548280852813
53, 0.15019604071991854, 0.26422693883669723
54, 0.56780876304522, 0.3978683672551182
55, 0.5280144161848133, 0.10191382415475736
56, 0.6770458812723876, 0.7646499720726545
57, 0.029799807098754738, 0.9328837942718733
58, 0.8553591943518469, 0.2777378896069409
59, 0.7906150097519838, 0.32500816035906144
60, 0.6588152970234706, 0.6850174910748787
61, 0.16448050934773562, 0.6851416416140578
62, 0.11103018671243914, 0.8609306509049008
63, 0.824014642814996, 0.5506334940941571
64, 0.36089894576938053, 0.4304001594359862
65, 0.7289183031815253, 0.6978225080014525
66, 0.6009325415445024, 0.6671360801083093
67, 0.6610151075118189, 0.5248808118155811
68, 0.15289765394956112, 0.961731414446786
69, 0.8974663401994104, 0.3256629978791946
70, 0.2509378809149023, 0.933021901672061
71, 0.2709677939782089, 0.6235342920219809
72, 0.11143310718595945, 0.60805983056637
73, 0.04473099523493018, 0.37863645968917503
74, 0.19762291158638934, 0.1319376813416988
75, 0.8985234639239258, 0.47580654846459836
76, 0.3854906304447462, 0.5480889344269372
77, 0.9222633576480507, 0.45167677926187677
78, 0.8645273265447746, 0.08087219143603852
79, 0.3106741262156878, 0.2872978401966484
80, 0.1943194363254903, 0.3321523565141635
81, 0.6060292581463858, 0.38344639232128896
82, 0.01722418406716486, 0.14626363172305856
83, 0.02414804564117279, 0.5628496467238177
84, 0.4954698633280481, 0.7129980404613939
85, 0.42648936131829673, 0.7018857043017286
86, 0.5802395909285256, 0.8885045161594992
87, 0.6501276288908661, 0.8934770312443372
88, 0.5349873693934439, 0.9105610254687376
89, 0.07100444857854982, 0.6827754176598935
90, 0.564465813930716, 0.81055075871713
91, 0.1529747549341306, 0.6531265251923337
92, 0.58977180178179, 0.5839508178555137
93, 0.8160951462372606, 0.5719266039212022
94, 0.8273496708416105, 0.6434151533007842
95, 0.963546005422084, 0.7815679184615477
96, 0.7803781052522767, 0.059065225038314906
97, 0.4721695935738285, 0.0650489538921003
98, 0.7010543131919467, 0.03199178761458099
99, 0.10741990865114615, 0.7235932628501754
100, 0.7942465909944109, 0.002200723417944861
101, 0.8476149589443609, 0.3370480591540256
102, 0.1505251972618613, 0.02060261104384087
103, 0.5575491450705332, 0.012516534791881417
104, 0.5109010326971821, 0.2551986748893932
105, 0.648373765676746, 0.7213397200842236
106, 0.19503327849696672, 0.42215500019455154
107, 0.42245198161710307, 0.8642812970401443
108, 0.23907106023818747, 0.24948198675159916
109, 0.5576458422095256, 0.531788964704709
110, 0.1703703563287231, 0.6431723652676126
111, 0.8370199888446226, 0.036991115585687684
112, 0.6662212702038393, 0.7243118634500537
113, 0.6950653499013351, 0.567845188958355
114, 0.11583242840514663, 0.24522820268353251
115, 0.902372536234192, 0.35867450632880715
116, 0.41843170014085473, 0.22195068112161365
117, 0.6123265830464516, 0.6433637093319826
118, 0.9703332210753414, 0.745197575174615
119, 0.02438378925902429, 0.08167917204447206
120, 0.24725357021512528, 0.804044038210556
121, 0.8403539931351337, 0.42536707302864296
122, 0.2184773945614481, 0.3625896700891168
123, 0.8859090702604423, 0.16862483468370415
124, 0.17391078191074605, 0.19288561625751255
125, 0.698973543571516, 0.8006026186432403
126, 0.8174479386678687, 0.4610408692370407
127, 0.5098212389876637, 0.2683608637759587
128, 0.49755207853040995, 0.8995945308446026
129, 0.22111172832614967, 0.16591641994397355
130, 0.7575177182901474, 0.24856035600680448
131, 0.17451535135260277, 0.5008784826840585
132, 0.7306657538254331, 0.28035554585209155
133, 0.21339055063667356, 0.385054723589233
134, 0.6035488638184604, 0.562529453884313
135, 0.19582203290453049, 0.39610651696088617
136, 0.025294311418359916, 0.9014501376836622
137, 0.4094720661799254, 0.9269131523939271
138, 0.5386944845980701, 0.6166492805314712
139, 0.7264904450581766, 0.9591710198350185
140, 0.05510590318624797, 0.8020675417149649
141, 0.6258488818053728, 0.3855676532954937
142, 0.6545284069403049, 0.18066617344033498
143, 0.14457506316516566, 0.9015266109390082
144, 0.7975818696604625, 0.7413120269172244
145, 0.5673643471579913, 0.75792643435069
146, 0.8327867565698355, 0.9614754868310369
147, 0.6772256978459087, 0.8639724251582311
148, 0.8354648470812206, 0.4786871089709709
149, 0.34839500597713235, 0.6201984710356077
150, 0.4807714495620775, 0.04518982834794072
151, 0.04002624615387251, 0.20204600364995617
152, 0.7852291753315934, 0.11361080410235547
153, 0.48857001318251014, 0.10330160390708087
154, 0.44206569302821697, 0.8503079047655866
155, 0.9026056901308609, 0.24564169191695984
156, 0.7210063171064433, 0.43760260136831064
157, 0.6162849174409086, 0.653552977823323
158, 0.04920666035257104, 0.03863439630514709
159, 0.5336865014455443, 0.7131559317592255
160, 0.26105825521009207, 0.5939502168776629
161, 0.3849624369864607, 0.5206149904320861
162, 0.3027962613636449, 0.9215117611047805
163, 0.7241524570259752, 0.7395768047221313
164, 0.1669133286017468, 0.12070125209894045
165, 0.5693681071261638, 0.9370102388817135
166, 0.6864544041727624, 0.9744806937164124
167, 0.17164998018340416, 0.2083046055240504
168, 0.6650227329018764, 0.43032325645251046
169, 0.13519193163071008, 0.6965267553616272
170, 0.6788531559982728, 0.6188533664326077
171, 0.09066389609983538, 0.5831009240757031
172, 0.215766128402208, 0.6796742572153317
173, 0.454155633633782, 0.5962943424103464
174, 0.7026410175824866, 0.7651494414795068
175, 0.30875967899612244, 0.4328759147501936
176, 0.6218570022979294, 0.8692283039399306
177, 0.5148449844935872, 0.2745637509354353
178, 0.5858834325601288, 0.8501994690598463
179, 0.034484580679042365, 0.21114035786254814
180, 0.9591675428740901, 0.30561318923405323
181, 0.0553391823982512, 0.9746373965553156
182, 0.8857815929453028, 0.7971195297470719
183, 0.03268566401349948, 0.8061810427454467
184, 0.6458708268807386, 0.15612597344921275
185, 0.9035595061722312, 0.04589876465392417
186, 0.3730352518574065, 0.39325981793298126
187, 0.43914181466705515, 0.10415492957599626
188, 0.6425516058695501, 0.9586264989525018
189, 0.3952206545829746, 0.4061369428367141
190, 0.373415434254317, 0.43237723566777386
191, 0.8847534995354036, 0.658044581962097
192, 0.793984005590026, 0.3308539973135447
193, 0.8031734513300987, 0.4167709129670537
194, 0.03997479064186682, 0.6492637450416112
195, 0.09888532996283161, 0.33494648773885605
196, 0.7880397099984461, 0.609945361858785
197, 0.8573900398399401, 0.321963769308912
198, 0.18711825930624493, 0.509898368272645
199, 0.28386449115623624, 0.2765429588407532
200, 0.3128607218408267, 0.9208731447373238
201, 0.009740424574391837, 0.8515181995501734
202, 0.9166287656906057, 0.6382254251313938
203, 0.6613169795741958, 0.6943819496119423
204, 0.6312697085877039, 0.16518919010300726
205, 0.876160510422644, 0.9527025789648067
206, 0.7108511091332614, 0.8736281203013202
207, 0.01901469240054421, 0.5181613198238957
208, 0.6553482355744097, 0.8994432173650839
209, 0.17041364087248667, 0.5795526369839887
210, 0.6114996646677594, 0.13179758848900358
211, 0.5836725290210593, 0.07380918617607046
212, 0.3420998671499752, 0.6276389501435629
213, 0.5892145435174804, 0.02242347664582378
214, 0.9253840317897204, 0.6646423530564565
215, 0.9266466836906776, 0.3931779897581533
216, 0.7721444677040862, 0.8071205375005897
217, 0.9006850598397573, 0.790586094623651
218, 0.9281080562237588, 0.9851029988311802
219, 0.03693676650006372, 0.6674896869530165
220, 0.4381486291261143, 0.3388258381958704
221, 0.8068660377579797, 0.2603217058299606
222, 0.07423401863624135, 0.8325742293583092
223, 0.7717424261105075, 0.9306974842395535
224, 0.1703935973445635, 0.8221978204309862
225, 0.4034412097052932, 0.10980338793421163
226, 0.8920397491326776, 0.26771586480610365
227, 0.6468903958325428, 0.26923495006562514
228, 0.38466246248929814, 0.3192299292531562
229, 0.9705149489230348, 0.7901512035314069
230, 0.5018853749313869, 0.06783413111975178
231, 0.251102699966657, 0.020247184574080923
232, 0.8270798576228872, 0.09617614812661057
233, 0.5920191844867211, 0.06753987353727753
234, 0.24291785481948702, 0.1180072128892331
235, 0.0007549085430427205, 0.7813578911225117
236, 0.0730370929752856, 0.6481570367009388
237, 0.1803827151963323, 0.15201204583163053
238, 0.4504383896246835, 0.7187228776078197
239, 0.8863096988048313, 0.7546854778596656
240, 0.8680199454483097, 0.2820047855451929
241, 0.9557734746912669, 0.46729742624434834
242, 0.3600665050048131, 0.5774773916119468
243, 0.11503990913503603, 0.5305885643325831
244, 0.4251434183999073, 0.8924352077122826
245, 0.16879397483817815, 0.3088806854419319
246, 0.22189250573255925, 0.9569421090146627
247, 0.3907474650836066, 0.3191660230033937
248, 0.046971679475364625, 0.31835225097013964
249, 0.755918735800621, 0.9079172635908496
250, 0.6980657380065568, 0.8484760616965434
251, 0.7267107600455491, 0.853830005708721
252, 0.004952495615735852, 0.5210855196598431
253, 0.17424729366505098, 0.7741732273004485
254, 0.5290709618501634, 0.0951333202191682
255, 0.051574691709213805, 0.16996769956012314
256, 0.36263440317526086, 0.7419322198545176
257, 0.5422726362532222, 0.48320761518300515
258, 0.11333867611444315, 0.8863356029807488
259, 0.3362338060175414, 0.6930144365676386
260, 0.5241582454650431, 0.0317117625439467
261, 0.6979540121310276, 0.7041923050952325
262, 0.3116865343140097, 0.29946785395609476
263, 0.7273870782629124, 0.22672071689322015
264, 0.14044025048363218, 0.7441717053235852
265, 0.7774159632989066, 0.6536440238859801
266, 0.23625295986923656, 0.48567293851086746
267, 0.716529086506642, 0.15527889690142493
268, 0.22173987677780527, 0.7000806798800607
269, 0.14746068416098124, 0.5581915271365355
270, 0.8081448542362093, 0.5212387038205417
271, 0.6624886540616189, 0.9928900676853999
272, 0.1261483306391571, 0.84174591300223
273, 0.7745127460569815, 0.8865499005352607
274, 0.6138957905158214, 0.3199031715742209
275, 0.23249118792296142, 0.9754974222694033
276, 0.9610031005806808, 0.77890880787318
277, 0.4431179321370502, 0.7252188400399651
278, 0.9932330905469344, 0.1854904111178478
279, 0.1004605429081219, 0.4401845097069058
280, 0.3510510531674633, 0.44449868714219354
281, 0.43881801337071125, 0.6292455762605682
282, 0.49873237112010504, 0.6735566041262498
283, 0.6734029153338709, 0.41897413021990093
284, 0.22852424197398002, 0.8894036334923962
285, 0.2254745873508469, 0.2177577897062868
286, 0.9504279364231479, 0.958390893284881
287, 0.8645476647695061, 0.6335391696442612
288, 0.7341690480255604, 0.46310466318927734
289, 0.10109954020568035, 0.7320099528685652
290, 0.9319314971701821, 0.0846692006877462
291, 0.1024399880830843, 0.7500534958265033
292, 0.007525323188409816, 0.20427621666768703
293, 0.10707565707228373, 0.857765083655614
294, 0.7407568463218719, 0.9473697415502371
295, 0.7075101245349037, 0.21855427530379568
296, 0.6788941878273526, 0.3951405868047906
297, 0.05428225868736258, 0.28493888798545597
298, 0.11065945106124309, 0.11280891178024066
299, 0.9022701418699771, 0.4735609267950506
300, 0.3207356712559877, 0.25980007807623173
301, 0.3746457395573374, 0.468695432231898
302, 0.2583180267399098, 0.38483329185662896
303, 0.13277868612290766, 0.816364752249921
304, 0.9508782320720978, 0.665560946074917
305, 0.5332401308424111, 0.1992004047356437
306, 0.09229267765702986, 0.8216643534094346
307, 0.4016777940507086, 0.09594690701310682
308, 0.8847165171288671, 0.6695847091132959
309, 0.43038881939882, 0.05969889920314364
310, 0.15637109181493436, 0.4397043594201222
311, 0.04815580156533783, 0.2701119100072693
312, 0.09151520912292632, 0.22135186132836404
313, 0.6108616995539747, 0.9112111245953682
314, 0.12793394217532106, 0.01828326891173171
315, 0.20746707531421793, 0.07023204551101869
316, 0.04482483798977843, 0.23434358272162703
317, 0.3978416210495297, 0.858911601367763
318, 0.5106546261216343, 0.07529303228935957
319, 0.24960861159596048, 0.6160645805075103
320, 0.3058577116598815, 0.9835955776351827
321, 0.7255213347799723, 0.5953194014733824
322, 0.7685896202026814, 0.5049889361714148
323, 0.6619307219490902, 0.07060583937480391
324, 0.1490776346938515, 0.8421636753058483
325, 0.5692575265921879, 0.8247429472767407
326, 0.5029695223304983, 0.995881203948498
327, 0.6992199754540276, 0.9633920234419414
328, 0.4973668190495629, 0.17339859307234484
329, 0.7680420280946553, 0.8608608242462318
330, 0.06649990929883298, 0.5804529568938304
331, 0.4002445418358357, 0.614188007135532
332, 0.7511966434230809, 0.5537032365469392
333, 0.19018335263050057, 0.1791096166606727
334, 0.788999953343633, 0.07297913822084234
335, 0.6048613246968262, 0.021806559515103907
336, 0.7635589584866714, 0.28616519425859455
337, 0.07813406434131032, 0.7206868728305021
338, 0.3249366990697051, 0.6673930613719506
339, 0.8903485437787212, 0.5562091537540644
340, 0.19190854465578877, 0.5343121382598615
341, 0.3395861797093339, 0.4728331218447601
342, 0.7250434369541635, 0.5568956529693044
343, 0.238092340149055, 0.5864396987726894
344, 0.4480881573764638, 0.8825688817576646
345, 0.9167091283514586, 0.6989873493736868
346, 0.41796662198912515, 0.49779801405114443
347, 0.11895780532893596, 0.2586343185211746
348, 0.6549817936346882, 0.896213008799253
349, 0.9385427849205729, 0.11752609841141537
350, 0.7799337227176932, 0.9106644597343949
351, 0.8819898217084944, 0.17076146597193764
352, 0.8837076635753942, 0.8687199514535594
353, 0.7590818736144429, 0.13940925145583116
354, 0.1396516541642523, 0.7063525659528948
355, 0.37669502211630235, 0.395531648798106
356, 0.759089587144698, 0.7648339710676679
357, 0.7991713555116011, 0.08944262096908717
358, 0.6289147107956385, 0.944746723220337
359, 0.10500320668536056, 0.11458005105970703
360, 0.9227833207896344, 0.570456410651201
361, 0.26669278647046823, 0.3871473473281867
362, 0.9942162382397003, 0.22851309092181193
363, 0.03166580738218072, 0.5060307675671157
364, 0.1012579893691592, 0.9546228800907228
365, 0.9236049400224002, 0.8922699409471725
366, 0.7492558650892539, 0.4706284919377046
367, 0.5703037389146245, 0.6654477333968335
368, 0.8750398829176457, 0.8430043620511625
369, 0.5206215448969581, 0.18195984113909625
370, 0.5638953888155814, 0.6465084082898213
371, 0.5816224645895764, 0.5625821740682592
372, 0.6459030369334303, 0.905922382484874
373, 0.2290502381203603, 0.03319561682313077
374, 0.4057755991054075, 0.6112210969139102
375, 0.5757782020390455, 0.5333124568875452
376, 0.3562867073707642, 0.9122277609916261
377, 0.01482578187795447, 0.5184707374740378
378, 0.0036611027082967817, 0.0022218373537791214
379, 0.5925293862064039, 0.8742398656652446
380, 0.27678380918746803, 0.9411801757974707
381, 0.9827359553633847, 0.39335170650433215
382, 0.36702200740608926, 0.6325722824998095
383, 0.18085323235176654, 0.7853458903136029
384, 0.368975648515403, 0.3090463322218544
385, 0.7594694177677277, 0.9666056255889441
386, 0.6237913783215937, 0.21514392604627786
387, 0.7091176495574535, 0.43501338326084593
388, 0.8524916290754027, 0.7903211399134474
389, 0.9418895081633893, 0.7889815355934089
390, 0.7435952074004631, 0.9859167339285373
391, 0.7368424440539331, 0.0019913603857719675
392, 0.22649343169149116, 0.6474927094322338
393, 0.8997189982672732, 0.4634255227175115
394, 0.10264694262414942, 0.1641290687249597
395, 0.40629454595187664, 0.04484812506120406
396, 0.5889838667546365, 0.40294396582778
397, 0.4145470235791625, 0.5139285644411622
398, 0.6546895901570604, 0.9642938445583605
399, 0.32087854117849546, 0.3213118506746476
400, 0.7111346223893933, 0.9764500248841295
401, 0.4791738043590369, 0.09246912198997603
402, 0.8510309101057539, 0.006572311068511194
403, 0.3937028914906978, 0.3818617060138352
404, 0.32882354041565365, 0.06653062181344171
405, 0.682498301234618, 0.39173784763326747
406, 0.005261324497635389, 0.4179416589320232
407, 0.8989875142787921, 0.2785792286399469
408, 0.6471964718133119, 0.11461431141442313
409, 0.09725880324760539, 0.7505582994627329
410, 0.6242925467803474, 0.7828934258894575
411, 0.3807258876272682, 0.06149078311184586
412, 0.5828424225151235, 0.7734063302518576
413, 0.08699704278168008, 0.10341433008355816
414, 0.6213817749349467, 0.5144090575746502
415, 0.5793894251646189, 0.019587859993336787
416, 0.008889380333515495, 0.7564088071895028
417, 0.37046957477539155, 0.525816968161266
418, 0.3751582084305005, 0.6565171049805795
419, 0.19802028999571997, 0.5343002734721842
420, 0.5632075793589316, 0.7586109976349099
421, 0.8979123371399145, 0.5870565446435213
422, 0.18861984775851814, 0.8076813758173346
423, 0.24579891291287326, 0.8824886360967812
424, 0.9577552965151844, 0.06065788082246881
425, 0.8689600586886682, 0.9236789445797554
426, 0.2297870047928805, 0.37448342103462673
427, 0.5814168955536687, 0.9836337753787586
428, 0.09124846604634762, 0.4341669513296369
429, 0.47547739270104605, 0.6636188362210326
430, 0.5148937359594012, 0.37458408246432917
431, 0.4284206315807326, 0.03949676965563731
432, 0.30020176707871027, 0.05194544720350491
433, 0.8133968874228251, 0.7421385210514571
434, 0.012151781543120133, 0.6128270397414283
435, 0.7565039728464692, 0.7354204045197338
436, 0.28479735935453643, 0.7476031099156024
437, 0.8535203706294578, 0.5360842983933861
438, 0.7348428020027296, 0.17288305405376436
439, 0.5050599232793933, 0.5788708910679146
440, 0.8808576451845412, 0.43117966882593584
441, 0.9893920485950463, 0.849566747793139
442, 0.2136067533142425, 0.8220058065352254
443, 0.44274225523986555, 0.5731458904005959
444, 0.13648126087506052, 0.386402397403259
445, 0.809098848622796, 0.8848213012070406
446, 0.7780734478035469, 0.008245109744416945
447, 0.9782152557498142, 0.9183822696503045
448, 0.03320881693028821, 0.9318385815259443
449, 0.5288769955848217, 0.9608228271146211
450, 0.8073361748032941, 0.9451708907369163
451, 0.4422267294656198, 0.5380658039986764
452, 0.7366724194424089, 0.019037349737257014
453, 0.6457145691515239, 0.3171449030220589
454, 0.2255366412186114, 0.3073605994609503
455, 0.547697075307708, 0.9309539007473803
456, 0.5008560528495238, 0.6716501091408147
457, 0.17866897694453032, 0.18989710636640011
458, 0.6000792367225768, 0.28446893332614087
459, 0.8255238353946601, 0.413015243499364
460, 0.4296210647726224, 0.43308443309082
461, 0.7221752563556967, 0.7365532367186475
462, 0.43190962040324443, 0.0846389989623969
463, 0.09541901386470808, 0.3344762675876264
464, 0.46892629451730616, 0.4205149205153125
465, 0.4449344872862927, 0.4886098455459239
466, 0.27422675697470345, 0.8243544901885287
467, 0.8351131455794238, 0.7600853252880859
468, 0.9615770105878889, 0.9380150953211178
469, 0.32604697588932496, 0.8697681085393583
470, 0.30562785088544, 0.043237858177412214
471, 0.481150307871399, 0.8685055556077663
472, 0.7636710281889637, 0.29928750138722804
473, 0.7548925090090337, 0.38148059290242187
474, 0.2503333832961163, 0.8885040448058532
475, 0.9832091550890961, 0.2179934800116723
476, 0.3071112444929601, 0.4684733534776635
477, 0.8875634241629683, 0.02112737719756208
478, 0.9796914247797088, 0.8639108126394012
479, 0.27636530394237446, 0.8093995810214331
480, 0.18218422886159413, 0.6567088820701061
481, 0.8095968846711631, 0.03009388922335976
482, 0.29775426908978264, 0.8024959535554959
483, 0.17959885998706804, 0.9306365154976162
484, 0.09769043502349317, 0.7936713368982279
485, 0.5016644516632509, 0.47503000786642413
486, 0.524057649946698, 0.7403833517898597
487, 0.048553219454068874, 0.8114896639770095
488, 0.38544295779675564, 0.04128256540408215
489, 0.21267915891097156, 0.02396467262031765
490, 0.6428485077662548, 0.2332524699681745
491, 0.8572571527687014, 0.5730788253990536
492, 0.7345241749553467, 0.570627217343194
493, 0.977909747945995, 0.828278923688756
494, 0.3603521811602932, 0.8040433866574362
495, 0.8845250761222758, 0.48251425415658733
496, 0.059837581436623544, 0.9730678665090501
497, 0.20455576637589767, 0.5909548044088493
498, 0.584735659826167, 0.20063498829566861
499, 0.6197372967347252, 0.6370745635979406
500, 0.2535448563502829, 0.6366461798391382
501, 0.6680882846826232, 0.715911059613655
502, 0.8671978162408177, 0.6357903234907943
503, 0.47278506940722254, 0.4265494597042142
504, 0.7142210604846719, 0.8630153863694847
505, 0.3442810789135162, 0.8631773959800936
506, 0.9219403889275019, 0.049395517298750025
507, 0.383796906082435, 0.9555485499627794
508, 0.6739839436408852, 0.7035090081023742
509, 0.47310516248876433, 0.9008376110914554
510, 0.9988569655287755, 0.31895233977150106
511, 0.9362173063810934, 0.236979274767271
512, 0.4600312089083912, 0.8752195435071928
513, 0.0884435285439873, 0.5277622325663034
514, 0.636226899833352, 0.7484023355967734
515, 0.8763532101800054, 0.5780110850315182
516, 0.15826529518588228, 0.08134316525329721
517, 0.754783832127797, 0.12119021056576507
518, 0.20225894377399256, 0.7254810554745905
519, 0.8916097939786354, 0.8180401021633151
520, 0.6376785629111734, 0.9156117519326035
521, 0.688884343860303, 0.12751917308021832
522, 0.16470849832927303, 0.1680049272870845
523, 0.9731374501618224, 0.2529778242866214
524, 0.004477215559858028, 0.6852579461643499
525, 0.625672604658076, 0.6864065895853788
526, 0.5965728552501132, 0.8269535694620412
527, 0.8870802318895271, 0.5134082798865763
528, 0.03116975991541926, 0.9935546230920059
529, 0.12556891800695014, 0.5563375696535365
530, 0.2797279823039869, 0.7392236464903889
531, 0.14229132926786225, 0.5912677285798629
532, 0.9270140801142404, 0.855539710630215
533, 0.18832830551720403, 0.13492052663639165
534, 0.05763701912272323, 0.19997535018002965
535, 0.6700452752682726, 0.5552654997971478
536, 0.08619891669788593, 0.23771465059650143
537, 0.9934430133395208, 0.5062334090522157
538, 0.07175994787965945, 0.6114972630473009
539, 0.7878542076027633, 0.6666939177946459
540, 0.03893607019940426, 0.6362495515323142
541, 0.4875195220423967, 0.23646050710030497
542, 0.9612558198588155, 0.9832155149394933
543, 0.6120431090565068, 0.7868183005889122
544, 0.16464435725095838, 0.29799819472495426
545, 0.341994028676302, 0.7684061637312551
546, 0.2824623751457185, 0.23559472718194963
547, 0.9144604610006131, 0.13848921001172665
548, 0.495081031057633, 0.2276249771758927
549, 0.7653352216845386, 0.6239431635152307
550, 0.6554549958488047, 0.6524091652377125
551, 0.7943202879886708, 0.5200467890152786
552, 0.034806787126096195, 0.9230338402186853
553, 0.17804310159788728, 0.47723843939335564
554, 0.6242305643598196, 0.19121454677205008
555, 0.7406732789687147, 0.8177157415629621
556, 0.9961052657718102, 0.8630557941738934
557, 0.051432873015457625, 0.10345148826787742
558, 0.5663032238709316, 0.8069055517056749
559, 0.356337819001764, 0.3054528696457596
end_nodes
0, 1
0, 2
0, 3
0, 4
0, 5
0, 6
0, 7
0, 8
0, 9
0, 10
0, 11
0, 12
0, 13
0, 14
0, 15
0, 16
0, 17
0, 18
0, 19
0, 20
0, 21
0, 22
0, 23
1, 5
1, 7
1, 9
1, 10
1, 13
1, 26
1, 31
1, 35
1, 43
1, 53
1, 61
1, 71
1, 72
1, 73
1, 74
1, 82
1, 83
1, 84
1, 85
1, 89
1, 91
1, 99
2, 5
2, 6
2, 17
2, 22
2, 23
2, 27
2, 30
2, 32
2, 33
2, 35
2, 38
2, 39
2, 40
2, 42
2, 43
2, 45
2, 48
2, 51
2, 52
2, 55
2, 56
2, 58
3, 4
3, 14
3, 16
3, 18
3, 23
3, 28
3, 33
3, 47
3, 63
3, 69
3, 75
3, 77
3, 93
3, 94
3, 95
3, 115
3, 118
3, 125
3, 148
3, 163
3, 196
3, 215
4, 93
4, 163
4, 174
4, 196
4, 461
5, 10
5, 22
5, 29
5, 32
5, 36
5, 45
5, 51
5, 52
5, 53
5, 64
5, 74
5, 76
5, 79
5, 80
5, 108
5, 122
5, 124
5, 129
5, 133
5, 145
6, 8
6, 12
6, 19
6, 41
6, 42
6, 44
6, 54
6, 67
6, 81
6, 104
6, 112
6, 113
6, 127
6, 130
6, 132
6, 141
6, 142
6, 152
6, 156
6, 168
6, 170
7, 9
7, 34
7, 61
7, 71
7, 90
7, 91
7, 99
7, 110
7, 120
7, 140
7, 154
7, 169
7, 172
7, 178
7, 183
7, 209
7, 222
7, 224
7, 243
7, 253
7, 256
8, 60
8, 67
8, 105
8, 112
8, 130
8, 152
8, 170
8, 203
8, 387
8, 535
8, 550
9, 21
9, 26
9, 49
9, 57
9, 62
9, 82
9, 83
9, 107
9, 120
9, 136
9, 140
9, 143
9, 154
9, 178
9, 183
9, 194
9, 201
9, 207
9, 219
9, 222
10, 13
10, 31
10, 36
10, 76
10, 80
10, 106
10, 131
10, 133
10, 135
10, 145
10, 159
10, 198
10, 242
10, 245
10, 266
10, 279
10, 281
10, 282
10, 310
10, 331
11, 16
11, 21
11, 24
11, 25
11, 37
11, 46
11, 57
11, 68
11, 70
11, 86
11, 87
11, 88
11, 128
11, 137
11, 139
11, 146
11, 147
11, 162
11, 165
11, 166
11, 176
11, 181
12, 41
12, 54
12, 67
12, 81
12, 105
12, 134
12, 141
12, 157
12, 168
12, 263
12, 396
12, 414
12, 499
12, 514
12, 525
12, 550
13, 31
13, 84
13, 149
13, 198
13, 212
13, 242
13, 266
13, 331
13, 340
13, 374
13, 382
13, 419
13, 420
13, 486
14, 15
14, 16
14, 18
14, 75
14, 94
14, 95
14, 144
14, 182
14, 191
14, 202
14, 214
14, 216
14, 217
14, 239
14, 250
14, 251
14, 276
14, 287
14, 299
14, 308
14, 329
15, 16
15, 182
15, 214
15, 217
15, 250
15, 251
15, 276
15, 329
15, 345
15, 352
15, 365
15, 368
15, 388
15, 389
15, 445
15, 447
15, 467
15, 478
15, 504
15, 519
15, 532
16, 24
16, 33
16, 37
16, 46
16, 87
16, 95
16, 118
16, 146
16, 147
16, 180
16, 205
16, 206
16, 208
16, 218
16, 223
16, 229
16, 241
16, 249
17, 48
17, 56
17, 65
17, 261
17, 321
17, 342
17, 366
17, 473
17, 492
18, 94
18, 125
18, 287
18, 435
18, 437
18, 495
18, 502
18, 539
19, 20
19, 22
19, 27
19, 42
19, 50
19, 54
19, 92
19, 109
19, 117
19, 127
19, 134
19, 138
19, 142
19, 157
19, 177
19, 189
19, 220
19, 227
19, 228
19, 247
19, 257
20, 50
20, 66
20, 92
20, 117
20, 138
20, 367
20, 370
20, 371
20, 375
20, 410
21, 49
21, 57
21, 70
21, 128
21, 136
21, 143
21, 162
21, 200
21, 244
21, 284
21, 344
21, 376
21, 379
21, 448
21, 474
21, 483
21, 509
21, 512
21, 552
22, 27
22, 51
22, 79
22, 108
22, 116
22, 186
22, 189
22, 190
22, 228
22, 247
22, 300
22, 328
22, 346
22, 355
22, 369
22, 384
22, 397
22, 403
22, 410
23, 30
23, 48
23, 58
23, 65
23, 69
23, 101
23, 121
23, 126
23, 148
23, 193
23, 197
23, 221
23, 226
23, 240
23, 270
23, 322
23, 332
23, 440
23, 459
23, 549
24, 139
24, 146
24, 166
24, 181
24, 188
24, 218
24, 271
24, 275
24, 320
24, 326
24, 327
24, 385
24, 390
24, 398
24, 400
24, 427
24, 507
24, 528
24, 542
25, 166
25, 449
25, 507
26, 194
26, 219
26, 540
27, 42
27, 116
27, 184
27, 204
27, 305
27, 369
27, 498
27, 521
27, 541
27, 548
28, 63
28, 148
28, 174
28, 196
29, 64
29, 79
29, 190
29, 199
29, 262
29, 397
29, 399
30, 59
30, 192
30, 193
30, 221
30, 322
30, 459
31, 131
31, 198
31, 279
31, 310
31, 419
31, 428
31, 444
32, 35
32, 39
32, 40
32, 52
32, 55
32, 74
32, 97
32, 129
32, 150
32, 153
32, 187
32, 211
32, 225
32, 230
32, 231
32, 233
32, 234
32, 254
32, 307
32, 309
32, 315
33, 47
33, 69
33, 77
33, 78
33, 100
33, 111
33, 115
33, 118
33, 123
33, 155
33, 180
33, 185
33, 215
33, 226
33, 232
33, 241
33, 290
33, 349
33, 351
33, 402
34, 90
34, 178
34, 325
34, 526
34, 558
35, 43
35, 74
35, 114
35, 164
35, 195
35, 231
35, 237
35, 315
35, 347
35, 373
35, 404
35, 411
35, 432
35, 463
35, 470
35, 489
35, 516
35, 522
35, 533
36, 76
36, 122
36, 133
36, 175
36, 302
36, 361
36, 417
36, 426
36, 454
36, 476
37, 46
37, 165
37, 455
38, 43
38, 96
38, 98
38, 100
38, 103
38, 213
38, 260
38, 335
38, 391
38, 415
38, 446
38, 452
39, 55
39, 211
39, 254
39, 318
39, 323
39, 334
40, 233
41, 141
41, 263
42, 104
42, 127
42, 498
42, 541
42, 548
43, 73
43, 82
43, 102
43, 103
43, 114
43, 119
43, 151
43, 158
43, 179
43, 248
43, 255
43, 297
43, 298
43, 311
43, 312
43, 314
43, 316
43, 359
43, 378
44, 67
44, 132
44, 168
44, 283
44, 296
44, 405
45, 52
46, 87
46, 208
46, 223
46, 313
46, 348
46, 372
46, 455
46, 468
46, 520
47, 77
47, 118
48, 59
48, 65
48, 270
48, 332
48, 492
48, 551
49, 107
49, 423
49, 469
49, 471
49, 474
49, 512
50, 109
50, 138
50, 375
51, 210
51, 285
51, 408
51, 546
52, 55
52, 153
52, 187
52, 225
52, 307
53, 124
53, 167
54, 81
54, 134
54, 227
54, 274
54, 295
54, 353
54, 396
54, 438
54, 453
55, 153
55, 254
55, 334
55, 401
56, 261
56, 342
56, 473
57, 68
57, 136
57, 181
57, 201
57, 364
57, 380
57, 448
57, 496
57, 528
58, 221
58, 240
59, 192
59, 322
59, 332
60, 105
60, 203
61, 72
61, 91
61, 169
61, 171
61, 172
61, 480
62, 107
62, 317
62, 505
63, 196
64, 301
64, 397
65, 270
65, 549
66, 410
67, 132
67, 168
67, 283
67, 414
67, 550
68, 181
68, 246
68, 364
68, 380
68, 496
69, 115
69, 226
70, 162
70, 483
71, 277
71, 343
72, 171
73, 82
73, 179
73, 248
73, 311
73, 312
73, 316
73, 536
74, 124
74, 129
74, 195
74, 234
74, 237
74, 315
74, 333
74, 457
74, 533
75, 94
75, 299
75, 339
75, 393
75, 421
75, 491
75, 515
75, 527
76, 161
76, 175
76, 282
76, 341
76, 417
76, 456
78, 111
78, 123
78, 351
78, 402
79, 108
79, 190
79, 199
79, 262
79, 399
80, 133
80, 245
80, 544
81, 141
81, 295
81, 353
81, 396
81, 453
82, 83
82, 102
82, 119
82, 151
82, 179
82, 201
82, 207
82, 235
82, 252
82, 255
82, 292
82, 363
82, 377
82, 378
82, 406
82, 413
82, 416
82, 434
82, 524
83, 207
83, 363
84, 85
84, 160
84, 212
84, 238
84, 418
84, 486
85, 160
85, 238
85, 418
86, 147
86, 176
87, 88
87, 147
87, 206
87, 249
87, 313
87, 348
87, 350
87, 425
88, 147
89, 99
89, 183
89, 194
89, 236
89, 289
89, 291
89, 330
89, 337
89, 409
89, 538
89, 540
90, 325
90, 558
91, 110
91, 209
91, 243
91, 269
91, 480
91, 513
91, 529
91, 531
92, 117
93, 196
94, 287
94, 393
94, 421
94, 435
94, 491
94, 515
94, 527
94, 539
95, 360
96, 98
96, 100
96, 446
96, 452
97, 150
97, 230
97, 233
98, 260
98, 452
99, 169
99, 171
99, 236
99, 264
99, 268
99, 289
99, 291
99, 330
99, 354
99, 518
99, 538
100, 111
100, 213
100, 232
100, 335
100, 391
100, 402
100, 407
100, 446
100, 481
101, 193
101, 197
101, 221
102, 119
102, 557
103, 391
103, 415
104, 127
104, 554
105, 203
105, 550
106, 198
106, 266
107, 317
107, 469
107, 471
107, 505
109, 138
110, 209
110, 338
110, 392
110, 500
111, 155
111, 351
111, 402
111, 481
112, 113
112, 170
112, 501
112, 508
112, 535
113, 156
113, 170
114, 164
114, 347
114, 516
115, 215
116, 369
118, 229
118, 304
118, 493
119, 158
119, 314
119, 378
119, 557
120, 154
120, 224
120, 256
120, 259
120, 272
120, 293
120, 324
120, 422
120, 436
120, 442
120, 466
120, 479
120, 482
120, 494
120, 530
120, 545
121, 126
121, 322
121, 332
122, 133
122, 302
122, 361
122, 426
122, 454
123, 351
124, 167
124, 457
125, 437
125, 495
126, 332
127, 142
127, 177
127, 386
127, 554
128, 137
128, 200
128, 244
128, 376
128, 379
128, 509
129, 333
130, 152
130, 170
130, 387
131, 198
131, 310
131, 553
133, 476
134, 157
135, 242
135, 266
137, 162
137, 200
138, 189
138, 257
138, 367
138, 370
138, 410
138, 430
138, 439
138, 460
138, 464
138, 465
138, 485
138, 503
139, 146
139, 188
139, 327
139, 385
140, 183
140, 484
140, 487
142, 267
142, 386
142, 458
142, 490
142, 517
143, 258
143, 284
143, 552
144, 250
144, 251
144, 555
145, 159
145, 173
145, 280
145, 281
145, 412
145, 429
145, 443
146, 205
146, 218
146, 286
146, 294
146, 358
146, 450
147, 176
147, 206
147, 273
148, 174
148, 440
149, 212
149, 340
149, 382
150, 231
150, 233
150, 309
150, 395
150, 431
150, 488
151, 179
151, 255
153, 187
153, 401
153, 462
154, 178
154, 256
154, 293
154, 324
154, 442
154, 466
154, 479
154, 494
154, 545
155, 351
156, 170
157, 499
157, 514
157, 525
158, 314
158, 378
159, 161
159, 281
159, 282
159, 429
159, 456
160, 418
161, 341
161, 456
162, 200
162, 483
163, 265
163, 461
164, 516
165, 455
166, 400
166, 449
166, 507
168, 283
168, 296
168, 405
169, 171
169, 268
169, 354
170, 387
170, 535
172, 480
173, 280
174, 196
175, 417
177, 386
178, 325
178, 526
179, 298
179, 316
179, 359
179, 534
180, 241
180, 278
180, 349
180, 362
180, 381
180, 424
180, 441
180, 475
180, 510
180, 523
180, 537
180, 556
181, 246
181, 275
181, 320
181, 496
181, 507
181, 528
182, 202
182, 217
182, 239
182, 308
182, 388
182, 467
182, 519
183, 194
183, 264
183, 291
183, 337
183, 409
183, 487
183, 518
184, 204
184, 498
184, 521
185, 290
185, 402
185, 424
185, 477
185, 506
185, 511
185, 547
186, 346
186, 355
186, 451
186, 543
187, 225
187, 462
188, 327
188, 398
189, 220
189, 403
189, 430
189, 460
189, 464
189, 465
190, 397
190, 399
191, 216
191, 329
193, 221
193, 459
194, 219
194, 540
195, 237
195, 463
195, 522
197, 221
198, 266
198, 553
200, 376
201, 235
201, 377
201, 416
201, 434
201, 524
201, 528
202, 217
204, 305
204, 498
205, 450
206, 350
208, 348
208, 372
208, 425
208, 468
208, 520
209, 269
209, 338
209, 497
209, 500
210, 408
211, 318
211, 323
212, 340
212, 382
213, 335
214, 276
214, 389
216, 251
216, 329
216, 433
217, 345
217, 519
218, 286
220, 228
220, 403
222, 224
222, 253
222, 303
222, 306
222, 383
223, 468
224, 303
224, 383
224, 422
225, 307
227, 274
228, 247
228, 384
228, 403
228, 559
229, 304
229, 493
230, 233
231, 309
231, 395
231, 411
231, 431
231, 488
232, 407
234, 315
235, 252
235, 292
235, 378
235, 406
235, 524
236, 538
237, 522
237, 533
238, 486
239, 308
241, 441
242, 266
242, 331
243, 269
243, 319
243, 497
243, 513
243, 529
243, 531
244, 379
244, 509
245, 544
247, 300
248, 297
248, 311
248, 312
248, 536
249, 425
250, 251
250, 356
250, 504
250, 555
251, 329
251, 433
251, 555
252, 406
253, 383
254, 318
255, 413
256, 259
256, 545
257, 430
258, 284
258, 474
260, 452
261, 342
262, 399
264, 291
264, 518
267, 458
267, 490
267, 517
268, 354
269, 497
269, 531
271, 320
271, 528
272, 293
275, 390
275, 427
275, 507
276, 365
276, 389
276, 478
276, 532
277, 343
278, 362
278, 424
278, 475
278, 510
279, 428
279, 444
280, 443
281, 429
282, 456
283, 405
284, 474
285, 408
287, 435
287, 502
288, 336
288, 357
288, 472
289, 291
290, 349
290, 424
290, 511
291, 409
292, 378
292, 406
293, 324
294, 358
294, 450
295, 353
295, 438
295, 453
297, 311
297, 394
298, 316
298, 359
298, 534
301, 397
301, 543
302, 361
302, 426
303, 383
305, 498
308, 329
308, 467
309, 395
311, 316
311, 394
312, 536
315, 373
315, 404
316, 534
317, 471
317, 505
320, 528
321, 342
321, 473
322, 332
324, 442
326, 528
327, 385
328, 369
329, 352
329, 368
329, 467
330, 538
332, 551
335, 446
336, 357
337, 409
338, 392
338, 500
339, 421
339, 515
342, 473
344, 379
346, 397
346, 451
348, 425
349, 424
352, 368
353, 438
355, 543
357, 472
358, 450
361, 454
362, 510
364, 496
365, 478
366, 473
367, 370
367, 410
368, 467
371, 375
372, 520
373, 404
374, 420
378, 391
381, 510
381, 537
384, 559
388, 467
389, 532
390, 427
390, 507
391, 415
392, 500
395, 488
397, 451
397, 543
400, 507
402, 477
403, 559
404, 432
404, 470
410, 439
410, 465
412, 443
414, 550
416, 434
416, 524
421, 515
422, 530
423, 469
424, 475
424, 477
424, 506
424, 523
430, 464
430, 485
430, 503
432, 470
436, 530
437, 495
439, 465
442, 466
446, 452
447, 478
449, 507
451, 543
458, 490
458, 517
460, 464
463, 489
464, 503
468, 520
471, 512
475, 523
477, 506
479, 494
482, 494
482, 545
485, 503
491, 527
494, 545
498, 521
498, 548
499, 525
501, 508
510, 537
510, 556
511, 547
514, 525
515, 527
529, 531
537, 556
541, 548
end