240
4
0, 0.29625267823611334, 0.08386716870511302
1, 0.2961057601329107, 0.6640241065486787
2, 0.9832634116255166, 0.9258729231331273
3, 0.853394078892877, 0.7704841207640337
4, 0.334494660927216, 0.16235840758032483
5, 0.44628883421122145, 0.9794210304873382
6, 0.5835765184395038, 0.24282665297517325
7, 0.5914578715176152, 0.9969892522347876
8, 0.7738037468253388, 0.012496872181326668
9, 0.16151894090709384, 0.8684118787591152
10, 0.03999126114858931, 0.029305381216663484
11, 0.5167283734541256, 0.5721544419544361
12, 0.13027224943158644, 0.7421773500551607
13, 0.12575547896524542, 0.2514996871458608
14, 0.5394487098331144, 0.7019911471880329
15, 0.5068815898797236, 0.08037094343083406
16, 0.36765650664542715, 0.2831374354668865
17, 0.493864085556171, 0.0668846790112192
18, 0.6962298806960041, 0.4668608915372484
19, 0.6489117644809035, 0.26439887686678476
20, 0.290681921990945, 0.3049270232765061
21, 0.5700751688208304, 0.0902336676949902
22, 0.4565616448121076, 0.31704280174036925
23, 0.9333781167130039, 0.4931056671338545
24, 0.5717723463511568, 0.33673358286494637
25, 0.7815219409963513, 0.9189468588274848
26, 0.7527270681928934, 0.526378908993597
27, 0.789430201740242, 0.054648119396291994
28, 0.3717574260476937, 0.13668449647569825
29, 0.9971487701489401, 0.8848205028567067
30, 0.9254352844917004, 0.3779615342049797
31, 0.7916829433244192, 0.8147093567824923
32, 0.14797418997364997, 0.058354024886246525
33, 0.5393080749584345, 0.42400289957089454
34, 0.3336210194610466, 0.5238420435977554
35, 0.11580135913770329, 0.6551815108793375
36, 0.40180263491618884, 0.9486367661528452
37, 0.0010293818312026026, 0.42546294777528904
38, 0.8405874710694256, 0.38436558938008036
39, 0.6351908460351167, 0.8204654558785821
40, 0.3383291962305647, 0.8075092192632264
41, 0.04503850987101554, 0.9653360263222096
42, 0.1224895462989446, 0.17742144537144933
43, 0.3818466308739906, 0.07052226379832094
44, 0.8887131344515704, 0.11275803843874965
45, 0.6999811720539351, 0.12118258067675769
46, 0.7965512299967503, 0.05942051871052223
47, 0.24624473054001117, 0.22114160916643144
48, 0.7065738334194687, 0.6358860174913535
49, 0.9735497564239688, 0.6026738764489702
50, 0.3838913323724198, 0.5352949038483522
51, 0.5718946506089381, 0.6901285075138789
52, 0.8289426898402287, 0.2430953953209145
53, 0.5475677253747845, 0.2865243206738829
54, 0.5112061260379461, 0.2760852400774283
55, 0.7500560772403027, 0.005554700957716818
56, 0.17590463424512026, 0.8959731102558514
57, 0.49613023785854493, 0.922032740596253
58, 0.9695731986113059, 0.8570041127271197
59, 0.6224346531142104, 0.4192319704408931
60, 0.276899106245578, 0.3391675843783193
61, 0.758807526968667, 0.25747188910765706
62, 0.6420193864894757, 0.9155176102082516
63, 0.6212089527941256, 0.9694826974660489
64, 0.5029287825056368, 0.8192337929513906
65, 0.5996230765995254, 0.6858034379200686
66, 0.5543061598203188, 0.037546044305169834
67, 0.23716383461126234, 0.6886844244248288
68, 0.5982584679941791, 0.3552659327806047
69, 0.9138053864838395, 0.7623110225916019
70, 0.926818549414697, 0.9846391717929791
71, 0.23297865549197572, 0.6499879808499689
72, 0.5474521534833129, 0.029032390836361
73, 0.39106189044229556, 0.1335907857303148
74, 0.8672902336900108, 0.7041888307995885
75, 0.3117627712190829, 0.3599304172919984
76, 0.4824967706658544, 0.14803196873678515
77, 0.7403171062636423, 0.3781389681084274
78, 0.878941817960627, 0.6599882518988905
79, 0.7348586297575063, 0.8475752778375757
80, 0.6453845598249038, 0.5310090245994135
81, 0.6511060891982391, 0.11684825214600503
82, 0.2681844786897536, 0.20396552978485571
83, 0.2015702798225849, 0.655772776428678
84, 0.8386512821501182, 0.18321332205570173
85, 0.8893915168602817, 0.24144367506083808
86, 0.37641049046241726, 0.3931632476861664
87, 0.5965055923029867, 0.04671023150313325
88, 0.19578757147144876, 0.11673421252220506
89, 0.8341549605427929, 0.25365762589590835
90, 0.42787837013961416, 0.3886546663829269
91, 0.4746389361101867, 0.7195155281573324
92, 0.7768977511725881, 0.05049056994888901
93, 0.5458995927091244, 0.8654616704542515
94, 0.8279094335874196, 0.5794567298027649
95, 0.07101717105652783, 0.200159801154024
96, 0.17652634127387268, 0.3977980357915515
97, 0.7312850266133004, 0.487036450196203
98, 0.8940892721292687, 0.06354924315350952
99, 0.6642100360028607, 0.9704207732533049
100, 0.9433774882963719, 0.8167080620638416
101, 0.043608952670501244, 0.053382948006353126
102, 0.9103364435671245, 0.9310268773856313
103, 0.25817386498728434, 0.296806714011977
104, 0.14940057647548544, 0.5662482236776907
105, 0.39169151426980997, 0.359478195425167
106, 0.5486256105335253, 0.9007281065722539
107, 0.643011632987509, 0.8504784028183425
108, 0.18202252594475687, 0.3743043063394995
109, 0.2906943940731349, 0.20891424781973345
110, 0.4116941691702287, 0.10733289424367198
111, 0.08444272112068874, 0.4862893967873364
112, 0.24921150768865985, 0.853563515988279
113, 0.2870417329867194, 0.47379962381932017
114, 0.2951094043313567, 0.3497406494939317
115, 0.10645939170310115, 0.4849777010883085
116, 0.5789197494655475, 0.6629220068094787
117, 0.08088584791148012, 0.7153476429331365
118, 0.101485231243584, 0.0357482983453713
119, 0.6148476463600391, 0.5568814480139137
120, 0.07249985270823378, 0.8075407157042425
121, 0.2754596061984036, 0.389598372704956
122, 0.1708979537948646, 0.07223955304794838
123, 0.5449765650984821, 0.20400102663678565
124, 0.09771686847973682, 0.3963111300120593
125, 0.17548013042328858, 0.8459814399254209
126, 0.14262950031088428, 0.9156016641188909
127, 0.29218042539221634, 0.22321041240275263
128, 0.3751816878256353, 0.1541067953705838
129, 0.5668860834647794, 0.0014746196959654068
130, 0.4120993407500031, 0.18356433153791962
131, 0.5858095554795036, 0.5213101461764847
132, 0.2322150554725948, 0.7816820244112498
133, 0.7579073482300707, 0.5613531133737794
134, 0.5906455275839316, 0.6637717934583661
135, 0.5811389595891685, 0.23549113440419578
136, 0.7051137407645662, 0.6686431492452954
137, 0.5075591937006193, 0.059001513162289965
138, 0.48718849289983346, 0.415155139272374
139, 0.6715276454924428, 0.5441689481492161
140, 0.5055675114852272, 0.24312495288208358
141, 0.20910156761877208, 0.17722216981435746
142, 0.6262396226994523, 0.43605508309392826
143, 0.4478553647222081, 0.5139948656627535
144, 0.16010302981460434, 0.775380957170305
145, 0.08082575721501495, 0.6098305778409661
146, 0.6865329250911248, 0.4918826052803078
147, 0.6355201063589049, 0.07488781140976097
148, 0.23607724024003562, 0.13042842576111535
149, 0.1959473304275724, 0.9746642352978637
150, 0.48235454547911805, 0.19854014584156543
151, 0.7587583101170234, 0.06079741058669019
152, 0.916886501924104, 0.4738605558049648
153, 0.5701658907165866, 0.37273832977387744
154, 0.5515221193540952, 0.1833692094294178
155, 0.49000447226327926, 0.9999658048716912
156, 0.6052616970908504, 0.10539477738983194
157, 0.4433493649053374, 0.8243480733399718
158, 0.8965955312942343, 0.20805287979576537
159, 0.21945533807448714, 0.2316839566439024
160, 0.27680405044392364, 0.7990903773233115
161, 0.8057964007324602, 0.5506020981622728
162, 0.8508948706830891, 0.9957441499238072
163, 0.24693617506603116, 0.8584668853315128
164, 0.3342828697208876, 0.5385043225680581
165, 0.26296162883086005, 0.990840718396914
166, 0.8843605995066018, 0.4704107869466819
167, 0.2337121179936793, 0.5388556501697396
168, 0.3395386558032637, 0.5284045540251449
169, 0.012029734026773653, 0.058897955626272425
170, 0.9660072968330697, 0.3710202014980738
171, 0.1676253738381288, 0.5263339810464724
172, 0.08164152297955551, 0.04310359704238931
173, 0.4610143093630027, 0.582890197992271
174, 0.42845528758519835, 0.7504871518224373
175, 0.004647954147627864, 0.9219276877535365
176, 0.8011722081624121, 0.7945371340012499
177, 0.8709964438750171, 0.7523340967869907
178, 0.6771718430145689, 0.8406690998904921
179, 0.16547614424200896, 0.1942773088781795
180, 0.8111244673805326, 0.8097357512666391
181, 0.7448211578610049, 0.6010394216108375
182, 0.4532231610744619, 0.3677486759038283
183, 0.3321717875588137, 0.32035250841348895
184, 0.05816069549598879, 0.2809836325761793
185, 0.9560109218688944, 0.31321507130870796
186, 0.4030968682855579, 0.47736638902516715
187, 0.5867472719253904, 0.970349290670144
188, 0.3464155349565984, 0.45316797408446385
189, 0.3535424249374378, 0.8821625865566468
190, 0.38346517408289227, 0.32342952088086674
191, 0.5491807227017356, 0.4183279271704795
192, 0.8274306070031373, 0.9094780946303723
193, 0.303483826324767, 0.6750070199649252
194, 0.7245235331586892, 0.3700782869681555
195, 0.5970858865965257, 0.282577218524215
196, 0.5705138510673242, 0.26171092469314594
197, 0.4719622191858397, 0.769162409224462
198, 0.032880826810947505, 0.870771644051181
199, 0.7930295498297343, 0.4396583577685079
200, 0.11244803071578002, 0.5823908155183539
201, 0.9359963064687149, 0.06402901828749741
202, 0.586364370213154, 0.6004902586080889
203, 0.2616512626022375, 0.8868733792386845
204, 0.18279100548296146, 0.6293686186031434
205, 0.7613561081351193, 0.16709858519385978
206, 0.14325724341484214, 0.9941047762574134
207, 0.5871807454909633, 0.38347553027059544
208, 0.6051606683934108, 0.9392778714826576
209, 0.6787660605635646, 0.12198648942570434
210, 0.8539509587820715, 0.7746543199293201
211, 0.34109488485470585, 0.5486613492576373
212, 0.6485317474833437, 0.9632470553865574
213, 0.41489978766791735, 0.3493794892900205
214, 0.9693224476713546, 0.15217395112349297
215, 0.3865124606428568, 0.5036038165938986
216, 0.4436012951500349, 0.7518065024095906
217, 0.08456806965221908, 0.728838717480015
218, 0.31505030989049154, 0.328119415968948
219, 0.29332300750749973, 0.30418248997703845
220, 0.7283802789861301, 0.8558924177790015
221, 0.09968705881675666, 0.5752937610005047
222, 0.528744853723629, 0.5300570552494179
223, 0.7188756999890551, 0.492306265201087
224, 0.9798884449227571, 0.9799453184707116
225, 0.7760710329071184, 0.44954496262582777
226, 0.6129134971443164, 0.9925343827029721
227, 0.5212332939842708, 0.9703102562650062
228, 0.44202127342976494, 0.8671649653113055
229, 0.973013409330846, 0.08173866678311503
230, 0.619046404736307, 0.808899134565303
231, 0.279907212536354, 0.669970766948491
232, 0.7165171211742712, 0.8471809836702919
233, 0.4324397388459821, 0.5304395253441041
234, 0.49996486321608247, 0.5925276963903274
235, 0.19208690629113323, 0.7725163603523457
236, 0.42938157908624497, 0.8481907179081805
237, 0.5070230971504539, 0.5495807001249395
238, 0.0040504480639286244, 0.3950192355234209
239, 0.09499133246942715, 0.4023082338095513
end_nodes
0, 1
0, 2
0, 3
0, 4
0, 5
0, 6
0, 7
0, 8
0, 9
0, 10
0, 11
0, 12
0, 13
0, 14
0, 15
1, 5
1, 9
1, 20
1, 34
1, 36
1, 40
1, 56
1, 60
1, 67
1, 71
1, 75
1, 83
1, 109
1, 112
2, 3
2, 4
2, 6
2, 7
2, 8
2, 11
2, 14
2, 15
2, 18
2, 19
2, 21
2, 22
2, 23
2, 24
3, 4
3, 139
4, 11
4, 22
4, 33
4, 48
4, 80
4, 119
4, 131
4, 136
4, 138
4, 182
4, 191
4, 202
5, 7
5, 34
5, 36
5, 41
5, 50
5, 56
5, 57
5, 64
5, 75
5, 86
5, 91
5, 93
5, 106
6, 15
6, 18
6, 24
6, 26
6, 28
6, 53
6, 54
6, 68
6, 73
6, 76
6, 97
6, 110
6, 123
7, 14
7, 16
7, 25
7, 39
7, 41
7, 62
7, 63
7, 70
7, 79
7, 93
7, 99
7, 102
8, 10
8, 15
8, 17
8, 21
8, 23
8, 27
8, 30
8, 38
8, 43
8, 44
8, 45
8, 46
8, 49
9, 12
9, 37
9, 41
9, 56
9, 67
9, 82
9, 83
9, 103
9, 117
9, 120
9, 125
9, 126
9, 132
10, 12
10, 13
10, 32
10, 35
10, 37
10, 42
10, 43
10, 55
10, 66
10, 72
10, 88
10, 95
10, 96
11, 14
11, 31
11, 51
11, 65
11, 90
11, 116
11, 134
11, 136
11, 176
11, 180
11, 202
11, 213
12, 35
12, 37
12, 47
12, 82
12, 95
12, 96
12, 101
12, 104
12, 108
12, 111
12, 115
12, 124
13, 42
13, 47
13, 88
13, 96
13, 108
13, 141
13, 148
13, 159
13, 179
14, 16
14, 31
14, 39
14, 51
14, 65
14, 79
14, 90
14, 102
14, 105
14, 143
14, 178
15, 17
15, 19
15, 21
15, 74
15, 76
15, 97
15, 110
15, 123
15, 135
15, 154
16, 105
16, 173
16, 190
17, 87
17, 137
18, 24
18, 68
18, 133
18, 146
18, 177
18, 195
18, 223
19, 21
19, 74
20, 60
20, 109
20, 113
21, 38
21, 45
21, 61
21, 69
21, 77
21, 78
21, 81
21, 94
21, 100
21, 147
21, 156
22, 48
22, 80
22, 191
22, 210
23, 29
23, 49
23, 52
23, 58
23, 89
23, 152
23, 166
24, 28
24, 53
24, 54
24, 59
24, 68
24, 128
24, 130
24, 142
24, 146
24, 153
24, 177
24, 181
25, 63
25, 79
25, 99
25, 102
25, 192
25, 212
25, 220
26, 97
27, 30
27, 49
27, 84
28, 54
28, 128
28, 130
28, 140
28, 150
29, 49
29, 170
29, 185
29, 201
29, 214
29, 224
29, 229
30, 44
30, 46
30, 49
30, 84
30, 85
30, 98
30, 158
30, 201
31, 65
31, 134
31, 180
32, 88
32, 122
32, 148
32, 172
33, 48
33, 136
34, 75
34, 164
34, 168
34, 193
34, 211
35, 111
35, 184
36, 40
36, 56
36, 112
36, 160
36, 163
36, 189
36, 203
37, 41
37, 111
37, 117
37, 120
37, 145
37, 169
37, 175
37, 184
37, 198
37, 217
37, 221
37, 238
38, 45
38, 61
38, 77
38, 78
38, 92
38, 100
38, 151
38, 199
38, 205
38, 209
38, 225
39, 62
39, 107
39, 178
39, 208
39, 230
40, 160
40, 189
41, 120
41, 126
41, 149
41, 155
41, 165
41, 175
41, 198
41, 206
42, 88
43, 66
43, 118
44, 46
44, 85
44, 98
44, 158
45, 81
45, 147
45, 151
45, 205
45, 209
46, 85
47, 108
47, 141
47, 159
47, 171
48, 136
49, 84
49, 201
50, 86
50, 215
50, 236
51, 65
51, 116
52, 58
52, 89
52, 152
52, 166
53, 54
53, 196
54, 140
55, 129
56, 112
56, 126
56, 132
56, 163
56, 203
57, 64
57, 93
58, 166
59, 142
59, 181
60, 71
60, 83
60, 109
60, 113
60, 121
60, 167
61, 81
61, 156
61, 209
62, 79
62, 107
62, 178
62, 232
63, 79
63, 212
63, 220
64, 91
64, 93
64, 197
64, 233
65, 116
65, 134
66, 72
66, 118
67, 83
67, 125
67, 231
67, 235
68, 195
69, 100
69, 161
70, 162
70, 224
71, 83
71, 121
71, 167
73, 110
75, 168
75, 183
75, 188
75, 218
76, 110
76, 123
77, 78
77, 194
77, 225
78, 94
78, 100
78, 194
78, 199
78, 225
79, 102
79, 178
79, 192
79, 220
79, 232
80, 191
80, 210
81, 156
81, 209
82, 103
82, 144
82, 204
83, 109
83, 167
83, 231
83, 235
85, 158
86, 91
86, 157
86, 174
86, 186
86, 215
86, 216
86, 228
86, 233
86, 236
87, 137
88, 148
88, 172
88, 179
90, 213
90, 234
91, 157
91, 186
91, 197
91, 216
91, 228
91, 233
92, 151
93, 106
93, 233
94, 100
95, 96
95, 101
95, 104
95, 124
95, 200
95, 239
96, 104
96, 108
97, 135
98, 201
99, 102
99, 226
100, 161
101, 200
102, 192
102, 226
104, 115
104, 124
105, 143
105, 187
105, 190
106, 227
107, 178
108, 159
108, 171
109, 114
109, 127
109, 219
111, 184
111, 221
112, 160
112, 163
114, 127
114, 219
115, 124
117, 217
119, 131
119, 136
119, 138
119, 202
120, 217
122, 148
123, 154
124, 239
128, 130
128, 142
128, 153
128, 181
131, 138
133, 223
136, 202
138, 182
138, 202
140, 150
142, 153
142, 181
142, 207
143, 187
144, 204
145, 221
146, 177
148, 179
149, 155
151, 205
152, 166
153, 207
155, 162
155, 165
155, 206
157, 174
157, 216
157, 228
160, 189
162, 224
163, 203
164, 193
165, 206
168, 211
170, 185
170, 201
170, 214
174, 228
175, 198
176, 180
178, 232
182, 202
183, 188
183, 218
184, 238
185, 201
186, 233
199, 225
201, 214
201, 229
202, 222
202, 237
208, 230
214, 229
215, 236
222, 237
end