100
4
0, 0.47830537369995996, 0.07631250872808759
1, 0.4074910191331794, 0.444170513821625
2, 0.5123317639396047, 0.8055486000831101
3, 0.6108658009911, 0.06380319824686176
4, 0.1906272544585983, 0.32896441127427944
5, 0.09682107625939029, 0.3807895542089913
6, 0.8552716456808768, 0.41734229080257856
7, 0.18705745575821198, 0.15740280901821546
8, 0.9667956858595452, 0.3118966362594917
9, 0.327631686504421, 0.33262079121843013
10, 0.2056651097468929, 0.18848067917149391
11, 0.2789646985818184, 0.12164209322928532
12, 0.07606767643018741, 0.9444780167390312
13, 0.5998609360911243, 0.4800562352250658
14, 0.38602715141986044, 0.5718985303118889
15, 0.7827241506272992, 0.9064844765618629
16, 0.041808044238553776, 0.9500211332061084
17, 0.8144736686361105, 0.8271852893794451
18, 0.8127179857754311, 0.6678459064190666
19, 0.23336624119594895, 0.8705678072458243
20, 0.5808490802675168, 0.7945397070255406
21, 0.3520024764833285, 0.6056812770012255
22, 0.2058024525479547, 0.20936704072770063
23, 0.2943335238687549, 0.35218938406096256
24, 0.39421286204046535, 0.2634844921235615
25, 0.24338962308789047, 0.05615275187499014
26, 0.7901398231753581, 0.3648016443692573
27, 0.3194718084842584, 0.798392256714231
28, 0.005465617945298318, 0.7081921264474969
29, 0.7884081150437466, 0.34723679279833874
30, 0.9130496468625523, 0.1401822537122419
31, 0.4182368524327661, 0.23192574368331242
32, 0.28970278175678443, 0.20284464680756298
33, 0.15866347122106084, 0.060442275747279006
34, 0.35498119779846327, 0.001688114209727254
35, 0.9295553181735101, 0.6343225368016907
36, 0.798671938619337, 0.16600396190570044
37, 0.7939826416971963, 0.9398045502619761
38, 0.9436462462694243, 0.11236045937642603
39, 0.4057966834756729, 0.7204346365722913
40, 0.695075683272638, 0.3516162471208847
41, 0.8403395197934078, 0.3855601267257981
42, 0.19898059748308183, 0.37547562387994415
43, 0.6438400743920287, 0.30314825061363604
44, 0.6740123628204321, 0.6389885151827134
45, 0.099733984085709, 0.816211031779479
46, 0.4210011854042258, 0.2668738504588236
47, 0.0262883004523351, 0.3687582017866904
48, 0.3004858607211227, 0.2353419611963975
49, 0.6327317986709947, 0.3302164365173744
50, 0.8789346710401476, 0.10281757715931539
51, 0.9727078289056285, 0.6087634951265908
52, 0.04442974430572455, 0.008282589099184556
53, 0.35618963224156397, 0.5560686759323291
54, 0.7113283483785859, 0.25187855402505677
55, 0.7466507817839464, 0.48899706682642974
56, 0.7414824487555285, 0.2969995262189713
57, 0.1970395773261917, 0.39016924187311874
58, 0.2724073892056462, 0.6617609242687638
59, 0.9500423538750954, 0.9458272172568442
60, 0.8195880497878715, 0.2672173570840931
61, 0.9904369183753222, 0.7477007019212613
62, 0.8779154392664668, 0.5926463527915818
63, 0.4134568488045355, 0.8378316037932688
64, 0.49399675431637347, 0.30973867376938313
65, 0.9717112250878795, 0.20245434584662025
66, 0.7685356623082981, 0.4971809517653568
67, 0.3560852652549116, 0.28376864865388196
68, 0.16399927828510374, 0.9606863007392628
69, 0.33282103880613045, 0.9067586922001498
70, 0.6218747543045486, 0.7766398395331159
71, 0.4503679938049533, 0.3786420558330629
72, 0.7099800389411475, 0.9721643863501929
73, 0.6002225569503886, 0.09066736563835065
74, 0.37799565946785463, 0.24455980909262853
75, 0.18126820650930975, 0.903031170795086
76, 0.8075079142084025, 0.6724073506947024
77, 0.6033364027022827, 0.905270725629503
78, 0.7909803870438138, 0.24721066464703656
79, 0.3867933003310604, 0.9027385278391935
80, 0.8941800382215207, 0.7580646513065391
81, 0.36258286203136103, 0.7217616151027356
82, 0.25303240716413467, 0.5801531619666013
83, 0.36633476682213173, 0.9792573339234777
84, 0.016406803057468333, 0.844983441121325
85, 0.35548273109527684, 0.7936894372901924
86, 0.2286757097971921, 0.1498023606570359
87, 0.8459802633348049, 0.13805548563191894
88, 0.5348331002532519, 0.17063921624298461
89, 0.8913133309187709, 0.9077872842600709
90, 0.1889986654464384, 0.032063851500620966
91, 0.9317378767959184, 0.957225311551103
92, 0.9071035470772006, 0.8756048903105162
93, 0.6716894638684046, 0.8819892893875151
94, 0.8760855783284615, 0.4211157622892395
95, 0.3559127719863525, 0.42811395095080684
96, 0.16212890291759896, 0.28401728307016194
97, 0.7587270958095648, 0.47914981812807744
98, 0.33498208246044003, 0.9088035348211362
99, 0.7622834941078299, 0.32559983105870405
end_nodes
0, 1
0, 2
0, 3
0, 4
0, 5
0, 6
0, 7
0, 8
0, 9
0, 10
1, 2
1, 4
1, 5
1, 9
1, 12
1, 14
1, 16
1, 19
1, 21
2, 6
2, 8
2, 12
2, 13
2, 14
2, 15
2, 17
2, 18
3, 8
3, 25
3, 30
3, 33
3, 34
3, 36
3, 38
3, 50
3, 52
4, 5
4, 9
4, 23
4, 42
4, 48
4, 57
4, 67
4, 74
5, 7
5, 10
5, 16
5, 22
5, 28
5, 32
5, 33
6, 8
6, 13
6, 26
6, 29
6, 40
6, 41
6, 43
6, 49
7, 10
7, 11
7, 33
7, 86
8, 17
8, 18
8, 29
8, 30
8, 35
8, 36
9, 23
9, 24
9, 31
9, 46
9, 67
10, 22
10, 32
10, 86
11, 33
12, 15
12, 16
12, 19
12, 37
12, 53
12, 58
12, 59
12, 63
13, 49
13, 55
13, 64
13, 66
13, 88
13, 97
14, 19
14, 21
14, 27
14, 39
14, 81
14, 85
15, 17
15, 35
15, 37
15, 51
15, 59
15, 61
15, 63
15, 69
16, 28
16, 45
16, 59
16, 68
16, 72
16, 82
16, 83
17, 18
17, 20
17, 35
17, 62
17, 70
17, 76
18, 20
18, 44
18, 62
18, 70
18, 76
18, 94
19, 21
19, 27
19, 53
19, 75
19, 85
20, 70
22, 32
22, 96
24, 31
24, 46
25, 33
25, 52
25, 90
26, 43
26, 88
27, 81
27, 85
28, 33
28, 47
28, 52
28, 84
29, 41
29, 54
29, 56
29, 60
29, 78
29, 99
30, 36
30, 38
30, 65
30, 87
31, 46
32, 96
33, 47
33, 52
34, 38
34, 50
34, 52
35, 51
36, 87
37, 59
38, 50
38, 65
39, 85
40, 43
40, 49
42, 57
42, 95
43, 49
43, 88
44, 94
45, 82
47, 52
48, 74
49, 88
51, 61
51, 65
51, 80
52, 90
53, 58
54, 56
54, 78
55, 66
55, 97
56, 99
57, 95
59, 61
59, 72
59, 89
59, 91
59, 92
60, 78
61, 65
61, 80
61, 92
63, 69
63, 77
63, 79
63, 93
64, 88
66, 97
67, 74
68, 72
68, 83
69, 77
69, 79
69, 98
70, 76
72, 83
72, 91
77, 79
81, 85
89, 92
end