420
4
0, 0.9474461876645742, 0.9057019610884551
1, 0.36763397252981767, 0.5363549360876989
2, 0.5010557123551097, 0.031873125525506696
3, 0.23725884263136976, 0.8344818683879525
4, 0.4787922708923986, 0.9459043181227124
5, 0.8638655055723303, 0.4727349884591566
6, 0.5553905371770811, 0.7130515718247469
7, 0.0304268653110924, 0.8695444316441515
8, 0.9681815476514802, 0.4291122655670424
9, 0.33350807053996245, 0.9691361829590603
10, 0.7710784790509335, 0.49153610488671506
11, 0.46219778732810535, 0.707347313599825
12, 0.3044024342751517, 0.9372657692303903
13, 0.8719385588594466, 0.8291108754215818
14, 0.3816872856554193, 0.6117532387052257
15, 0.8559682710316554, 0.041077993746539976
16, 0.1442383734356455, 0.1451073719885757
17, 0.2846050167158146, 0.7459015688220494
18, 0.2131607164408873, 0.2529246134125879
19, 0.410159838709127, 0.491650679053214
20, 0.4949732201443483, 0.9160165605852776
21, 0.6994782701747386, 0.5522958721638216
22, 0.2525289763910975, 0.7840658013746853
23, 0.705412803681783, 0.06577072573447285
24, 0.2712299391357331, 0.15508997353049236
25, 0.7445390642338663, 0.7246376040694112
26, 0.6653531350730829, 0.5603244215433891
27, 0.07191097970340421, 0.4097326875436367
28, 0.3952161381544853, 0.7703344570135543
29, 0.93652026065333, 0.5386605250433576
30, 0.9340255102296714, 0.34164930322241516
31, 0.6307842861943772, 0.9332909019782883
32, 0.4597530546041877, 0.871403398184223
33, 0.48771991091371747, 0.08782992471832518
34, 0.33247966940235796, 0.6718805874963955
35, 0.23647796274477673, 0.12474517520713857
36, 0.415964554506582, 0.6098224050976458
37, 0.902654989578193, 0.9253044799745409
38, 0.26209353227392773, 0.42453545106069557
39, 0.02574280793056949, 0.27490440324450116
40, 0.6929896243556468, 0.36501741230959106
41, 0.4236981421696424, 0.9193417802465446
42, 0.8863432798149727, 0.7747963774567994
43, 0.7744508884976741, 0.24208749565434007
44, 0.18026522040129012, 0.2867417958249602
45, 0.14018174659191207, 0.8803457666176749
46, 0.3630123929882252, 0.07884270993828346
47, 0.7728770125438242, 0.7673292637789139
48, 0.639633230309013, 0.24904454834713863
49, 0.7147687696776318, 0.7647366698653661
50, 0.6012702649652726, 0.9445814651835442
51, 0.7438540109908406, 0.8318692865025675
52, 0.4796817310213559, 0.6430058802155016
53, 0.6044344620349471, 0.9777791694606386
54, 0.8284240591295218, 0.6777936645019053
55, 0.5881930152744596, 0.07781712640747696
56, 0.14598805672582105, 0.8077510014347522
57, 0.05683609078635443, 0.43963059343864885
58, 0.0544594860975699, 0.5532140282033261
59, 0.9528710103570481, 0.32448549678298877
60, 0.24618192692911156, 0.7241630273231957
61, 0.5272133020512821, 0.9870334074242165
62, 0.4080533245280993, 0.6303832092041202
63, 0.4159058985187255, 0.15283383141227713
64, 0.6218707416738704, 0.11868649774898432
65, 0.7179737852018248, 0.7158789581879104
66, 0.256611902269406, 0.17762486579028314
67, 0.7895899309549043, 0.1778422193016782
68, 0.54109983805977, 0.37519230000845993
69, 0.2733318587071629, 0.3172238199465761
70, 0.5196794506901322, 0.4843663709796665
71, 0.7696913726446093, 0.13638703495873383
72, 0.7515307704821746, 0.787229323371082
73, 0.4210461970236572, 0.2512064021170921
74, 0.820304993343542, 0.4916193723977551
75, 0.3117344909114761, 0.2913105317608845
76, 0.9871166236582458, 0.7519002831899537
77, 0.3107408157734166, 0.7725775077711129
78, 0.024340750132247124, 0.09985810515532312
79, 0.3507996188189437, 0.3557926840528558
80, 0.593219354970786, 0.8177709245995728
81, 0.26945408957105954, 0.4788880548382567
82, 0.19573820143968035, 0.41106269248978045
83, 0.2866543067576963, 0.062497297946044195
84, 0.1875069257049813, 0.7832710364161843
85, 0.2845684580961394, 0.05888723663301454
86, 0.26283053306806137, 0.6401142710699828
87, 0.6642339376610289, 0.3819800523087594
88, 0.9759042316248404, 0.7353587091968293
89, 0.7544042750654908, 0.7994839699625226
90, 0.5789144709872678, 0.31002942116763477
91, 0.8220122224969618, 0.7726710654348604
92, 0.2439773229226111, 0.5149623548096722
93, 0.7709016482464393, 0.6333101185501028
94, 0.6253784965646128, 0.18177884531273913
95, 0.44858734039585624, 0.4122735914291529
96, 0.9560351694583492, 0.7412123718412035
97, 0.1549402360793809, 0.2793688268753457
98, 0.9010440277796836, 0.28857952366369033
99, 0.3512284094968954, 0.9855362104596401
100, 0.14144917244117539, 0.14011508164504083
101, 0.173602543614352, 0.07126102676620827
102, 0.13736238726806627, 0.9118668546948744
103, 0.5810950517154361, 0.9473532066185493
104, 0.4146658730165591, 0.3959775980192436
105, 0.5257207377438438, 0.25956542282689
106, 0.2921700380588994, 0.0722506044207335
107, 0.8540364774351086, 0.9942872539234208
108, 0.556992853781348, 0.39373777700259005
109, 0.46035288530941343, 0.5154337978474107
110, 0.3870568720268336, 0.9969432167845913
111, 0.9907933743376521, 0.9395059674554606
112, 0.9711953477323757, 0.03378664913599194
113, 0.7583246146202354, 0.9420660978781328
114, 0.5456023008653448, 0.8380463938972671
115, 0.4549819759012653, 0.4004412421696716
116, 0.3429172407506581, 0.7438294219374793
117, 0.17879233152320906, 0.3201233065440643
118, 0.32559065847133417, 0.7136960732753556
119, 0.10109656346484219, 0.7300469119934532
120, 0.5890346100241102, 0.13186206415450152
121, 0.3221920772514836, 0.44597371774689465
122, 0.12842043103312195, 0.11784050657554734
123, 0.5749079039674803, 0.13191843336903109
124, 0.9795887963579762, 0.5217417316982954
125, 0.17250654752443995, 0.41833607096573844
126, 0.3505888487863382, 0.29348759038880945
127, 0.675221377319171, 0.9497097773210638
128, 0.7272640792195355, 0.9918807221563202
129, 0.6136452614491027, 0.9286372666869196
130, 0.74227714114454, 0.4818423169038154
131, 0.439984228843892, 0.4243733858742367
132, 0.8916725617966361, 0.5455466938352974
133, 0.01772120023039503, 0.043211442350043705
134, 0.38522228336932673, 0.9821377161670629
135, 0.7109110232944873, 0.14575004874069264
136, 0.9182046637483332, 0.6215517702565571
137, 0.9648713123992076, 0.972706449909713
138, 0.4394544316910567, 0.6352871580010535
139, 0.627012902005993, 0.5305745763968293
140, 0.06222820670830509, 0.08269742855928797
141, 0.9264257974125834, 0.8829356821684533
142, 0.636274130426617, 0.28094946644690866
143, 0.9378388528216249, 0.07784961491056352
144, 0.10987096068399416, 0.49789352666044906
145, 0.6883862021281602, 0.03685836055821479
146, 0.5144634646688808, 0.62558691406606
147, 0.5855790263292994, 0.8998714775414082
148, 0.7890673412795342, 0.7418367173316284
149, 0.6559599500061541, 0.5631891320107797
150, 0.530144931277337, 0.2181738229154997
151, 0.4481545843662048, 0.23404291253177545
152, 0.24066483820029327, 0.6647489919377679
153, 0.5689991635459971, 0.8813765845253021
154, 0.5133672097304656, 0.7483755142063601
155, 0.7255792187086615, 0.3273662289620267
156, 0.6975025888321988, 0.9339944162315071
157, 0.7681237336129513, 0.5040728839515066
158, 0.1327622442138796, 0.9218365240496049
159, 0.8545745222429335, 0.9556531374456447
160, 0.28013058481287634, 0.9044285301778011
161, 0.6213928552921377, 0.7587945842064544
162, 0.42020039144519306, 0.12453940411821363
163, 0.8412560447802329, 0.36171816418127434
164, 0.17262924265087387, 0.6410436785150845
165, 0.9392882536947095, 0.19395942063074834
166, 0.12233280382837608, 0.29670498877863305
167, 0.8534478907794877, 0.8323904953816856
168, 0.5979472671007667, 0.336867542958876
169, 0.6371120575537451, 0.19099540518644853
170, 0.5627490951173189, 0.4906420248372573
171, 0.8133287228084788, 0.13316496059728278
172, 0.34639771861297175, 0.3281280468492077
173, 0.23358446636211183, 0.06457492226960837
174, 0.5297448439591176, 0.7081549997038784
175, 0.814361668615146, 0.34156270865225347
176, 0.23277146081534006, 0.6674343878912089
177, 0.23047386369442147, 0.23993653877807453
178, 0.5752723835702863, 0.8772693215642469
179, 0.9624226663057175, 0.9584411331116398
180, 0.9050412183976765, 0.5244788375141519
181, 0.13233247031298068, 0.1473957977738558
182, 0.3911555489600418, 0.6683302166769204
183, 0.4891293316732541, 0.06822843677328772
184, 0.28004372157639656, 0.0869388410649573
185, 0.6884539157271756, 0.4619875157528631
186, 0.052032472446315814, 0.8142396231339235
187, 0.6362681162292834, 0.10867044182649133
188, 0.7026848120668069, 0.41968907915480413
189, 0.4858709157351905, 0.4978111609257184
190, 0.9413115927080483, 0.9542082191208198
191, 0.8138410923217774, 0.6999529612516482
192, 0.28453902841645595, 0.47907415588378055
193, 0.24772512055944962, 0.10776682535546955
194, 0.7453919547453055, 0.12186638945434392
195, 0.0723339411713898, 0.1537179643604656
196, 0.13727606268893655, 0.6810873376846711
197, 0.5676772131681708, 0.5425253130165848
198, 0.16059523382180985, 0.30477393072464254
199, 0.2498206680847559, 0.7155628172973285
200, 0.43295470505477374, 0.9567430526586204
201, 0.8973214017691259, 0.015187201272499506
202, 0.24440750663426047, 0.3282562015149476
203, 0.700796538316569, 0.08932550663726402
204, 0.688010170628094, 0.6772642452874993
205, 0.2631548532618777, 0.2592446415926324
206, 0.9861588763464375, 0.9824539453950133
207, 0.7534328675684281, 0.8339815574213931
208, 0.8803108570944651, 0.20668058036252301
209, 0.26371824641990627, 0.01216663437137866
210, 0.31220774833281917, 0.17848007725696535
211, 0.26932093308338845, 0.8455335279316878
212, 0.9038074488386072, 0.8290996587182838
213, 0.07442095346484656, 0.7743937610499791
214, 0.9713802849368482, 0.9879416511624953
215, 0.6285164771494766, 0.20454016348976112
216, 0.4478873199275615, 0.9948718666892127
217, 0.24571761437162887, 0.8734029618451127
218, 0.9473194032489415, 0.0880292472840557
219, 0.5034563481260116, 0.06986957567007046
220, 0.06817003784858966, 0.6283329069763003
221, 0.023554771848531497, 0.5095359096868501
222, 0.5083746045579016, 0.24304818368210812
223, 0.5491338492103416, 0.1094960935174335
224, 0.6603875352215292, 0.1921875975349009
225, 0.6967617970995926, 0.2547177915905049
226, 0.44116804184009695, 0.8828734532392262
227, 0.6540143309028218, 0.34834678109504513
228, 0.7044679701780506, 0.6794537953824433
229, 0.1710420746739698, 0.5775444264950267
230, 0.4884346291177263, 0.8835391419579567
231, 0.21850922788367144, 0.24038036606845026
232, 0.35560119329310114, 0.6768281559767133
233, 0.2833163291048667, 0.3344839214176203
234, 0.34076204547609845, 0.7183364499163701
235, 0.21352117913966706, 0.8592949675195193
236, 0.41159131374053093, 0.19860689168496282
237, 0.6656063536282673, 0.1777073726298759
238, 0.4172179677267781, 0.5159962254946808
239, 0.7366989181033464, 0.11715167191750486
240, 0.0917249754543431, 0.6440292941851373
241, 0.3783976426156086, 0.019294307361390706
242, 0.9310302049386708, 0.13093310549280457
243, 0.8424256936610763, 0.981504487853726
244, 0.1222524056585258, 0.9829571100659662
245, 0.8288875997545889, 0.9199205807601707
246, 0.5456588800023963, 0.11994584173310296
247, 0.2738596077697384, 0.6324102061203029
248, 0.32100060508485107, 0.05535068623459616
249, 0.9637125738115773, 0.06976159698631412
250, 0.26571180203889744, 0.6207000012440763
251, 0.5368899076222036, 0.14191673433568586
252, 0.40650312001180233, 0.1748716700601125
253, 0.9237304393202395, 0.8933682794816745
254, 0.9217577315511415, 0.1899543943156019
255, 0.5270830185362003, 0.4735068818540382
256, 0.7422022935331444, 0.19164516835411205
257, 0.23311225573346406, 0.9495524340674263
258, 0.8289992511567048, 0.27136631216946705
259, 0.3036398575643666, 0.42809492120002923
260, 0.6458651721469991, 0.6723052540005492
261, 0.9996842067580702, 0.5708349389760269
262, 0.22408635323418125, 0.34443450933052366
263, 0.9409794786715305, 0.302224374063651
264, 0.02171706206332935, 0.7085494281604022
265, 0.16756336074847444, 0.7137316201556133
266, 0.979376256920829, 0.44985026812471074
267, 0.7401439205528638, 0.7387185143064626
268, 0.9044887707890985, 0.8713664739471372
269, 0.8106673197364215, 0.45328477614208995
270, 0.9445415323087447, 0.362734178934738
271, 0.6992545683035484, 0.8821110954980103
272, 0.5930308131160035, 0.8922310603660242
273, 0.8653150643681763, 0.8041151903451456
274, 0.7029928474763814, 0.30116027329075257
275, 0.8088382480851527, 0.3241715535838825
276, 0.17627810796373378, 0.31377153698528915
277, 0.6875497740083226, 0.03809088558514406
278, 0.9542302087505445, 0.5334908242158842
279, 0.09765140278147943, 0.9936721153323071
280, 0.9605174649202085, 0.007678147658596868
281, 0.7272865246759185, 0.5702799340873439
282, 0.17874260124243813, 0.3601336361015617
283, 0.04659761491210168, 0.018583870196092978
284, 0.8099370947500747, 0.5446501248718529
285, 0.09568087543919945, 0.6171213712141699
286, 0.18156022792358373, 0.11617720027235767
287, 0.4663943739493105, 0.893541840326029
288, 0.3598440020406296, 0.5516715193841017
289, 0.9479308360968297, 0.4749319917498406
290, 0.9629552355114792, 0.7425849667398557
291, 0.2486987803337648, 0.13113397953956585
292, 0.7770789186431121, 0.3734284752068181
293, 0.37982654309752917, 0.14527929265223438
294, 0.974209317301366, 0.11655394766658289
295, 0.7994625838899617, 0.49563730410809415
296, 0.31523291840687095, 0.6356007513470073
297, 0.7038707462353497, 0.31460064827921663
298, 0.9203166414324071, 0.9588670391979939
299, 0.49795181324888116, 0.18504501229393866
300, 0.37632555191238026, 0.427471717420989
301, 0.27597278128301383, 0.08704636837729107
302, 0.2659351828625883, 0.025062505456071693
303, 0.9530605200007551, 0.5537363851958491
304, 0.9092865090118785, 0.5132671613084417
305, 0.33171857102702673, 0.0075540655797401435
306, 0.35535187822154757, 0.9504527204251896
307, 0.042452061946076314, 0.4754732293010455
308, 0.23516122352343638, 0.08170154151617737
309, 0.2445900583478342, 0.5249639042015647
310, 0.018219716770208616, 0.008677561753623664
311, 0.5280645136746757, 0.9113210593005227
312, 0.8549659033840401, 0.8538329330550741
313, 0.2559939372456932, 0.2524773690851847
314, 0.7808098258031284, 0.4448700955173599
315, 0.7904291003655632, 0.7912186611628026
316, 0.5048343056022637, 0.20609816450519813
317, 0.010972373125801349, 0.6239038003446139
318, 0.3878005661789158, 0.40412222572894774
319, 0.07212482448048918, 0.8535248609372365
320, 0.9926694699044444, 0.17039681916698857
321, 0.5989345411725914, 0.04950685437029945
322, 0.9322920013063417, 0.7233479111217561
323, 0.1422303609605624, 0.8550105971150308
324, 0.019484687296550618, 0.5647790309355464
325, 0.27163973780002726, 0.7179662452726502
326, 0.7330480532249308, 0.95366679645545
327, 0.7591663706843932, 0.8389485587315437
328, 0.2184097205850759, 0.9998149699268397
329, 0.6284762870793515, 0.43789354180056506
330, 0.8580530602375229, 0.24392733499396102
331, 0.36143928335396125, 0.14433090904756118
332, 0.033848269259873165, 0.7634432000830866
333, 0.37760073545785466, 0.6642420656581168
334, 0.24578333377748685, 0.0431528934541755
335, 0.3789003426581794, 0.6238723767079672
336, 0.7074567046744368, 0.3962501478066488
337, 0.8069838429219316, 0.2505873954031387
338, 0.4733570882284337, 0.351078031880826
339, 0.6314933266143739, 0.10443928314372597
340, 0.03165261163792832, 0.1808112106944605
341, 0.29259481325642966, 0.782604412351129
342, 0.5684532603073948, 0.8223699938783039
343, 0.2387278648046245, 0.7244861534075068
344, 0.3967273410919959, 0.11082347662063774
345, 0.34267909608334357, 0.28870703093899874
346, 0.791337568556429, 0.18296093403928892
347, 0.8799756321860571, 0.43699354039580396
348, 0.030301054005873018, 0.948623315073264
349, 0.5387564030624864, 0.505375200353947
350, 0.3686138691856543, 0.5905978084417818
351, 0.9973386448702523, 0.7840584049666887
352, 0.11773781562260799, 0.19769244448318601
353, 0.3251810951557004, 0.7824845246648572
354, 0.3852524642455746, 0.7209173423716588
355, 0.6279876577955055, 0.13215595110565126
356, 0.7268266544372123, 0.6866959186102132
357, 0.9886114218462914, 0.6918069720041218
358, 0.5193673745003701, 0.22092886712025495
359, 0.2273596805429554, 0.5691147644381325
360, 0.5838301912469404, 0.8011110479614362
361, 0.06801131453015685, 0.3404455559485219
362, 0.3514276915900606, 0.6160103101020175
363, 0.612946008772642, 0.16667123529401362
364, 0.63979694058544, 0.41143759542848124
365, 0.3150910393961811, 0.7090457918039134
366, 0.9789314255872117, 0.2366618889657116
367, 0.4137056712585362, 0.5876483519354337
368, 0.023940214476944166, 0.6955376832967995
369, 0.1841435629573478, 0.14438310479308647
370, 0.9807986931814437, 0.7546128017827475
371, 0.7418298573126256, 0.6514152930992775
372, 0.4604706703327305, 0.006435843261384466
373, 0.12633747039185994, 0.8606907156884112
374, 0.798527871671848, 0.6490166839045075
375, 0.3663425132640621, 0.5924137948588502
376, 0.02229413519833856, 0.3427691687839699
377, 0.8472142443402587, 0.07096347023562755
378, 0.8442388846657134, 0.5332788517549135
379, 0.6590823365312908, 0.13496327560729826
380, 0.5219375276590696, 0.8755313040782008
381, 0.2981183406402129, 0.866553215506939
382, 0.5282147476529481, 0.9589108645914616
383, 0.22666866032916566, 0.9236982052089381
384, 0.5429221548039429, 0.3908960225899566
385, 0.8658718681747071, 0.7137329829537172
386, 0.3793344125822049, 0.8226911634123768
387, 0.2803001692746897, 0.6731701298663418
388, 0.44932072622554386, 0.6171795638919839
389, 0.3871894019452151, 0.924049305227752
390, 0.44659825568118583, 0.04877841008414696
391, 0.4889834568381426, 0.6339416391358842
392, 0.15145728322751606, 0.11268626215862354
393, 0.10927513544358325, 0.7771656713106901
394, 0.8794417176961804, 0.31120391185940643
395, 0.4279759994106469, 0.9817036363473569
396, 0.2909299143330525, 0.01256247998206228
397, 0.0025619073573071027, 0.845186714646942
398, 0.8083512885885201, 0.6474103798569141
399, 0.6074851223629822, 0.3924501249535254
400, 0.42204756043760094, 0.15007713284190083
401, 0.16261128158463456, 0.3185437504399996
402, 0.01875657935002173, 0.9552207360519527
403, 0.8704931881347185, 0.41475438834962663
404, 0.9206755158586454, 0.703922067354977
405, 0.6548842855939481, 0.09583205588676025
406, 0.5411526398250335, 0.052524138545454235
407, 0.6649867126201119, 0.10476358864286228
408, 0.1032666001174194, 0.4300214364235364
409, 0.11336822122594736, 0.5559439706440801
410, 0.8870348426604426, 0.2818287656879519
411, 0.8295567531227482, 0.609093557267007
412, 0.657191380566711, 0.7723375569266728
413, 0.7255813451954841, 0.978481088790985
414, 0.09190432805684023, 0.9369304530188072
415, 0.4234924393636613, 0.06004286436899342
416, 0.6617107955502214, 0.9283368373655033
417, 0.25270000263024117, 0.028195662307521796
418, 0.23825204423586055, 0.8715081213564128
419, 0.11145275485686967, 0.7245782670674585
end_nodes
0, 1
0, 2
0, 3
0, 4
0, 5
0, 6
0, 7
0, 8
0, 9
0, 10
0, 11
0, 12
0, 13
0, 14
0, 15
0, 16
0, 17
0, 18
0, 19
0, 20
1, 3
1, 7
1, 14
1, 16
1, 17
1, 18
1, 19
1, 22
1, 27
1, 28
1, 34
1, 36
1, 38
1, 39
1, 44
1, 49
1, 52
1, 56
1, 57
2, 5
2, 10
2, 13
2, 15
2, 16
2, 21
2, 23
2, 24
2, 26
2, 33
2, 35
2, 40
2, 42
2, 43
2, 46
2, 48
2, 54
2, 55
2, 63
3, 7
3, 17
3, 22
3, 32
3, 56
3, 60
3, 77
3, 84
3, 114
3, 153
3, 178
3, 199
3, 211
3, 217
3, 226
3, 230
3, 235
3, 271
4, 9
4, 12
4, 31
4, 129
4, 200
4, 244
4, 257
4, 279
4, 306
4, 348
4, 402
4, 414
4, 416
5, 10
5, 15
5, 43
5, 48
5, 67
5, 71
5, 74
5, 94
5, 120
5, 123
5, 132
5, 155
5, 163
5, 169
5, 171
5, 175
5, 180
5, 194
6, 11
6, 14
6, 62
6, 161
6, 174
6, 182
6, 335
6, 412
7, 12
7, 20
7, 39
7, 41
7, 45
7, 56
7, 57
7, 58
7, 78
7, 86
7, 92
7, 102
7, 119
7, 133
7, 144
7, 147
7, 152
8, 15
8, 29
8, 30
8, 59
8, 76
8, 88
8, 96
8, 98
8, 111
8, 112
8, 124
8, 136
8, 137
8, 143
8, 165
8, 179
8, 201
8, 206
8, 208
9, 31
9, 37
9, 50
9, 53
9, 61
9, 99
9, 103
9, 107
9, 110
9, 113
9, 127
9, 128
9, 134
9, 137
9, 156
9, 159
9, 179
9, 190
10, 40
10, 42
10, 48
10, 74
10, 130
10, 142
10, 157
10, 188
10, 223
10, 269
10, 284
10, 295
10, 297
10, 314
10, 336
10, 378
10, 385
11, 28
11, 51
11, 80
11, 154
11, 161
11, 174
11, 182
11, 207
11, 327
11, 360
11, 412
12, 20
12, 41
12, 102
12, 129
12, 158
12, 160
12, 383
12, 389
12, 414
13, 16
13, 21
13, 24
13, 26
13, 35
13, 54
13, 66
13, 70
13, 73
13, 75
13, 87
13, 91
13, 93
13, 95
13, 104
13, 115
13, 126
13, 131
14, 36
14, 49
14, 52
14, 62
14, 72
14, 89
14, 138
14, 253
14, 312
14, 335
14, 388
15, 23
15, 30
15, 64
15, 67
15, 71
15, 135
15, 136
15, 145
15, 171
15, 180
15, 187
15, 194
15, 201
15, 203
15, 208
15, 209
16, 18
16, 25
16, 35
16, 39
16, 44
16, 46
16, 66
16, 75
16, 78
16, 79
16, 83
16, 85
16, 97
16, 100
16, 101
16, 104
17, 28
17, 34
17, 77
17, 80
17, 114
17, 116
17, 118
17, 232
17, 234
17, 333
17, 341
17, 342
17, 353
17, 354
17, 365
17, 386
18, 19
18, 25
18, 47
18, 65
18, 69
18, 79
18, 109
18, 121
18, 167
18, 177
18, 189
18, 204
18, 231
18, 233
18, 260
18, 267
18, 268
19, 69
19, 109
19, 121
19, 146
19, 167
19, 233
19, 238
19, 260
19, 300
19, 315
20, 41
20, 45
20, 147
20, 287
20, 311
21, 26
21, 93
21, 168
21, 185
21, 251
21, 281
21, 329
21, 364
21, 371
22, 199
22, 288
22, 296
22, 325
22, 387
23, 55
23, 145
23, 187
23, 277
23, 321
23, 339
23, 405
23, 406
24, 35
24, 63
24, 73
24, 90
24, 91
24, 105
24, 139
24, 149
24, 150
24, 151
24, 162
24, 210
24, 222
24, 236
24, 252
24, 291
24, 293
24, 299
25, 79
25, 205
25, 228
25, 313
25, 318
26, 68
26, 73
26, 90
26, 108
26, 168
26, 219
26, 251
26, 329
26, 371
26, 384
26, 399
27, 39
27, 57
27, 81
27, 82
27, 125
27, 192
27, 361
27, 408
28, 80
28, 116
28, 182
28, 333
28, 335
28, 350
28, 354
28, 375
29, 98
29, 136
29, 208
29, 289
29, 304
29, 410
30, 208
30, 270
31, 200
32, 153
32, 230
32, 380
33, 63
33, 90
33, 150
33, 183
33, 219
33, 299
33, 316
33, 400
34, 232
34, 333
34, 362
34, 365
34, 375
35, 46
35, 66
35, 170
35, 291
35, 369
35, 415
36, 367
36, 388
37, 50
37, 103
37, 113
37, 156
37, 159
37, 179
37, 190
37, 245
37, 326
38, 39
38, 44
38, 97
38, 117
38, 166
38, 198
38, 276
38, 282
38, 401
39, 57
39, 78
39, 82
39, 97
39, 166
39, 181
39, 192
39, 195
39, 198
39, 282
39, 307
39, 332
39, 340
39, 352
39, 361
40, 142
41, 160
41, 389
42, 130
42, 157
42, 188
43, 64
43, 120
43, 135
43, 169
43, 175
43, 194
43, 224
43, 225
43, 237
43, 256
43, 275
43, 355
43, 379
43, 407
44, 97
44, 202
44, 259
44, 262
45, 287
47, 65
47, 167
47, 260
47, 267
48, 123
48, 155
48, 215
48, 223
48, 274
48, 292
48, 297
49, 52
49, 72
49, 138
49, 391
50, 103
50, 156
51, 207
51, 327
52, 138
52, 388
52, 391
53, 107
53, 137
53, 206
53, 214
53, 243
53, 413
54, 87
54, 141
54, 191
54, 212
54, 227
54, 246
54, 273
54, 374
54, 398
55, 64
55, 187
55, 339
55, 406
56, 60
56, 84
56, 86
56, 152
56, 199
56, 247
56, 288
56, 296
56, 319
56, 343
56, 387
57, 58
57, 92
57, 144
57, 220
57, 307
57, 332
57, 408
58, 220
59, 165
59, 201
59, 242
60, 84
60, 199
61, 110
61, 128
61, 134
61, 216
61, 395
62, 335
63, 162
63, 183
63, 293
63, 299
63, 400
64, 187
64, 203
64, 379
64, 407
65, 167
66, 75
66, 115
66, 126
66, 148
66, 170
66, 255
66, 345
66, 369
67, 71
67, 163
67, 171
67, 258
67, 337
67, 346
68, 73
68, 90
68, 108
68, 384
69, 109
69, 233
69, 300
70, 75
70, 95
70, 349
70, 356
71, 194
71, 337
72, 89
72, 253
72, 312
73, 90
73, 91
73, 139
73, 149
73, 210
73, 338
73, 384
74, 295
74, 378
75, 95
75, 104
75, 126
75, 172
75, 345
75, 349
76, 111
76, 112
76, 124
76, 261
76, 266
76, 294
76, 320
76, 351
76, 357
76, 366
77, 341
77, 353
77, 386
78, 100
78, 101
78, 122
78, 133
78, 140
78, 181
78, 195
78, 209
78, 241
78, 283
78, 302
78, 310
78, 334
78, 340
78, 392
78, 417
79, 177
79, 318
80, 154
80, 327
80, 360
81, 192
82, 125
82, 192
82, 361
83, 85
83, 106
83, 184
83, 193
83, 241
83, 248
83, 301
83, 390
85, 101
85, 173
85, 241
85, 286
85, 308
86, 152
86, 247
87, 191
87, 227
87, 246
87, 374
87, 398
88, 137
88, 206
89, 312
90, 105
90, 108
90, 150
90, 151
90, 210
90, 219
90, 222
90, 358
90, 399
91, 149
92, 119
92, 144
92, 164
92, 176
92, 196
92, 229
92, 240
92, 250
92, 265
92, 285
92, 309
92, 359
92, 393
92, 409
92, 419
93, 185
93, 281
94, 120
94, 363
95, 126
95, 356
96, 179
96, 290
97, 117
97, 198
97, 276
97, 352
98, 208
98, 289
99, 110
99, 279
99, 328
100, 101
100, 122
100, 392
101, 173
101, 241
101, 286
101, 308
101, 392
102, 158
102, 348
102, 383
102, 414
104, 172
104, 197
105, 151
105, 222
106, 184
106, 390
107, 110
107, 128
107, 214
107, 216
107, 328
109, 260
109, 300
110, 134
110, 216
110, 328
111, 206
111, 351
111, 370
112, 124
112, 143
112, 201
112, 218
112, 249
112, 266
112, 280
112, 294
112, 320
112, 366
113, 127
113, 326
114, 342
114, 386
115, 126
115, 148
115, 255
116, 354
117, 198
117, 276
118, 234
118, 333
118, 354
119, 186
119, 196
119, 213
119, 229
119, 240
119, 419
120, 169
120, 224
120, 237
120, 355
120, 363
122, 392
123, 215
123, 274
123, 292
124, 266
125, 192
126, 345
127, 326
127, 382
128, 216
129, 416
130, 157
130, 188
132, 180
132, 404
133, 221
133, 264
133, 310
133, 317
133, 324
133, 348
133, 368
133, 376
133, 397
133, 402
134, 395
135, 194
135, 239
135, 256
135, 407
136, 278
136, 303
136, 304
136, 322
136, 410
137, 179
137, 206
137, 413
139, 149
139, 338
140, 209
140, 283
141, 212
141, 273
142, 188
142, 336
143, 165
143, 201
143, 218
143, 242
144, 186
144, 213
144, 220
144, 240
144, 285
144, 409
145, 277
146, 238
146, 315
147, 272
147, 287
147, 311
148, 255
150, 236
150, 252
150, 316
150, 358
153, 178
153, 230
153, 271
153, 380
154, 360
155, 292
156, 245
158, 414
159, 190
159, 326
159, 382
160, 389
161, 412
162, 293
162, 331
162, 344
163, 171
163, 258
163, 346
164, 393
165, 242
166, 198
166, 282
166, 401
167, 189
167, 260
167, 268
168, 251
168, 329
168, 364
169, 224
169, 225
171, 258
171, 330
171, 377
173, 308
174, 182
175, 194
175, 275
176, 250
176, 265
176, 309
176, 359
176, 393
177, 231
178, 271
179, 190
179, 290
179, 298
180, 347
180, 394
180, 403
180, 404
181, 195
182, 335
184, 193
184, 301
184, 390
185, 281
186, 213
187, 203
187, 339
187, 405
188, 336
189, 268
190, 298
191, 374
193, 301
193, 390
194, 256
194, 275
195, 340
196, 419
198, 401
199, 343
199, 387
201, 209
201, 242
201, 254
201, 263
201, 280
201, 305
201, 310
201, 372
201, 396
202, 259
204, 268
205, 228
205, 313
206, 214
206, 243
206, 370
206, 413
207, 327
208, 410
209, 241
209, 283
209, 302
209, 310
209, 396
209, 417
211, 217
211, 226
211, 381
213, 240
214, 243
215, 274
217, 226
217, 235
217, 323
217, 373
217, 381
217, 418
218, 249
219, 399
221, 348
221, 368
222, 236
222, 358
224, 237
226, 230
226, 381
227, 246
229, 240
230, 271
232, 333
232, 365
234, 354
235, 323
235, 418
236, 358
239, 407
240, 285
241, 248
241, 302
241, 334
241, 390
244, 279
244, 306
244, 402
248, 390
250, 309
251, 364
252, 299
252, 316
253, 312
254, 263
257, 348
257, 402
258, 346
259, 262
260, 267
261, 320
261, 351
261, 357
264, 324
264, 348
264, 368
264, 402
265, 359
265, 393
269, 297
269, 314
274, 292
278, 303
279, 328
279, 402
280, 372
283, 310
284, 378
284, 385
284, 411
285, 409
286, 308
288, 296
291, 415
293, 331
294, 366
295, 378
296, 325
296, 387
297, 314
299, 316
299, 400
302, 334
302, 417
303, 322
304, 410
305, 310
305, 372
306, 402
307, 332
310, 372
310, 397
317, 397
317, 402
320, 357
320, 366
321, 406
323, 373
323, 418
324, 402
325, 387
326, 382
327, 360
330, 377
333, 354
333, 375
339, 405
343, 387
347, 394
347, 403
348, 368
348, 376
348, 402
348, 414
350, 375
353, 386
362, 375
367, 388
374, 398
378, 385
379, 407
385, 411
394, 403
397, 402
end