100
4
0, 0.8251607061287611, 0.8333799260879535
1, 0.8774065979144117, 0.0720013524330213
2, 0.4349842567458344, 0.7982078522916626
3, 0.6543389571497689, 0.6833312486533061
4, 0.10267465871673886, 0.16696700649220186
5, 0.6261533382893228, 0.27307181401850744
6, 0.015683414198707224, 0.329752849635472
7, 0.9276491890272964, 0.9047544474353437
8, 0.2699786013676373, 0.9784859498841461
9, 0.45221986256010727, 0.23475457032921632
10, 0.7899983301384552, 0.7564037022353681
11, 0.8097186026641483, 0.8884893977726275
12, 0.7602776262898231, 0.6070369214077223
13, 0.508021478778919, 0.08761906118624241
14, 0.6436217127381811, 0.3675791342317709
15, 0.6050668437210865, 0.8547692604731527
16, 0.4018591975302066, 0.23166065551285342
17, 0.5254354635152632, 0.48541046507779007
18, 0.647906813171619, 0.6376461313096183
19, 0.6042888437703398, 0.13784041740463326
20, 0.3058208627888873, 0.29789125548475937
21, 0.5918608831117989, 0.2998005420852895
22, 0.4059201412417508, 0.8092949642302013
23, 0.20252517310439788, 0.7601976593728609
24, 0.6043502734556646, 0.316120858543275
25, 0.6255151311604432, 0.2093071322433786
26, 0.22135247444689443, 0.6685005777927564
27, 0.5198566209718742, 0.3624898049760352
28, 0.7685056415914372, 0.4470822406228965
29, 0.3195462799375042, 0.4518678848510348
30, 0.8916091704975163, 0.6323857086224872
31, 0.5044571979950421, 0.1537590170607217
32, 0.00813822704028444, 0.4443217454348698
33, 0.8964057394870372, 0.5196214946891846
34, 0.07560727764328268, 0.6168753938405136
35, 0.03216362517800042, 0.26071112161811605
36, 0.8166029390065649, 0.4598584422967592
37, 0.09775367529646173, 0.0014575748766969543
38, 0.5328983566323697, 0.11141029918012224
39, 0.6642491910155317, 0.14251814950299913
40, 0.8784268732150614, 0.6283261726829303
41, 0.7599317722537352, 0.5631501173147286
42, 0.5762220162705344, 0.6691677102977921
43, 0.9812846978178891, 0.9622031445924578
44, 0.32983817882912947, 0.3769553012612319
45, 0.8400977899370636, 0.6381126384652691
46, 0.9666677586278496, 0.41043529372330034
47, 0.020473174070460676, 0.43637854288220324
48, 0.616501211048011, 0.5767983502709227
49, 0.2179520284235148, 0.658126439893051
50, 0.6940365292031968, 0.7166748009099587
51, 0.27160174294522443, 0.9255181803699025
52, 0.6798981703331904, 0.8487159519364457
53, 0.9755848875010363, 0.2893787449284715
54, 0.5428683453490204, 0.8667492099355643
55, 0.6042753830459849, 0.33267668694138297
56, 0.878853966542188, 0.6330692759813521
57, 0.4195843188848797, 0.7767248311739249
58, 0.3679808508436784, 0.5826624539521974
59, 0.03545218860868571, 0.9241186407041047
60, 0.0872343153193158, 0.04981217058837106
61, 0.2966894059477596, 0.9143653414150167
62, 0.6171727562109026, 0.9554533113842371
63, 0.10253904142725012, 0.8944558647034236
64, 0.4607318143955297, 0.27811725128043985
65, 0.6538595677677245, 0.3736343426467561
66, 0.2990558133316987, 0.37515986097203036
67, 0.7519013734837781, 0.2818097625162652
68, 0.005668651579345374, 0.13932354536628233
69, 0.6456222842823115, 0.5155158992718125
70, 0.07491359203190084, 0.6977041456909904
71, 0.7446193950140705, 0.7734376203981116
72, 0.9340688555353588, 0.8536945865288558
73, 0.9031687259543413, 0.1963615599834676
74, 0.3102073448491127, 0.990243415640733
75, 0.21169670414347086, 0.4130849781900433
76, 0.41453117523335825, 0.7499325822177497
77, 0.6212697042798629, 0.030329217292681232
78, 0.2826278289942842, 0.8587450128114614
79, 0.9437374302876814, 0.846683801068285
80, 0.45035010271324283, 0.0820682163510259
81, 0.7478972807312554, 0.07510382099725421
82, 0.04735379953607288, 0.7577973321812436
83, 0.015799665496488258, 0.5458142833138877
84, 0.09417158546402604, 0.17381622052047918
85, 0.6696576249557319, 0.8053049444320834
86, 0.14024095931369074, 0.3092841738526029
87, 0.806021869727359, 0.8403045343806502
88, 0.8782285462992514, 0.3218764453714795
89, 0.3457865442474647, 0.7001706938314025
90, 0.49822649709698963, 0.33649635763069485
91, 0.8644542834985942, 0.16057100780406453
92, 0.5576643607894003, 0.9422257175621627
93, 0.669942148852431, 0.5118093573087515
94, 0.9452293769986838, 0.6211992942779954
95, 0.031904223415903266, 0.4273425214931368
96, 0.33746658425455145, 0.9626020303062864
97, 0.6570618584301181, 0.602784413594755
98, 0.32251877408917495, 0.04939361690899835
99, 0.07571239919806938, 0.07054584946298159
end_nodes
0, 1
0, 2
0, 3
0, 4
0, 5
0, 6
0, 7
0, 8
0, 9
0, 10
1, 4
1, 5
1, 7
1, 9
1, 12
1, 13
1, 16
1, 19
1, 21
2, 6
2, 8
2, 15
2, 22
2, 23
2, 26
2, 32
2, 34
2, 47
3, 4
3, 6
3, 29
3, 35
3, 42
3, 44
3, 50
3, 66
3, 68
4, 13
4, 16
4, 17
4, 18
4, 19
4, 20
4, 27
5, 10
5, 12
5, 14
5, 21
5, 24
5, 28
5, 41
5, 55
6, 32
6, 35
6, 42
6, 47
6, 57
6, 58
6, 68
7, 8
7, 11
7, 30
7, 33
7, 40
7, 43
7, 45
7, 46
8, 11
8, 15
8, 22
8, 23
8, 34
8, 43
8, 51
9, 10
9, 14
9, 16
9, 21
9, 24
9, 25
9, 27
9, 55
10, 14
10, 65
10, 69
10, 93
11, 87
11, 92
11, 96
12, 28
12, 36
12, 41
12, 91
13, 37
13, 38
13, 60
13, 68
13, 77
13, 80
13, 81
13, 98
14, 55
14, 65
14, 69
14, 93
15, 52
15, 54
16, 19
16, 27
16, 31
16, 39
16, 64
16, 90
17, 18
17, 20
17, 27
17, 48
17, 97
18, 48
18, 97
19, 31
19, 39
20, 27
21, 24
21, 25
22, 23
22, 51
22, 61
22, 78
23, 34
23, 51
23, 78
24, 55
26, 32
26, 34
26, 49
26, 83
27, 64
27, 90
27, 97
28, 41
28, 67
29, 35
29, 68
29, 86
30, 33
30, 40
30, 88
32, 47
32, 49
32, 59
32, 68
32, 83
33, 88
34, 59
34, 63
34, 70
34, 82
34, 83
35, 68
35, 75
35, 86
36, 91
37, 60
37, 68
37, 77
37, 80
37, 98
37, 99
40, 45
40, 56
40, 88
42, 71
43, 46
43, 53
43, 62
43, 72
43, 74
43, 79
44, 50
45, 56
45, 88
46, 53
46, 72
46, 73
46, 79
46, 94
47, 89
47, 95
48, 97
51, 61
51, 78
53, 73
57, 58
57, 76
57, 85
58, 76
58, 85
59, 63
59, 70
59, 74
59, 82
59, 83
60, 80
60, 99
63, 70
64, 90
66, 68
66, 84
68, 84
68, 86
69, 93
72, 79
73, 94
76, 85
77, 81
80, 98
82, 83
87, 96
89, 95
end