280
4
0, 0.07021852968379017, 0.1296159561237369
1, 0.257881733887354, 0.9143663598970357
2, 0.7963129775789797, 0.6824334732214273
3, 0.2164484854484353, 0.9536421909429645
4, 0.6464193728646032, 0.9912198972987816
5, 0.5796021030534542, 0.18460759664258874
6, 0.44095760312145404, 0.6890208552333132
7, 0.4730047587764503, 0.6836090189383147
8, 0.4619536660433877, 0.1392663078627303
9, 0.9882643038604529, 0.16678977327665845
10, 0.8451713890086233, 0.8311807328777266
11, 0.9837986912643427, 0.6971727988664731
12, 0.10320181613816082, 0.23615010487583765
13, 0.19339394813163013, 0.9822556052714093
14, 0.3905941825926731, 0.9598002583796158
15, 0.27331483963699577, 0.38645227152181416
16, 0.928741346926113, 0.3839314552546329
17, 0.7797934837795607, 0.3635329270971247
18, 0.8397736970792524, 0.84507635979252
19, 0.0005032496842701795, 0.004339162314501377
20, 0.21841728970875185, 0.3945218452548085
21, 0.9436625222129454, 0.036000460861777106
22, 0.3050385843655705, 0.6693422158669083
23, 0.07177602351301471, 0.2607410673189692
24, 0.38551814052754174, 0.02895655315550183
25, 0.4769058533928092, 0.9711479546836962
26, 0.07882355933375385, 0.6672369674819184
27, 0.8012590113970163, 0.6732987863700503
28, 0.936285375526619, 0.8702680294423631
29, 0.04033473190159631, 0.18369164525924786
30, 0.05526899286807552, 0.7148406009595856
31, 0.4099209119090639, 0.0741914611336556
32, 0.2568755357648542, 0.41597693981128026
33, 0.17648684442873763, 0.21862741110716077
34, 0.8359101481539644, 0.3021726625853638
35, 0.7786303606003184, 0.33737955914287987
36, 0.8372246218334071, 0.34113503625401276
37, 0.9230940291338365, 0.4338450654029702
38, 0.5466182774960311, 0.8078396976406997
39, 0.43887012821821514, 0.052221087685270895
40, 0.1946062078252493, 0.1943620651296164
41, 0.021683427821271972, 0.7033313791619566
42, 0.16815788940026388, 0.01996184562093606
43, 0.8850504496773411, 0.86892807822676
44, 0.7367832978563691, 0.624368176885067
45, 0.23913078470635496, 0.6029322562028177
46, 0.19234531576494462, 0.32902647468387136
47, 0.19230057437407777, 0.8229081543637224
48, 0.3348819251109625, 0.3008616820704788
49, 0.3068242811604338, 0.021660097166011805
50, 0.3726090075805164, 0.28573588373349157
51, 0.13854924527889967, 0.13161948682474955
52, 0.412985742924456, 0.6687447033399767
53, 0.3279601099381694, 0.7314690149272743
54, 0.03630091276178937, 0.07606843542730046
55, 0.5057581865910654, 0.19000358590207667
56, 0.9075899115138886, 0.9931955162623445
57, 0.7039341499728197, 0.3065495673640253
58, 0.07895674891976834, 0.8471023599724199
59, 0.02366015007934985, 0.15181330168441376
60, 0.9337397175357474, 0.888425999190729
61, 0.042779485922856075, 0.4214677717796812
62, 0.3754854893540941, 0.9030940499554678
63, 0.013884822586196721, 0.7614705466727884
64, 0.14811416563674362, 0.4196464110029088
65, 0.8329795490884284, 0.3502896321028339
66, 0.4992357026775416, 0.12100926745958884
67, 0.2321238727241436, 0.9914535552937662
68, 0.4126007054565035, 0.35270299541995065
69, 0.2344828206735552, 0.2266975596287355
70, 0.8722113204049619, 0.029263342565113648
71, 0.3616812374874113, 0.6076710366758931
72, 0.24877881005678026, 0.45854434405091105
73, 0.8084311187451771, 0.13742107249166058
74, 0.2897675354243232, 0.6697209623041462
75, 0.1707710376290552, 0.7301173927734875
76, 0.6852528123371984, 0.3991575852903223
77, 0.464631805381185, 0.4963187449794243
78, 0.10656434451450558, 0.8849843710335512
79, 0.18549176783114807, 0.7196497654519832
80, 0.990700250791105, 0.9655741698540741
81, 0.5275548777023289, 0.4680552045426777
82, 0.7785578778546994, 0.6379202643396311
83, 0.5487410613716758, 0.140523128561161
84, 0.3139822300875643, 0.27655914620139943
85, 0.9663462882126389, 0.9478042984298658
86, 0.021794244225596615, 0.026452173140912416
87, 0.9062517498886604, 0.9961352003857793
88, 0.15871171140056006, 0.718583495189173
89, 0.8477358503764407, 0.5604784507424553
90, 0.7431766422342706, 0.333489018628948
91, 0.1518128683778036, 0.9496597925841974
92, 0.703697115090482, 0.795011793362991
93, 0.10182711548516377, 0.8571954607682062
94, 0.9520632317891101, 0.20005195692060562
95, 0.9308098104182566, 0.9798825299891682
96, 0.8261395896318521, 0.6342289079442752
97, 0.9078317943780602, 0.12987590820782668
98, 0.013892550107753032, 0.23079080115170825
99, 0.899759371248861, 0.1644889414294478
100, 0.7110451122775369, 0.2375000180502327
101, 0.12100728547359663, 0.25183610617784236
102, 0.06050072333637668, 0.5060102084907313
103, 0.8200478372404492, 0.4469904308046013
104, 0.9621787220170249, 0.7419632049030706
105, 0.47917845121771374, 0.8635006445732796
106, 0.6343442236042314, 0.6431729513113339
107, 0.4063696785854929, 0.3022312100466996
108, 0.4169258174515321, 0.41820895242658174
109, 0.9704780461740503, 0.1674688897051566
110, 0.4833303440661142, 0.48081615922155674
111, 0.9911819273066741, 0.6825265264225266
112, 0.0982666385029829, 0.07388563862965458
113, 0.9625515304681831, 0.10397779972189936
114, 0.25696232329225976, 0.3482540100450756
115, 0.8280013603882197, 0.9498569447609178
116, 0.5527524876685752, 0.9598418899293838
117, 0.7189725296229115, 0.8750402222843697
118, 0.8082944278283918, 0.30166022978977614
119, 0.010459029682275078, 0.975088854710308
120, 0.27220142615898113, 0.7917823258435404
121, 0.061578805194056896, 0.8515665273502149
122, 0.044532967638571064, 0.276403623265153
123, 0.7409504528398565, 0.2656127443149193
124, 0.5916981522328368, 0.8268070933797551
125, 0.20579086687172832, 0.09616760954638481
126, 0.6784741966654251, 0.6660527518443096
127, 0.8797652129534341, 0.1423060763519065
128, 0.003548382928073468, 0.0861691412956993
129, 0.3767655221639514, 0.6796526178948651
130, 0.9854245620751962, 0.8410777275988923
131, 0.501796747565908, 0.7249781949129089
132, 0.5012388905611997, 0.627004789218636
133, 0.7549056700462053, 0.3805581780392825
134, 0.5365750474334184, 0.7949421621347913
135, 0.30006089502886624, 0.258116814812982
136, 0.54184747052654, 0.23166843121471203
137, 0.5382698355148609, 0.014307561548385528
138, 0.8101481373231249, 0.8568954953710821
139, 0.03652556991783418, 0.16993089471082345
140, 0.7129739029451325, 0.6105857099576141
141, 0.1100002306466441, 0.3551177995175361
142, 0.6348137234294717, 0.3647746820245614
143, 0.2501221391461761, 0.42133526892033724
144, 0.7176608846025269, 0.5737021630622697
145, 0.9320919574542784, 0.14316995649613395
146, 0.8531885745879008, 0.6149360183702847
147, 0.6457917668523065, 0.43617695495077746
148, 0.5932651720674563, 0.26511058479714367
149, 0.37191988555835587, 0.6064429115995906
150, 0.0798039133015549, 0.07853093695998281
151, 0.9083455889045923, 0.7228063512002952
152, 0.8849711499918033, 0.17260627211735013
153, 0.19695562385974785, 0.31957186693220807
154, 0.48394903440243897, 0.6902156552113701
155, 0.4116120167938897, 0.6742889473905753
156, 0.8228525979606737, 0.36057805501990525
157, 0.2725410084958968, 0.01888448505144269
158, 0.4603131268680235, 0.4177429465221464
159, 0.23111406838120319, 0.08994520151910768
160, 0.7095367016783034, 0.24211937853296384
161, 0.31247061171650525, 0.10598587220849975
162, 0.5203107940887809, 0.6446147887110395
163, 0.7051524090810233, 0.8390800021575077
164, 0.40427863018359067, 0.864841446349014
165, 0.12213401581823569, 0.923020522333485
166, 0.6117875670993879, 0.9930878249038178
167, 0.5356339355282475, 0.2005890957283356
168, 0.011699443620978078, 0.6421901108455178
169, 0.6548986334352915, 0.16759535515144708
170, 0.9497130899066343, 0.4321616106561764
171, 0.38553393662778923, 0.5693575482644497
172, 0.8115478178972667, 0.2504577332336305
173, 0.13805627522293884, 0.3633328952974436
174, 0.7335741007118433, 0.024876047306017446
175, 0.41896745784449696, 0.3461626862478878
176, 0.8699201411936401, 0.5445608298389643
177, 0.9395402829056789, 0.39844510597746574
178, 0.11140832240672072, 0.7654863529661292
179, 0.6264325562974599, 0.981046743016258
180, 0.9187907396005008, 0.051171297703395235
181, 0.7224805842835557, 0.3493091561370688
182, 0.2291020783415726, 0.1880120991793247
183, 0.6375980250420799, 0.8147589937997822
184, 0.9852373797966183, 0.7015396229113604
185, 0.9103257140294152, 0.37470075742708575
186, 0.04715474577159906, 0.7604161060509129
187, 0.6083505930464793, 0.7391125806603109
188, 0.05458305177163769, 0.0632295641882954
189, 0.5386725246111894, 0.7381599587285617
190, 0.31142144047961584, 0.4088282598166705
191, 0.8377109863673584, 0.5786205069686685
192, 0.48783622825104067, 0.5902494257396067
193, 0.3125534847850072, 0.9541394570184899
194, 0.6661723429162068, 0.9942650657914331
195, 0.7210731709893704, 0.0983872912857745
196, 0.3802039989986339, 0.8378587992470985
197, 0.4036023047724697, 0.3202404961929749
198, 0.6195376608372374, 0.6820976522773992
199, 0.47977512249490983, 0.906165808774227
200, 0.9079283102049593, 0.0697220333423626
201, 0.4628561760349389, 0.8973106730423586
202, 0.0011535635120655252, 0.6874231975112017
203, 0.8230379862550429, 0.5419388339428651
204, 0.4664288395577998, 0.4411058845531779
205, 0.7532279963626459, 0.20662344029104973
206, 0.84438271799877, 0.38094468227486633
207, 0.3044178397337295, 0.572547650650255
208, 0.46613318755471644, 0.04362476422642447
209, 0.005240351105645913, 0.9693696305360067
210, 0.245939927537847, 0.7378680392803815
211, 0.4955179117007059, 0.5488234241627246
212, 0.09013150401391812, 0.41583700326405204
213, 0.2742764907115367, 0.3071670021875228
214, 0.20276736792661554, 0.6677379408169768
215, 0.8585825339118712, 0.30791395456184256
216, 0.465837665790526, 0.966293099343012
217, 0.8685392992935426, 0.3403229300625292
218, 0.9805063591770281, 0.952945090140826
219, 0.2160060255506513, 0.990500071037139
220, 0.2983793318535176, 0.6239284567581156
221, 0.7638885482080422, 0.6973922380393313
222, 0.6127348781503209, 0.26691697054834573
223, 0.4154425178618718, 0.2534308779972698
224, 0.5344868312964192, 0.07463790954425209
225, 0.12577014584047108, 0.7492213039603418
226, 0.06618409623542754, 0.08119777190263633
227, 0.6009160978012392, 0.6502415846775427
228, 0.35484716050414045, 0.13749278786257269
229, 0.45893225122465675, 0.28583694578393526
230, 0.7705906107258246, 0.8691813654273457
231, 0.06773237820510358, 0.07185751488357572
232, 0.724330593154313, 0.013230890048731792
233, 0.33031795637444494, 0.2283259684466995
234, 0.7047179129376868, 0.982523587897918
235, 0.7801295651263539, 0.5471612271999278
236, 0.6637021855903498, 0.6020494907465329
237, 0.07918526730095665, 0.9531578053623345
238, 0.3976773118800071, 0.05465496525751434
239, 0.7754947497390048, 0.20334440169137824
240, 0.5438046456992047, 0.8329209278129079
241, 0.25234801764498205, 0.3781158717008053
242, 0.009328369246148993, 0.04764429583405061
243, 0.717606303630628, 0.5647851095419075
244, 0.016376397865014214, 0.4208711254169739
245, 0.13825016422950898, 0.5985815695554769
246, 0.06363662123331015, 0.032924785350365804
247, 0.5217911541528697, 0.7382779721793933
248, 0.36018667614840694, 0.4170987272793826
249, 0.6338789436575394, 0.20034879953556917
250, 0.9918049457252327, 0.0026122456897927915
251, 0.9229196025412626, 0.6613971775129004
252, 0.9395772776441411, 0.7099948487331275
253, 0.19973780367649718, 0.2350607787422515
254, 0.39919755020145153, 0.16056457612849706
255, 0.6081329732362677, 0.11239453549081624
256, 0.06927835003399896, 0.9767188262190972
257, 0.8856030936522422, 0.0836137250586042
258, 0.08372071998521169, 0.6104219498128454
259, 0.4052996090562465, 0.8184737418995885
260, 0.8035455172103372, 0.5957799158739635
261, 0.010643415002288714, 0.9921428801346113
262, 0.555976799788149, 0.7478711753617645
263, 0.9567184557016034, 0.9919331626493535
264, 0.06085891059707482, 0.09553046441184676
265, 0.43907495327916646, 0.5949123209043105
266, 0.7757180007401009, 0.9854294289219734
267, 0.6445469337692772, 0.12128835237419344
268, 0.9545120736840875, 0.6230918929094882
269, 0.2170733111449239, 0.33147321357081017
270, 0.5724950393062991, 0.06641405590041971
271, 0.6910831484326011, 0.09721503184770774
272, 0.2698442789974347, 0.8478985303000913
273, 0.8380333195104017, 0.8176693466822517
274, 0.3563986493998198, 0.07330084509606116
275, 0.10083897669889474, 0.8039855200907972
276, 0.5609108409042948, 0.8484403486797933
277, 0.48949928426437483, 0.2891960429965339
278, 0.6078071966849595, 0.30577985962321386
279, 0.9801501868377065, 0.45791998550174184
end_nodes
0, 1
0, 2
0, 3
0, 4
0, 5
0, 6
0, 7
0, 8
0, 9
0, 10
0, 11
0, 12
0, 13
0, 14
0, 15
0, 16
1, 3
1, 12
1, 13
1, 14
1, 45
1, 64
1, 67
1, 79
1, 120
1, 173
1, 193
1, 210
1, 214
1, 219
1, 272
2, 10
2, 11
2, 27
2, 28
2, 33
2, 43
2, 44
2, 48
2, 56
2, 60
2, 68
2, 80
2, 81
2, 82
2, 85
3, 13
3, 47
3, 75
3, 79
3, 88
3, 141
3, 245
4, 6
4, 7
4, 10
4, 14
4, 18
4, 20
4, 22
4, 25
4, 38
4, 46
4, 52
4, 53
4, 56
4, 62
4, 67
5, 9
5, 16
5, 34
5, 35
5, 36
5, 55
5, 57
5, 65
5, 94
5, 99
5, 100
5, 109
5, 118
5, 123
5, 136
6, 32
6, 46
6, 153
7, 10
7, 15
7, 38
7, 77
7, 92
7, 106
7, 114
7, 117
7, 124
7, 131
7, 132
7, 134
7, 138
7, 154
8, 9
8, 19
8, 21
8, 24
8, 31
8, 39
8, 42
8, 49
8, 51
8, 54
8, 66
8, 70
8, 73
8, 83
8, 86
9, 11
9, 16
9, 21
9, 37
9, 51
9, 73
9, 80
9, 83
9, 94
9, 97
9, 99
9, 109
9, 111
10, 18
10, 33
10, 56
10, 92
10, 106
10, 108
10, 110
10, 115
10, 126
10, 138
10, 187
10, 198
11, 17
11, 27
11, 28
11, 37
11, 40
11, 44
11, 48
11, 50
11, 68
11, 69
11, 76
11, 80
11, 82
12, 14
12, 45
12, 64
12, 173
12, 210
12, 214
13, 19
13, 23
13, 26
13, 29
13, 30
13, 41
13, 54
13, 58
13, 59
13, 61
13, 63
13, 78
13, 86
14, 20
14, 22
14, 25
14, 45
14, 46
14, 53
14, 62
14, 67
14, 74
14, 101
14, 120
14, 193
15, 114
15, 241
15, 269
16, 17
16, 34
16, 35
16, 36
16, 37
16, 40
16, 50
16, 65
16, 90
16, 94
16, 107
16, 118
16, 135
17, 37
17, 76
17, 89
17, 103
17, 107
17, 133
17, 142
17, 176
17, 206
17, 268
18, 115
18, 234
18, 266
19, 29
19, 30
19, 41
19, 42
19, 49
19, 59
19, 61
19, 63
19, 70
19, 86
19, 98
19, 119
19, 128
19, 137
20, 22
20, 46
20, 52
20, 71
20, 72
20, 129
20, 143
20, 149
20, 155
20, 207
20, 220
21, 70
21, 73
21, 97
21, 113
21, 127
21, 180
21, 195
21, 200
21, 232
21, 250
21, 255
21, 257
21, 267
21, 271
22, 53
22, 129
22, 207
22, 220
23, 54
23, 226
23, 264
24, 31
24, 39
24, 49
24, 70
24, 208
24, 224
24, 238
24, 270
25, 67
26, 30
26, 61
26, 102
26, 178
26, 225
26, 258
27, 82
28, 80
28, 104
28, 130
28, 151
28, 252
29, 86
29, 139
29, 212
29, 242
30, 41
30, 61
30, 98
30, 178
30, 244
30, 275
31, 49
31, 238
32, 46
33, 108
33, 204
33, 213
33, 221
33, 236
33, 253
34, 94
34, 100
34, 118
34, 123
34, 160
34, 172
34, 205
34, 215
34, 217
34, 239
35, 57
35, 65
35, 148
36, 65
36, 185
37, 170
37, 177
37, 206
37, 268
37, 279
38, 124
38, 131
38, 134
39, 66
39, 224
40, 69
40, 84
40, 90
40, 135
40, 146
40, 156
40, 182
40, 223
40, 229
40, 233
40, 277
40, 278
41, 63
41, 93
41, 128
41, 186
41, 244
41, 275
42, 49
42, 274
43, 56
43, 85
43, 95
43, 263
44, 68
44, 82
44, 96
44, 140
44, 144
44, 243
44, 251
44, 260
45, 120
45, 210
46, 74
46, 101
46, 143
46, 149
47, 75
47, 141
48, 68
48, 81
48, 158
49, 70
49, 157
49, 238
49, 274
50, 107
50, 135
50, 147
50, 181
50, 191
50, 197
50, 203
50, 235
51, 228
52, 155
53, 62
53, 105
53, 116
53, 164
53, 179
53, 196
53, 199
53, 201
53, 259
54, 86
54, 112
54, 125
54, 150
54, 159
54, 161
54, 188
54, 226
54, 231
54, 264
55, 136
55, 167
56, 67
56, 87
56, 95
56, 115
56, 166
56, 194
56, 234
56, 261
56, 263
56, 266
57, 136
57, 148
57, 222
58, 63
58, 78
58, 91
58, 119
58, 121
58, 165
58, 237
58, 256
58, 261
59, 61
59, 122
60, 80
60, 85
60, 218
61, 102
61, 122
61, 225
61, 258
62, 116
62, 164
62, 196
62, 199
62, 201
62, 216
63, 93
63, 119
63, 121
63, 168
63, 186
64, 173
64, 214
66, 70
66, 224
66, 270
67, 193
67, 219
67, 261
68, 140
68, 144
68, 243
68, 251
68, 260
69, 84
69, 146
69, 175
70, 137
70, 157
70, 174
70, 208
70, 232
70, 270
71, 129
71, 155
72, 207
72, 220
73, 83
73, 127
73, 180
73, 200
73, 257
73, 267
74, 101
75, 141
75, 245
76, 89
76, 107
76, 133
76, 142
76, 147
76, 203
77, 106
77, 114
77, 132
77, 162
77, 190
77, 192
77, 211
77, 227
77, 248
77, 265
78, 91
80, 85
80, 111
80, 130
80, 184
80, 218
80, 263
81, 158
84, 146
85, 218
85, 263
86, 112
86, 159
86, 161
86, 188
86, 212
86, 231
86, 246
87, 194
87, 261
87, 263
88, 245
89, 103
89, 133
89, 176
90, 182
90, 233
91, 165
91, 237
91, 256
92, 138
92, 187
93, 186
94, 152
94, 172
94, 215
94, 239
94, 249
95, 263
96, 251
96, 260
97, 113
97, 127
97, 145
98, 128
98, 244
99, 109
99, 169
99, 254
100, 160
100, 205
100, 249
102, 258
103, 176
104, 252
105, 116
105, 179
106, 198
106, 227
107, 142
107, 147
107, 181
108, 110
108, 213
108, 221
110, 126
110, 221
111, 250
112, 150
112, 159
112, 231
114, 190
114, 248
114, 265
115, 266
116, 179
116, 199
116, 259
117, 124
117, 138
117, 154
117, 163
117, 183
117, 189
117, 230
117, 247
117, 262
118, 123
118, 217
119, 121
119, 168
119, 202
119, 209
119, 261
120, 272
124, 131
124, 247
125, 161
126, 221
126, 273
127, 145
127, 200
128, 244
129, 155
129, 207
132, 162
132, 192
135, 156
135, 197
135, 229
136, 148
136, 167
136, 222
137, 174
137, 232
137, 250
138, 154
138, 163
138, 230
139, 242
141, 245
143, 149
144, 243
147, 203
148, 222
150, 159
151, 252
154, 163
154, 262
156, 223
156, 229
156, 277
156, 278
159, 161
162, 211
162, 227
164, 196
164, 201
165, 237
166, 194
166, 261
169, 254
170, 177
170, 279
171, 240
171, 276
172, 239
173, 210
177, 279
180, 267
182, 233
183, 189
183, 247
188, 231
189, 247
190, 265
191, 203
191, 235
194, 261
195, 255
195, 267
195, 271
199, 201
199, 259
200, 257
202, 209
204, 236
205, 239
205, 249
207, 220
208, 270
209, 261
211, 227
219, 256
219, 261
221, 236
221, 273
223, 278
224, 270
225, 258
226, 264
229, 277
232, 250
234, 266
237, 256
239, 249
240, 276
241, 269
243, 260
251, 260
255, 267
255, 271
256, 261
277, 278
end