340
4
0, 0.5970077723035642, 0.39781498103174406
1, 0.052966712550088224, 0.24882251862775462
2, 0.9481102224648493, 0.2953013935680453
3, 0.2111520503526063, 0.6195410316817529
4, 0.8539745465634385, 0.14145270073433303
5, 0.6295239833058035, 0.9253426600351806
6, 0.402089655553745, 0.762785946840608
7, 0.019460747087701846, 0.7805895982998273
8, 0.5664767693028869, 0.6182912222996603
9, 0.30630952828102587, 0.6265273545299049
10, 0.4275710972895185, 0.6814655567100273
11, 0.22677459539606282, 0.07863392911026901
12, 0.10096234335840282, 0.20196720194881723
13, 0.7121991353991799, 0.6902786808258766
14, 0.3846249854483511, 0.38041198589858605
15, 0.5245591843221172, 0.2567110214874502
16, 0.5722314654452424, 0.8289748870031677
17, 0.301271988537697, 0.7230188704847624
18, 0.7428793037569716, 0.4415907396067319
19, 0.15134944701095887, 0.41176240095093386
20, 0.4049897544132648, 0.15351954828729641
21, 0.306023140519441, 0.4523489814510483
22, 0.8380069036239803, 0.5975581722902248
23, 0.166958492137521, 0.09230142152328569
24, 0.15085754987493782, 0.029299455895797966
25, 0.19328357737026924, 0.8513794724323336
26, 0.17311786934827933, 0.16811847313343042
27, 0.996926880272594, 0.837479267286988
28, 0.5892967771682941, 0.6109602360667304
29, 0.20587125355797986, 0.306206056374107
30, 0.6191425391325338, 0.9903407670920775
31, 0.7251488167463574, 0.28269022709817326
32, 0.16665148167434685, 0.5755207874976392
33, 0.13343445691770428, 0.17117086989793695
34, 0.8390833143021994, 0.08277968273702618
35, 0.8653599683960435, 0.7812895660460548
36, 0.3832253841977018, 0.8925959986451383
37, 0.9826671574427346, 0.21621954120380726
38, 0.021486822172247177, 0.244007557446128
39, 0.022298043762929542, 0.46856065062830254
40, 0.2698514678389239, 0.45697642080413514
41, 0.7875936552263649, 0.6645124099260015
42, 0.7058285415956229, 0.7633998071609882
43, 0.8120614406269135, 0.6488164655606568
44, 0.8986979778945644, 0.25906662180844675
45, 0.12175160401276097, 0.7918077336194966
46, 0.521337974306164, 0.11753473794734293
47, 0.3699930521437511, 0.38398100615222
48, 0.647084515721187, 0.814532196912853
49, 0.0860195754800761, 0.2388170266543539
50, 0.38797558998625836, 0.5182806680427026
51, 0.06995591498979259, 0.7278416766341951
52, 0.37945784856340004, 0.553925070774874
53, 0.6785586972069945, 0.43659427914026716
54, 0.2014774532165967, 0.77109451395759
55, 0.7303509319548579, 0.11760102956687635
56, 0.5751307580780687, 0.3869214976593709
57, 0.607804987116763, 0.43150655028468987
58, 0.20798092257888923, 0.4047921655210617
59, 0.9770393120412297, 0.40651061052440596
60, 0.25254104172367886, 0.13362471923348185
61, 0.794467993858682, 0.7311750686502144
62, 0.14649192875003958, 0.01095282711937462
63, 0.6079194292494607, 0.4298247687268377
64, 0.4778024833486262, 0.014397096087983563
65, 0.9150565094697711, 0.9130722497083512
66, 0.4993515930706037, 0.5580240753560234
67, 0.0017708169675010321, 0.5557665730404378
68, 0.2407144532287715, 0.3308617672881655
69, 0.2711121824511199, 0.7454800824355514
70, 0.592770734987626, 0.5286809827228416
71, 0.818518476580444, 0.6129512475777659
72, 0.5932064429447469, 0.12961857416262568
73, 0.9583861380592276, 0.218415256616884
74, 0.5865407152499115, 0.7520808129277976
75, 0.7837337191201648, 0.32509066805924636
76, 0.43535542142093886, 0.9532472743246456
77, 0.621817550609721, 0.7278764715635454
78, 0.7282251784055811, 0.909437972197872
79, 0.2623376163229776, 0.6406565315295439
80, 0.17549360086772847, 0.5241290084979795
81, 0.0016533274942738263, 0.7328379822883084
82, 0.7593648161751116, 0.292635357174421
83, 0.842092287860757, 0.14716630245718398
84, 0.7225454247603742, 0.6576712008508887
85, 0.8693979957969724, 0.15615767735939634
86, 0.09814282937727936, 0.22171082595949754
87, 0.7776072372927816, 0.3008616135005674
88, 0.4383186184052983, 0.26080935832676344
89, 0.5721534229854986, 0.09157132079606678
90, 0.20494824894320984, 0.5583135774622209
91, 0.7504852750967833, 0.28894514857250053
92, 0.010571730704399429, 0.9192860662468468
93, 0.07874261312175268, 0.8951064152684548
94, 0.8623697036901372, 0.7193262183333345
95, 0.1931590451431916, 0.23698506395943952
96, 0.5594381074608764, 0.33803282133640744
97, 0.573896220322666, 0.8556103472625809
98, 0.5956942846356372, 0.27316036199752447
99, 0.31431416032323156, 0.42587695547973703
100, 0.5014169542850078, 0.9898016374281466
101, 0.7538938299540582, 0.3033369013442847
102, 0.7373074534477327, 0.07414428214429847
103, 0.5189412540260764, 0.44229945378298596
104, 0.22781073345828695, 0.13015587494461645
105, 0.06117599142546348, 0.10683380297829204
106, 0.6548744140224326, 0.547381189883013
107, 0.10302382483776096, 0.7573773025755609
108, 0.6275329613166171, 0.3597245725097242
109, 0.8859389147157294, 0.4462844017198868
110, 0.49666874243875636, 0.5006189234205392
111, 0.9984119013685987, 0.22141872379600824
112, 0.3555484003207313, 0.12374887286204794
113, 0.7334061108593706, 0.31534907041730387
114, 0.9417377768617459, 0.8523521180265083
115, 0.6835859727444902, 0.8040407363598163
116, 0.7842533650701305, 0.4237690897262042
117, 0.6751141567430998, 0.1125707186082745
118, 0.8838894080119685, 0.9431453009892099
119, 0.9745503575055873, 0.8408591838320669
120, 0.532161501402535, 0.548464401741211
121, 0.7912275509598129, 0.04575808596132369
122, 0.8209175481294361, 0.012905496613763612
123, 0.6516504942792106, 0.050552894942719195
124, 0.12359820230737006, 0.11618160611158068
125, 0.49903726548045957, 0.9964014663030328
126, 0.7491449219215743, 0.08780300271802688
127, 0.27193846934055743, 0.9246776220593454
128, 0.14051855836979243, 0.2586060302298907
129, 0.8829395082370639, 0.8615036204556714
130, 0.5014855058169965, 0.488880469197715
131, 0.9114025585190096, 0.3421888801312112
132, 0.023998432152464555, 0.3479204051451321
133, 0.1810112439908954, 0.8086685339880282
134, 0.08806231493122996, 0.9096428059031867
135, 0.23802037267742004, 0.6752560063950608
136, 0.9470213258873389, 0.2306598258761906
137, 0.9109511739972338, 0.5581938832399191
138, 0.038797899042869455, 0.42303843588762846
139, 0.3878858966442862, 0.8386752023585695
140, 0.8350593738259486, 0.14430328155747885
141, 0.6210073028039123, 0.01780435997649521
142, 0.8245594695985518, 0.703161505992763
143, 0.30918920279805784, 0.7460513082967116
144, 0.3332109177712237, 0.8773363888984144
145, 0.06107618183613883, 0.9454148602497983
146, 0.9550811263688374, 0.5259953559847631
147, 0.9060536660653445, 0.8645792972568405
148, 0.0809756005612503, 0.9248162314133735
149, 0.24853827939546758, 0.4621706996646733
150, 0.8963888317510768, 0.1548216855050213
151, 0.11737078162162928, 0.8896391501171326
152, 0.015408101638650806, 0.23024603306967595
153, 0.7583114961001928, 0.16074374075469855
154, 0.14026382898450318, 0.7332896785416536
155, 0.617257619059538, 0.2239947185703257
156, 0.5006023762402821, 0.5562489377887925
157, 0.9502462490925228, 0.21615926140511943
158, 0.6682002018690895, 0.318373272974087
159, 0.750202059037745, 0.41291010664836614
160, 0.9391911301074842, 0.6256463655507176
161, 0.7579751216199558, 0.9210868035720831
162, 0.41313597529638213, 0.7988083648555907
163, 0.47391004143821713, 0.9825441963592721
164, 0.5903725054717314, 0.5663300075869755
165, 0.6106894410646385, 0.4295668215743026
166, 0.6576052488786958, 0.29014568868825874
167, 0.9068768363205969, 0.21443397924633378
168, 0.22959159565126896, 0.7191103085096721
169, 0.5014410342947744, 0.637086172193887
170, 0.6987727820801144, 0.11104359069711645
171, 0.8009548342914246, 0.6569426946122834
172, 0.510095461526923, 0.5108775602425187
173, 0.1709064290685708, 0.0713678147589516
174, 0.36754935465535354, 0.33622738646413985
175, 0.40474429075317775, 0.8045729416684183
176, 0.7238761594923442, 0.1796222012738099
177, 0.5343228475252729, 0.16406218503682912
178, 0.5600522947168091, 0.7530639891277426
179, 0.019588986996942115, 0.5435080505110204
180, 0.6223744538657231, 0.27368059515792464
181, 0.9524204486100124, 0.6820936911414646
182, 0.9778699083146489, 0.3206832763664448
183, 0.8853649275627733, 0.42098873671873993
184, 0.14055535964959143, 0.35950384620335885
185, 0.35137215171037106, 0.8458662898665382
186, 0.49274556336176345, 0.19089707742180095
187, 0.16392165830652816, 0.02400530050759453
188, 0.8308541559447541, 0.5899228359003601
189, 0.09938615351340518, 0.2634199494005405
190, 0.21655162408229733, 0.5743544618914346
191, 0.28818103464792677, 0.5064687056673276
192, 0.1623981427182981, 0.32152765995469257
193, 0.8697104100422524, 0.6723456880620382
194, 0.731084195624878, 0.1480794591604132
195, 0.09777517910619182, 0.5268436094465385
196, 0.011910352739949448, 0.9301322875711194
197, 0.29166447787479965, 0.24529304060874324
198, 0.6207795533802489, 0.23464786056245512
199, 0.09404882567970763, 0.754741413637682
200, 0.9065532553881729, 0.6542428675250777
201, 0.23303327027102716, 0.7901444518349439
202, 0.8425873021327575, 0.22470090112826935
203, 0.9978026466209087, 0.9203226745682092
204, 0.8648159885745422, 0.11487167450470726
205, 0.4800410324381712, 0.291516470545067
206, 0.7883747391670892, 0.2948025757057725
207, 0.8531357033385679, 0.524402518945873
208, 0.05926951209244258, 0.01474876475858422
209, 0.8154617790996258, 0.36634247288683064
210, 0.6778965070438229, 0.08451654731208835
211, 0.13951700192066352, 0.5697978041625473
212, 0.8852251317445591, 0.9781241858938222
213, 0.7258324029348434, 0.42027956189076443
214, 0.5361812698689625, 0.45537484782174154
215, 0.9332857256697911, 0.6126153716057966
216, 0.5903106388041324, 0.8684405694715046
217, 0.9737591409000887, 0.26898347923849264
218, 0.7639625054026613, 0.8679250611280975
219, 0.0021017432083355603, 0.6563747191334047
220, 0.6434405052883065, 0.8528045003259991
221, 0.41311900562668036, 0.0007930157025917151
222, 0.2992210873365183, 0.27104669128682735
223, 0.24183563822081766, 0.9641715527875543
224, 0.49854025986831807, 0.2636362345720892
225, 0.5976024481852887, 0.06830790475876614
226, 0.534409894168793, 0.09279859683538372
227, 0.5495030067335684, 0.8546196401853313
228, 0.7093582127484079, 0.6062896979745149
229, 0.8068101205172733, 0.5649185157326383
230, 0.16648140680651857, 0.9330131794663944
231, 0.9375818327215958, 0.10328905948531797
232, 0.809826479982165, 0.033624375703509846
233, 0.7978236221026276, 0.8190512648616642
234, 0.47487649658284903, 0.157959406634968
235, 0.5328281175561446, 0.34343445178658794
236, 0.882990452916958, 0.6288918507992767
237, 0.5854112263233571, 0.638767023672729
238, 0.7728460014534743, 0.012968743684006911
239, 0.7882027084375821, 0.9423486551029382
240, 0.9020313254965396, 0.6825872928849346
241, 0.3668984575092019, 0.4573250307589636
242, 0.6842321054791213, 0.01498222972391583
243, 0.4816128268154636, 0.29805368468314797
244, 0.8578886548356426, 0.8281474976157731
245, 0.4964363517105177, 0.4771828505185751
246, 0.4471763133262455, 0.25652645327174006
247, 0.13876116000408156, 0.9780965053741536
248, 0.43225992485713716, 0.2684135225033374
249, 0.0026139430059759494, 0.9665721876782427
250, 0.44363270317678616, 0.11115772490136777
251, 0.5987465041139418, 0.9349754733862381
252, 0.9469741154476166, 0.16727555012175466
253, 0.08172677043398013, 0.11507681531365177
254, 0.695148242582621, 0.7503779375207568
255, 0.9723901505043557, 0.9716108108236519
256, 0.2329101357834863, 0.7089853374281035
257, 0.46853040804209733, 0.7388822929530423
258, 0.2176126619733989, 0.519038473786704
259, 0.2007544739955075, 0.6831438277419817
260, 0.3057977382203543, 0.1601368800232139
261, 0.2799040302198673, 0.7997617378750901
262, 0.4160616629567133, 0.4543397702168329
263, 0.4739490595602227, 0.9831842035821514
264, 0.3866532375021817, 0.6069159379033865
265, 0.929679651720913, 0.3437486199028995
266, 0.7249741231660796, 0.25062867051987003
267, 0.6227768478849179, 0.7053364911193744
268, 0.3450604460232958, 0.8731644066459281
269, 0.7023132494889852, 0.09088914697257733
270, 0.6145551998194948, 0.017641975644807184
271, 0.24406125210538954, 0.46997006421398657
272, 0.37875856160266075, 0.6717183807401025
273, 0.5869382477578143, 0.4120361733747139
274, 0.6810944861874585, 0.020847718093976453
275, 0.07424275509602984, 0.3611452557926865
276, 0.4653862591328486, 0.3910168822128376
277, 0.956859841798792, 0.20653846521172625
278, 0.32566060928607476, 0.5225566985381779
279, 0.6943045263391703, 0.9110084216150847
280, 0.9943401930615988, 0.16914010083464637
281, 0.4989626656156294, 0.2949204147819373
282, 0.2033982103547919, 0.7517463554538244
283, 0.4547869433438586, 0.12854855262234322
284, 0.5786796196406507, 0.6521647354987111
285, 0.6247466286833319, 0.9141989846338292
286, 0.8792497493212623, 0.5838788688751302
287, 0.8713091468292347, 0.3607572247023392
288, 0.982236163205593, 0.36506303409375385
289, 0.0693688218205416, 0.5247999399221303
290, 0.2451397677034426, 0.6443491864358937
291, 0.5812379753425403, 0.48377196711428516
292, 0.08955404242767107, 0.730506552244527
293, 0.4898575641078836, 0.17576028641325914
294, 0.3247834148633243, 0.7503496821249703
295, 0.3169053464413012, 0.8160278637699698
296, 0.07584752320932364, 0.9208693773794542
297, 0.41331106931106854, 0.8375734055391592
298, 0.7713786320273279, 0.3670518227471632
299, 0.5819216110873349, 0.5431439407727249
300, 0.8853439524768254, 0.6475891537501792
301, 0.10928293638057607, 0.6039428778749625
302, 0.42173008626804764, 0.15566536714787182
303, 0.5666657400779581, 0.03886090965923983
304, 0.4045504765921325, 0.32192044671731146
305, 0.9682515877831057, 0.22977805939902973
306, 0.4990974449726935, 0.05711768065790834
307, 0.6123719596015174, 0.4874632367617685
308, 0.6650755497342599, 0.562081892272442
309, 0.6139795033290958, 0.7179830561307338
310, 0.8994290703615769, 0.46993671500636147
311, 0.5261596326087603, 0.465330223849738
312, 0.7814254802734961, 0.0249867161592483
313, 0.2544283766014428, 0.6759544210466918
314, 0.6947487991214558, 0.910639417759474
315, 0.5012580482380855, 0.9152536854788014
316, 0.7050836451062011, 0.6854119073198692
317, 0.01734506525000601, 0.179976752664175
318, 0.289192698335331, 0.8721049938824005
319, 0.4530818209374907, 0.036948359921641694
320, 0.09348605240605967, 0.6768691202127185
321, 0.19012132678189664, 0.007961637498242413
322, 0.9718786567727442, 0.5120687124794492
323, 0.6981811211578052, 0.9554652609345617
324, 0.049540849426407796, 0.11809926706563689
325, 0.47167046430567194, 0.6594654659931966
326, 0.4782803714022915, 0.07959731078884602
327, 0.8991268289935299, 0.8376618375347828
328, 0.6951055007300302, 0.27713983317849256
329, 0.3458303264487288, 0.033195047672615274
330, 0.5926711913472599, 0.3160528764481324
331, 0.356885126200728, 0.4940257588163699
332, 0.20986136562595692, 0.6850264113202723
333, 0.28603750377604653, 0.6286843669530883
334, 0.1457501593322985, 0.8970471025566016
335, 0.6424988544549183, 0.9763124505735368
336, 0.09748202435567066, 0.39122637822871864
337, 0.5434872029244333, 0.4665310071407922
338, 0.6619892638175054, 0.19028435905845542
339, 0.7222064641313587, 0.2538406753919765
end_nodes
0, 1
0, 2
0, 3
0, 4
0, 5
0, 6
0, 7
0, 8
0, 9
0, 10
0, 11
0, 12
0, 13
0, 14
0, 15
0, 16
0, 17
0, 18
1, 3
1, 7
1, 11
1, 12
1, 14
1, 19
1, 21
1, 23
1, 24
1, 29
1, 32
1, 38
1, 39
1, 40
1, 47
1, 49
1, 51
2, 4
2, 5
2, 13
2, 18
2, 22
2, 27
2, 30
2, 31
2, 34
2, 35
2, 37
2, 41
2, 42
2, 43
2, 44
2, 48
2, 59
3, 7
3, 14
3, 19
3, 21
3, 32
3, 40
3, 47
3, 50
3, 51
3, 58
3, 80
3, 90
3, 103
3, 149
3, 184
3, 190
4, 11
4, 15
4, 20
4, 24
4, 31
4, 34
4, 44
4, 46
4, 55
4, 62
4, 64
4, 72
4, 83
4, 85
4, 88
4, 89
5, 6
5, 7
5, 16
5, 17
5, 25
5, 28
5, 30
5, 36
5, 42
5, 45
5, 48
5, 54
5, 57
5, 63
5, 69
5, 70
6, 8
6, 10
6, 16
6, 17
6, 97
6, 120
6, 169
6, 178
6, 216
6, 227
6, 257
6, 272
6, 284
6, 291
6, 325
7, 9
7, 17
7, 25
7, 38
7, 39
7, 45
7, 50
7, 51
7, 52
7, 54
7, 67
7, 69
7, 76
7, 79
8, 169
8, 284
8, 291
8, 299
9, 17
9, 52
9, 79
9, 107
9, 110
9, 130
9, 135
9, 154
9, 168
9, 199
9, 214
9, 245
9, 256
9, 259
9, 264
9, 290
10, 66
10, 156
10, 172
10, 272
10, 273
10, 337
11, 12
11, 20
11, 23
11, 24
11, 26
11, 33
11, 46
11, 56
11, 60
11, 72
11, 88
11, 95
11, 104
11, 112
11, 173
12, 26
12, 33
12, 49
12, 56
12, 86
12, 95
12, 128
12, 304
13, 18
13, 48
13, 53
13, 63
13, 77
13, 84
13, 106
13, 116
13, 131
13, 165
13, 228
13, 267
13, 287
13, 307
13, 308
13, 316
14, 29
14, 47
14, 103
14, 174
14, 191
14, 241
14, 262
14, 276
14, 278
14, 331
15, 83
15, 88
15, 96
15, 98
15, 108
15, 155
15, 158
15, 166
15, 176
15, 180
15, 198
15, 205
15, 224
15, 243
15, 266
15, 281
16, 28
16, 70
16, 74
16, 97
16, 164
16, 178
16, 216
16, 237
16, 284
16, 285
17, 69
17, 107
17, 110
17, 143
17, 162
17, 168
17, 172
17, 175
17, 264
17, 272
17, 273
17, 282
17, 294
18, 53
18, 116
18, 159
18, 165
18, 209
18, 213
18, 228
18, 287
18, 298
19, 80
19, 184
20, 72
20, 88
20, 112
20, 140
20, 153
20, 177
20, 186
20, 194
20, 234
20, 246
20, 250
20, 283
20, 293
20, 302
20, 338
21, 40
21, 47
21, 68
21, 99
21, 192
22, 35
22, 43
22, 61
22, 78
22, 94
22, 118
22, 142
22, 161
22, 193
22, 212
22, 218
22, 233
22, 236
22, 239
22, 244
22, 265
22, 279
23, 24
23, 124
23, 173
24, 38
24, 62
24, 89
24, 105
24, 117
24, 124
24, 152
24, 173
24, 187
24, 208
24, 226
24, 253
24, 317
24, 324
25, 30
25, 36
25, 76
25, 144
25, 268
25, 318
26, 33
26, 95
27, 35
27, 37
27, 59
27, 65
27, 111
27, 114
27, 118
27, 119
27, 129
27, 137
27, 146
27, 147
27, 160
27, 181
27, 182
27, 200
27, 203
28, 70
28, 74
28, 164
28, 237
28, 285
29, 174
29, 189
30, 36
30, 41
30, 43
30, 71
30, 76
30, 78
30, 92
30, 93
30, 100
30, 125
30, 127
30, 134
30, 145
30, 148
30, 151
31, 44
31, 75
31, 82
31, 87
31, 91
31, 101
31, 113
31, 202
31, 206
32, 51
32, 195
32, 211
32, 275
32, 289
32, 301
32, 320
32, 336
34, 37
34, 64
34, 73
34, 85
34, 102
34, 111
34, 121
34, 122
34, 123
34, 126
34, 136
34, 141
34, 150
34, 157
34, 167
34, 204
35, 94
35, 118
35, 119
35, 129
35, 137
35, 193
35, 200
35, 236
35, 240
35, 300
35, 327
36, 144
36, 251
36, 315
36, 318
37, 73
37, 111
37, 136
37, 182
37, 217
37, 277
37, 288
37, 305
38, 39
38, 67
38, 132
38, 152
38, 179
39, 132
39, 138
40, 58
40, 149
41, 71
41, 109
41, 188
41, 207
42, 48
42, 115
42, 220
42, 229
42, 254
43, 71
43, 109
43, 171
43, 188
43, 207
43, 265
43, 279
44, 202
45, 54
45, 133
45, 139
45, 185
45, 201
45, 261
45, 295
46, 72
47, 68
47, 99
47, 191
48, 77
48, 220
48, 229
48, 254
49, 86
49, 128
50, 292
51, 289
51, 301
51, 320
52, 290
52, 333
53, 165
53, 228
53, 308
54, 69
54, 139
54, 201
54, 261
54, 297
55, 62
55, 64
55, 170
55, 210
55, 221
55, 225
55, 269
55, 306
55, 319
55, 321
55, 329
56, 60
56, 95
56, 104
56, 197
56, 222
56, 235
56, 248
56, 260
57, 63
58, 90
58, 149
58, 184
58, 190
58, 258
58, 271
59, 182
59, 217
59, 322
60, 104
60, 248
60, 260
61, 78
61, 218
62, 89
62, 187
62, 208
62, 321
63, 77
63, 106
63, 267
63, 307
64, 102
64, 122
64, 123
64, 126
64, 141
64, 210
64, 221
64, 225
64, 238
64, 242
64, 269
64, 270
64, 303
65, 118
65, 129
65, 147
66, 156
66, 273
66, 337
67, 81
67, 92
67, 152
67, 179
67, 219
67, 249
67, 317
68, 99
68, 192
69, 143
69, 175
69, 282
69, 294
69, 297
70, 164
70, 309
71, 171
71, 188
72, 250
72, 283
73, 136
73, 157
73, 277
74, 285
75, 87
75, 101
75, 113
75, 206
76, 151
77, 267
78, 161
78, 218
78, 239
78, 279
78, 314
78, 323
78, 335
79, 259
79, 290
81, 249
82, 87
82, 91
82, 206
83, 108
83, 158
83, 198
83, 266
83, 328
83, 339
84, 116
84, 287
86, 128
87, 101
87, 206
88, 140
88, 153
88, 176
88, 205
88, 224
88, 243
88, 246
88, 338
89, 117
89, 187
89, 326
90, 184
91, 206
92, 93
92, 134
92, 145
92, 148
92, 196
92, 219
92, 249
92, 296
93, 127
93, 134
93, 151
93, 334
94, 193
95, 104
95, 197
95, 222
96, 243
96, 281
97, 216
98, 166
98, 180
98, 328
100, 125
100, 145
100, 163
100, 223
100, 247
100, 249
100, 263
102, 123
102, 126
103, 262
103, 276
103, 278
103, 331
104, 197
105, 208
105, 324
106, 307
107, 135
107, 154
107, 168
107, 199
107, 256
107, 313
107, 332
108, 158
108, 330
109, 207
110, 130
110, 214
110, 264
110, 311
111, 122
111, 203
111, 231
111, 252
111, 280
112, 250
114, 129
114, 147
115, 220
116, 287
117, 326
118, 129
118, 203
118, 212
118, 255
119, 129
119, 327
120, 291
121, 122
121, 141
121, 232
121, 242
121, 274
121, 312
122, 221
122, 231
122, 232
122, 238
122, 242
122, 252
122, 312
125, 212
125, 247
126, 303
127, 151
127, 334
128, 304
129, 147
129, 327
130, 214
130, 311
131, 287
134, 148
134, 230
134, 296
135, 313
136, 150
136, 157
136, 167
136, 305
137, 146
137, 160
137, 181
137, 200
137, 215
139, 185
139, 261
139, 295
140, 153
140, 194
141, 242
141, 270
141, 274
142, 212
142, 239
142, 244
143, 294
144, 318
145, 163
145, 196
145, 223
145, 249
145, 263
146, 160
148, 230
148, 296
149, 190
149, 258
149, 271
150, 157
150, 204
151, 334
152, 253
152, 317
153, 177
153, 194
153, 234
153, 338
154, 332
155, 176
156, 273
157, 204
158, 166
158, 328
158, 330
158, 339
159, 213
159, 298
160, 181
160, 215
161, 218
161, 233
161, 239
162, 175
163, 263
164, 237
165, 308
166, 328
168, 256
169, 291
169, 325
170, 321
170, 329
172, 272
172, 337
174, 189
175, 294
177, 234
177, 302
177, 338
178, 257
178, 284
180, 266
180, 328
181, 215
182, 217
182, 288
186, 246
186, 293
186, 338
188, 207
190, 258
193, 236
195, 275
195, 289
196, 249
197, 222
198, 266
199, 332
200, 240
201, 261
203, 255
205, 224
205, 243
208, 317
208, 321
208, 324
209, 298
210, 269
211, 289
211, 301
212, 239
212, 244
212, 255
212, 323
212, 335
213, 298
214, 245
214, 311
216, 227
219, 249
221, 225
221, 238
221, 319
221, 321
221, 329
223, 249
229, 254
231, 280
233, 239
236, 286
236, 300
236, 310
239, 323
241, 262
241, 331
242, 270
242, 274
242, 312
243, 281
246, 338
247, 249
248, 260
250, 283
251, 315
253, 317
256, 313
257, 284
258, 271
261, 295
262, 331
266, 328
267, 307
267, 316
273, 337
275, 289
275, 336
278, 331
279, 314
284, 299
286, 310
289, 301
290, 333
291, 325
293, 338
300, 310
301, 320
302, 338
306, 319
306, 329
307, 316
317, 324
319, 329
321, 329
323, 335
328, 339
end