600
4
0, 0.7275774775979172, 0.006577653091534685
1, 0.17128691690866749, 0.4868414138460502
2, 0.6366012167394334, 0.13271489611787246
3, 0.48374000637555237, 0.8272772965457575
4, 0.5518993847423267, 0.7601561266131732
5, 0.8531744980955629, 0.8610980859829461
6, 0.18708710625858704, 0.3758068136680828
7, 0.23817560360745038, 0.6003157098600563
8, 0.7826487478745664, 0.9086461580316123
9, 0.6369505036904035, 0.8749887880595452
10, 0.3596376271094234, 0.7120080055475726
11, 0.13294185260661118, 0.47981969216955866
12, 0.9943868957020244, 0.5894084162195984
13, 0.8575250697748503, 0.45722279018278145
14, 0.26594161803454175, 0.8982354339793763
15, 0.5487853923108101, 0.12018855514253479
16, 0.5732304843270284, 0.7235992597290073
17, 0.009548201632367803, 0.8662729233358356
18, 0.18324024235602454, 0.66438746151334
19, 0.7382093661364322, 0.951157020823541
20, 0.6433864842677585, 0.41115854070676394
21, 0.996703083020743, 0.8223885778745658
22, 0.7588327050207272, 0.36261644948994465
23, 0.4345866690152709, 0.27990416440970955
24, 0.9758331253772962, 0.7233835726530449
25, 0.029779082419104652, 0.06588745039564903
26, 0.2130623600991305, 0.6147630244188231
27, 0.21851580777092505, 0.7967444709368621
28, 0.2635150495249594, 0.7934963049662247
29, 0.13100848443094748, 0.5289163826466752
30, 0.8203638489867334, 0.029535177555485848
31, 0.7863522335987267, 0.9051954517081848
32, 0.12385739035765853, 0.20597938975906727
33, 0.5562491515171426, 0.1839705696116274
34, 0.9309562164139501, 0.8925417897396637
35, 0.16509009437489042, 0.2334729752741781
36, 0.25357049344034643, 0.8863243250576275
37, 0.7865232689007939, 0.7672224792799704
38, 0.6944450660002809, 0.3008899662382257
39, 0.8743239767069512, 0.621911441022528
40, 0.8953336055718945, 0.4780711944245474
41, 0.05483037732770013, 0.30947181630105747
42, 0.7559781264368635, 0.23576856362098997
43, 0.7964319842940255, 0.20644423640387055
44, 0.3373339787699917, 0.18413229357407868
45, 0.16299594526581318, 0.15778506748310406
46, 0.15279351568902555, 0.5862558163424771
47, 0.8504709476175395, 0.9953720121156148
48, 0.905100951010583, 0.4856528603843583
49, 0.696674064664881, 0.25904027748755876
50, 0.020711991823025078, 0.5309278991444027
51, 0.9661269434873434, 0.20800452966731386
52, 0.1749017306649736, 0.37448018842558517
53, 0.49819264100742866, 0.30293491511147164
54, 0.28643087421833247, 0.7782749684995874
55, 0.970178116958686, 0.12743136261922505
56, 0.2796340966824221, 0.12468274438949078
57, 0.5276061352474161, 0.5388435708663734
58, 0.7850998420947972, 0.32827253528214917
59, 0.7739472426941556, 0.01013140315893779
60, 0.6541697787464082, 0.6223010712610753
61, 0.22022863097625422, 0.8524305672518155
62, 0.3456792816313551, 0.45984098024925135
63, 0.11843981679767668, 0.9168893143893398
64, 0.2763920152203905, 0.7615706313359922
65, 0.7957054373088354, 0.38249584047142027
66, 0.49217210762745145, 0.8839481293776611
67, 0.18520281488731494, 0.4335161417732971
68, 0.20563852129470417, 0.5458562523721074
69, 0.8296841202311935, 0.15913251427526887
70, 0.5897465602850351, 0.6308186339664608
71, 0.978936060665067, 0.16341804692922102
72, 0.24053588707352258, 0.20656764270860206
73, 0.7371751300946429, 0.06838054316665743
74, 0.9181307955740451, 0.2858457572120988
75, 0.2491760065051679, 0.8406183616931417
76, 0.5461917137272231, 0.05072293434995512
77, 0.08709196586404744, 0.032337118079479366
78, 0.22531249647586626, 0.39381461440190946
79, 0.8253832393557669, 0.2263620404001201
80, 0.22093381190528127, 0.28731182106354647
81, 0.021689902770530622, 0.5188890543554493
82, 0.6333204188996263, 0.9935736233146352
83, 0.34510864771033845, 0.6629761668160634
84, 0.4056253982905276, 0.18465074278273985
85, 0.013774258987828691, 0.887928543703828
86, 0.19383173044942847, 0.19749145121746592
87, 0.3710929786052036, 0.8896105081940995
88, 0.850693808373511, 0.7301597389110526
89, 0.2448468569597927, 0.5249227534326849
90, 0.16150223363976968, 0.9860907981044141
91, 0.3121998572184126, 0.6071526155065735
92, 0.19829900934281774, 0.3593593747968845
93, 0.6750916047726968, 0.41220964450483155
94, 0.011022483219068402, 0.5763361104448609
95, 0.13873153622849055, 0.782982447584615
96, 0.42572254754920447, 0.14130713389406968
97, 0.10527735037335906, 0.133667770243879
98, 0.4389181018745122, 0.14454622367871095
99, 0.06353635172689254, 0.13336969994703674
100, 0.169243450427489, 0.2355052033577617
101, 0.4272273596840862, 0.33357968690568085
102, 0.990360828192657, 0.91369284689877
103, 0.4027014242042869, 0.13839922108704006
104, 0.48585056426596873, 0.7109412400547676
105, 0.07588115667658069, 0.9815286628112538
106, 0.2927624277147477, 0.3658778095869262
107, 0.6248762184039531, 0.17292724205929688
108, 0.42013925568457, 0.09420662259864399
109, 0.08119634169558976, 0.19508638638735354
110, 0.18301948470216955, 0.2516068849489469
111, 0.05585419733663444, 0.19512463753116305
112, 0.13209120433895527, 0.6214142874473504
113, 0.7958226249296428, 0.37805505986035914
114, 0.4360124824995, 0.3648153365700618
115, 0.8627744415737624, 0.2946472700395708
116, 0.16488268694674957, 0.6718269922353014
117, 0.9947635703607646, 0.9948443289933685
118, 0.37787494489379914, 0.5129633898656817
119, 0.6392521455152385, 0.09991451254282624
120, 0.7424605941082583, 0.3919617599403419
121, 0.7574741299043768, 0.7815619661659455
122, 0.7341892698606065, 0.3331915091194019
123, 0.46725771922094983, 0.22227587346493094
124, 0.9539211386737299, 0.5046821909433834
125, 0.950704685257163, 0.8214298379273525
126, 0.8632367054598493, 0.16931557789155594
127, 0.5653098107005174, 0.18496247355550455
128, 0.6811669942012845, 0.061107016866848496
129, 0.6907197697695816, 0.6366553964319629
130, 0.40164532401621, 0.9937563255637806
131, 0.7487510845159782, 0.17164809072242948
132, 0.4530452704646838, 0.9767382976619742
133, 0.5237743992277014, 0.12213237062879367
134, 0.9170885619023034, 0.9503694875316319
135, 0.35118476001182664, 0.39773136266267395
136, 0.64559914527439, 0.6578335209948752
137, 0.5064301014307538, 0.38741387807469807
138, 0.14761816582776943, 0.666131092933293
139, 0.10539862835928082, 0.84657010001284
140, 0.24237949069142062, 0.6091129851444249
141, 0.08861268935036981, 0.4033788397236713
142, 0.7708435507790837, 0.9038719314225093
143, 0.10153409239938971, 0.19243215586006523
144, 0.20347497254012958, 0.8331133545517503
145, 0.9398112716974426, 0.1585569355230284
146, 0.9409907950979483, 0.13229777337600523
147, 0.7292723938022996, 0.3558244732929988
148, 0.693153381322464, 0.6997109392944458
149, 0.11021068559158143, 0.20494599033319094
150, 0.6841295524401441, 0.8713317340168625
151, 0.12354607529027839, 0.24140178143287971
152, 0.8453400467243072, 0.3812227882648813
153, 0.6881449490185908, 0.7775466026174528
154, 0.9599208071453812, 0.8820139861035847
155, 0.44853079689239184, 0.5413525232337967
156, 0.48981823749900133, 0.805022085977892
157, 0.17220596853586045, 0.3467865485294993
158, 0.8276248157830448, 0.0006017330515158958
159, 0.6711376335238542, 0.16463992861087418
160, 0.6559594471772943, 0.6012397907810002
161, 0.35189605759408693, 0.7959411790035266
162, 0.9809830014346296, 0.37850132633797495
163, 0.3893792073283756, 0.9564727634641137
164, 0.3948151192865257, 0.9210530288031193
165, 0.015914065819368495, 0.4943102162882762
166, 0.26946503072141914, 0.33250881941575205
167, 0.5633216329249298, 0.0576268419278686
168, 0.5625850838615039, 0.5816520089804882
169, 0.5157327597363087, 0.5626049468958717
170, 0.3559905070763213, 0.35122007302427716
171, 0.8319561345714603, 0.506878878553725
172, 0.14875624249652275, 0.9073582198262969
173, 0.47168458091537724, 0.802434263816426
174, 0.337590952555623, 0.33574232597106723
175, 0.7242356584432624, 0.42751286183977977
176, 0.8545586749223081, 0.019511093894183595
177, 0.8723990261949407, 0.32154148094109836
178, 0.48268104537160383, 0.5227120449125955
179, 0.6010458007942484, 0.039356149447517974
180, 0.5421717472816159, 0.10143713804136112
181, 0.018726307841837264, 0.3491035079800846
182, 0.586894889761417, 0.9341700206689566
183, 0.9207900769342635, 0.7541733315927306
184, 0.36485999285343473, 0.2452390561276756
185, 0.051281745470718065, 0.7039353494759569
186, 0.3685489378879385, 0.7359739795716048
187, 0.4646865756028927, 0.6668049838496269
188, 0.106765918639525, 0.9201133377128425
189, 0.8967634093854913, 0.6984106254598543
190, 0.5484427336050877, 0.17800137724577147
191, 0.9481204778587812, 0.5516021413646691
192, 0.5754897350746475, 0.6216828658348348
193, 0.10388561027999899, 0.7749766624300508
194, 0.6263084920962055, 0.991249128272988
195, 0.8000774849271184, 0.36389990079159884
196, 0.9784115405747043, 0.2900345420545066
197, 0.6448952346117958, 0.8338182264568246
198, 0.14064220063926036, 0.442957625292276
199, 0.021857749497915857, 0.8343088649131877
200, 0.7771313421799708, 0.3885092077838338
201, 0.7072584994755808, 0.7274512369998674
202, 0.9212367681704928, 0.8984990857659468
203, 0.601118601079608, 0.46208769410368644
204, 0.5238227175118386, 0.5881261678336697
205, 0.924885959343266, 0.4543692063881942
206, 0.9967229333499732, 0.9818483516645214
207, 0.5614485323400346, 0.2685330206298644
208, 0.6823671104497843, 0.8731636417947863
209, 0.7329051360279678, 0.35075198009969266
210, 0.9712256508563445, 0.5715720678592805
211, 0.6855472218392645, 0.7996130913394591
212, 0.07941676443685675, 0.3703185543642451
213, 0.45632502397244723, 0.9001743145879726
214, 0.43002258818059347, 0.6739389090047605
215, 0.26252089734775497, 0.5907340711501389
216, 0.3870335860974138, 0.2545370559932869
217, 0.4559735883817396, 0.25720390513340685
218, 0.47754381778313415, 0.7248491878920078
219, 0.572614866485318, 0.827932791994623
220, 0.8044801472131373, 0.4475702290878547
221, 0.3104417483171926, 0.8768483969376468
222, 0.5423679945498393, 0.9341281249382108
223, 0.6515502550104382, 0.04731416427653523
224, 0.32906220743111736, 0.3155270963272343
225, 0.5642755241030166, 0.6797974017804254
226, 0.11759108342522007, 0.07487455224459794
227, 0.004659859350354512, 0.005981205771888098
228, 0.017717188920667315, 0.5795037029230767
229, 0.04232358812047188, 0.8926773335453079
230, 0.22093093517377305, 0.23809399416294208
231, 0.40426749843246934, 0.40897496586421933
232, 0.12913839240052016, 0.9404175529708808
233, 0.40397451452622735, 0.8045979515318965
234, 0.5700462064864611, 0.6028708807918072
235, 0.3927636671256861, 0.9166683699752806
236, 0.4230344089315389, 0.4771928174165987
237, 0.5300871912706682, 0.740733220784468
238, 0.2553465753923815, 0.6432182967864843
239, 0.8832810118699783, 0.5640767706608794
240, 0.9893659799204002, 0.416466601172525
241, 0.16210049023826034, 0.6632343372597623
242, 0.6869172063307573, 0.10852830179294592
243, 0.447869477263951, 0.6297505278599412
244, 0.5152127406024464, 0.388989372450928
245, 0.02985334660768313, 0.7732694811088419
246, 0.6169365708604556, 0.32296030488098537
247, 0.9195145249165375, 0.6941537275783268
248, 0.9059570807217867, 0.26561874250794015
249, 0.9004990205239786, 0.8062616668592131
250, 0.6396369868515631, 0.3284883438137841
251, 0.2333767306184853, 0.028796472395157036
252, 0.016556051284897233, 0.9263408448098575
253, 0.6842287827751998, 0.7951533732758591
254, 0.47317335261372584, 0.49684732601855774
255, 0.4835619348570833, 0.2820520391847967
256, 0.6050066093769519, 0.5880221681957549
257, 0.19225045364444893, 0.7436895746430905
258, 0.47089892635846187, 0.6991272950716387
259, 0.28220913355376653, 0.6542403165398482
260, 0.15591982423292194, 0.5975554061094042
261, 0.4370987339969865, 0.8778116654511173
262, 0.26279599296170764, 0.802574190212474
263, 0.4294309556178355, 0.12193497419758736
264, 0.11725515540358644, 0.09044759778741418
265, 0.24240440432695165, 0.0513225220375364
266, 0.9543170228980932, 0.9687462617894073
267, 0.7395088608480599, 0.3075541015191928
268, 0.7899923083166402, 0.8127484910203507
269, 0.24237359031840888, 0.15168255407183184
270, 0.9944021681224497, 0.5561302381907572
271, 0.8429259926461364, 0.09507279363348409
272, 0.8538922182745909, 0.4017723045700716
273, 0.19999869160140515, 0.7889633713294647
274, 0.26752003990357, 0.15779886897916606
275, 0.3795755427690616, 0.2898118800576497
276, 0.8184036515355738, 0.10949242070320486
277, 0.3626278563352431, 0.43588339548901633
278, 0.6762037198494475, 0.35064232502937487
279, 0.24559932518874494, 0.5351348639086757
280, 0.3968071797106095, 0.2915560048307625
281, 0.5359587372114023, 0.596442752124805
282, 0.08326086117085507, 0.34071793371340753
283, 0.500136206261369, 0.05985523311323482
284, 0.32699653857563593, 0.024536929173490707
285, 0.09432588725531554, 0.8751040816803178
286, 0.5919978820387142, 0.6786994279615812
287, 0.7574318893639901, 0.5746248554819756
288, 0.7282780881982699, 0.060127563029555575
289, 0.890935473571379, 0.7241510798367269
290, 0.19924426329787281, 0.5042410697126406
291, 0.707623287923514, 0.8448440539506618
292, 0.24236870678267952, 0.166704900039788
293, 0.8270405894491359, 0.7584751583843571
294, 0.690357976971298, 0.8159175038568374
295, 0.8541573436904241, 0.1915612028177518
296, 0.3218909040460871, 0.034035318092351274
297, 0.21758670058651952, 0.44828615434165253
298, 0.8062993856132239, 0.05057672317191675
299, 0.3306071521691074, 0.1745790716589809
300, 0.9864498894401624, 0.9850182664474374
301, 0.15221324931894553, 0.46928463658827235
302, 0.6592869689499014, 0.16773697499567364
303, 0.9329621068634151, 0.454863175719762
304, 0.05212132190098806, 0.16315240159020428
305, 0.6695336914800611, 0.20268091814027278
306, 0.12326164552617858, 0.25654730394737113
307, 0.6592013598114647, 0.46456525349589517
308, 0.974908827315928, 0.11637291358591251
309, 0.7731979919637103, 0.132058836812195
310, 0.7787349747257672, 0.024614763600137368
311, 0.18248046855596511, 0.01656428356390005
312, 0.4256464924897344, 0.26904992546008655
313, 0.6367677192858826, 0.09613012421265255
314, 0.48083458986962035, 0.43168276190264343
315, 0.7775827882289053, 0.3825162374303911
316, 0.8747592480244042, 0.9078731458617214
317, 0.4885611847640342, 0.04047705997185058
318, 0.27427538263863316, 0.1877117539014589
319, 0.361847761436899, 0.3861026808191317
320, 0.2334034643026458, 0.9190221043192148
321, 0.5883018594617166, 0.5843405371075472
322, 0.6485997339382746, 0.37270115169999574
323, 0.024604442730776888, 0.2967277715859842
324, 0.20195693779003399, 0.9835010067837764
325, 0.7015385544006963, 0.746309833311954
326, 0.5201947451148433, 0.6346598701816799
327, 0.9809715541956664, 0.8045554637250759
328, 0.10197845385038717, 0.5803960589160322
329, 0.05964132234772057, 0.951255689315136
330, 0.6536480441859601, 0.32380539900284266
331, 0.46404677027749086, 0.8965586367252941
332, 0.024611889858482616, 0.30319415572883124
333, 0.6980540385342316, 0.3398967394462784
334, 0.5421002051326198, 0.7307117890712854
335, 0.12820289780424332, 0.3574460721609274
336, 0.03989139449120882, 0.38295215786609293
337, 0.23417996395656338, 0.7431577052613707
338, 0.93756982906482, 0.11317467444404494
339, 0.06685039087442113, 0.833182395808982
340, 0.5418187770880206, 0.4169199694560899
341, 0.03992801641565347, 0.21346327092569328
342, 0.15971088697006441, 0.49303313995177034
343, 0.5014210005139669, 0.04498149352930958
344, 0.5180438436687916, 0.1831752074262466
345, 0.8313988587416773, 0.7083100653053105
346, 0.011893848599768275, 0.16312555469340917
347, 0.9189578963533322, 0.6023046065843333
348, 0.8772264892798998, 0.897043438597671
349, 0.15328726108103063, 0.9167797607820054
350, 0.7472787358862335, 0.8497759630295153
351, 0.349211115082841, 0.9358124239734228
352, 0.03145571754694587, 0.9064481061867735
353, 0.5666381519488676, 0.8039382517090548
354, 0.2557925368361448, 0.7947827650827893
355, 0.4044558243878448, 0.44924276257791806
356, 0.649519928588413, 0.20643729856967385
357, 0.9668463442571007, 0.7119011590879997
358, 0.2151552712252699, 0.8065033387804972
359, 0.6004383466467579, 0.35441376263163415
360, 0.20598420013204122, 0.28980202677584466
361, 0.9331285053009214, 0.98578680932384
362, 0.8378755463571256, 0.7132764718685877
363, 0.0886226895479546, 0.2273841590672665
364, 0.12180993875250956, 0.35318728736322424
365, 0.974346453132675, 0.35276229438072204
366, 0.42597333786830693, 0.8409950442883368
367, 0.007561596966687234, 0.23301952239783352
368, 0.7148792014892911, 0.0013492779673857092
369, 0.6586502908811451, 0.9337529503445687
370, 0.7131024906483552, 0.40467257612580587
371, 0.34771618540126026, 0.3306680869169514
372, 0.8308609073541887, 0.694805675151168
373, 0.6738955305557781, 0.3617559882969603
374, 0.9219037197509822, 0.3698178614909916
375, 0.7531517173586961, 0.6857961245847322
376, 0.9867479902191483, 0.6405187865475991
377, 0.06771465329409354, 0.8660041109906579
378, 0.009191053001606941, 0.4018808255325128
379, 0.3597155151565823, 0.5843002471798122
380, 0.9392977555212931, 0.5752091518324149
381, 0.7949909183901093, 0.5767257564125703
382, 0.4295034324891792, 0.8414864280545614
383, 0.27317560683749176, 0.5687908418678653
384, 0.36238163302608783, 0.5848666907115732
385, 0.3494336195982416, 0.7074298135615674
386, 0.8339602828058386, 0.6943527711343177
387, 0.3151291902690969, 0.2965299100089531
388, 0.7630789665426715, 0.573250232157251
389, 0.572279987117683, 0.7935051779466931
390, 0.7239008715058244, 0.38250168627296566
391, 0.5086937687762974, 0.20205430100756938
392, 0.13027458650398827, 0.10784281029626286
393, 0.06358740130026341, 0.9182362840130113
394, 0.8630544456536988, 0.06094577249562616
395, 0.6705323875248839, 0.5989681906537568
396, 0.5113812186335046, 0.5645640102341261
397, 0.9967125109328937, 0.19004766383489446
398, 0.08052375598188155, 0.9613219470273928
399, 0.18234345193209245, 0.49253948195713826
400, 0.7310680682855506, 0.7033738650766379
401, 0.28058573799875874, 0.40610579714884565
402, 0.7899970287150095, 0.9064043380638432
403, 0.03770925979530848, 0.9428556848682283
404, 0.4084350423324661, 0.4889619869739147
405, 0.8886798162042862, 0.12356814990642173
406, 0.287143923071676, 0.23028467967904942
407, 0.1585381863098051, 0.8151397838007508
408, 0.012701936172296646, 0.98541395865605
409, 0.8512273145411353, 0.7971025925979041
410, 0.6704832256314113, 0.7281699563203
411, 0.5286406216018911, 0.17074545835379662
412, 0.528205691640276, 0.0953910459016869
413, 0.49253030079815885, 0.8709057422653346
414, 0.20466527273078894, 0.42674983145248313
415, 0.051708485623732425, 0.8873848233857748
416, 0.7121991228787851, 0.032124713882093814
417, 0.5636076918319641, 0.662103694690639
418, 0.5600737687333112, 0.17094454791211855
419, 0.3279774363741256, 0.2880682548281118
420, 0.2765994450609598, 0.5877971750114481
421, 0.6418473345396678, 0.1262687380282831
422, 0.0813223181650643, 0.45345222495594695
423, 0.9868934444086452, 0.3208877636883064
424, 0.8853162272004085, 0.7749098974006987
425, 0.0689966183133135, 0.06873055444247356
426, 0.8646770574389357, 0.7479524039148626
427, 0.8461891556843085, 0.33193724307367023
428, 0.29436757852769224, 0.20639350865672335
429, 0.6728727322027952, 0.1733414818861948
430, 0.8993101803617517, 0.5124988808761178
431, 0.39085555453232557, 0.7445359123839869
432, 0.6587744649249908, 0.441381705237049
433, 0.6645662759317432, 0.8283061613347502
434, 0.8787270270741311, 0.987291420614158
435, 0.361811901251911, 0.3930177628835725
436, 0.7176441177995173, 0.028761746555569956
437, 0.6383838975001228, 0.8505911300474175
438, 0.17268855215202683, 0.9287801748249872
439, 0.848484608897764, 0.3207607938504088
440, 0.3520782392255781, 0.7483542923958392
441, 0.8280065020681723, 0.2561242885430429
442, 0.8834067811368378, 0.7499775023696719
443, 0.8817961960540691, 0.135356651564017
444, 0.6291676089027518, 0.9670089180474084
445, 0.7197229052561712, 0.12643034660881458
446, 0.19375536959940454, 0.5703074726498479
447, 0.7592426335607964, 0.3161025236256223
448, 0.23513297737482797, 0.2304915214098049
449, 0.8675238400756383, 0.6758459920791613
450, 0.6917138081276326, 0.29882417697419617
451, 0.3750509348299915, 0.2737405078656854
452, 0.8936932114036217, 0.5992994128236256
453, 0.060140838972235655, 0.32716446100370933
454, 0.2944842600655796, 0.8892217230637273
455, 0.059640776954757335, 0.501133691722138
456, 0.9360157130738931, 0.36014246379743364
457, 0.04442557863292962, 0.3434257802751528
458, 0.4731421435876231, 0.45478548144264475
459, 0.5746017934197919, 0.34886372245839414
460, 0.2903416533647024, 0.1928612471788207
461, 0.5097158829922205, 0.7385557422792958
462, 0.053678823636886475, 0.5483786718849075
463, 0.7728040432993811, 0.449612570245821
464, 0.2977587388382473, 0.4391281701397992
465, 0.29959512331539917, 0.12353507649208151
466, 0.661045854841032, 0.7961349714712619
467, 0.19421518742264843, 0.7840743778852701
468, 0.7607855689179203, 0.2640428153868474
469, 0.08553064390220377, 0.2453728521693347
470, 0.6306795743967808, 0.5927325088555855
471, 0.13576080487857112, 0.7498853957161522
472, 0.613188437388417, 0.4167758927040862
473, 0.46904674704420923, 0.544227012952541
474, 0.8899819871801008, 0.24753171207472913
475, 0.8067363859208757, 0.7459482781525139
476, 0.6480876005852705, 0.32187655553122774
477, 0.1532943062820039, 0.2310962044322844
478, 0.15356825470738744, 0.7253098140724986
479, 0.691237522003704, 0.9220519755871148
480, 0.18309478826993464, 0.035492184113337655
481, 0.8605525881227652, 0.7047629830157464
482, 0.1946760157120846, 0.9425356825787963
483, 0.3635017769762712, 0.03773398529341332
484, 0.8398743186048925, 0.8675310982550889
485, 0.05077228526724198, 0.9332904000625082
486, 0.5537849404358857, 0.6455963324013434
487, 0.7470992876892849, 0.6017593184456173
488, 0.2646257859587319, 0.9696764726669255
489, 0.0025369645329493817, 0.052861818037899355
490, 0.8732233026008159, 0.26251835891310715
491, 0.5153526158050666, 0.9259925631294297
492, 0.4753882526317911, 0.6198826650596294
493, 0.8057442516678979, 0.1448187614206745
494, 0.13023712202379367, 0.49687745249383786
495, 0.13338103303054205, 0.9172410750261674
496, 0.8811047593088498, 0.681396956723386
497, 0.22681006417669547, 0.07400165306133777
498, 0.8209935779289881, 0.46981549453989746
499, 0.37717176611474035, 0.8458735689879181
500, 0.740961178449253, 0.1472818054047551
501, 0.566486944093116, 0.07272690559297945
502, 0.3895987569754825, 0.2905519153991789
503, 0.918546095443742, 0.7250689802568175
504, 0.8044883048319666, 0.3196823740332062
505, 0.04024321457546842, 0.6190793044084686
506, 0.19480426810449625, 0.578274586566881
507, 0.6575126383269385, 0.24130658668658667
508, 0.2646907704475806, 0.32151487617917396
509, 0.8031379311953294, 0.4676564995481236
510, 0.8264836812663223, 0.5311332982440787
511, 0.8480914693669985, 0.9703527527588549
512, 0.2283442147494532, 0.7096265746767076
513, 0.42888307015436, 0.8005495762158599
514, 0.5063643433899152, 0.26691998470726797
515, 0.2449663382057673, 0.7636827724932547
516, 0.6129270228463664, 0.09888081362881984
517, 0.6338012426736578, 0.1599533958212499
518, 0.7647163150882549, 0.9979374924851404
519, 0.7261907648320228, 0.7455222189347422
520, 0.5031356543936037, 0.19032402024758577
521, 0.799247226163896, 0.7517718019855212
522, 0.4550601409563775, 0.3858135296403167
523, 0.8914019510217553, 0.23306710955484333
524, 0.5720761575509681, 0.31762510136772304
525, 0.7645749411984553, 0.6703843103322428
526, 0.5186523286281957, 0.3408634451688608
527, 0.8113577335019266, 0.3383616642959417
528, 0.5919204876801085, 0.576085371133509
529, 0.612669029554205, 0.6885053942340184
530, 0.6564222224834815, 0.9173541367889616
531, 0.7692814284559873, 0.9893781441421747
532, 0.1524110014706912, 0.1759304802227113
533, 0.5493382850293971, 0.17117461933610012
534, 0.24789103076354746, 0.6591333198487511
535, 0.7607328179301043, 0.41553551094608054
536, 0.39936427014548437, 0.5769812843156025
537, 0.095279529167414, 0.059516188155853245
538, 0.46549119791237437, 0.34500545272926886
539, 0.7975746297443219, 0.7153384674468874
540, 0.8273485122743461, 0.39321287663614757
541, 0.025123316750062186, 0.02331201765454305
542, 0.7529373051102655, 0.6740984824234759
543, 0.6184326157850064, 0.3902590981886743
544, 0.0734296291361054, 0.748185100689053
545, 0.006467396347636267, 0.640882096468533
546, 0.9496186116548293, 0.2731190394786428
547, 0.09029506721783698, 0.4606143094159725
548, 0.6364895234373888, 0.9526632877019466
549, 0.1830731087017623, 0.36873188265652024
550, 0.39125954466595203, 0.5183949634611165
551, 0.8033423205284028, 0.8634821574483856
552, 0.6140657360959808, 0.9365926604236477
553, 0.15664307593200477, 0.6117793427429281
554, 0.6839340355702022, 0.414958250921741
555, 0.36060776297229347, 0.8238606799235397
556, 0.7503041556003864, 0.33933794794739114
557, 0.5294603002978, 0.2447040377899018
558, 0.6135873199199828, 0.3712079708054803
559, 0.5457385654276079, 0.1229259599527166
560, 0.8279916051983222, 0.7546065435500237
561, 0.0703519236659087, 0.4112727062588315
562, 0.05873931279139155, 0.6395707768954333
563, 0.5902861874595026, 0.40512143186094907
564, 0.07117582972637404, 0.5297204361588467
565, 0.16946517458212584, 0.0504777979729818
566, 0.08508731320934171, 0.3935933527541352
567, 0.9174708260685547, 0.14352320445504063
568, 0.32082047595746244, 0.9575299375085317
569, 0.9220284449239594, 0.7713523708679388
570, 0.10156690541669655, 0.28563445210046046
571, 0.2640392366590988, 0.7636129030912541
572, 0.6791333148438167, 0.10384025096824523
573, 0.43808324077469263, 0.4994373486057535
574, 0.47912456303588946, 0.700316522083805
575, 0.3108334273596107, 0.7366695300302745
576, 0.7019227220485937, 0.6523576302342597
577, 0.3128967657595606, 0.5170298998084306
578, 0.4347088468747857, 0.6080543144171112
579, 0.941503582517623, 0.6147417107566213
580, 0.08336889535769532, 0.21909806034281598
581, 0.018814817633072356, 0.06961735731401963
582, 0.17724901365495604, 0.0005856711471263765
583, 0.0851316732145524, 0.6128429106920739
584, 0.9566792211915753, 0.8120771570311682
585, 0.2085479546104353, 0.902023220433124
586, 0.8559881906327624, 0.35080058860428465
587, 0.7444135682956815, 0.869197613908848
588, 0.6083745290205684, 0.305194079258429
589, 0.28182606537006716, 0.5421933648336861
590, 0.2835382960784474, 0.6570511532148062
591, 0.15115667939774657, 0.01679949380864587
592, 0.5901591320754876, 0.760148325375807
593, 0.5572359255333674, 0.039900735848361735
594, 0.7795087286287716, 0.6341942418102027
595, 0.4193011269418928, 0.5095363441240809
596, 0.5413673564975935, 0.9097480081456636
597, 0.23432620403784343, 0.1058032194193893
598, 0.003881523920447716, 0.7274607962495465
599, 0.4840104009903756, 0.4477801910877409
end_nodes
0, 1
0, 2
0, 3
0, 4
0, 5
0, 6
0, 7
0, 8
0, 9
0, 10
0, 11
0, 12
0, 13
0, 14
0, 15
0, 16
0, 17
0, 18
0, 19
0, 20
0, 21
0, 22
0, 23
0, 24
1, 11
1, 17
1, 23
1, 26
1, 29
1, 46
1, 50
1, 62
1, 68
1, 81
1, 89
1, 94
1, 101
1, 106
1, 112
1, 116
1, 123
1, 127
1, 135
1, 138
1, 165
1, 170
1, 174
2, 7
2, 10
2, 14
2, 27
2, 28
2, 36
2, 53
2, 54
2, 61
2, 63
2, 64
2, 75
2, 83
2, 85
2, 90
2, 91
2, 95
2, 105
2, 107
2, 114
2, 118
2, 137
2, 139
3, 4
3, 9
3, 14
3, 19
3, 57
3, 66
3, 82
3, 87
3, 90
3, 104
3, 130
3, 132
3, 156
3, 159
3, 161
3, 163
3, 164
3, 168
3, 169
3, 173
3, 178
3, 182
3, 186
4, 9
4, 16
4, 60
4, 70
4, 136
4, 160
4, 168
4, 192
4, 203
4, 219
4, 225
4, 234
4, 237
4, 250
4, 305
4, 321
4, 322
4, 330
4, 334
4, 353
4, 389
4, 417
5, 8
5, 13
5, 19
5, 21
5, 22
5, 31
5, 34
5, 37
5, 39
5, 42
5, 47
5, 58
5, 65
5, 73
5, 88
5, 102
5, 113
5, 117
5, 125
5, 131
5, 134
5, 154
5, 171
6, 11
6, 15
6, 25
6, 32
6, 35
6, 41
6, 44
6, 45
6, 52
6, 56
6, 67
6, 72
6, 76
6, 77
6, 78
6, 80
6, 84
6, 86
6, 92
6, 96
6, 97
6, 98
6, 99
7, 18
7, 85
7, 114
7, 140
7, 193
7, 231
7, 383
7, 577
8, 19
8, 22
8, 31
8, 37
8, 120
8, 121
8, 122
8, 142
8, 209
8, 267
8, 268
8, 287
8, 288
8, 350
8, 375
8, 388
8, 402
8, 463
8, 487
8, 525
8, 535
8, 542
9, 19
9, 38
9, 49
9, 60
9, 93
9, 129
9, 136
9, 147
9, 148
9, 150
9, 153
9, 160
9, 175
9, 197
9, 201
9, 208
9, 211
9, 219
9, 253
9, 278
9, 291
10, 14
10, 107
10, 155
10, 244
10, 254
10, 416
10, 517
11, 41
11, 52
11, 67
11, 106
11, 123
11, 141
11, 165
11, 181
11, 198
11, 212
11, 224
11, 275
11, 282
11, 301
11, 323
11, 332
11, 335
11, 336
11, 364
11, 367
11, 378
12, 21
12, 24
12, 30
12, 40
12, 48
12, 51
12, 55
12, 59
12, 69
12, 71
12, 74
12, 79
12, 115
12, 124
12, 126
12, 145
12, 146
12, 158
12, 162
12, 176
12, 177
12, 191
12, 196
13, 21
13, 39
13, 58
13, 73
13, 88
13, 113
13, 125
13, 152
13, 171
13, 183
13, 189
13, 195
13, 220
13, 239
13, 247
13, 249
13, 272
13, 289
13, 327
13, 347
13, 449
13, 452
14, 36
14, 90
14, 159
14, 161
14, 178
14, 186
14, 221
14, 242
14, 254
14, 302
14, 320
14, 340
14, 356
14, 366
14, 382
14, 385
14, 436
14, 440
14, 454
14, 458
15, 76
15, 84
15, 133
15, 167
15, 179
15, 180
15, 184
15, 223
15, 368
15, 412
15, 501
15, 508
15, 559
15, 593
16, 20
16, 49
16, 70
16, 160
16, 256
16, 278
16, 286
16, 307
16, 322
16, 373
16, 432
16, 470
17, 18
17, 26
17, 29
17, 46
17, 62
17, 85
17, 94
17, 112
17, 116
17, 128
17, 138
17, 185
17, 199
17, 227
17, 228
17, 241
17, 245
17, 252
17, 260
17, 328
17, 367
17, 378
18, 85
18, 557
18, 589
19, 47
19, 82
19, 142
19, 147
19, 150
19, 175
19, 182
19, 201
19, 208
19, 209
19, 288
19, 291
19, 325
19, 350
19, 369
19, 375
19, 400
19, 402
19, 444
20, 49
20, 256
21, 24
21, 43
21, 102
21, 117
21, 125
21, 154
21, 206
21, 270
21, 272
21, 300
21, 327
21, 347
21, 357
21, 397
21, 430
21, 584
22, 42
22, 131
22, 200
22, 293
22, 315
22, 381
22, 388
22, 447
22, 463
22, 500
22, 535
22, 556
22, 560
23, 33
23, 119
23, 127
23, 128
23, 190
23, 217
23, 297
23, 312
23, 313
23, 391
23, 418
23, 533
24, 40
24, 43
24, 191
24, 210
24, 309
24, 357
24, 376
24, 380
24, 427
24, 430
24, 579
25, 32
25, 41
25, 77
25, 97
25, 99
25, 109
25, 111
25, 143
25, 149
25, 151
25, 227
25, 304
25, 306
25, 341
25, 346
25, 363
25, 367
25, 425
25, 469
25, 541
25, 570
25, 580
25, 581
26, 62
26, 68
26, 89
26, 116
26, 279
26, 446
26, 506
27, 61
27, 90
27, 105
27, 144
27, 172
27, 232
27, 236
27, 337
27, 349
27, 358
27, 379
27, 384
27, 404
27, 438
27, 495
27, 515
27, 550
27, 571
28, 61
28, 64
28, 90
28, 262
28, 354
28, 526
29, 94
29, 199
29, 228
29, 328
29, 505
29, 562
30, 59
30, 126
30, 158
30, 271
30, 276
30, 295
30, 298
30, 374
30, 474
30, 490
30, 523
31, 268
31, 484
31, 551
32, 97
32, 149
32, 151
33, 119
33, 127
33, 128
33, 418
34, 102
34, 202
34, 300
35, 45
35, 77
35, 100
35, 226
35, 264
35, 392
35, 477
35, 532
35, 537
35, 591
36, 54
36, 75
36, 90
36, 137
36, 314
36, 320
36, 385
36, 458
36, 482
36, 536
36, 573
36, 575
36, 585
37, 268
37, 293
37, 381
37, 463
37, 475
37, 484
37, 521
37, 539
37, 551
37, 594
38, 49
38, 554
39, 249
39, 424
39, 426
39, 442
39, 449
39, 496
40, 48
40, 79
40, 124
40, 191
40, 205
40, 380
40, 427
40, 439
40, 441
40, 579
40, 586
41, 52
41, 111
41, 157
41, 212
41, 282
41, 341
41, 364
41, 367
41, 453
41, 469
41, 549
41, 570
42, 131
42, 315
42, 447
42, 468
43, 430
44, 56
44, 76
44, 80
44, 92
44, 96
44, 103
44, 108
44, 251
44, 263
44, 265
44, 274
44, 283
44, 284
44, 296
44, 299
44, 311
44, 317
44, 318
44, 343
44, 406
44, 428
44, 460
44, 465
45, 56
45, 72
45, 86
45, 100
45, 110
45, 269
45, 292
45, 311
45, 480
45, 497
45, 565
45, 582
45, 591
45, 597
46, 112
46, 260
46, 544
47, 82
47, 117
47, 130
47, 134
47, 266
47, 316
47, 348
47, 361
47, 434
47, 511
47, 518
47, 531
48, 124
49, 93
49, 256
49, 278
49, 450
50, 81
50, 94
50, 165
50, 342
50, 462
50, 494
50, 564
51, 55
51, 146
51, 162
51, 196
51, 338
51, 365
52, 198
52, 335
52, 364
53, 85
53, 95
53, 215
53, 229
53, 252
53, 339
53, 352
53, 377
53, 415
53, 420
53, 471
53, 478
53, 538
54, 75
54, 536
54, 573
54, 575
55, 71
55, 176
55, 196
55, 308
55, 338
55, 397
56, 72
56, 269
56, 274
56, 292
56, 311
56, 448
56, 497
56, 597
57, 156
57, 159
57, 169
57, 178
57, 204
57, 246
57, 281
57, 326
57, 340
57, 356
57, 359
57, 396
57, 459
57, 563
57, 588
58, 65
58, 73
58, 113
58, 195
58, 345
58, 372
58, 504
58, 509
58, 527
58, 540
59, 69
59, 115
59, 158
59, 276
59, 295
59, 298
59, 310
59, 368
59, 490
59, 493
60, 136
60, 160
60, 437
60, 529
61, 90
61, 236
61, 354
61, 384
61, 571
61, 595
62, 89
62, 101
62, 127
62, 128
62, 135
62, 255
62, 277
62, 279
62, 319
62, 399
62, 435
62, 464
62, 514
63, 91
63, 105
63, 118
63, 139
63, 188
63, 252
63, 257
63, 259
63, 273
63, 285
63, 329
63, 355
63, 393
63, 398
63, 403
63, 407
63, 408
63, 415
63, 467
63, 485
63, 512
63, 534
63, 590
64, 354
64, 526
64, 595
65, 113
65, 509
66, 82
66, 132
66, 194
66, 222
66, 413
66, 491
66, 596
67, 78
67, 216
67, 224
67, 451
68, 89
68, 290
69, 115
69, 310
70, 322
71, 240
71, 270
71, 397
71, 423
72, 86
72, 230
72, 292
72, 360
72, 448
73, 345
73, 504
73, 527
73, 540
74, 158
74, 176
74, 248
74, 394
74, 443
74, 456
75, 83
75, 585
76, 84
76, 96
76, 98
76, 180
76, 263
76, 283
76, 317
76, 343
76, 412
76, 593
77, 97
77, 226
77, 227
77, 264
77, 425
77, 537
77, 541
77, 582
77, 591
78, 166
78, 216
78, 387
78, 419
79, 124
79, 205
79, 309
79, 439
79, 441
80, 92
80, 274
80, 318
80, 406
80, 428
80, 460
81, 165
81, 455
81, 494
82, 130
82, 132
82, 182
82, 194
82, 444
82, 531
82, 596
83, 207
83, 585
84, 133
84, 184
84, 412
85, 140
85, 193
85, 215
85, 252
85, 339
85, 352
85, 478
86, 110
86, 230
86, 360
87, 90
87, 163
87, 164
87, 235
87, 324
87, 351
87, 488
87, 568
88, 171
88, 409
89, 279
89, 290
89, 399
90, 105
90, 130
90, 207
90, 232
90, 262
90, 320
90, 324
90, 349
90, 358
90, 408
90, 438
90, 454
90, 482
90, 585
91, 118
91, 259
91, 355
91, 522
91, 590
92, 406
93, 278
93, 450
94, 165
94, 228
94, 342
94, 378
94, 462
95, 139
95, 238
95, 415
96, 98
97, 425
99, 157
99, 306
101, 127
101, 170
101, 255
101, 277
101, 319
101, 435
102, 154
102, 300
103, 263
103, 283
104, 169
104, 178
104, 396
105, 172
105, 232
105, 337
105, 398
105, 408
105, 495
106, 123
106, 174
106, 301
106, 414
106, 502
107, 244
107, 416
107, 421
107, 517
108, 284
108, 317
108, 483
109, 157
109, 306
109, 363
111, 304
111, 469
113, 195
113, 220
113, 386
115, 177
115, 310
115, 493
116, 241
116, 446
116, 506
116, 553
117, 206
117, 266
117, 300
117, 361
117, 518
118, 273
118, 590
119, 128
119, 418
120, 122
120, 267
120, 287
120, 288
120, 525
121, 350
121, 375
122, 209
122, 288
123, 275
123, 280
123, 344
123, 371
123, 411
123, 414
123, 502
123, 516
123, 520
124, 205
125, 183
125, 239
125, 247
125, 249
125, 289
125, 452
125, 503
125, 569
125, 584
126, 374
127, 128
127, 170
127, 255
127, 401
127, 514
128, 190
128, 313
128, 514
129, 148
129, 175
129, 201
129, 400
129, 410
129, 466
129, 519
129, 576
130, 132
130, 163
130, 213
130, 324
130, 331
130, 351
130, 408
130, 488
130, 518
130, 568
131, 468
131, 500
132, 194
132, 222
132, 331
132, 491
133, 412
134, 266
134, 316
134, 348
134, 434
135, 319
135, 464
136, 437
136, 529
136, 592
137, 314
137, 573
138, 241
138, 260
138, 553
139, 238
139, 257
139, 285
139, 355
139, 407
139, 415
139, 534
140, 193
140, 231
140, 383
140, 577
141, 323
141, 367
141, 566
142, 350
143, 149
143, 151
144, 349
144, 438
145, 146
145, 176
145, 338
145, 405
145, 546
145, 567
146, 338
146, 365
147, 175
147, 197
147, 333
147, 370
147, 390
147, 395
147, 445
148, 201
148, 466
149, 151
150, 208
150, 291
152, 272
153, 201
153, 211
153, 253
153, 291
153, 294
153, 325
153, 433
155, 416
156, 159
156, 246
156, 281
156, 326
156, 563
157, 306
157, 363
157, 549
157, 570
158, 176
158, 248
158, 368
158, 394
158, 523
158, 582
159, 242
159, 246
159, 302
159, 356
159, 359
159, 429
159, 436
159, 461
159, 507
159, 558
160, 278
160, 307
160, 373
160, 470
161, 186
161, 221
161, 233
161, 366
161, 382
161, 499
161, 513
161, 555
162, 196
163, 164
163, 261
163, 351
164, 235
164, 261
165, 378
165, 422
165, 455
165, 547
166, 387
167, 179
167, 501
167, 593
168, 203
168, 234
168, 237
168, 250
168, 305
168, 334
168, 472
168, 486
168, 543
169, 396
170, 401
171, 220
171, 362
171, 386
171, 409
171, 498
171, 510
172, 232
172, 495
173, 178
173, 186
173, 187
173, 214
173, 218
173, 243
173, 258
173, 431
173, 492
173, 574
173, 578
174, 502
175, 197
175, 400
175, 576
176, 308
176, 338
176, 394
176, 405
176, 443
177, 303
177, 493
178, 187
178, 243
178, 340
178, 396
178, 440
178, 473
178, 492
178, 574
178, 578
179, 284
179, 311
179, 317
179, 368
179, 483
179, 501
179, 582
179, 593
180, 412
181, 323
181, 332
181, 336
181, 367
181, 378
181, 457
181, 561
182, 369
182, 444
182, 530
182, 548
182, 552
183, 189
183, 239
183, 289
183, 503
183, 569
185, 228
185, 245
185, 328
185, 505
185, 562
185, 583
186, 214
186, 431
186, 513
186, 578
187, 243
187, 258
187, 492
188, 403
188, 485
189, 289
190, 313
191, 210
191, 380
192, 203
192, 250
192, 472
194, 222
198, 335
200, 315
201, 325
201, 519
202, 300
203, 225
203, 234
203, 417
203, 472
204, 281
204, 326
206, 397
207, 585
209, 288
209, 487
210, 376
211, 253
211, 294
212, 367
212, 453
213, 331
214, 431
214, 578
215, 478
216, 419
216, 451
217, 312
217, 391
218, 574
219, 353
219, 389
220, 386
220, 498
220, 510
221, 366
221, 499
221, 555
222, 491
223, 368
224, 451
225, 417
226, 264
226, 392
226, 591
227, 346
227, 367
227, 489
227, 541
227, 545
227, 581
227, 582
227, 598
228, 245
228, 505
229, 252
229, 352
230, 360
231, 577
232, 349
233, 513
234, 417
236, 379
236, 384
237, 334
237, 486
239, 452
239, 503
240, 270
240, 397
240, 423
241, 553
242, 302
242, 436
242, 524
242, 572
243, 578
246, 359
246, 563
247, 327
247, 584
248, 456
249, 289
249, 424
249, 426
249, 496
250, 305
250, 321
250, 472
250, 543
251, 265
251, 284
251, 296
251, 299
251, 311
251, 465
252, 352
252, 377
252, 393
252, 403
252, 408
252, 415
252, 485
253, 433
255, 277
257, 407
257, 534
258, 492
259, 355
260, 544
263, 283
265, 299
265, 311
266, 361
266, 434
267, 287
267, 288
268, 551
269, 292
270, 397
271, 474
271, 523
272, 347
273, 590
274, 318
275, 516
275, 520
276, 295
276, 298
278, 373
280, 344
280, 371
280, 516
281, 326
281, 563
282, 364
283, 343
284, 296
284, 311
284, 483
285, 415
286, 307
286, 470
287, 525
289, 569
291, 294
291, 325
293, 381
293, 475
293, 539
293, 560
295, 490
296, 465
297, 312
304, 469
305, 321
305, 476
305, 528
305, 543
307, 373
307, 432
307, 470
308, 397
309, 427
309, 441
309, 586
311, 480
311, 497
311, 582
312, 391
314, 573
315, 447
316, 348
317, 343
317, 483
317, 593
318, 460
319, 435
322, 330
323, 332
323, 367
324, 488
327, 584
328, 562
328, 583
329, 403
329, 408
332, 457
333, 370
333, 395
333, 445
334, 486
335, 364
336, 378
336, 561
337, 404
339, 352
339, 420
339, 471
339, 478
340, 440
340, 459
340, 473
341, 367
342, 462
342, 564
344, 411
344, 516
345, 372
346, 367
346, 581
349, 438
350, 375
350, 587
351, 568
352, 420
352, 538
353, 389
354, 595
355, 467
355, 512
355, 522
355, 534
356, 459
356, 588
357, 430
358, 438
362, 386
363, 570
363, 580
366, 382
366, 499
367, 378
367, 453
367, 566
368, 582
369, 530
369, 552
370, 395
373, 432
374, 490
375, 487
375, 542
375, 587
377, 415
378, 422
379, 384
380, 579
381, 463
381, 539
383, 577
384, 515
384, 571
385, 458
386, 510
387, 419
388, 535
388, 556
390, 395
391, 533
392, 532
392, 591
393, 415
394, 443
395, 445
397, 423
398, 408
400, 519
400, 576
403, 408
403, 485
404, 550
405, 546
405, 567
408, 598
410, 466
411, 516
413, 596
416, 421
416, 517
420, 471
420, 538
422, 547
424, 426
424, 442
424, 496
426, 442
427, 586
428, 460
429, 436
429, 507
436, 507
436, 572
439, 441
440, 473
441, 586
444, 548
446, 506
449, 481
458, 599
459, 588
461, 507
461, 558
462, 564
463, 594
467, 512
469, 570
474, 523
475, 521
475, 539
476, 528
477, 537
480, 497
482, 585
484, 551
487, 542
488, 568
489, 598
497, 597
499, 555
504, 527
505, 562
507, 558
508, 559
512, 534
515, 571
516, 520
521, 539
524, 572
527, 540
532, 591
536, 573
536, 575
545, 598
546, 567
557, 589
562, 583
565, 582
565, 591
570, 580
582, 591
end