500
4
0, 0.47300158213660826, 0.3635147877218964
1, 0.30585898947046875, 0.8910740974129935
2, 0.1340167565050172, 0.443940516802378
3, 0.23721142043286714, 0.6207046252132157
4, 0.7209814441960793, 0.03339168025445327
5, 0.9289282593985188, 0.2860773115395727
6, 0.7431697272666967, 0.530758309939603
7, 0.3122314324710377, 0.5448963317602589
8, 0.03270629550453652, 0.3008910215922094
9, 0.8427774671342513, 0.5439660734665834
10, 0.4629898605400625, 0.10515038976735858
11, 0.6987601483920916, 0.24207244708527853
12, 0.32154263211386447, 0.7237919177972838
13, 0.881902678342974, 0.5871067234212834
14, 0.3606647506608145, 0.6748588029464806
15, 0.07287996546315667, 0.46446530429119004
16, 0.24509567368163998, 0.2964782746130976
17, 0.11403302530503134, 0.3536519221331197
18, 0.10211905230450735, 0.5996570084886478
19, 0.6742909003161526, 0.6899177767151248
20, 0.47405154404021854, 0.20194139914383102
21, 0.8206203731588726, 0.6093634589027817
22, 0.09594774810754003, 0.7114183457682108
23, 0.46888934766598545, 0.2543216760599508
24, 0.7243783273378683, 0.5918997525005529
25, 0.6654863265111203, 0.6891816045255789
26, 0.7243497075093621, 0.7478221218647728
27, 0.9818442495028862, 0.02613094357025525
28, 0.27737230103729604, 0.0521516906432441
29, 0.5137767978835924, 0.7031803671933208
30, 0.8581635551087499, 0.08139909282869529
31, 0.31830492868742144, 0.48042718053128264
32, 0.4461125350648083, 0.3459987339456808
33, 0.9689722425415929, 0.9694845942508483
34, 0.5933149851327929, 0.11503679211585294
35, 0.36085042103352605, 0.20008351722719875
36, 0.9210115818843533, 0.0037678278807543597
37, 0.4615195567535363, 0.028486553428571315
38, 0.030501701801003422, 0.8453605856879758
39, 0.12636100459763655, 0.8860130409287705
40, 0.9954866307299564, 0.656580247706954
41, 0.7147216692116569, 0.2091246831502307
42, 0.6754101336975439, 0.4664399651443415
43, 0.6359109156847785, 0.5599727822908473
44, 0.9639958757409128, 0.7137807460328064
45, 0.09637784933560356, 0.20146394302907744
46, 0.1612649522544538, 0.7382584302287889
47, 0.5495042371875236, 0.9997330508320104
48, 0.7696042529565198, 0.12036804236537646
49, 0.28321409532429176, 0.8458872209858068
50, 0.192782339106919, 0.9061435205228197
51, 0.6085815936005918, 0.6944971797186138
52, 0.7044833727364029, 0.9163412134848188
53, 0.08939523320017506, 0.21408089047837509
54, 0.18422382839231288, 0.1287404985165682
55, 0.428401410468359, 0.10907511211178966
56, 0.683011322654924, 0.7725707682420117
57, 0.5147385132480119, 0.30352321300310214
58, 0.6785959906652468, 0.23036378462143248
59, 0.465042738653461, 0.4947639952300684
60, 0.7994695821710017, 0.2693357812119733
61, 0.8378136139822614, 0.2689647566914617
62, 0.5736813109043916, 0.5863001255696697
63, 0.16795532176394312, 0.08140211864574898
64, 0.8746404550205347, 0.38352964287812774
65, 0.5949128418810105, 0.6667834333558651
66, 0.4878232365332731, 0.9942726062132509
67, 0.5277604282070785, 0.44887341038764805
68, 0.4346753785411567, 0.9205446336487509
69, 0.43160485260970805, 0.3907848310480352
70, 0.7074153158849308, 0.3958366842463741
71, 0.4876189441620875, 0.43436318481284075
72, 0.6686092808911934, 0.640073531453947
73, 0.6203391274575147, 0.9005702275483063
74, 0.3014176200416939, 0.8037345651817557
75, 5.523187128986251e-06, 0.8912759572532735
76, 0.4591776020962359, 0.3595588211105518
77, 0.12690705096314725, 0.8427112614652729
78, 0.8599017872292735, 0.5892927275372394
79, 0.9441868172589005, 0.1443720037250642
80, 0.25288400989801807, 0.9366353631541011
81, 0.7203830773280103, 0.35594827113015226
82, 0.8157616774460942, 0.25070177136688654
83, 0.9526383546284198, 0.16094963341565427
84, 0.49012909355207546, 0.9502232648780198
85, 0.1624249448416919, 0.27269378771250175
86, 0.310568677315465, 0.8702075631285455
87, 0.5599372350840042, 0.8373991785294219
88, 0.24359676127858176, 0.6471914084344371
89, 0.03743184721272075, 0.7994618529817938
90, 0.8617809267585024, 0.5545122470164091
91, 0.7646272740308763, 0.5509573009873256
92, 0.05535104696465065, 0.20543711880063598
93, 0.47039110610254165, 0.03521385540645883
94, 0.29046036632507055, 0.33121975299661377
95, 0.49979903989590013, 0.4926806217435964
96, 0.36329100731406716, 0.7356008239728159
97, 0.7890688081011356, 0.2215581303250661
98, 0.8496415335269896, 0.45605788315603857
99, 0.6893466118628025, 0.353337854132064
100, 0.03491840733517437, 0.7770693015912987
101, 0.5675048675630993, 0.7505948169071004
102, 0.08739342994251365, 0.33498773180924524
103, 0.5714541621230917, 0.6772535854198296
104, 0.025343930006261894, 0.6471068183055158
105, 0.21454179901477433, 0.5414201869581733
106, 0.902529128653915, 0.1960797515827123
107, 0.6460398406789117, 0.14369049108747478
108, 0.1555501175027204, 0.9136545235252864
109, 0.9841623344101291, 0.05061777604537698
110, 0.701530444929531, 0.6075790948573988
111, 0.6266701683391173, 0.1346950827342438
112, 0.4203820014683435, 0.2608804390093231
113, 0.9651184574993932, 0.0070804934113618545
114, 0.3776935451720115, 0.4207318792556075
115, 0.9768927810289412, 0.11695908429684321
116, 0.034932819266702775, 0.7495526624766828
117, 0.4128659824074262, 0.8640043902289898
118, 0.6863787655266899, 0.8810069648760631
119, 0.5492870939422484, 0.5825625311977558
120, 0.7332261030782891, 0.8291814894686566
121, 0.282027933741935, 0.39235652916502184
122, 0.8495593435132196, 0.5609469383953993
123, 0.3326829544521527, 0.48367280180039296
124, 0.13778554515623398, 0.24278556096743364
125, 0.8371367873201637, 0.5752024378477999
126, 0.571796571774906, 0.09915389296152255
127, 0.1675357336640383, 0.8262182746019217
128, 0.06376358218419731, 0.34904035765545915
129, 0.47118413552613403, 0.04423172178487411
130, 0.5864597886479624, 0.6492001261823386
131, 0.777526932922178, 0.26775956413315427
132, 0.6091199229238177, 0.6398739363068782
133, 0.2348083741110527, 0.0513905309299596
134, 0.8496298704112808, 0.5533451522190179
135, 0.7537496839902714, 0.5290386958239218
136, 0.8476619345906832, 0.9804959573508018
137, 0.4262057163606633, 0.7858560247600678
138, 0.0376430103604003, 0.2816757276986952
139, 0.5846111140600716, 0.0065657823758434875
140, 0.9588680558684223, 0.8615679583974618
141, 0.011799410673946409, 0.7127705222866093
142, 0.6144125784669432, 0.6141689376588432
143, 0.6905356594993316, 0.3316808241581529
144, 0.47690997891390274, 0.9368777989158731
145, 0.21150636269819223, 0.6401828224101999
146, 0.8691822199166294, 0.7781895583130587
147, 0.9721501474923177, 0.404524837776173
148, 0.8786063615591158, 0.10587781765389959
149, 0.8752979574669698, 0.596175127920393
150, 0.5737660168922176, 0.6808364490887393
151, 0.1230486788567029, 0.12096907338297713
152, 0.6707588078623222, 0.4540934004845527
153, 0.8190856341131162, 0.26298718891338935
154, 0.40883141187672223, 0.350927957573428
155, 0.3833837843199879, 0.8615653981000757
156, 0.4621012021664793, 0.4747839284269212
157, 0.5145711184984766, 0.496105364528292
158, 0.6191217839597516, 0.5019095143920123
159, 0.8998250913615368, 0.0709714657217071
160, 0.8174230655975884, 0.35140300701521576
161, 0.673998374371654, 0.19575859954571206
162, 0.27862447963194736, 0.3292314600717545
163, 0.365013897067327, 0.12339689951948707
164, 0.8385664330899714, 0.30411851556582703
165, 0.6968619883615497, 0.6612338298452799
166, 0.09277326849609813, 0.5358777975882303
167, 0.4483080531150927, 0.40536103914209676
168, 0.19234079944216842, 0.19146947316270702
169, 0.7643370636571796, 0.010909880410045036
170, 0.7881938977991592, 0.5091060340333378
171, 0.9923197415571197, 0.8545950648786809
172, 0.02786204819835436, 0.8464707719643222
173, 0.09039853097808748, 0.23771604334060625
174, 0.725054778528179, 0.48724464501538334
175, 0.7994359330369819, 0.13861233982297416
176, 0.7634697390903896, 0.20120330021054
177, 0.5088243232272225, 0.526079919259348
178, 0.39491068450050426, 0.10850767279162699
179, 0.811296817748468, 0.09761959880011084
180, 0.42028161096524064, 0.2416117812212193
181, 0.8010819210234259, 0.047673888248202845
182, 0.6119138939761523, 0.910729505220755
183, 0.36443526742981236, 0.9895691687248017
184, 0.817541364530222, 0.19793462063644873
185, 0.993657102954201, 0.23067195962667908
186, 0.19757404964310843, 0.9229133644746564
187, 0.9906907445577788, 0.597982464223969
188, 0.855327562743681, 0.006361624304743518
189, 0.09045743707315579, 0.15393983761137042
190, 0.006638900518228019, 0.9241258939235631
191, 0.5205732325627391, 0.6403531184680818
192, 0.42342506889715004, 0.061981123360916546
193, 0.3357767139802518, 0.14340566348566597
194, 0.9461555269063541, 0.08240670158316132
195, 0.5169360666018389, 0.7128201446220579
196, 0.14027909361872803, 0.9329636945224803
197, 0.9926409524406561, 0.6419380767666024
198, 0.3791868248471014, 0.9430298310166709
199, 0.7443574264090793, 0.9132386196080252
200, 0.9288002113663532, 0.472623342644786
201, 0.8238986835032958, 0.3192203442185725
202, 0.08435125365902829, 0.9103033184974799
203, 0.5066837292182763, 0.003294699260211531
204, 0.9132562223581208, 0.822972204844319
205, 0.36785887798738326, 0.7585615418228903
206, 0.3071588425487395, 0.31119577232543816
207, 0.34652130134786174, 0.6240902397710812
208, 0.14393939577240566, 0.626471140488059
209, 0.04660493205910021, 0.43060097498943994
210, 0.6213789997177862, 0.517544773579136
211, 0.30988323016871044, 0.8668303078617531
212, 0.5727096616353071, 0.4863076467627414
213, 0.8840917231450461, 0.47611221944826065
214, 0.1908994836899588, 0.5327343740970276
215, 0.004475906998800294, 0.2870356119017473
216, 0.23018817150719417, 0.9122924614225474
217, 0.8256827379303703, 0.5595610277642016
218, 0.5107937944453658, 0.35416442347119037
219, 0.4387492958598711, 0.8757003394297868
220, 0.9069306156519693, 0.15153599089751657
221, 0.527444736007856, 0.7465782008833515
222, 0.6784847671035242, 0.9498426832419726
223, 0.8370973679980309, 0.4893386840005244
224, 0.731483974176046, 0.9472579458131265
225, 0.6153215620138467, 0.8643286248933653
226, 0.6761878634638574, 0.9053016382055256
227, 0.30693571800865216, 0.05102715591116036
228, 0.5899345024970162, 0.6453010743391204
229, 0.605497470873433, 0.8664686533140713
230, 0.2744213014624052, 0.10969283435382626
231, 0.5805047582188704, 0.8047235620667523
232, 0.031160928909518715, 0.745029492074623
233, 0.8328582974492741, 0.6091553605062485
234, 0.8887579595621963, 0.582136996645186
235, 0.8900609347787888, 0.11236622668423335
236, 0.6411997985207076, 0.5084339633291505
237, 0.5127449169358728, 0.6604081237731875
238, 0.992606506046498, 0.34893581061270784
239, 0.31056380117372295, 0.010836060414711746
240, 0.6255591601080079, 0.15933274070663794
241, 0.9222381313338862, 0.23028356418022022
242, 0.8588760836863966, 0.052164165877559454
243, 0.9082497443184376, 0.130426883728456
244, 0.6218115408132551, 0.36454210901716033
245, 0.21957479270479086, 0.5871144307588224
246, 0.19680351318026246, 0.2206865358129424
247, 0.3251084406527648, 0.7517528076273748
248, 0.2876040562678639, 0.9428281195691677
249, 0.4156526896449363, 0.7272681483173519
250, 0.34930956732404517, 0.9328658597970819
251, 0.6992008623531781, 0.8976210411597813
252, 0.5285159219541281, 0.226436065383273
253, 0.7578161535312103, 0.499736095935986
254, 0.8233700332589001, 0.8290359135755356
255, 0.5636056822089781, 0.025543239105933258
256, 0.6775398595897496, 0.7261152426143197
257, 0.8330995973158013, 0.13960266615321926
258, 0.755657215416985, 0.5305448490353256
259, 0.7993864908737975, 0.9367247274977988
260, 0.800518997233796, 0.45255313552759224
261, 0.949498637460888, 0.839269141400057
262, 0.8643283466044356, 0.5315600580020867
263, 0.5253931488465032, 0.36252365022906763
264, 0.4096441567860093, 0.4925753633803879
265, 0.8779253128321033, 0.12943243695900397
266, 0.07750591757922787, 0.3625793333146975
267, 0.47443460320829123, 0.28146464486849276
268, 0.44094712335657715, 0.4285724125525885
269, 0.880855733744447, 0.6167751340835239
270, 0.10809708853590716, 0.40302432337302696
271, 0.012695958704067811, 0.12758369605676378
272, 0.17749849626115333, 0.2584678959372001
273, 0.8856219372549718, 0.3776079968737207
274, 0.061842406578022646, 0.08002880911955645
275, 0.8379873172242288, 0.8358782818747285
276, 0.444091762631628, 0.8769540947100407
277, 0.8332217057901681, 0.9663840691995211
278, 0.7289815974324226, 0.288530629932377
279, 0.6339714434660172, 0.574225881537434
280, 0.1514872006310668, 0.25375174864344685
281, 0.6230094893282848, 0.018188920810627507
282, 0.5587663189326787, 0.346661547976873
283, 0.5582906616965196, 0.6254431116182559
284, 0.9328500579881834, 0.5622855691326419
285, 0.3132504678896184, 0.8081142786762378
286, 0.4563534203608104, 0.8517560398221842
287, 0.4380313770420369, 0.8641295832342651
288, 0.24055536962842783, 0.7303699014111837
289, 0.6193224634345309, 0.9784444154939894
290, 0.6395994528906297, 0.39839258048231707
291, 0.37824551222182223, 0.08884206747012202
292, 0.7729068291554498, 0.4814753291797689
293, 0.6917561085679451, 0.6530711058026363
294, 0.4800561647006767, 0.74151041395539
295, 0.8376484740562528, 0.7058568565738951
296, 0.2965997643922488, 0.7502027658571788
297, 0.11382670291824026, 0.6369865514790662
298, 0.34681520243937225, 0.0011641142678533445
299, 0.8457337603036058, 0.2734402650582709
300, 0.26471705436292703, 0.8816005558326868
301, 0.28918672051937755, 0.32461023795728705
302, 0.6636232850867066, 0.5522692993834327
303, 0.5979670712943933, 0.6724877263529144
304, 0.2486127901933315, 0.24815661027963642
305, 0.36140810296141923, 0.36838005154901887
306, 0.4572474403147355, 0.9147850412792781
307, 0.20340104844623885, 0.12647850485449008
308, 0.22490775939846064, 0.21626040362058685
309, 0.8267649579507859, 0.23238285900724753
310, 0.6881443715705604, 0.09799503538286058
311, 0.42050616661188156, 0.42135254162652813
312, 0.4241005571358889, 0.1779553984091251
313, 0.7106254563920622, 0.7047870932464733
314, 0.9524837006497786, 0.14587095200026845
315, 0.9445956919619435, 0.48857240702618554
316, 0.08299300531847842, 0.4105560540821186
317, 0.8599371759255712, 0.8984674903885546
318, 0.19889075021703873, 0.9467014813413815
319, 0.42736720410349116, 0.19277394747628962
320, 0.7925321400713998, 0.7047674616830499
321, 0.7795547146287314, 0.6726975919636243
322, 0.9959177488157793, 0.6024707547404422
323, 0.09209230530702706, 0.8844682519818723
324, 0.9281929562996492, 0.09217543535888073
325, 0.263536338710199, 0.4347168432876687
326, 0.32763406262984063, 0.03490321324392687
327, 0.550156239089297, 0.31151803632165853
328, 0.5672271105312705, 0.007950356133475722
329, 0.7439186156100716, 0.8964795739315486
330, 0.455453460527079, 0.39220130641455586
331, 0.21472614497830922, 0.8653409198625661
332, 0.5373751144385638, 0.021965692528000513
333, 0.8190487484438495, 0.7208068583006
334, 0.8286111863793089, 0.35742877720005606
335, 0.5636708777537252, 0.11866298028515154
336, 0.8409662189353163, 0.11048495693596427
337, 0.7099949090312412, 0.8122705041494831
338, 0.7318071702797457, 0.06990921829487551
339, 0.8875589444705638, 0.1314310642490959
340, 0.1810015829511561, 0.7604029631174238
341, 0.15679063802509607, 0.8766981809362449
342, 0.8545657014460618, 0.46623707117488844
343, 0.13561657767263402, 0.20944184585402947
344, 0.7012998705837257, 0.577747585442802
345, 0.28400746011075495, 0.9795012556086592
346, 0.6968438525849816, 0.1477227568077527
347, 0.32792021461126963, 0.03328381012095416
348, 0.7377858326184408, 0.4265314711862047
349, 0.9671267718496324, 0.9643600886646471
350, 0.7609372167164445, 0.7595606884991075
351, 0.5716582823947551, 0.9746495631439306
352, 0.8029216046015032, 0.4454148090609512
353, 0.42579123240584726, 0.7045525319228866
354, 0.44159556025091273, 0.27860596508095603
355, 0.056630796441737075, 0.6719251439319447
356, 0.6996198965033803, 0.5242195755201704
357, 0.6588796429719516, 0.7666196353780905
358, 0.7345607058640666, 0.28986083227845205
359, 0.21774209675229783, 0.4373478205163883
360, 0.5442364217474284, 0.0061064718561201214
361, 0.7067875313905893, 0.11704460955760654
362, 0.6623935947484647, 0.41410315743372705
363, 0.7938470728421145, 0.1752143041363653
364, 0.9554293734101496, 0.3421027735048475
365, 0.9737607172205828, 0.6384547980934869
366, 0.8934290923534962, 0.7714705446992023
367, 0.14691093060726668, 0.5658684498700343
368, 0.8721335522159026, 0.605725046474242
369, 0.935441213575457, 0.8438155042022735
370, 0.09327761246810307, 0.6926705930038488
371, 0.7302857797457906, 0.43329988985534384
372, 0.33326241467906437, 0.9021520553491639
373, 0.7587755155461634, 0.5223187073279626
374, 0.7285234296102905, 0.25997143818833046
375, 0.8731871722925043, 0.17648899709448673
376, 0.04216033786580875, 0.6519386169879143
377, 0.17077756750992157, 0.5318831871208659
378, 0.014957788350804968, 0.28190332895331327
379, 0.2980944378130721, 0.0055821768986796805
380, 0.3319941839504863, 0.4055817848664479
381, 0.008004067365295686, 0.9259659424028148
382, 0.4036645586715567, 0.12653466097263977
383, 0.9364847217465869, 0.6781287586393845
384, 0.1903443870036572, 0.4296641586338723
385, 0.8127753680499472, 0.44693688080959393
386, 0.8433602754967806, 0.31278476858339266
387, 0.46221577163835414, 0.9831231526780466
388, 0.4665643834044081, 0.6842482069312659
389, 0.7005302696317144, 0.22646800764606478
390, 0.7628579775899721, 0.6050542551510393
391, 0.007136031371834051, 0.5001008218481897
392, 0.957390209781686, 0.007657185067611039
393, 0.7671157158504833, 0.9945809611980724
394, 0.7586756629438413, 0.6114698825703986
395, 0.41475566311629575, 0.17656614314480013
396, 0.5253762909612913, 0.7739296525003757
397, 0.6823011743646742, 0.4455974225165462
398, 0.07388970092072156, 0.9873402222001886
399, 0.07891993190680524, 0.7779373958981199
400, 0.46641173688650495, 0.7317985490801819
401, 0.9992903399634945, 0.41934899244390633
402, 0.8539843362662719, 0.9626970237425757
403, 0.2554097710051414, 0.3498068765309402
404, 0.09331010432530218, 0.33757800889387124
405, 0.11871178268233085, 0.5219700068914217
406, 0.025695865826041664, 0.3898199536058664
407, 0.4302234436199829, 0.06819171188107898
408, 0.5634678179687488, 0.9180059203996275
409, 0.0007055167798715178, 0.2934785098011137
410, 0.6573602010548759, 0.06612976304810969
411, 0.2792686933676305, 0.7238540748657383
412, 0.8035844165224316, 0.38556028204133264
413, 0.30349404768264765, 0.9404454938630572
414, 0.17090384834194017, 0.38765431352256907
415, 0.2253798148868721, 0.7739077044430099
416, 0.21920067495361917, 0.7087632268556591
417, 0.2959934445083202, 0.35495435251489704
418, 0.8620606681590892, 0.7288426899512185
419, 0.7101852751761292, 0.6124548269627452
420, 0.3441758721282173, 0.23965861524117027
421, 0.01085576669703947, 0.05385371173878306
422, 0.04456418459484923, 0.9807054044901915
423, 0.5390825515783579, 0.41308736942465096
424, 0.0933401479287912, 0.7294081117909406
425, 0.5088038298050128, 0.9672355714530857
426, 0.06321255555886374, 0.11736770367169447
427, 0.6250145225353392, 0.002302042982914365
428, 0.5763780870406077, 0.7932379345441235
429, 0.6314579029624664, 0.08652078832115351
430, 0.08383276148450536, 0.86107018014432
431, 0.8390277033387566, 0.6231050483003716
432, 0.17189626103088196, 0.5649019440206192
433, 0.5545975838987626, 0.16455414050451989
434, 0.11998389800237108, 0.6709073076344985
435, 0.6463132612544067, 0.14535426526434392
436, 0.05764729608931496, 0.5426455410178909
437, 0.49897257859436106, 0.9965303650216043
438, 0.47184173860491085, 0.725063671207684
439, 0.8512681665927235, 0.13472238547657833
440, 0.4554346399213899, 0.45895818217447026
441, 0.08014804230310235, 0.7296268075502841
442, 0.46513295498145535, 0.0289545123838979
443, 0.3933130814941629, 0.918184726749289
444, 0.4919386923136764, 0.6352681073351927
445, 0.7292214006056364, 0.7816532208184583
446, 0.70054562781547, 0.7564968523115605
447, 0.6981285352301788, 0.04934535932572859
448, 0.3636602285291429, 0.014408053983127833
449, 0.7758394874665627, 0.9881816311580325
450, 0.5804020171224691, 0.47152754400130215
451, 0.5981368053752875, 0.8876401124313498
452, 0.8108538550249862, 0.49871285406904875
453, 0.4423631551415458, 0.40238199009802567
454, 0.24829443835353104, 0.9560655861657881
455, 0.06953719758805033, 0.40342063284120866
456, 0.4984140756840135, 0.43688991511725905
457, 0.888908939604897, 0.007334670689790657
458, 0.8621216561767421, 0.071713831929472
459, 0.34188509566121383, 0.4943648451887366
460, 0.9073020400376983, 0.2913806405954714
461, 0.2732226166794358, 0.09102541661323238
462, 0.4499888347340546, 0.9761925911168308
463, 0.36563151594009835, 0.4525773266655092
464, 0.2780556585107258, 0.6665239144389317
465, 0.6154782525568969, 0.18065133881773565
466, 0.6082011517662441, 0.3126779064114328
467, 0.10206660198264894, 0.3716999640716153
468, 0.878113343273749, 0.700790965989753
469, 0.588542137540292, 0.82024216881768
470, 0.9666187725457954, 0.43196159428786096
471, 0.7933874937817134, 0.870324758340053
472, 0.3376226591030309, 0.9714637350430084
473, 0.6574321521474458, 0.9679600741720945
474, 0.9253687109406064, 0.27174784404757246
475, 0.8921108857056799, 0.2104684271964763
476, 0.7586738315800277, 0.03825015149499378
477, 0.03719199265717743, 0.8919663815625379
478, 0.4238373105462292, 0.1179660492786867
479, 0.4276359013779254, 0.39607615447729083
480, 0.24542890247613347, 0.5111561268926458
481, 0.36973198637894633, 0.8959920267481787
482, 0.18015010893164773, 0.3053638258942688
483, 0.7862164501293869, 0.8656436745605289
484, 0.9022255369348731, 0.0035617476107489
485, 0.5661193890295502, 0.3942145436673983
486, 0.5487195198031586, 0.31782294156490787
487, 0.6296375396088391, 0.9426716676912089
488, 0.6507647143295079, 0.030107326394579026
489, 0.3962961276464595, 0.9120571706507318
490, 0.02755156357973909, 0.4416241982751412
491, 0.31921699620242194, 0.028548988964400168
492, 0.5239829786608647, 0.7208054741741797
493, 0.2449470729907791, 0.8107017237559181
494, 0.0466352323591559, 0.9295021714613113
495, 0.5626346948424525, 0.5184238646426161
496, 0.9741597860083001, 0.6336315520111445
497, 0.016020982538865747, 0.45577596173627577
498, 0.6352199520290615, 0.3131692542926747
499, 0.9841745938558377, 0.6776560071695776
end_nodes
0, 1
0, 2
0, 3
0, 4
0, 5
0, 6
0, 7
0, 8
0, 9
0, 10
0, 11
0, 12
0, 13
0, 14
0, 15
0, 16
0, 17
0, 18
0, 19
0, 20
0, 21
0, 22
1, 3
1, 7
1, 12
1, 13
1, 14
1, 19
1, 22
1, 25
1, 26
1, 29
1, 33
1, 38
1, 39
1, 40
1, 44
1, 46
1, 47
1, 49
1, 50
1, 51
1, 52
2, 8
2, 15
2, 17
2, 102
2, 121
2, 128
2, 209
2, 215
2, 266
2, 270
2, 305
2, 316
2, 378
2, 384
2, 404
2, 406
2, 409
2, 414
2, 455
2, 467
2, 490
3, 7
3, 22
3, 46
3, 49
3, 74
3, 88
3, 145
3, 288
3, 296
3, 311
3, 411
3, 415
3, 416
3, 459
3, 464
3, 493
4, 5
4, 10
4, 11
4, 20
4, 27
4, 28
4, 30
4, 34
4, 36
4, 37
4, 41
4, 45
4, 48
4, 54
4, 55
4, 57
4, 58
4, 60
4, 61
4, 63
4, 79
5, 9
5, 13
5, 27
5, 40
5, 48
5, 60
5, 61
5, 64
5, 70
5, 79
5, 81
5, 83
5, 90
5, 98
5, 99
5, 106
5, 109
5, 115
5, 122
5, 131
6, 13
6, 21
6, 78
6, 91
6, 125
6, 135
6, 217
6, 233
6, 258
6, 373
7, 12
7, 74
7, 167
7, 207
7, 264
7, 268
7, 285
7, 296
7, 311
7, 330
7, 453
7, 464
8, 10
8, 16
8, 35
8, 45
8, 53
8, 63
8, 76
8, 85
8, 92
8, 94
8, 102
8, 112
8, 124
8, 138
8, 151
8, 154
8, 162
8, 168
8, 173
8, 180
9, 42
9, 70
9, 98
9, 122
9, 134
9, 152
9, 160
9, 170
9, 174
9, 223
9, 244
9, 253
9, 260
9, 263
9, 290
9, 292
9, 334
9, 342
9, 348
9, 352
10, 20
10, 23
10, 32
10, 34
10, 35
10, 45
10, 53
10, 112
10, 124
10, 126
10, 168
10, 180
10, 193
10, 246
10, 280
10, 308
10, 312
10, 319
10, 335
11, 41
11, 58
11, 60
11, 131
11, 176
11, 218
11, 278
11, 282
11, 327
11, 346
11, 358
11, 361
11, 374
11, 389
11, 466
11, 486
11, 498
12, 14
12, 86
12, 207
12, 211
12, 247
12, 264
12, 268
12, 285
13, 19
13, 26
13, 40
13, 42
13, 78
13, 90
13, 101
13, 122
13, 125
13, 149
13, 155
13, 197
13, 200
13, 213
13, 217
13, 233
13, 234
13, 256
14, 86
14, 247
15, 18
15, 22
15, 38
15, 75
15, 89
15, 100
15, 104
15, 114
15, 116
15, 141
15, 166
15, 172
15, 190
15, 214
15, 232
15, 325
15, 355
15, 359
15, 367
15, 370
16, 32
16, 76
16, 94
16, 112
16, 154
16, 162
16, 206
16, 301
16, 354
16, 482
17, 121
17, 305
17, 403
17, 404
17, 414
17, 417
18, 22
18, 31
18, 69
18, 105
18, 114
18, 123
18, 166
18, 208
18, 214
18, 245
18, 297
18, 367
18, 432
18, 434
18, 463
18, 479
18, 480
19, 21
19, 24
19, 25
19, 43
19, 59
19, 62
19, 65
19, 67
19, 71
19, 72
19, 95
19, 101
19, 103
19, 110
19, 119
19, 130
19, 132
19, 142
19, 150
20, 23
20, 34
20, 57
20, 111
20, 252
20, 267
20, 335
20, 433
20, 447
21, 24
21, 43
21, 67
21, 91
21, 158
21, 165
21, 210
21, 212
21, 233
21, 236
21, 302
21, 344
21, 356
21, 390
21, 394
21, 423
21, 450
22, 38
22, 46
22, 77
22, 89
22, 123
22, 127
22, 145
22, 245
22, 300
22, 331
22, 340
22, 355
22, 370
22, 399
22, 424
22, 434
22, 441
24, 43
24, 110
24, 165
24, 293
24, 344
24, 390
24, 394
24, 419
25, 29
25, 51
25, 150
25, 353
25, 388
26, 40
26, 149
26, 155
26, 256
26, 269
26, 295
26, 313
26, 320
26, 321
26, 357
26, 368
26, 428
26, 431
26, 446
27, 30
27, 36
27, 79
27, 83
27, 109
27, 113
27, 148
27, 159
27, 181
27, 194
27, 235
27, 242
27, 314
27, 324
27, 392
27, 458
27, 476
28, 37
28, 63
28, 93
28, 129
28, 133
28, 139
28, 203
28, 227
28, 239
28, 274
28, 298
28, 326
28, 328
28, 347
28, 360
28, 379
28, 421
28, 427
28, 442
28, 448
28, 491
29, 51
29, 96
29, 137
29, 195
29, 205
29, 221
29, 249
29, 294
29, 353
29, 400
29, 438
29, 492
30, 148
30, 159
30, 181
30, 242
30, 458
30, 476
31, 105
31, 123
31, 463
32, 206
32, 354
33, 40
33, 44
33, 47
33, 52
33, 68
33, 84
33, 87
33, 118
33, 120
33, 136
33, 140
33, 144
33, 146
33, 171
33, 182
33, 199
33, 204
33, 222
33, 224
33, 225
33, 226
34, 126
34, 335
34, 410
34, 429
35, 85
35, 180
35, 272
35, 280
35, 304
35, 312
35, 319
35, 395
35, 420
36, 37
36, 113
36, 169
36, 188
36, 255
36, 281
36, 332
36, 392
36, 427
36, 457
36, 484
36, 488
37, 255
37, 281
37, 332
37, 427
37, 442
37, 488
38, 39
38, 77
38, 89
38, 108
38, 172
38, 183
38, 186
38, 190
38, 196
38, 202
38, 300
38, 318
38, 323
38, 331
38, 341
38, 345
38, 381
38, 398
38, 399
39, 50
39, 80
39, 183
39, 248
39, 341
39, 413
39, 430
39, 472
40, 44
40, 56
40, 109
40, 115
40, 147
40, 149
40, 171
40, 185
40, 187
40, 197
40, 231
40, 238
40, 269
40, 295
40, 320
40, 322
40, 333
41, 176
41, 338
41, 389
42, 122
42, 174
43, 67
43, 72
43, 110
43, 210
43, 212
43, 279
43, 302
43, 344
44, 56
44, 87
44, 117
44, 120
44, 140
44, 146
44, 204
44, 231
44, 261
44, 286
44, 287
44, 337
44, 350
44, 366
44, 369
44, 418
44, 445
44, 468
44, 469
45, 53
45, 54
45, 55
45, 63
45, 163
45, 178
45, 307
46, 49
46, 145
46, 340
46, 415
46, 416
46, 493
47, 50
47, 66
47, 68
47, 80
47, 84
47, 136
47, 183
47, 198
47, 216
47, 248
47, 250
47, 277
47, 289
47, 351
47, 372
47, 387
47, 393
47, 398
47, 413
47, 425
48, 61
48, 175
48, 184
48, 309
48, 363
49, 88
49, 493
50, 216
50, 413
51, 221
51, 492
52, 73
52, 117
52, 182
52, 219
52, 226
52, 259
52, 276
52, 287
52, 451
52, 481
53, 168
53, 173
53, 193
53, 343
54, 63
54, 192
54, 230
54, 291
54, 307
54, 407
54, 461
55, 163
55, 178
56, 231
56, 333
56, 350
56, 383
56, 418
56, 468
57, 111
57, 240
57, 252
57, 267
57, 447
58, 107
58, 161
58, 310
58, 327
58, 346
58, 435
58, 465
59, 62
59, 65
59, 71
59, 95
59, 96
59, 103
59, 119
59, 130
59, 156
59, 177
59, 191
59, 228
59, 237
59, 283
59, 303
59, 353
59, 388
59, 440
59, 444
60, 61
60, 82
60, 97
60, 131
60, 153
60, 176
60, 299
60, 338
61, 82
61, 97
61, 153
61, 184
61, 299
61, 309
61, 363
62, 95
62, 177
63, 129
63, 151
63, 192
63, 227
63, 271
63, 274
63, 426
63, 461
64, 98
64, 273
64, 334
65, 130
65, 303
66, 80
66, 183
66, 387
66, 437
66, 472
67, 158
67, 212
67, 236
67, 279
67, 423
67, 450
68, 84
68, 144
68, 222
68, 224
68, 306
68, 372
68, 425
68, 443
68, 487
68, 489
69, 479
70, 81
70, 99
70, 160
70, 244
70, 260
70, 292
70, 348
70, 352
70, 371
70, 385
70, 412
70, 452
71, 95
71, 142
71, 156
71, 157
71, 440
71, 456
71, 495
72, 110
73, 117
73, 287
74, 296
74, 411
75, 141
75, 190
75, 232
75, 376
75, 391
75, 406
75, 409
75, 436
75, 490
75, 497
76, 154
77, 127
77, 331
77, 399
77, 424
78, 125
78, 233
79, 83
79, 106
79, 148
79, 179
79, 194
79, 220
79, 235
79, 241
79, 243
79, 257
79, 265
79, 314
79, 324
79, 336
79, 339
79, 375
79, 439
79, 474
80, 248
80, 387
80, 472
81, 99
81, 201
81, 386
82, 97
82, 153
83, 314
84, 144
84, 277
84, 289
84, 351
84, 402
84, 425
84, 473
85, 180
85, 272
85, 304
85, 420
86, 211
86, 247
87, 118
87, 120
87, 225
87, 226
87, 229
87, 287
87, 329
87, 337
87, 445
87, 451
87, 471
87, 483
89, 355
89, 441
90, 122
90, 213
90, 262
91, 233
92, 138
92, 151
92, 189
92, 215
92, 271
92, 378
92, 426
93, 442
94, 154
94, 162
94, 301
95, 142
95, 157
95, 177
96, 205
96, 249
96, 353
96, 440
98, 273
98, 334
98, 342
99, 143
99, 164
99, 201
99, 244
99, 263
99, 386
99, 460
100, 116
100, 172
100, 190
101, 396
102, 266
102, 270
102, 403
102, 404
102, 467
103, 150
103, 191
103, 237
103, 283
103, 303
103, 388
104, 141
104, 490
105, 123
106, 241
106, 375
106, 474
106, 475
107, 161
107, 310
107, 435
107, 465
108, 318
108, 345
109, 115
109, 185
109, 238
110, 293
110, 419
111, 252
111, 433
111, 447
112, 180
112, 354
113, 392
114, 214
114, 325
114, 359
114, 380
115, 147
115, 187
115, 364
115, 470
116, 190
117, 219
117, 286
117, 287
117, 469
118, 225
119, 132
119, 228
120, 146
120, 254
120, 275
120, 317
120, 337
120, 471
120, 483
121, 305
121, 414
122, 134
122, 262
123, 245
123, 432
123, 463
123, 479
124, 168
124, 246
124, 382
124, 478
126, 410
127, 331
128, 215
128, 378
129, 227
130, 132
130, 228
131, 358
131, 374
132, 228
133, 379
133, 421
135, 217
135, 258
135, 373
136, 393
136, 449
137, 221
137, 294
138, 151
139, 203
139, 328
139, 360
139, 427
140, 261
140, 349
140, 369
141, 436
141, 490
142, 157
143, 164
143, 263
144, 222
144, 402
146, 204
146, 254
146, 275
146, 317
146, 366
147, 187
147, 470
148, 159
148, 235
149, 269
149, 368
150, 388
151, 189
151, 426
152, 253
152, 263
152, 485
154, 301
155, 256
155, 428
156, 440
158, 212
160, 223
160, 334
160, 385
160, 412
161, 310
162, 482
163, 178
164, 460
165, 394
166, 367
167, 268
167, 330
168, 173
168, 193
168, 343
168, 382
168, 478
169, 188
169, 332
169, 427
170, 263
170, 290
170, 397
171, 401
172, 190
173, 343
176, 338
178, 307
179, 243
179, 257
179, 265
179, 336
179, 339
179, 439
180, 319
180, 420
181, 242
181, 476
182, 259
182, 408
182, 481
183, 186
183, 345
183, 398
183, 437
183, 454
183, 472
184, 309
185, 238
185, 322
185, 401
186, 345
186, 454
188, 427
189, 426
190, 232
190, 381
190, 422
191, 237
192, 407
192, 461
194, 324
195, 221
195, 492
196, 202
196, 318
196, 323
196, 345
196, 398
197, 200
197, 234
197, 284
197, 315
197, 365
197, 496
198, 216
198, 250
199, 225
199, 226
199, 251
200, 234
200, 284
200, 315
201, 386
202, 398
203, 298
203, 326
203, 347
203, 360
203, 427
203, 448
204, 349
204, 366
204, 369
205, 249
205, 400
205, 438
206, 354
207, 264
208, 245
208, 297
208, 434
209, 406
209, 490
210, 212
210, 302
214, 367
214, 377
214, 405
215, 271
215, 378
215, 409
215, 421
216, 250
217, 258
217, 373
218, 282
219, 276
220, 257
220, 375
221, 294
221, 492
222, 487
223, 334
224, 306
225, 226
225, 251
226, 229
226, 251
226, 451
229, 451
230, 291
230, 407
231, 333
231, 350
232, 376
234, 284
235, 324
236, 450
237, 388
237, 444
239, 298
239, 379
241, 474
242, 458
244, 263
244, 290
244, 292
244, 362
244, 371
245, 432
245, 434
248, 413
248, 462
254, 275
255, 488
256, 313
256, 357
256, 428
257, 375
257, 439
257, 475
260, 352
260, 452
261, 369
263, 290
263, 397
263, 485
264, 268
265, 339
265, 439
266, 270
268, 330
269, 320
269, 368
270, 467
271, 274
271, 421
271, 426
274, 421
275, 317
277, 289
277, 473
278, 282
278, 358
278, 498
280, 308
281, 332
282, 358
282, 466
282, 498
283, 303
287, 445
287, 451
287, 469
288, 415
288, 493
289, 351
289, 473
290, 362
290, 397
291, 407
292, 371
293, 419
295, 320
296, 411
296, 464
297, 434
298, 379
298, 427
298, 448
298, 491
300, 331
304, 420
305, 384
306, 372
306, 489
312, 319
312, 395
313, 321
313, 431
316, 409
316, 455
318, 323
318, 345
321, 431
322, 401
325, 359
326, 347
327, 465
327, 486
328, 360
329, 471
330, 453
332, 427
333, 383
336, 339
341, 430
345, 398
345, 454
346, 361
347, 448
348, 452
349, 369
352, 385
353, 388
355, 370
355, 441
356, 423
357, 428
358, 374
359, 380
364, 470
365, 496
367, 377
367, 405
372, 443
372, 489
375, 475
377, 405
379, 421
381, 398
381, 422
381, 477
381, 494
382, 478
385, 412
388, 444
390, 394
391, 406
391, 409
391, 497
393, 449
398, 422
398, 477
398, 494
399, 424
400, 438
403, 404
403, 417
406, 409
406, 455
406, 490
406, 497
408, 481
409, 421
409, 455
410, 429
413, 462
415, 416
415, 493
418, 468
423, 450
427, 484
433, 447
435, 465
448, 491
456, 495
457, 488
463, 479
463, 480
466, 498
471, 483
477, 494
479, 480
end