240
4
0, 0.803001245183959, 0.09223460381549797
1, 0.7924933440110943, 0.7080149059468881
2, 0.18620175663316763, 0.004825333373501328
3, 0.183853015224686, 0.19566570709746534
4, 0.21833371292970527, 0.4464993243805381
5, 0.3701601096373005, 0.020977718206574902
6, 0.6468591390694212, 0.8215302978708299
7, 0.7212381877991728, 0.25648320441086125
8, 0.4654055656668532, 0.5706274012914806
9, 0.7227880728619485, 0.7969317426405184
10, 0.949147741188091, 0.3059454168250251
11, 0.2559198208302753, 0.22896779776358123
12, 0.8163704334432925, 0.8384605692415755
13, 0.7643889364368923, 0.752136530017597
14, 0.7381563063500574, 0.15445565886543577
15, 0.2824451479784458, 0.35665363727904775
16, 0.930820751665863, 0.19477201987394
17, 0.020037394158531452, 0.8890772698563466
18, 0.60685454564091, 0.10361641009289124
19, 0.2281189103515232, 0.8755173836923209
20, 0.8247848433330164, 0.9651228992073568
21, 0.8245375035222783, 0.44590938938550806
22, 0.29995240332303497, 0.5130931875105657
23, 0.7500308577552077, 0.8659252482140647
24, 0.17932346582186875, 0.7172866088535007
25, 0.9134057572049608, 0.5314466100008268
26, 0.43022855583058606, 0.06701989845681888
27, 0.239639539915372, 0.6043341840281573
28, 0.1937057386023041, 0.9369234959129222
29, 0.49387244968615807, 0.03853695025817083
30, 0.42609750114596234, 0.22454350731547112
31, 0.7516236651636068, 0.08818753057857509
32, 0.07371889143888488, 0.3658294911488835
33, 0.18898499299510263, 0.7819036402837071
34, 0.712543327196988, 0.8200156816861822
35, 0.9646673551429856, 0.6728705747761806
36, 0.6385289167979037, 0.8638783505626562
37, 0.6360061907198242, 0.32781913165642373
38, 0.329613835349472, 0.8165774282636309
39, 0.7539725762727069, 0.7742945331736668
40, 0.12431542085136882, 0.8061328329096051
41, 0.1682398379461093, 0.8437372627896803
42, 0.7183803359595465, 0.4715860177093204
43, 0.47297033462020244, 0.04772667887350579
44, 0.3779124301510899, 0.5263430088092541
45, 0.2987114505638172, 0.005192907451751938
46, 0.714970648050502, 0.34262836996257884
47, 0.9637932201251056, 0.5204118455912642
48, 0.8779287122585522, 0.4466702061548803
49, 0.41871076186539335, 0.17651695887062324
50, 0.6980699759838157, 0.5163038528588457
51, 0.7861771302448607, 0.6506720560376528
52, 0.28947086344942663, 0.15942516084333136
53, 0.7191624497868813, 0.7454621783183168
54, 0.9283647805808268, 0.2615483832660864
55, 0.014331777083815611, 0.02086239232646936
56, 0.6189205718234942, 0.22836364250958185
57, 0.7912813112585567, 0.5886305759046698
58, 0.05043135318557135, 0.7405088385575939
59, 0.13051659484130806, 0.0902363197518663
60, 0.00837836411168591, 0.9658569657789569
61, 0.7214464146307907, 0.7651736828721952
62, 0.6725554935768101, 0.3635809083459993
63, 0.2648423791031085, 0.5363967201978522
64, 0.5519058985645136, 0.9869568920948559
65, 0.5180539651056975, 0.5350355674490525
66, 0.04760587916652137, 0.852062659606659
67, 0.012420516271051008, 0.47175091094371
68, 0.6623670919932249, 0.6025035138497765
69, 0.27202567306922154, 0.4988249101883895
70, 0.28882397159783524, 0.901413896856502
71, 0.6130878450144024, 0.9901701254559673
72, 0.7797713559813872, 0.5407326560413068
73, 0.6539435766773776, 0.2115700626621545
74, 0.055522227428242976, 0.3548334583690894
75, 0.0140222872769028, 0.6286936198416303
76, 0.739202304166795, 0.07361471415125065
77, 0.3759063597819141, 0.9189928256120076
78, 0.18885109335093064, 0.3044337688931319
79, 0.23780412700245834, 0.16811933714695926
80, 0.013898525465739775, 0.03587046213027034
81, 0.5605962519274155, 0.4777871071737956
82, 0.4935639812215308, 0.11871655260252867
83, 0.5696561893772355, 0.0882052770052767
84, 0.4466797206215163, 0.5976560976232821
85, 0.7573943579281084, 0.3282063319352141
86, 0.18064123540282684, 0.5555984236384479
87, 0.738832400822843, 0.7020786602209285
88, 0.9798816616781458, 0.2789145415725488
89, 0.3761213256530884, 0.8429494598533932
90, 0.44874501220890217, 0.9767693315934276
91, 0.7747472064514612, 0.5410501468432716
92, 0.3735767421266135, 0.8648358321702467
93, 0.25565367407652606, 0.22755267540395685
94, 0.5362725024926125, 0.3458524402535317
95, 0.9666500643551558, 0.7349202990303392
96, 0.5106105327556293, 0.6087819631319036
97, 0.855955203723909, 0.2860837852195699
98, 0.2508772641914685, 0.4481856031756094
99, 0.07131085602811282, 0.5759981516385769
100, 0.3653354602669392, 0.3034848611676033
101, 0.13189834461472927, 0.8605241625006862
102, 0.5061713703698895, 0.6743420504850727
103, 0.903184510111881, 0.7150726310295199
104, 0.24712351086574802, 0.4019091797084372
105, 0.7220849025639272, 0.5005733155784258
106, 0.09481655635205966, 0.8969472382707455
107, 0.19659144800841832, 0.1653548739795272
108, 0.4410632271335576, 0.15701016954542424
109, 0.9639137956005965, 0.4552869587904683
110, 0.829545721679451, 0.804576784226326
111, 0.625381075565795, 0.1460808917528732
112, 0.6824954404673482, 0.14152999818538703
113, 0.22410228168739565, 0.5429663797810842
114, 0.9288955127325317, 0.35878901158799525
115, 0.1448070796172286, 0.9268378932663741
116, 0.6088828024506102, 0.6858690374832851
117, 0.7887403417807614, 0.9597061076641933
118, 0.67909122215707, 0.13992387269433082
119, 0.8739508647692636, 0.04199687306231248
120, 0.741301935852154, 0.7481392790662306
121, 0.48552052652066524, 0.8175557752039029
122, 0.053603024651467934, 0.9005571753683534
123, 0.3976442253124781, 0.3183039936708646
124, 0.9298651819927855, 0.4552924441414219
125, 0.8365640795211199, 0.4662744581105285
126, 0.5783498362995098, 0.701836573828474
127, 0.4074801233317902, 0.3872717669454827
128, 0.8234986824188623, 0.4929268147468321
129, 0.8137680441315326, 0.05339892375906685
130, 0.018323584154977368, 0.24620642858568842
131, 0.8251876744542097, 0.2896217786169285
132, 0.8541710986761568, 0.5640155580605165
133, 0.647017507837664, 0.8907934944555443
134, 0.03907319752509897, 0.3476591540306423
135, 0.11384484044420495, 0.25396807085813655
136, 0.12122056915436563, 0.13759138956717065
137, 0.25154000328901205, 0.26280180428584343
138, 0.6858497897087426, 0.5642355119721989
139, 0.099036932061222, 0.7871683447501712
140, 0.8379204165725299, 0.824784673004206
141, 0.4450117593474646, 0.532636116383067
142, 0.12962854592875184, 0.4265049534954217
143, 0.9245020607627884, 0.8519347863889234
144, 0.14382748017013014, 0.27414461578792604
145, 0.28882664527145085, 0.07340963697133995
146, 0.007637121949831904, 0.2581579262376422
147, 0.4764703517763159, 0.9345968659489784
148, 0.2062858091183124, 0.3200692139767717
149, 0.3532007721331871, 0.9256318547832201
150, 0.6936632497494708, 0.15846244474968008
151, 0.9447387683067955, 0.6201999912844643
152, 0.033579807476160184, 0.626535265301575
153, 0.5624329988551253, 0.1386484777401762
154, 0.16931954958808848, 0.9284605862392634
155, 0.04663410520976918, 0.6083441648665725
156, 0.9270176446517274, 0.6652044940322202
157, 0.15890538396503573, 0.7579176833025275
158, 0.974252297802552, 0.10260145387078345
159, 0.04817224619177507, 0.87988434624648
160, 0.8140873494078724, 0.9327358836871392
161, 0.15172203981273835, 0.4183033935537449
162, 0.6500149510496657, 0.5512157125535163
163, 0.998255978054101, 0.9323216365495129
164, 0.5122860359369416, 0.03270210748309621
165, 0.8904742195733356, 0.02328816621543317
166, 0.07083884701592136, 0.7970326068576615
167, 0.7179148883860225, 0.6230861245237868
168, 0.9238767426818102, 0.3377081402547272
169, 0.1538554182399401, 0.3725643721167937
170, 0.8280300630642459, 0.014224373638797028
171, 0.41663960612302287, 0.9520259838072496
172, 0.3207660490314451, 0.7139769527919778
173, 0.7599002747609939, 0.5856452149355108
174, 0.14605577989587037, 0.4385228396288051
175, 0.31703103188144843, 0.7380967163006608
176, 0.14488884813119096, 0.9253372632369999
177, 0.7562126698888137, 0.832732361502548
178, 0.18244328942418608, 0.512868061162231
179, 0.7198665913219655, 0.33814599240831633
180, 0.9825445510003848, 0.3724317540605192
181, 0.4533068160705296, 0.7718825200090993
182, 0.9757098381526657, 0.40095434338350944
183, 0.6806015201217379, 0.9075419984043984
184, 0.11793575804185374, 0.3638803348343935
185, 0.9500846567124526, 0.3184404259837238
186, 0.4426310164942179, 0.10335223901254875
187, 0.37074936740009223, 0.34224983547362975
188, 0.4495051820262478, 0.28872947194846776
189, 0.588182064502003, 0.006610498273923016
190, 0.5168498222946347, 0.03813236457526614
191, 0.4664478145524442, 0.4771244864307582
192, 0.2656760976969408, 0.9644537514776046
193, 0.8075595969945641, 0.14408974391123652
194, 0.6845141639754591, 0.8801300450274061
195, 0.9600192033749303, 0.8019215509099569
196, 0.3879144609398698, 0.917400894236128
197, 0.1005257414871289, 0.5727903666559255
198, 0.7990136642540806, 0.8400178925386996
199, 0.4846689904272904, 0.17106232957355594
200, 0.09572104154735295, 0.9808521174298483
201, 0.9182501183497027, 0.4530592238734127
202, 0.9673413178007242, 0.6558626374992192
203, 0.32365113373978716, 0.12992304328456905
204, 0.15676958966084598, 0.28626492586494845
205, 0.009502554187947876, 0.5091138783689327
206, 0.17902511695615964, 0.49048041685362287
207, 0.05377984110521683, 0.13857314577145818
208, 0.6824584516555686, 0.883007611357052
209, 0.3679716332549158, 0.982928970978773
210, 0.942833566008921, 0.04734480145198661
211, 0.32591147167561185, 0.7035458224161516
212, 0.2619376497743281, 0.2601329953463619
213, 0.14596644254842528, 0.43016724714578336
214, 0.2750341888629827, 0.2039621421914728
215, 0.21338071597251018, 0.6273523116914208
216, 0.873086070474007, 0.6766553037457912
217, 0.9045058837017558, 0.03968365840452004
218, 0.542155165529153, 0.5092072801990629
219, 0.9723191541925701, 0.8111969247001768
220, 0.17395515503474912, 0.15213946952218216
221, 0.7769037747040789, 0.21860913266761794
222, 0.8424554097799853, 0.6479191828366115
223, 0.3259482827990262, 0.6557799241132399
224, 0.26246687068963825, 0.5924052377764044
225, 0.9869604345646432, 0.8858928100174605
226, 0.22425612106806536, 0.4572496083933727
227, 0.6650066665964078, 0.1293146216362574
228, 0.640005634821166, 0.25626070510219223
229, 0.5311711044520249, 0.45125797356955233
230, 0.6990235887605365, 0.12962932526332982
231, 0.6561400580415924, 0.2643372274188165
232, 0.13227885525774252, 0.901275211596616
233, 0.5882361604510644, 0.5810307598630046
234, 0.757915265961348, 0.16131484639321303
235, 0.5995285982742778, 0.7372790100023968
236, 0.8589295948447923, 0.37733923125049385
237, 0.21810246363193253, 0.6559446039439139
238, 0.7776624857019494, 0.3231566652968161
239, 0.37700276429259727, 0.7773564667735497
end_nodes
0, 1
0, 2
0, 3
0, 4
0, 5
0, 6
0, 7
0, 8
0, 9
0, 10
0, 11
0, 12
0, 13
0, 14
0, 15
16, 1
16, 2
16, 3
16, 4
16, 5
16, 6
16, 7
16, 8
16, 9
16, 10
16, 11
16, 12
16, 13
16, 14
16, 15
18, 1
18, 2
18, 3
18, 4
18, 5
18, 6
18, 7
18, 8
18, 9
18, 10
18, 11
18, 12
18, 13
18, 14
18, 15
26, 1
26, 2
26, 3
26, 4
26, 6
26, 8
26, 9
26, 11
26, 12
26, 13
26, 15
26, 17
26, 19
26, 20
26, 21
29, 1
29, 2
29, 3
29, 4
29, 5
29, 6
29, 7
29, 8
29, 9
29, 10
29, 11
29, 12
29, 13
29, 14
29, 15
31, 1
31, 2
31, 3
31, 4
31, 5
31, 6
31, 7
31, 8
31, 9
31, 10
31, 11
31, 12
31, 13
31, 14
31, 15
43, 1
43, 2
43, 3
43, 4
43, 5
43, 6
43, 7
43, 8
43, 9
43, 10
43, 11
43, 12
43, 13
43, 14
43, 15
76, 1
76, 2
76, 3
76, 4
76, 5
76, 6
76, 7
76, 8
76, 9
76, 10
76, 11
76, 12
76, 13
76, 14
76, 15
83, 1
83, 2
83, 3
83, 4
83, 5
83, 6
83, 7
83, 8
83, 9
83, 10
83, 11
83, 12
83, 13
83, 14
83, 15
112, 1
112, 3
112, 4
112, 6
112, 7
112, 8
112, 9
112, 10
112, 11
112, 12
112, 13
112, 15
112, 17
112, 19
112, 20
118, 1
118, 3
118, 4
118, 6
118, 7
118, 8
118, 9
118, 10
118, 11
118, 12
118, 13
118, 15
118, 17
118, 19
118, 20
119, 1
119, 2
119, 3
119, 4
119, 5
119, 6
119, 7
119, 8
119, 9
119, 10
119, 11
119, 12
119, 13
119, 14
119, 15
129, 1
129, 2
129, 3
129, 4
129, 5
129, 6
129, 7
129, 8
129, 9
129, 10
129, 11
129, 12
129, 13
129, 14
129, 15
158, 1
158, 2
158, 3
158, 4
158, 5
158, 6
158, 7
158, 8
158, 9
158, 10
158, 11
158, 12
158, 13
158, 14
158, 15
164, 1
164, 2
164, 3
164, 4
164, 5
164, 6
164, 7
164, 8
164, 9
164, 10
164, 11
164, 12
164, 13
164, 14
164, 15
165, 2
165, 5
165, 7
165, 10
165, 14
165, 17
165, 19
165, 20
165, 21
165, 22
165, 23
165, 24
165, 25
165, 27
165, 28
170, 2
170, 5
170, 14
170, 17
170, 19
170, 20
170, 21
170, 22
170, 23
170, 24
170, 25
170, 27
170, 28
170, 30
170, 32
189, 5
189, 14
189, 17
189, 19
189, 20
189, 21
189, 22
189, 23
189, 24
189, 25
189, 27
189, 28
189, 30
189, 32
189, 33
190, 17
190, 19
190, 20
190, 21
190, 22
190, 23
190, 24
190, 25
190, 27
190, 28
190, 30
190, 32
190, 33
190, 34
190, 35
193, 17
193, 19
193, 20
193, 21
193, 22
193, 23
193, 24
193, 25
193, 27
193, 28
193, 30
193, 32
193, 33
193, 34
193, 35
210, 17
210, 19
210, 20
210, 21
210, 22
210, 23
210, 24
210, 25
210, 27
210, 28
210, 30
210, 32
210, 33
210, 34
210, 35
217, 17
217, 19
217, 20
217, 21
217, 22
217, 23
217, 24
217, 25
217, 27
217, 28
217, 30
217, 32
217, 33
217, 34
217, 35
227, 17
227, 19
227, 20
227, 21
227, 22
227, 23
227, 24
227, 25
227, 27
227, 28
227, 30
227, 32
227, 33
227, 34
227, 35
230, 17
230, 19
230, 20
230, 21
230, 22
230, 23
230, 24
230, 25
230, 27
230, 28
230, 30
230, 32
230, 33
230, 34
230, 35
234, 17
234, 19
234, 20
234, 21
234, 22
234, 23
234, 24
234, 25
234, 27
234, 28
234, 30
234, 32
234, 33
234, 34
234, 35
end