480
4
0, 0.2901903604205107, 0.3858230809574601
1, 0.6664109618251929, 0.17508502853747754
2, 0.9649251420920274, 0.04728599737582029
3, 0.8865074736687465, 0.11073683064923756
4, 0.015165285076109813, 0.07972266122885086
5, 0.8661950334886579, 0.5835252877355938
6, 0.0726383181699356, 0.6363804277585363
7, 0.2385814261069985, 0.4749501924992807
8, 0.5501691569754481, 0.5244409142076124
9, 0.4537524127640017, 0.6761311777640763
10, 0.5434690111771999, 0.9844401230392088
11, 0.24900790842384046, 0.056727311235519995
12, 0.3715604058514771, 0.6183470052305364
13, 0.9275164842213823, 0.6305907267907499
14, 0.5159906071709923, 0.08666794099477626
15, 0.6773217800640062, 0.8574096494606886
16, 0.7415578020076878, 0.8845163298806529
17, 0.7300794608713226, 0.9838875554025436
18, 0.27653906917935067, 0.3143893141273434
19, 0.913968996740883, 0.787599084953754
20, 0.5033225624766562, 0.8702845928542595
21, 0.605528667421415, 0.849358449014771
22, 0.9617846097993169, 0.43177915704645875
23, 0.4397812007751766, 0.430394592827934
24, 0.7576400264684026, 0.20785150093766636
25, 0.2551700875650945, 0.3307468848085777
26, 0.5456929519836734, 0.5783390089493491
27, 0.6970226834898415, 0.17961870680249015
28, 0.4616279847448932, 0.5947615028067883
29, 0.7271651083495859, 0.5185464230565554
30, 0.8900595100891443, 0.8261953820491346
31, 0.6910832195166481, 0.1958515996914829
32, 0.3294961360187352, 0.39346709628267074
33, 0.1188749357699076, 0.9805781446180873
34, 0.6098803430928906, 0.44335193562703257
35, 0.7653559292382168, 0.12168947198081281
36, 0.42170065955603786, 0.14415257691153216
37, 0.1775712660447426, 0.4731052329867723
38, 0.22557014052332058, 0.6351450471851201
39, 0.37105981140096633, 0.0035502302967933552
40, 0.09784331433603888, 0.6436850869849017
41, 0.08592747161850289, 0.8504213749659453
42, 0.1809144599729986, 0.9048382132080154
43, 0.1758834959425516, 0.5317032517845961
44, 0.18860984398315117, 0.9733210033697052
45, 0.26775834196231274, 0.034911118827997356
46, 0.9624249425440091, 0.137489776136404
47, 0.49722284697992136, 0.8336734919452551
48, 0.03827131312098275, 0.16656378168526487
49, 0.4591165294819195, 0.1184160937025649
50, 0.4518816796845532, 0.07056581312332155
51, 0.19491706537357434, 0.10909658897124863
52, 0.8628698163608233, 0.9975406093033967
53, 0.7653934433900054, 0.4743913761499904
54, 0.20989368157071908, 0.6544327114539941
55, 0.6959904350174176, 0.45336535612719253
56, 0.2929903244190939, 0.3408757624620137
57, 0.006200769741740997, 0.4286139165226379
58, 0.867405354228262, 0.19492066254337959
59, 0.30164118109100413, 0.8972631470166029
60, 0.3414199547138492, 0.11663471012576154
61, 0.6236530557583797, 0.20846443759474154
62, 0.1897440589203102, 0.8923497392027657
63, 0.2133675040996149, 0.8817187297692016
64, 0.8238076627765574, 0.2503499652962957
65, 0.9162540434285834, 0.2787413682632217
66, 0.25928139231607517, 0.8872987056239775
67, 0.8025674817098899, 0.35105147615284227
68, 0.6136578641072727, 0.6208154715660332
69, 0.31087197490486485, 0.9765887060708667
70, 0.9757001493451811, 0.16110130155990654
71, 0.5161097820213572, 0.8424812682194768
72, 0.6253468989072553, 0.571521343691362
73, 0.8888700843825849, 0.4368899320518269
74, 0.2902423593688902, 0.08131841925897232
75, 0.8154160047431372, 0.8835483187385426
76, 0.6272371655907988, 0.7356021572440984
77, 0.6971466558715638, 0.25475914620646845
78, 0.837858136001156, 0.32076090153080095
79, 0.027197867320315483, 0.5612401763973183
80, 0.7352239060981608, 0.17192828647020186
81, 0.1590677196309893, 0.326594228709959
82, 0.13009513362667335, 0.592693979631435
83, 0.720176581070685, 0.011990458740150478
84, 0.7887708575885147, 0.9216429566662165
85, 0.4775657210282154, 0.47258596993271706
86, 0.19516506098948594, 0.5999989234565783
87, 0.5120983839805143, 0.5843087360522297
88, 0.32423544548307703, 0.8362370369188835
89, 0.716336725568802, 0.9524576307391003
90, 0.16798011015508285, 0.531383570382666
91, 0.020196180716116507, 0.5741607892472247
92, 0.6205671515341072, 0.6602316944944246
93, 0.37241090839617874, 0.5237605314966324
94, 0.17679945421923882, 0.8872333462369182
95, 0.2458777279799802, 0.2335738827077528
96, 0.20077224962274953, 0.8554835410203651
97, 0.7269594671296625, 0.38201962216262075
98, 0.40655661666395915, 0.38001404746564793
99, 0.25839310283492356, 0.8014819945481432
100, 0.6761361940465923, 0.6420753324565954
101, 0.07079898687011787, 0.07820430366805409
102, 0.6937811100443682, 0.07014973436794214
103, 0.6488606219272661, 0.7829635080857507
104, 0.376860148073513, 0.4102756510286748
105, 0.9864802776651643, 0.34460477555388624
106, 0.0943526647590599, 0.9403222990409189
107, 0.9548674351599769, 0.39624684955075584
108, 0.773615958760122, 0.11498634210335246
109, 0.29269683899583343, 0.02428032564565663
110, 0.041929376128818974, 0.1706678071526876
111, 0.8893624380096928, 0.9045420738474668
112, 0.3987792898868959, 0.8427382839646973
113, 0.7092378174416777, 0.5311318698654455
114, 0.8746851471310215, 0.4334074330906119
115, 0.0003263686549148659, 0.9175701272675322
116, 0.9387475516783518, 0.5920867781001112
117, 0.34749666700214243, 0.6979096010497872
118, 0.7023127484612762, 0.1373782754474201
119, 0.6384870232542286, 0.9745761082950124
120, 0.9388024106877364, 0.08741059142756025
121, 0.6634982441013271, 0.007124025341506135
122, 0.6335018449818183, 0.027894656724138822
123, 0.21322675774735023, 0.4652698398203744
124, 0.4397428236515474, 0.9899371926974424
125, 0.18187940707880734, 0.4451853415505638
126, 0.6354546743175661, 0.9694454946654151
127, 0.06160911245641898, 0.8397696377315977
128, 0.03072554459665755, 0.9689716211665705
129, 0.5178627335099204, 0.1781644062629647
130, 0.5058565370296015, 0.814618418555998
131, 0.5588054661819261, 0.7865722544397487
132, 0.17557133712397544, 0.1724955111698202
133, 0.39254599503060794, 0.39989109008729906
134, 0.6806301437708675, 0.893481430870876
135, 0.9304470459317025, 0.4851264557830014
136, 0.32051644477157937, 0.23634843417126628
137, 0.3085813804060801, 0.28070026383242497
138, 0.13991472724603105, 0.025318788638787115
139, 0.04249711212264706, 0.30899874683936146
140, 0.615993304419501, 0.512295209680803
141, 0.9002030360971053, 0.33324562163682625
142, 0.5328406199114527, 0.9204086036040302
143, 0.8518975750814074, 0.08260371941671052
144, 0.015248228387790053, 0.2219859963672205
145, 0.6322283051893357, 0.7863651693013537
146, 0.6593134967498183, 0.1826110839733055
147, 0.28650738514001906, 0.8729767070644604
148, 0.3476437816819645, 0.36361980678563033
149, 0.7400818544417046, 0.014688211488322778
150, 0.4635537612352407, 0.28994479936558093
151, 0.414624665487871, 0.2393826971716586
152, 0.6342932395731712, 0.9637197871783002
153, 0.5286086765330895, 0.5446423891909664
154, 0.7720905382223202, 0.7756428487915644
155, 0.02147376605609086, 0.488389214124352
156, 0.13502913755452162, 0.11172476473955995
157, 0.3663918114033502, 0.838729892074035
158, 0.898562113052595, 0.298822548779644
159, 0.4106456176945059, 0.034256568817570665
160, 0.6363331263261561, 0.39342772147441485
161, 0.7228374967867209, 0.3955950038670021
162, 0.24495729924725573, 0.404748013956149
163, 0.09038723874508692, 0.5359128505905834
164, 0.7998463915017814, 0.3834328660471197
165, 0.08773550520624884, 0.5019287126728568
166, 0.25043795698255356, 0.8727657767952083
167, 0.17311860334727858, 0.7617047348227212
168, 0.5354840292617485, 0.6870542214625177
169, 0.5997597066874909, 0.6832601802749136
170, 0.42896152815385735, 0.9006271092006355
171, 0.04079931484346111, 0.902963328743781
172, 0.5501548083320159, 0.1474082573522476
173, 0.20627860779041562, 0.6417621151662041
174, 0.555699400863939, 0.8272693144565093
175, 0.2991539500602005, 0.4077630143857859
176, 0.0007701407413462924, 0.9015099580683382
177, 0.16035920684820593, 0.41225905785739014
178, 0.22211842588591357, 0.8172282811091319
179, 0.8354518576766259, 0.7905186991806343
180, 0.4023197248100414, 0.9660968730231742
181, 0.4677192726422046, 0.34028942835470777
182, 0.1964575268778177, 0.9494557439812588
183, 0.9029096183293098, 0.3027039255384475
184, 0.9057900973865434, 0.4207691985720029
185, 0.6807510991138525, 0.01849655247644799
186, 0.39521104560935616, 0.22037177811541386
187, 0.8446620672872667, 0.684984022829875
188, 0.745961312314024, 0.2720824298248927
189, 0.29363644035894654, 0.28346136549157264
190, 0.5068779746364694, 0.35970683710372253
191, 0.982102991880312, 0.4477847966499082
192, 0.5877479298715063, 0.9066608882622131
193, 0.9502853787772744, 0.5078178357627542
194, 0.5642020633219038, 0.5527514716249945
195, 0.11535603760434077, 0.10194984510543681
196, 0.09569119171362572, 0.12454755793237848
197, 0.29205504977116636, 0.5840161689957121
198, 0.9033117905965505, 0.6860381452378977
199, 0.02768124380056336, 0.8470635048593885
200, 0.5608609786032228, 0.30937539497055655
201, 0.8685141958796682, 0.35760786971527003
202, 0.8551658171535078, 0.03333480113045073
203, 0.33404979653949585, 0.19136599931930798
204, 0.6852859656158613, 0.07857505696502409
205, 0.7849178331201851, 0.6078355028472102
206, 0.6801032769059818, 0.11297809310701479
207, 0.8748126274165007, 0.38369022921238827
208, 0.46228283092784206, 0.7911360973979494
209, 0.8049067113690463, 0.05704694601033977
210, 0.823519039426465, 0.40340710699628135
211, 0.4071355101144454, 0.5467669806820739
212, 0.3397096582839807, 0.40273998147949897
213, 0.26903211502084223, 0.3019012456735165
214, 0.019297322392300975, 0.7052199625135298
215, 0.731414169670393, 0.46334769250531704
216, 0.30980672780914786, 0.14950176838112605
217, 0.6152318193879752, 0.7497058249464043
218, 0.21128628865455823, 0.112669869070541
219, 0.9222013053407608, 0.054953225552515694
220, 0.925282553561569, 0.9067406550216421
221, 0.9409100604467511, 0.6264794476156235
222, 0.07749608618379622, 0.7702333753841348
223, 0.9184313109126419, 0.061431539237970956
224, 0.6787683674716529, 0.05726293996750231
225, 0.8028387516929202, 0.8614471568342177
226, 0.43080374430446167, 0.2079784759153257
227, 0.14071727859372618, 0.010248788464333969
228, 0.1398951110648602, 0.3111144276488387
229, 0.5824138157059, 0.8189240535838269
230, 0.930489112400825, 0.6286406564049668
231, 0.9127029577890805, 0.8535082099837756
232, 0.9849902661750031, 0.9295199186999915
233, 0.2687117869541099, 0.1015644472152002
234, 0.575380078788922, 0.7203589524292844
235, 0.9110449735429219, 0.4214516720182446
236, 0.3664882210050465, 0.7715805738343228
237, 0.7024614888253395, 0.14840812514560753
238, 0.2636535885146837, 0.9604336278682205
239, 0.64716827931654, 0.9397151128207673
240, 0.18222636389380076, 0.8298876306248123
241, 0.8609263745810244, 0.32994519515849385
242, 0.4408574346230917, 0.9784682743264117
243, 0.5130168646229317, 0.7059295406514484
244, 0.5584448344617589, 0.7353303501787096
245, 0.9352799096230335, 0.18853961586868484
246, 0.9432934145524259, 0.7531107020503389
247, 0.6586704544450831, 0.9956107203829915
248, 0.5220278758471166, 0.1658385697366801
249, 0.8159264201972947, 0.6755006332383481
250, 0.009673844968131284, 0.29668220523086364
251, 0.07069446099204169, 0.7129133266422845
252, 0.37796841913531665, 0.7607440027145302
253, 0.8662320336723931, 0.3535928053478561
254, 0.15857728950484107, 0.7844094618630268
255, 0.27162377079919275, 0.01459671568456955
256, 0.880321133132838, 0.25606431095160553
257, 0.09162678111135336, 0.013255933125999375
258, 0.6598952246701222, 0.32824768044630437
259, 0.6471500406992429, 0.5877651733417856
260, 0.661721985972476, 0.8965138920597452
261, 0.6115272183286184, 0.6908927878220561
262, 0.28993862312592233, 0.9816627017325957
263, 0.7822947533781652, 0.35716117510922796
264, 0.023469735316239637, 0.44364753094896403
265, 0.9839456232699355, 0.07655419606618863
266, 0.6065078698850311, 0.21850606482803137
267, 0.39949834061141154, 0.24026367433751428
268, 0.8283383370483619, 0.6167881520035778
269, 0.7205353242536994, 0.013248249393400857
270, 0.275458557988006, 0.901720244932398
271, 0.8528973241606701, 0.5029296557369093
272, 0.852974611027581, 0.11719667995070426
273, 0.2865056644487253, 0.5079345719613487
274, 0.84625594593857, 0.7027189067698432
275, 0.8093334966527338, 0.46868309941407016
276, 0.49847209213138866, 0.04811354890208486
277, 0.32931010985114284, 0.3050602460614762
278, 0.5195392329603984, 0.3679777854163011
279, 0.9187998339357825, 0.16130949747901824
280, 0.6213559508217086, 0.5223537963565152
281, 0.6056982144517812, 0.15477538648652134
282, 0.9681217326694923, 0.7850878531718067
283, 0.08191127389193797, 0.017777708526040437
284, 0.5726297439305013, 0.2684654992587113
285, 0.3363401679396737, 0.704961233663527
286, 0.7341067604605671, 0.23219201364317255
287, 0.00171891469926011, 0.2495710348310597
288, 0.5924455963544832, 0.0025655201036647313
289, 0.8493846334133962, 0.302687632930292
290, 0.9348287110448196, 0.9796071692421952
291, 0.9644529968632984, 0.10877340241767774
292, 0.47225431859411593, 0.36578095602782523
293, 0.8188125625772495, 0.2446518020044871
294, 0.4326036774321209, 0.9015629917119193
295, 0.251465856989601, 0.02028654953510367
296, 0.9448420620926051, 0.3460959464063258
297, 0.21171510944412053, 0.026887898990966663
298, 0.47052290041984324, 0.8339039882969896
299, 0.24331974182866933, 0.9650424698110395
300, 0.20399766514598905, 0.4177807130928236
301, 0.9471751206902946, 0.37148383393978535
302, 0.0002310377082102022, 0.1973042020533745
303, 0.07363725425931444, 0.9979181979446273
304, 0.6863265617623598, 0.15314821672159362
305, 0.6949301749875276, 0.3613605652045435
306, 0.7902965964036025, 0.9466969800792873
307, 0.40210834900192216, 0.7864407179427707
308, 0.4604915938029578, 0.3044393334362153
309, 0.5301716993108733, 0.5251634336534173
310, 0.8324339635259637, 0.8251140303386336
311, 0.379230230722287, 0.9824350119720224
312, 0.8022067368494699, 0.07882147629813263
313, 0.5523132197146492, 0.6730696297876693
314, 0.9941205202102577, 0.7734017758319888
315, 0.8686922842828069, 0.29501659589118023
316, 0.14638180327572614, 0.6271341781798171
317, 0.9790736811377986, 0.277661552460597
318, 0.12094632054871102, 0.7670222017180502
319, 0.058310983304792674, 0.628070996431575
320, 0.8458511211645774, 0.7000789955735829
321, 0.596036759907837, 0.13062854596203355
322, 0.4683151702142808, 0.5569712632500776
323, 0.44114822319856517, 0.9782346274009464
324, 0.3282672574551613, 0.40262453598938097
325, 0.2778293666005869, 0.6598877341199905
326, 0.5090404163841664, 0.004012725872427625
327, 0.20790817022304964, 0.14227846472507077
328, 0.9824473446721913, 0.9064325642950107
329, 0.2745891695709791, 0.9713942253133625
330, 0.6015469565205329, 0.6109805068812415
331, 0.6483225422715747, 0.09271450944725657
332, 0.03896073688510737, 0.8838969538569466
333, 0.9803569525795113, 0.6071659947689129
334, 0.020089383306874598, 0.06418853150521797
335, 0.9235745925620273, 0.9465464855757275
336, 0.5314402304128056, 0.5304560153067668
337, 0.5321731044991124, 0.1960463863678943
338, 0.7712820802802812, 0.2593289072343188
339, 0.22736975763455092, 0.18158309214830692
340, 0.26880039182769955, 0.8992334448261385
341, 0.08006479219463136, 0.6688488733967862
342, 0.8251186251546199, 0.456597752582509
343, 0.7375154378686343, 0.8249088274082544
344, 0.8727197663128639, 0.45735858188730394
345, 0.9722336777815105, 0.16614457810597505
346, 0.2321562234360337, 0.27444482154801464
347, 0.3425672773717403, 0.0009090760703248657
348, 0.556104871924997, 0.8033902943601555
349, 0.2526221524583976, 0.8653895817448154
350, 0.5202778002238152, 0.4781457330927825
351, 0.8939711976667779, 0.7272217354379918
352, 0.15013810693909402, 0.5476165731024597
353, 0.24614085907848127, 0.3676475160190745
354, 0.7439346765331348, 0.9856187159547889
355, 0.11934540783904535, 0.8715377379965723
356, 0.720230548751744, 0.374710616570722
357, 0.5814807049780069, 0.6611777278335889
358, 0.46370056805525817, 0.5019666467394421
359, 0.2854325138641597, 0.9597955799362313
360, 0.07860589292459086, 0.6690216676216557
361, 0.12736655168199196, 0.4878328322123834
362, 0.30303341757100655, 0.11052515537831653
363, 0.6279164819205707, 0.42352164778436063
364, 0.9107895498027253, 0.8309302704118251
365, 0.004778648487935189, 0.34537791234474824
366, 0.007206444209778562, 0.7511623570333635
367, 0.3074249849958466, 0.18160652488208517
368, 0.40228307540175734, 0.20900327688307763
369, 0.04197932296033213, 0.3659036747909288
370, 0.7059253806214644, 0.7792243017839713
371, 0.47674765924543905, 0.17197466290900276
372, 0.8200532913526675, 0.6305395264765434
373, 0.22206201199959352, 0.15186899373215512
374, 0.3649103570035668, 0.5546273192004891
375, 0.5109796157907496, 0.60875811035132
376, 0.9294283626335437, 0.7769061851480892
377, 0.2814724724077833, 0.04670008007853399
378, 0.7525535995390282, 0.8106935175831637
379, 0.5449955879745209, 0.03860522034948044
380, 0.5455361608796553, 0.5040039915614956
381, 0.8985708386894967, 0.19968129840996007
382, 0.6835741855980545, 0.6834320273727785
383, 0.29482402574157773, 0.4923528352125547
384, 0.909861268736202, 0.8817259380090552
385, 0.4600504167520021, 0.8587544305834456
386, 0.525237625891552, 0.33203455921995373
387, 0.096290558268879, 0.1387969577450524
388, 0.7781175327547681, 0.5183627623600228
389, 0.2277830324752328, 0.25557633143954694
390, 0.6059194750531688, 0.32573984537710576
391, 0.23913160296174518, 0.45241620803469584
392, 0.15454652648567702, 0.6753707608122643
393, 0.9297152259299377, 0.4346992713722434
394, 0.4283893561434865, 0.7526796020685507
395, 0.8304716138787089, 0.616412973759249
396, 0.5105308498525157, 0.9406127197046059
397, 0.9273668689841447, 0.7294895757881963
398, 0.5987164698812313, 0.5131211372511837
399, 0.29547411459648454, 0.097386286869654
400, 0.7065535031614623, 0.05603866708693528
401, 0.49798158150483307, 0.5922223456692512
402, 0.39358605716546813, 0.9935491337563397
403, 0.5083062013396379, 0.5026655064600465
404, 0.38490798880579935, 0.7982052451090095
405, 0.012696851812925791, 0.2864207001271206
406, 0.338931918479601, 0.5581021115296556
407, 0.43404569553901906, 0.11088403151160542
408, 0.40666991573867683, 0.9797016055935999
409, 0.7627987668720468, 0.4264458397146814
410, 0.2519317418294247, 0.4693827587065549
411, 0.34643569283424047, 0.3027877531493859
412, 0.0836384531537202, 0.514639521099079
413, 0.8877992170367688, 0.48581822828403076
414, 0.019233430854529443, 0.1392262842226244
415, 0.3751839764501925, 0.383716615680609
416, 0.08866797830123474, 0.17080401095990838
417, 0.2754574489454974, 0.008978094419773264
418, 0.886241315462283, 0.388044164150116
419, 0.5334782127217929, 0.5934266359073785
420, 0.1651719599265492, 0.7722387105704458
421, 0.9459183648582966, 0.38630941322666124
422, 0.23188112660084748, 0.3558042228856383
423, 0.33605892481465127, 0.32294240555569487
424, 0.22576458015593093, 0.5205989145731885
425, 0.615890967593693, 0.5138569179806509
426, 0.47284763006400143, 0.17582865894814959
427, 0.09093200243754973, 0.5281334477808928
428, 0.13470829589212652, 0.18975151785211775
429, 0.24749707969045887, 0.7525081377449507
430, 0.7044652066834176, 0.19976221624354684
431, 0.35768402418013245, 0.49237455868485624
432, 0.5046865134566763, 0.4323805559907289
433, 0.8791349885995838, 0.468316493004298
434, 0.6404186237343519, 0.306170014114055
435, 0.7676749224848045, 0.32456807500668716
436, 0.9007235130443516, 0.4037357301201099
437, 0.997908534460037, 0.9800789692809333
438, 0.908030370392184, 0.9787569044228327
439, 0.801425428833842, 0.7443509313331412
440, 0.9318187570671888, 0.07019471489813567
441, 0.8531415515231275, 0.11779363648241925
442, 0.6598514530488306, 0.17720906767718403
443, 0.15510682474722493, 0.9723614460915803
444, 0.9290594226582746, 0.233710544352022
445, 0.46443373526119136, 0.24389591563254898
446, 0.43571848353486786, 0.007574155114306258
447, 0.3867425344860509, 0.12286104850107749
448, 0.9676532195430791, 0.2413348544428121
449, 0.5273427909685917, 0.4197131767707255
450, 0.8843718191919847, 0.8051630818204026
451, 0.8830648608083204, 0.2639836083903788
452, 0.06849310955989951, 0.4112592249202708
453, 0.4591804303726944, 0.5573076290114488
454, 0.42088168286628147, 0.771288386164474
455, 0.686791755579811, 0.944735513236968
456, 0.20838707289021985, 0.6721988436652394
457, 0.0933917906499836, 0.9173003282031704
458, 0.7420768064917918, 0.5656992286644452
459, 0.10020681461617487, 0.35596090936308544
460, 0.11464444014864206, 0.7170232181852486
461, 0.29502728217158725, 0.5251866234115988
462, 0.5893181005608036, 0.13230729358056637
463, 0.5051252622538043, 0.8761177036938654
464, 0.11506042071407563, 0.14779853011600885
465, 0.5155877628588195, 0.6199414980096101
466, 0.993159433271913, 0.39744245530803957
467, 0.0009300395537572559, 0.15178118754973435
468, 0.7540652114214467, 0.2243242318758284
469, 0.9241371478123025, 0.3169995067295317
470, 0.5144778226065295, 0.4334153010441516
471, 0.44433308728980736, 0.9925547894495624
472, 0.04736914774184997, 0.256197451776614
473, 0.08695545348794942, 0.8903173680289265
474, 0.5020322985247413, 0.16234955648779004
475, 0.3313314195996282, 0.7498172242212691
476, 0.014886726376160064, 0.3924584916799406
477, 0.4879328574436981, 0.8027833514993129
478, 0.37032414009422476, 0.8695329331582566
479, 0.03229131821039999, 0.807260646571851
end_nodes
0, 1
0, 2
0, 3
0, 4
0, 5
0, 6
0, 7
0, 8
0, 9
0, 10
0, 11
0, 12
0, 13
0, 14
0, 15
0, 16
0, 17
0, 18
0, 19
0, 20
0, 21
22, 57
22, 139
22, 155
22, 162
22, 177
22, 250
22, 264
22, 300
22, 365
22, 369
22, 452
22, 459
22, 476
23, 5
23, 13
23, 57
23, 67
23, 97
23, 105
23, 113
23, 116
23, 139
23, 140
23, 141
23, 155
23, 160
23, 162
23, 177
23, 187
23, 198
23, 201
23, 205
23, 221
23, 230
24, 291
25, 5
25, 8
25, 9
25, 10
25, 11
25, 12
25, 13
25, 15
25, 17
25, 19
25, 20
25, 21
25, 26
25, 28
25, 29
25, 30
25, 45
25, 47
25, 48
25, 51
25, 68
27, 143
27, 219
27, 223
31, 2
31, 80
31, 219
31, 223
31, 272
31, 440
31, 441
32, 1
32, 2
32, 3
32, 5
32, 6
32, 8
32, 13
32, 15
32, 17
32, 19
32, 26
32, 29
32, 33
32, 35
32, 36
32, 38
32, 39
32, 41
32, 42
32, 43
32, 44
34, 57
34, 139
34, 155
34, 162
34, 177
34, 250
34, 264
34, 300
34, 365
34, 369
34, 452
34, 459
34, 476
37, 1
37, 2
37, 3
37, 35
37, 46
37, 58
37, 61
37, 64
37, 65
37, 67
37, 70
37, 77
37, 78
37, 80
37, 97
37, 98
37, 102
37, 105
37, 108
37, 118
37, 120
40, 14
40, 151
40, 226
40, 288
40, 341
40, 379
49, 7
49, 38
49, 41
49, 54
49, 86
49, 106
49, 115
49, 127
49, 128
49, 167
49, 171
49, 173
49, 176
49, 199
49, 222
49, 251
49, 254
49, 303
49, 316
49, 318
49, 332
50, 7
50, 38
50, 41
50, 54
50, 86
50, 106
50, 115
50, 127
50, 128
50, 167
50, 171
50, 173
50, 176
50, 199
50, 222
50, 251
50, 254
50, 303
50, 316
50, 318
50, 332
52, 416
53, 57
53, 139
53, 155
53, 162
53, 177
53, 250
53, 264
53, 300
53, 365
53, 369
53, 452
53, 459
53, 476
55, 57
55, 139
55, 155
55, 162
55, 177
55, 250
55, 264
55, 300
55, 365
55, 369
55, 452
55, 459
55, 476
56, 5
56, 11
56, 13
56, 15
56, 17
56, 28
56, 29
56, 30
56, 33
56, 45
56, 74
56, 89
56, 109
56, 113
56, 116
56, 134
56, 140
56, 145
56, 168
56, 179
56, 187
59, 11
59, 18
59, 39
59, 45
59, 51
59, 60
59, 74
59, 95
59, 109
59, 136
59, 137
59, 189
59, 213
59, 216
59, 218
59, 233
59, 255
59, 295
59, 297
59, 327
59, 339
62, 51
63, 11
63, 18
63, 39
63, 44
63, 45
63, 51
63, 60
63, 74
63, 95
63, 109
63, 136
63, 137
63, 189
63, 213
63, 216
63, 218
63, 233
63, 255
63, 295
63, 297
63, 327
66, 11
66, 18
66, 39
66, 45
66, 51
66, 60
66, 74
66, 95
66, 109
66, 136
66, 137
66, 189
66, 213
66, 216
66, 218
66, 233
66, 255
66, 295
66, 297
66, 327
66, 339
69, 11
69, 18
69, 39
69, 45
69, 51
69, 60
69, 74
69, 95
69, 109
69, 136
69, 137
69, 189
69, 213
69, 216
69, 218
69, 233
69, 255
69, 295
69, 297
69, 327
69, 339
71, 257
73, 57
73, 139
73, 155
73, 162
73, 177
73, 250
73, 264
73, 300
73, 365
73, 369
73, 452
73, 459
73, 476
75, 416
76, 416
79, 1
79, 2
79, 3
79, 35
79, 46
79, 58
79, 61
79, 64
79, 65
79, 67
79, 70
79, 77
79, 78
79, 80
79, 97
79, 98
79, 102
79, 105
79, 108
79, 118
79, 120
81, 5
81, 8
81, 13
81, 19
81, 29
81, 72
81, 85
81, 100
81, 113
81, 116
81, 140
81, 187
81, 194
81, 198
81, 205
81, 221
81, 230
81, 246
81, 249
81, 259
81, 268
82, 14
82, 151
82, 226
82, 288
82, 379
83, 6
83, 43
83, 90
83, 214
83, 319
83, 352
84, 416
87, 225
87, 290
87, 378
87, 416
88, 11
88, 18
88, 39
88, 45
88, 51
88, 60
88, 74
88, 95
88, 109
88, 136
88, 137
88, 189
88, 213
88, 216
88, 218
88, 233
88, 255
88, 295
88, 297
88, 327
88, 339
91, 1
91, 2
91, 3
91, 35
91, 46
91, 58
91, 61
91, 64
91, 65
91, 67
91, 70
91, 77
91, 78
91, 80
91, 97
91, 102
91, 105
91, 108
91, 118
91, 120
91, 133
92, 111
93, 17
93, 21
93, 89
93, 119
93, 126
93, 131
93, 152
93, 174
93, 192
93, 229
93, 239
93, 243
93, 247
93, 260
93, 348
93, 455
94, 443
96, 11
96, 45
96, 51
96, 95
96, 218
96, 233
96, 255
96, 295
96, 297
96, 327
96, 339
96, 373
96, 377
96, 417
99, 11
99, 18
99, 39
99, 45
99, 51
99, 60
99, 74
99, 95
99, 109
99, 136
99, 137
99, 189
99, 213
99, 216
99, 218
99, 233
99, 255
99, 295
99, 297
99, 327
99, 339
101, 9
101, 15
101, 17
101, 21
101, 28
101, 89
101, 119
101, 126
101, 130
101, 131
101, 134
101, 145
101, 152
101, 168
101, 174
101, 192
101, 211
101, 217
101, 229
101, 234
101, 239
103, 4
103, 16
103, 306
103, 416
104, 5
104, 8
104, 13
104, 19
104, 30
104, 46
104, 57
104, 58
104, 64
104, 65
104, 70
104, 72
104, 85
104, 113
104, 116
104, 139
104, 140
104, 162
104, 177
104, 179
104, 187
107, 57
107, 139
107, 155
107, 162
107, 177
107, 250
107, 264
107, 300
107, 365
107, 369
107, 452
107, 459
107, 476
110, 5
110, 8
110, 13
110, 19
110, 29
110, 72
110, 85
110, 100
110, 113
110, 116
110, 140
110, 187
110, 194
110, 198
110, 205
110, 221
110, 230
110, 246
110, 249
110, 259
110, 268
112, 11
112, 18
112, 39
112, 45
112, 51
112, 60
112, 74
112, 95
112, 109
112, 124
112, 136
112, 137
112, 189
112, 213
112, 216
112, 218
112, 233
112, 242
112, 255
112, 295
112, 297
114, 57
114, 139
114, 155
114, 162
114, 177
114, 250
114, 264
114, 300
114, 365
114, 369
114, 452
114, 459
114, 476
117, 11
117, 18
117, 39
117, 45
117, 51
117, 60
117, 74
117, 95
117, 109
117, 124
117, 136
117, 137
117, 189
117, 213
117, 216
117, 218
117, 233
117, 242
117, 255
117, 295
117, 297
121, 6
121, 43
121, 90
121, 214
121, 319
121, 352
122, 6
122, 43
122, 90
122, 214
122, 319
122, 352
123, 1
123, 2
123, 3
123, 35
123, 46
123, 58
123, 61
123, 64
123, 65
123, 67
123, 70
123, 77
123, 78
123, 80
123, 97
123, 98
123, 102
123, 105
123, 108
123, 118
123, 120
125, 1
125, 2
125, 3
125, 35
125, 46
125, 58
125, 61
125, 64
125, 70
125, 77
125, 80
125, 98
125, 102
125, 108
125, 118
125, 120
125, 143
125, 146
125, 150
125, 188
125, 200
129, 6
129, 43
129, 90
129, 214
129, 319
129, 352
132, 9
132, 10
132, 12
132, 15
132, 17
132, 20
132, 21
132, 28
132, 47
132, 89
132, 119
132, 124
132, 126
132, 131
132, 134
132, 142
132, 145
132, 152
132, 168
132, 170
132, 174
135, 57
135, 139
135, 155
135, 162
135, 177
135, 250
135, 264
135, 300
135, 365
135, 369
135, 452
135, 459
135, 476
138, 10
138, 12
138, 20
138, 47
138, 124
138, 142
138, 170
138, 208
138, 242
138, 252
138, 294
138, 298
138, 307
138, 323
138, 374
138, 385
138, 394
138, 396
138, 406
138, 454
138, 463
144, 5
144, 8
144, 13
144, 19
144, 29
144, 72
144, 85
144, 100
144, 113
144, 116
144, 140
144, 187
144, 194
144, 198
144, 205
144, 221
144, 230
144, 246
144, 249
144, 259
144, 268
147, 11
147, 18
147, 39
147, 45
147, 51
147, 60
147, 74
147, 95
147, 109
147, 136
147, 137
147, 189
147, 213
147, 216
147, 218
147, 233
147, 255
147, 295
147, 297
147, 327
147, 339
148, 1
148, 2
148, 3
148, 5
148, 6
148, 13
148, 29
148, 35
148, 38
148, 39
148, 42
148, 43
148, 44
148, 54
148, 61
148, 80
148, 90
148, 102
148, 106
148, 108
148, 113
149, 6
149, 43
149, 90
149, 214
149, 319
149, 352
153, 19
153, 30
153, 48
153, 100
153, 179
153, 231
153, 232
153, 246
153, 274
153, 282
153, 328
153, 351
153, 376
153, 450
154, 220
156, 9
156, 15
156, 17
156, 21
156, 28
156, 89
156, 119
156, 124
156, 126
156, 130
156, 131
156, 134
156, 145
156, 152
156, 168
156, 170
156, 174
156, 192
156, 211
156, 217
156, 229
157, 11
157, 18
157, 39
157, 45
157, 51
157, 60
157, 74
157, 95
157, 109
157, 136
157, 137
157, 189
157, 213
157, 216
157, 218
157, 233
157, 255
157, 295
157, 297
157, 327
157, 339
158, 317
159, 33
159, 42
159, 44
159, 240
159, 443
161, 57
161, 139
161, 155
161, 162
161, 177
161, 250
161, 264
161, 300
161, 365
161, 369
161, 452
161, 459
161, 476
163, 1
163, 2
163, 3
163, 35
163, 46
163, 58
163, 61
163, 64
163, 65
163, 67
163, 70
163, 77
163, 78
163, 80
163, 97
163, 102
163, 105
163, 108
163, 118
163, 120
163, 133
164, 57
164, 139
164, 155
164, 162
164, 177
164, 250
164, 264
164, 300
164, 365
164, 369
164, 452
164, 459
164, 476
165, 1
165, 2
165, 3
165, 35
165, 46
165, 58
165, 61
165, 64
165, 65
165, 67
165, 70
165, 77
165, 78
165, 80
165, 97
165, 98
165, 102
165, 105
165, 108
165, 118
165, 120
166, 11
166, 18
166, 39
166, 45
166, 51
166, 60
166, 74
166, 95
166, 109
166, 136
166, 137
166, 189
166, 213
166, 216
166, 218
166, 233
166, 255
166, 295
166, 297
166, 327
166, 339
169, 416
172, 6
172, 43
172, 90
172, 214
172, 319
172, 352
175, 1
175, 2
175, 3
175, 6
175, 8
175, 9
175, 10
175, 11
175, 15
175, 17
175, 19
175, 20
175, 21
175, 33
175, 35
175, 39
175, 41
175, 42
175, 43
175, 44
175, 45
178, 11
178, 18
178, 39
178, 44
178, 45
178, 51
178, 60
178, 74
178, 95
178, 109
178, 136
178, 137
178, 189
178, 213
178, 216
178, 218
178, 233
178, 255
178, 295
178, 297
178, 327
180, 11
180, 18
180, 39
180, 45
180, 51
180, 60
180, 74
180, 95
180, 109
180, 136
180, 137
180, 189
180, 213
180, 216
180, 218
180, 233
180, 255
180, 295
180, 297
180, 327
180, 339
181, 3
181, 46
181, 58
181, 70
181, 77
181, 120
181, 200
181, 265
181, 272
181, 279
181, 286
181, 291
181, 345
181, 440
181, 441
181, 468
182, 11
182, 18
182, 39
182, 45
182, 51
182, 60
182, 74
182, 95
182, 109
182, 136
182, 137
182, 189
182, 213
182, 216
182, 218
182, 233
182, 255
182, 295
182, 297
182, 327
182, 339
184, 57
184, 139
184, 155
184, 162
184, 177
184, 250
184, 264
184, 300
184, 365
184, 369
184, 452
184, 459
184, 476
185, 6
185, 43
185, 90
185, 214
185, 319
185, 352
186, 7
186, 38
186, 41
186, 42
186, 44
186, 54
186, 86
186, 106
186, 115
186, 127
186, 128
186, 167
186, 171
186, 173
186, 176
186, 199
186, 222
186, 251
186, 254
186, 303
186, 316
190, 70
190, 188
190, 245
190, 293
190, 338
190, 345
190, 381
190, 434
191, 57
191, 139
191, 155
191, 162
191, 177
191, 250
191, 264
191, 300
191, 365
191, 369
191, 452
191, 459
191, 476
193, 57
193, 139
193, 155
193, 162
193, 177
193, 250
193, 264
193, 300
193, 365
193, 369
193, 452
193, 459
193, 476
195, 9
195, 15
195, 17
195, 21
195, 28
195, 89
195, 119
195, 126
195, 130
195, 131
195, 134
195, 145
195, 152
195, 168
195, 174
195, 192
195, 211
195, 217
195, 229
195, 234
195, 239
196, 9
196, 15
196, 17
196, 21
196, 28
196, 89
196, 119
196, 126
196, 130
196, 131
196, 134
196, 145
196, 152
196, 168
196, 174
196, 192
196, 211
196, 217
196, 229
196, 234
196, 239
197, 11
197, 18
197, 39
197, 44
197, 45
197, 51
197, 60
197, 74
197, 95
197, 109
197, 136
197, 137
197, 189
197, 213
197, 216
197, 218
197, 233
197, 255
197, 295
197, 297
197, 327
203, 33
203, 42
203, 60
203, 240
203, 347
203, 443
207, 57
207, 139
207, 155
207, 162
207, 177
207, 250
207, 264
207, 300
207, 365
207, 369
207, 452
207, 459
207, 476
210, 57
210, 139
210, 155
210, 162
210, 177
210, 250
210, 264
210, 300
210, 365
210, 369
210, 452
210, 459
210, 476
212, 1
212, 2
212, 3
212, 5
212, 8
212, 13
212, 15
212, 19
212, 26
212, 35
212, 39
212, 42
212, 44
212, 46
212, 58
212, 60
212, 61
212, 64
212, 68
212, 70
212, 72
215, 57
215, 139
215, 155
215, 162
215, 177
215, 250
215, 264
215, 300
215, 365
215, 369
215, 452
215, 459
215, 476
224, 6
224, 43
224, 90
224, 214
224, 319
224, 352
227, 10
227, 12
227, 20
227, 47
227, 124
227, 142
227, 170
227, 208
227, 242
227, 252
227, 294
227, 298
227, 307
227, 323
227, 374
227, 385
227, 394
227, 396
227, 406
227, 454
227, 463
228, 5
228, 8
228, 13
228, 19
228, 29
228, 72
228, 85
228, 100
228, 113
228, 116
228, 140
228, 187
228, 194
228, 198
228, 205
228, 221
228, 230
228, 246
228, 249
228, 259
228, 268
235, 57
235, 139
235, 155
235, 162
235, 177
235, 250
235, 264
235, 300
235, 365
235, 369
235, 452
235, 459
235, 476
236, 11
236, 18
236, 39
236, 45
236, 51
236, 60
236, 74
236, 95
236, 109
236, 136
236, 137
236, 189
236, 213
236, 216
236, 218
236, 233
236, 255
236, 295
236, 297
236, 327
236, 339
238, 18
238, 39
238, 45
238, 51
238, 60
238, 74
238, 95
238, 109
238, 136
238, 137
238, 189
238, 213
238, 216
238, 218
238, 233
238, 255
238, 295
238, 297
238, 327
238, 339
238, 347
241, 469
248, 6
248, 43
248, 90
248, 214
248, 319
248, 352
258, 256
258, 448
258, 451
261, 416
262, 18
262, 51
262, 60
262, 74
262, 95
262, 109
262, 136
262, 137
262, 189
262, 213
262, 216
262, 218
262, 233
262, 255
262, 295
262, 297
262, 327
262, 339
262, 347
262, 362
262, 367
263, 141
266, 35
266, 61
266, 108
266, 143
266, 146
266, 219
267, 7
267, 14
267, 38
267, 41
267, 54
267, 86
267, 106
267, 115
267, 127
267, 128
267, 167
267, 171
267, 173
267, 176
267, 199
267, 222
267, 251
267, 254
267, 303
267, 316
267, 318
269, 6
269, 43
269, 90
269, 214
269, 319
269, 352
270, 18
270, 60
270, 74
270, 95
270, 109
270, 136
270, 137
270, 189
270, 213
270, 216
270, 218
270, 233
270, 255
270, 295
270, 297
270, 327
270, 339
270, 347
270, 362
270, 367
270, 373
271, 57
271, 139
271, 155
271, 162
271, 177
271, 250
271, 264
271, 300
271, 365
271, 369
271, 452
271, 459
271, 476
273, 18
273, 33
273, 36
273, 42
273, 44
273, 74
273, 95
273, 106
273, 109
273, 124
273, 136
273, 137
273, 167
273, 170
273, 189
273, 213
273, 216
273, 218
273, 233
273, 240
273, 242
275, 57
275, 139
275, 155
275, 162
275, 177
275, 250
275, 264
275, 300
275, 365
275, 369
275, 452
275, 459
275, 476
276, 7
276, 38
276, 41
276, 54
276, 86
276, 106
276, 115
276, 127
276, 128
276, 167
276, 171
276, 173
276, 176
276, 199
276, 222
276, 251
276, 254
276, 303
276, 316
276, 318
276, 332
277, 33
277, 42
277, 44
277, 240
277, 251
277, 341
277, 347
277, 443
277, 479
278, 256
278, 444
278, 448
278, 451
280, 205
280, 268
280, 395
283, 9
283, 15
283, 17
283, 21
283, 28
283, 89
283, 119
283, 126
283, 130
283, 131
283, 134
283, 145
283, 152
283, 168
283, 174
283, 192
283, 211
283, 217
283, 229
283, 234
283, 239
284, 2
284, 3
284, 80
284, 120
284, 219
284, 223
284, 265
284, 272
284, 430
284, 440
284, 441
285, 136
285, 137
285, 189
285, 213
285, 216
285, 255
285, 295
285, 297
285, 327
285, 339
285, 347
285, 362
285, 367
285, 373
285, 377
285, 399
285, 417
287, 5
287, 8
287, 13
287, 19
287, 29
287, 72
287, 85
287, 100
287, 113
287, 116
287, 140
287, 187
287, 194
287, 198
287, 205
287, 221
287, 230
287, 246
287, 249
287, 259
287, 268
292, 46
292, 58
292, 279
299, 327
299, 339
299, 347
299, 362
299, 367
299, 373
299, 377
299, 399
299, 417
301, 155
301, 250
301, 264
301, 300
301, 365
301, 369
301, 452
301, 459
301, 476
302, 5
302, 8
302, 13
302, 19
302, 29
302, 72
302, 85
302, 100
302, 113
302, 116
302, 140
302, 187
302, 194
302, 198
302, 205
302, 221
302, 230
302, 246
302, 249
302, 259
302, 268
305, 469
308, 1
308, 2
308, 35
308, 61
308, 80
308, 108
308, 118
308, 143
308, 146
308, 202
308, 209
308, 219
308, 223
308, 237
308, 272
308, 304
308, 312
308, 440
308, 441
308, 442
309, 19
309, 72
309, 187
309, 246
309, 249
309, 259
309, 274
309, 282
309, 314
309, 320
309, 351
309, 376
309, 397
311, 327
311, 339
311, 347
311, 362
311, 367
311, 373
311, 377
311, 399
311, 417
313, 217
313, 306
313, 416
321, 6
321, 43
321, 90
321, 214
321, 319
321, 352
322, 225
322, 306
322, 416
324, 1
324, 2
324, 3
324, 5
324, 6
324, 8
324, 13
324, 15
324, 17
324, 19
324, 21
324, 28
324, 35
324, 38
324, 42
324, 44
324, 46
324, 54
324, 58
324, 61
324, 64
325, 339
325, 347
325, 362
325, 367
325, 373
325, 377
325, 399
325, 417
326, 7
326, 38
326, 41
326, 54
326, 86
326, 106
326, 115
326, 127
326, 128
326, 167
326, 171
326, 173
326, 176
326, 199
326, 222
326, 251
326, 254
326, 303
326, 316
326, 318
326, 332
329, 339
329, 347
329, 362
329, 367
329, 373
329, 377
329, 399
329, 417
330, 68
330, 232
330, 450
331, 6
331, 43
331, 90
331, 214
331, 319
331, 352
334, 9
334, 15
334, 17
334, 21
334, 28
334, 89
334, 119
334, 126
334, 130
334, 131
334, 134
334, 145
334, 152
334, 168
334, 174
334, 192
334, 211
334, 217
334, 229
334, 234
334, 239
336, 19
336, 187
336, 194
336, 246
336, 249
336, 259
336, 274
336, 282
336, 314
336, 320
336, 351
336, 376
336, 397
337, 6
337, 43
337, 90
337, 102
337, 204
337, 214
337, 319
337, 352
340, 339
340, 347
340, 362
340, 367
340, 373
340, 377
340, 399
340, 417
342, 250
342, 264
342, 300
342, 365
342, 369
342, 452
342, 459
342, 476
343, 416
346, 5
346, 9
346, 10
346, 12
346, 13
346, 15
346, 17
346, 20
346, 21
346, 28
346, 29
346, 47
346, 89
346, 113
346, 116
346, 119
346, 124
346, 126
346, 131
346, 134
346, 142
349, 347
349, 362
349, 367
349, 373
349, 377
349, 399
349, 417
350, 13
350, 140
350, 198
350, 205
350, 230
350, 268
350, 372
350, 395
350, 398
350, 425
350, 458
353, 5
353, 8
353, 9
353, 13
353, 17
353, 19
353, 21
353, 29
353, 72
353, 85
353, 100
353, 113
353, 116
353, 119
353, 124
353, 126
353, 130
353, 131
353, 140
353, 152
353, 170
357, 416
358, 19
358, 68
358, 100
358, 187
358, 194
358, 220
358, 232
358, 246
358, 249
358, 259
358, 274
358, 282
358, 310
358, 314
358, 320
358, 351
358, 376
358, 382
358, 384
358, 397
358, 450
359, 347
359, 362
359, 367
359, 373
359, 377
359, 399
359, 417
360, 14
360, 151
360, 226
360, 288
360, 379
361, 1
361, 2
361, 3
361, 35
361, 46
361, 58
361, 61
361, 64
361, 65
361, 67
361, 70
361, 77
361, 78
361, 80
361, 97
361, 98
361, 102
361, 105
361, 108
361, 118
361, 120
364, 48
366, 14
366, 151
366, 226
366, 288
366, 379
368, 7
368, 38
368, 41
368, 44
368, 54
368, 86
368, 106
368, 115
368, 127
368, 128
368, 167
368, 171
368, 173
368, 176
368, 199
368, 222
368, 251
368, 254
368, 303
368, 316
368, 318
370, 416
371, 6
371, 43
371, 90
371, 214
371, 319
371, 352
375, 306
375, 416
383, 33
383, 36
383, 42
383, 44
383, 106
383, 124
383, 167
383, 170
383, 240
383, 242
383, 252
383, 254
383, 294
383, 303
383, 307
383, 323
383, 347
383, 355
383, 362
383, 367
383, 373
387, 9
387, 15
387, 17
387, 21
387, 28
387, 89
387, 119
387, 126
387, 130
387, 131
387, 134
387, 145
387, 152
387, 168
387, 174
387, 192
387, 211
387, 217
387, 229
387, 234
387, 239
389, 10
389, 12
389, 15
389, 17
389, 20
389, 21
389, 28
389, 47
389, 89
389, 119
389, 124
389, 126
389, 131
389, 134
389, 142
389, 145
389, 152
389, 168
389, 170
389, 174
389, 208
390, 188
390, 293
390, 338
391, 1
391, 2
391, 3
391, 6
391, 14
391, 35
391, 46
391, 58
391, 61
391, 64
391, 65
391, 67
391, 70
391, 77
391, 78
391, 80
391, 90
391, 98
391, 102
391, 108
391, 118
400, 6
400, 43
400, 90
400, 214
400, 319
400, 352
401, 306
401, 416
402, 347
402, 362
402, 367
402, 373
402, 377
402, 399
402, 417
403, 8
403, 19
403, 72
403, 187
403, 198
403, 246
403, 249
403, 259
403, 274
403, 282
403, 314
403, 320
403, 351
403, 376
403, 397
404, 124
404, 242
404, 323
404, 347
404, 362
404, 367
404, 373
404, 377
404, 399
404, 417
404, 471
405, 5
405, 8
405, 13
405, 19
405, 29
405, 72
405, 85
405, 100
405, 113
405, 116
405, 140
405, 187
405, 194
405, 198
405, 205
405, 221
405, 230
405, 246
405, 249
405, 259
405, 268
408, 347
408, 362
408, 367
408, 373
408, 377
408, 399
408, 417
410, 64
410, 65
410, 67
410, 78
410, 97
410, 105
410, 115
410, 141
410, 160
410, 176
410, 183
410, 188
410, 199
410, 201
410, 214
410, 222
410, 245
410, 253
410, 256
410, 289
410, 293
411, 7
411, 33
411, 41
411, 42
411, 44
411, 86
411, 115
411, 127
411, 171
411, 176
411, 199
411, 222
411, 240
411, 251
411, 316
411, 318
411, 332
411, 341
411, 392
411, 424
411, 443
412, 1
412, 2
412, 3
412, 35
412, 46
412, 58
412, 61
412, 64
412, 65
412, 67
412, 70
412, 77
412, 78
412, 80
412, 97
412, 98
412, 102
412, 105
412, 108
412, 118
412, 120
414, 26
414, 30
414, 68
414, 111
414, 179
414, 220
414, 225
414, 231
414, 232
414, 290
414, 310
414, 328
414, 335
414, 378
414, 382
414, 384
414, 419
414, 437
415, 2
415, 3
415, 5
415, 13
415, 29
415, 46
415, 58
415, 64
415, 70
415, 77
415, 80
415, 113
415, 116
415, 120
415, 140
415, 143
415, 187
415, 188
415, 198
415, 200
415, 205
422, 5
422, 8
422, 9
422, 13
422, 19
422, 21
422, 29
422, 72
422, 85
422, 100
422, 113
422, 116
422, 119
422, 124
422, 126
422, 130
422, 131
422, 140
422, 152
422, 170
422, 174
423, 7
423, 14
423, 33
423, 42
423, 44
423, 86
423, 115
423, 127
423, 171
423, 176
423, 199
423, 222
423, 240
423, 251
423, 316
423, 318
423, 332
423, 347
423, 392
423, 424
423, 443
426, 43
426, 90
426, 214
426, 319
426, 352
427, 1
427, 2
427, 3
427, 35
427, 46
427, 58
427, 61
427, 64
427, 65
427, 67
427, 70
427, 77
427, 78
427, 80
427, 97
427, 98
427, 102
427, 105
427, 108
427, 118
427, 120
428, 9
428, 15
428, 17
428, 21
428, 28
428, 89
428, 119
428, 126
428, 130
428, 131
428, 134
428, 145
428, 152
428, 168
428, 174
428, 192
428, 211
428, 217
428, 229
428, 234
428, 239
429, 44
429, 347
429, 362
429, 367
429, 373
429, 377
429, 399
429, 417
431, 17
431, 21
431, 89
431, 119
431, 126
431, 131
431, 134
431, 152
431, 174
431, 192
431, 229
431, 239
431, 243
431, 244
431, 247
431, 260
431, 348
431, 354
431, 455
435, 289
435, 317
438, 416
439, 48
439, 450
445, 43
445, 90
445, 102
445, 204
445, 214
445, 319
445, 352
446, 33
446, 42
446, 44
446, 240
446, 443
447, 33
447, 42
447, 44
447, 240
447, 443
449, 97
449, 105
449, 201
449, 296
453, 145
453, 217
453, 306
453, 416
461, 42
461, 44
461, 124
461, 170
461, 242
461, 252
461, 294
461, 323
461, 347
461, 362
461, 367
461, 373
461, 377
461, 399
461, 417
461, 443
461, 471
462, 43
462, 90
462, 214
462, 319
462, 352
464, 9
464, 15
464, 17
464, 21
464, 28
464, 89
464, 119
464, 126
464, 130
464, 131
464, 134
464, 145
464, 152
464, 168
464, 174
464, 192
464, 211
464, 217
464, 229
464, 234
464, 239
465, 306
465, 416
467, 5
467, 8
467, 29
467, 72
467, 85
467, 100
467, 113
467, 116
467, 140
467, 187
467, 194
467, 198
467, 205
467, 221
467, 230
467, 246
467, 249
467, 259
467, 268
467, 274
467, 282
472, 8
472, 29
472, 72
472, 85
472, 100
472, 113
472, 116
472, 140
472, 187
472, 194
472, 198
472, 205
472, 221
472, 230
472, 246
472, 249
472, 259
472, 268
472, 274
472, 282
472, 314
474, 90
474, 214
474, 319
474, 352
475, 347
475, 362
475, 367
475, 373
475, 377
475, 399
475, 417
477, 257
478, 362
478, 367
478, 373
478, 377
478, 399
478, 417
end