200
4
0, 0.01839374455923859, 0.40466590083802534
1, 0.6861918716471719, 0.27034638944216083
2, 0.5884363158911036, 0.521528557056225
3, 0.24267865272304057, 0.18169631761246297
4, 0.6393843147827328, 0.4459968134197879
5, 0.31630162047504506, 0.8961774468200633
6, 0.4729842550975506, 0.9513402318673986
7, 0.20083209253682255, 0.9057608940954199
8, 0.4828643701445835, 0.4954259406097832
9, 0.5928678937682543, 0.63493376257497
10, 0.4532646116217589, 0.10269201304644704
11, 0.5970617377529914, 0.874557010288194
12, 0.9551650704889056, 0.22679655702238
13, 0.029390421559317592, 0.2946695510943329
14, 0.4659987269301855, 0.20728808360462547
15, 0.9596734806030357, 0.5868346008201448
16, 0.6400188491697691, 0.9094507944979491
17, 0.8106653791844645, 0.5319097808295666
18, 0.7965298658745243, 0.5756459908829847
19, 0.4790486985046276, 0.32238071405019864
20, 0.31910322986743866, 0.31503692352148505
21, 0.29329569297332314, 0.6171745216148486
22, 0.7142152374985735, 0.2179809006294755
23, 0.8295763507553693, 0.200602143590223
24, 0.1374567667525861, 0.31024890382685644
25, 0.517187839124992, 0.013853499585255946
26, 0.7719340450393446, 0.4429992033287823
27, 0.6742742990882968, 0.06759072318001713
28, 0.9033993060861364, 0.7227775915182068
29, 0.632716546412631, 0.9897385373943862
30, 0.640501512444233, 0.93637839572125
31, 0.9483044100546872, 0.06808876504865735
32, 0.7715794534370289, 0.16828684054290688
33, 0.4784446219129359, 0.8202408026594247
34, 0.16582805712919757, 0.16467311563453002
35, 0.3240589984957265, 0.5529527431055035
36, 0.38462376706476054, 0.7878902091871383
37, 0.7747286078650313, 0.8048969530119995
38, 0.019094011147684498, 0.19896890138175705
39, 0.38940711759539237, 0.17090656761634104
40, 0.8437581687415295, 0.15201107511941692
41, 0.5248555632844607, 0.31016006946492625
42, 0.3327235041300852, 0.13656348906709925
43, 0.6361556666581556, 0.1374562371289919
44, 0.8105839847234041, 0.04060632889618476
45, 0.9180025523714745, 0.7417840048783741
46, 0.7891603797602971, 0.33819559291006684
47, 0.8421927569177377, 0.8966854515231967
48, 0.4228205872983044, 0.37717516638690207
49, 0.580824545363842, 0.8269917719495273
50, 0.458085341395688, 0.36137976792239745
51, 0.49089402530447224, 0.7630840746078167
52, 0.5761231850109497, 0.5132593001589751
53, 0.35707650946275105, 0.29986711187462567
54, 0.16517704040724068, 0.656437308702113
55, 0.6912225500662491, 0.6930284963130869
56, 0.3811565845193009, 0.4583808515801754
57, 0.36720590438350686, 0.8104798719660495
58, 0.013099401038919156, 0.09307916884270528
59, 0.07040861139456678, 0.5768299254850672
60, 0.5359957864152476, 0.37852797504319147
61, 0.7728956139849539, 0.5005104796489567
62, 0.7379114919095222, 0.04689759782423064
63, 0.6340840176467356, 0.4105173859617567
64, 0.825658310521817, 0.9280578716600869
65, 0.24680232871722363, 0.2575241202921955
66, 0.5526487276017213, 0.23232470212800482
67, 0.03523939118786079, 0.238705613758891
68, 0.8785921544549772, 0.46024687632340344
69, 0.11533726236591413, 0.5645771288365176
70, 0.9790032340925581, 0.7288493824066392
71, 0.0963212767845264, 0.45396917605144393
72, 0.5540836149935336, 0.5013512795166931
73, 0.7778905344970048, 0.2623687482123571
74, 0.24518047748179128, 0.5827884302507391
75, 0.6478560861600351, 0.22687764507601582
76, 0.9693592241188129, 0.8838195122456775
77, 0.2061348549320864, 0.10659049628073525
78, 0.7901930336198806, 0.3395017183082637
79, 0.9706647512103399, 0.7636155990626209
80, 0.10688043453492246, 0.5214821189875162
81, 0.23732912415670693, 0.4027892620167637
82, 0.25582639024422227, 0.559418873970996
83, 0.1665164640303899, 0.797542506329717
84, 0.13041738814609705, 0.5325664763490151
85, 0.33434865632267396, 0.8273114279950432
86, 0.878295545275293, 0.7682904061873568
87, 0.9436913321920158, 0.6470039781394066
88, 0.8955172696106873, 0.33979785670557017
89, 0.6667438687540277, 0.46325412199328064
90, 0.4396788394811679, 0.7475924380985411
91, 0.1579147232915259, 0.7579229641529046
92, 0.44594636505338536, 0.9733880399676229
93, 0.8653190603270521, 0.19123299165255225
94, 0.8622331616540171, 0.7830592453752999
95, 0.849555229635276, 0.3945385282014019
96, 0.5952974787864613, 0.39275669173266115
97, 0.6770426425727788, 0.3432492412045308
98, 0.16542913864704767, 0.8161891339301224
99, 0.6411456859579221, 0.19097393751163316
100, 0.7992810646959575, 0.34860717074613434
101, 0.6573711976701092, 0.8420434503103504
102, 0.25152429013023503, 0.6504116245011679
103, 0.6369451622852382, 0.048729603020829626
104, 0.794477474656992, 0.986708301681503
105, 0.24654403426645832, 0.03016408231874923
106, 0.7229383277889839, 0.621731689734246
107, 0.27735685003244315, 0.6577311084357242
108, 0.7361778015466, 0.9910125058506771
109, 0.09776819548376925, 0.7970292056883477
110, 0.12650928848923537, 0.9076094177656772
111, 0.37871634804159116, 0.8559117972404752
112, 0.6316727896799654, 0.9556346402144871
113, 0.06665793768455064, 0.8289841322319426
114, 0.7123416460278733, 0.6475866103451888
115, 0.110682752263638, 0.5896807571150041
116, 0.9736350005569664, 0.8942596697974717
117, 0.4897042240066011, 0.23499181334627395
118, 0.6068153604857004, 0.5648557498384175
119, 0.4844098457557978, 0.5265315458097846
120, 0.130009591601852, 0.10390968124209321
121, 0.6623705733937654, 0.6813058211786563
122, 0.7068805547184528, 0.2237654326883768
123, 0.11941140218227075, 0.6624239150817182
124, 0.05436601091605697, 0.28392985243318125
125, 0.7907092190380309, 0.27995513711103304
126, 0.2818342805205788, 0.6939657504993235
127, 0.3037366287581843, 0.4195397746952523
128, 0.3984876106046974, 0.5017941855642483
129, 0.8695414949335356, 0.310415337700251
130, 0.22913370949315437, 0.08757847613171288
131, 0.16637611770312466, 0.5562737527495396
132, 0.6880034748689972, 0.2623459737321575
133, 0.0301775115855899, 0.2577044102741338
134, 0.22251085801131487, 0.7085338361344782
135, 0.602097889732191, 0.6822941478380137
136, 0.04772584688758119, 0.055490027439631606
137, 0.7182753186789139, 0.36833921054200636
138, 0.9797353318481604, 0.2391153477619551
139, 0.5317044285911322, 0.4334321748086226
140, 0.5948518474087127, 0.4459282313516155
141, 0.48173633243916936, 0.676795896964687
142, 0.28739125200855076, 0.7394926330320809
143, 0.9701591926659284, 0.12260772848773283
144, 0.42022946640209324, 0.5407314690167256
145, 0.0020564675394820764, 0.40459571933758853
146, 0.042228301593556394, 0.5661188971822434
147, 0.9692148007128452, 0.27384689646931637
148, 0.34074882679040785, 0.2539860397242991
149, 0.11790534697372257, 0.1464924779159975
150, 0.31849452991246585, 0.40710247896201557
151, 0.14274856962229288, 0.6415720111285863
152, 0.447734737461555, 0.5178980713864044
153, 0.9663357797856463, 0.18871589127610544
154, 0.3770295796054314, 0.5394631702345293
155, 0.6812277988410802, 0.8218095402862051
156, 0.7683783178221884, 0.5868608198121974
157, 0.05506900857322161, 0.14419128689196614
158, 0.4203019125754138, 0.3255513543130587
159, 0.3384138087089673, 0.6608772504528619
160, 0.39522275019591746, 0.43030696803642743
161, 0.6702053029864155, 0.1960085597616794
162, 0.9231684674517399, 0.34927060125468856
163, 0.7602009320938324, 0.25834289012650247
164, 0.5188253840885465, 0.14785103656499288
165, 0.18754396705133025, 0.3276598380855076
166, 0.7342192848043511, 0.5541110595699893
167, 0.3441997972841282, 0.9164756691357931
168, 0.49207033686599255, 0.9077855217792001
169, 0.871043496352717, 0.9838697771909485
170, 0.7455611242834793, 0.4140569793761044
171, 0.36876488009818376, 0.41678962719182777
172, 0.14672382258566163, 0.016898779085138593
173, 0.19004615735799468, 0.3695876378449696
174, 0.11196826529500048, 0.5638243501266921
175, 0.07724602291666682, 0.20089784571660574
176, 0.11910352801782764, 0.48835197536792985
177, 0.6289507886965588, 0.1432308880970815
178, 0.73386168621066, 0.9603916661573368
179, 0.5730537805282452, 0.7308514899957325
180, 0.8992603487633891, 0.3924814580464451
181, 0.6209562277428964, 0.2506245722595214
182, 0.7741189810040504, 0.7656687819114499
183, 0.5434504629876501, 0.35283548935901987
184, 0.9221415030453451, 0.6242342578793013
185, 0.9129084708036653, 0.8717321293272093
186, 0.0487970988032016, 0.5420292825150502
187, 0.019330517831440908, 0.9087195863180044
188, 0.746918182931555, 0.23600994604460346
189, 0.7529547123784669, 0.36814007185623887
190, 0.5726809077844816, 0.11808127410667335
191, 0.49370957014043537, 0.25812151398286387
192, 0.04945591111530434, 0.7883346350518313
193, 0.7927698187094107, 0.11013467695138712
194, 0.0015444126896240196, 0.5203040555491659
195, 0.1775378088137971, 0.8063251639958894
196, 0.26448784383100843, 0.866284288734446
197, 0.0920446776082875, 0.5118284852514721
198, 0.07554016040843925, 0.9238562513652833
199, 0.5429475419259235, 0.6562127554820159
end_nodes
0, 1
0, 2
0, 3
0, 4
0, 5
0, 6
0, 7
0, 8
0, 9
0, 10
0, 11
0, 12
0, 13
0, 14
16, 64
16, 104
16, 169
16, 178
18, 15
19, 1
19, 12
19, 22
19, 23
19, 27
19, 31
19, 32
19, 40
19, 41
19, 43
19, 44
19, 46
19, 62
19, 66
20, 1
20, 10
20, 12
20, 14
20, 22
20, 23
20, 25
20, 27
20, 31
20, 32
20, 39
20, 40
20, 41
20, 43
21, 1
21, 2
21, 4
21, 8
21, 9
21, 12
21, 14
21, 15
21, 17
21, 22
21, 23
21, 25
21, 26
21, 27
24, 1
24, 3
24, 10
24, 12
24, 14
24, 22
24, 23
24, 25
24, 27
24, 31
24, 32
24, 34
24, 39
24, 40
30, 104
30, 108
30, 169
30, 178
33, 11
33, 28
33, 29
33, 37
33, 45
33, 47
33, 49
33, 64
33, 70
33, 76
33, 79
33, 86
33, 94
33, 101
35, 1
35, 2
35, 4
35, 8
35, 9
35, 12
35, 14
35, 15
35, 17
35, 22
35, 23
35, 25
35, 26
35, 27
36, 11
36, 15
36, 17
36, 28
36, 29
36, 37
36, 45
36, 47
36, 49
36, 51
36, 55
36, 64
36, 70
36, 76
38, 1
38, 3
38, 4
38, 5
38, 6
38, 7
38, 9
38, 10
38, 12
38, 14
38, 15
38, 17
38, 22
38, 23
48, 1
48, 12
48, 22
48, 23
48, 26
48, 27
48, 31
48, 32
48, 40
48, 41
48, 43
48, 44
48, 46
48, 50
53, 1
53, 10
53, 12
53, 14
53, 22
53, 23
53, 25
53, 27
53, 31
53, 32
53, 40
53, 43
53, 44
53, 62
54, 1
54, 2
54, 3
54, 4
54, 5
54, 6
54, 8
54, 9
54, 10
54, 11
54, 12
54, 14
54, 15
54, 17
56, 1
56, 4
56, 12
56, 15
56, 17
56, 22
56, 23
56, 26
56, 27
56, 31
56, 32
56, 40
56, 41
56, 43
57, 6
57, 11
57, 15
57, 28
57, 29
57, 37
57, 45
57, 47
57, 49
57, 51
57, 55
57, 64
57, 70
57, 76
58, 1
58, 3
58, 4
58, 5
58, 6
58, 7
58, 9
58, 10
58, 12
58, 14
58, 15
58, 17
58, 22
58, 23
59, 1
59, 2
59, 3
59, 4
59, 5
59, 6
59, 7
59, 8
59, 9
59, 10
59, 11
59, 12
59, 14
59, 15
60, 1
60, 12
60, 22
60, 23
60, 31
60, 32
60, 40
60, 44
60, 46
60, 73
60, 75
60, 78
60, 88
60, 93
65, 10
65, 14
65, 25
65, 27
65, 31
65, 39
65, 40
65, 42
65, 43
65, 44
65, 62
65, 103
65, 143
65, 164
67, 136
69, 2
69, 3
69, 4
69, 5
69, 6
69, 8
69, 9
69, 10
69, 11
69, 14
69, 15
69, 17
69, 22
69, 23
71, 2
71, 3
71, 4
71, 5
71, 6
71, 8
71, 9
71, 10
71, 14
71, 15
71, 17
71, 22
71, 23
71, 25
74, 2
74, 4
74, 8
74, 9
74, 10
74, 14
74, 15
74, 17
74, 22
74, 23
74, 25
74, 26
74, 27
74, 28
77, 105
80, 2
80, 3
80, 4
80, 5
80, 6
80, 8
80, 9
80, 10
80, 11
80, 15
80, 17
80, 25
80, 26
80, 27
81, 4
81, 10
81, 17
81, 25
81, 26
81, 27
81, 28
81, 31
81, 32
81, 39
81, 40
81, 41
81, 42
81, 43
82, 2
82, 4
82, 8
82, 9
82, 17
82, 25
82, 26
82, 27
82, 28
82, 29
82, 31
82, 32
82, 37
82, 39
83, 2
83, 3
83, 5
83, 6
83, 7
83, 8
83, 11
83, 17
83, 25
83, 26
83, 27
83, 28
83, 29
83, 31
84, 2
84, 3
84, 5
84, 6
84, 8
84, 9
84, 11
84, 25
84, 26
84, 28
84, 29
84, 31
84, 32
84, 34
85, 6
85, 11
85, 28
85, 29
85, 37
85, 45
85, 47
85, 49
85, 51
85, 55
85, 64
85, 70
85, 76
85, 79
90, 11
90, 28
90, 37
90, 45
90, 47
90, 49
90, 51
90, 55
90, 64
90, 68
90, 70
90, 76
90, 79
90, 86
91, 2
91, 3
91, 5
91, 6
91, 7
91, 8
91, 9
91, 11
91, 25
91, 26
91, 28
91, 29
91, 31
91, 32
98, 2
98, 3
98, 5
98, 6
98, 7
98, 8
98, 11
98, 26
98, 28
98, 29
98, 31
98, 32
98, 34
98, 37
102, 26
102, 28
102, 29
102, 32
102, 37
102, 39
102, 40
102, 41
102, 43
102, 44
102, 45
102, 46
102, 47
102, 49
107, 26
107, 28
107, 29
107, 32
107, 37
107, 40
107, 41
107, 43
107, 44
107, 45
107, 46
107, 47
107, 49
107, 50
109, 3
109, 5
109, 7
109, 29
109, 34
109, 37
109, 39
109, 40
109, 41
109, 42
109, 43
109, 44
109, 45
109, 46
110, 29
110, 34
110, 37
110, 39
110, 40
110, 41
110, 42
110, 43
110, 44
110, 45
110, 46
110, 47
110, 49
110, 50
111, 29
111, 37
111, 45
111, 47
111, 49
111, 64
111, 70
111, 76
111, 79
111, 86
111, 94
111, 101
111, 104
111, 108
112, 104
112, 108
113, 5
113, 7
113, 13
113, 34
113, 37
113, 39
113, 40
113, 41
113, 42
113, 43
113, 44
113, 45
113, 46
113, 47
115, 7
115, 34
115, 37
115, 39
115, 41
115, 42
115, 43
115, 44
115, 45
115, 46
115, 47
115, 49
115, 50
115, 51
118, 61
118, 68
118, 70
118, 87
118, 88
118, 95
118, 147
118, 156
118, 162
118, 166
118, 180
118, 184
119, 45
119, 46
119, 52
119, 61
119, 63
119, 68
119, 70
119, 72
119, 73
119, 78
119, 79
119, 87
119, 88
119, 89
120, 172
123, 7
123, 34
123, 39
123, 41
123, 42
123, 43
123, 44
123, 45
123, 46
123, 47
123, 49
123, 50
123, 51
123, 52
124, 42
124, 105
124, 130
124, 136
124, 157
124, 172
124, 175
126, 41
126, 44
126, 46
126, 47
126, 49
126, 51
126, 52
126, 55
126, 61
126, 62
126, 63
126, 64
126, 66
126, 68
127, 39
127, 41
127, 44
127, 46
127, 50
127, 61
127, 62
127, 63
127, 66
127, 68
127, 73
127, 75
127, 78
127, 87
128, 46
128, 52
128, 61
128, 62
128, 63
128, 66
128, 68
128, 70
128, 72
128, 73
128, 75
128, 78
128, 79
128, 86
131, 34
131, 39
131, 42
131, 47
131, 49
131, 50
131, 51
131, 52
131, 55
131, 61
131, 62
131, 63
131, 64
131, 66
134, 39
134, 42
134, 49
134, 50
134, 51
134, 52
134, 55
134, 61
134, 62
134, 63
134, 64
134, 66
134, 68
134, 70
135, 55
135, 70
135, 76
135, 79
135, 86
135, 87
135, 94
135, 106
135, 114
135, 116
135, 121
135, 182
135, 184
135, 185
139, 63
139, 68
139, 73
139, 78
139, 88
139, 89
139, 93
139, 95
139, 96
139, 97
139, 100
139, 122
139, 125
139, 129
141, 55
141, 61
141, 64
141, 68
141, 70
141, 76
141, 79
141, 86
141, 87
141, 88
141, 94
141, 95
141, 106
141, 114
142, 51
142, 52
142, 55
142, 61
142, 62
142, 63
142, 64
142, 66
142, 68
142, 70
142, 72
142, 73
142, 75
142, 76
144, 52
144, 55
144, 61
144, 62
144, 63
144, 68
144, 70
144, 72
144, 73
144, 75
144, 76
144, 78
144, 79
144, 86
145, 7
145, 34
145, 42
145, 50
145, 51
145, 52
145, 55
145, 61
145, 62
145, 63
145, 64
145, 66
145, 68
145, 72
146, 7
146, 13
146, 34
146, 42
146, 50
146, 51
146, 52
146, 55
146, 61
146, 62
146, 63
146, 64
146, 66
146, 68
148, 62
148, 99
148, 103
148, 143
148, 161
148, 164
148, 177
148, 190
148, 193
149, 172
150, 50
150, 61
150, 62
150, 63
150, 66
150, 68
150, 73
150, 75
150, 78
150, 87
150, 88
150, 89
150, 93
150, 95
151, 34
151, 42
151, 50
151, 51
151, 52
151, 55
151, 61
151, 63
151, 66
151, 72
151, 73
151, 75
151, 76
151, 78
152, 52
152, 63
152, 72
152, 73
152, 75
152, 78
152, 79
152, 87
152, 88
152, 89
152, 93
152, 95
152, 96
152, 97
154, 52
154, 66
154, 72
154, 73
154, 75
154, 76
154, 78
154, 79
154, 86
154, 87
154, 88
154, 89
154, 93
154, 94
158, 66
158, 73
158, 75
158, 78
158, 88
158, 93
158, 97
158, 99
158, 100
158, 103
158, 117
158, 122
158, 125
158, 129
159, 51
159, 52
159, 72
159, 73
159, 75
159, 76
159, 78
159, 79
159, 86
159, 87
159, 88
159, 89
159, 93
159, 94
160, 50
160, 66
160, 73
160, 75
160, 78
160, 88
160, 89
160, 93
160, 95
160, 96
160, 97
160, 99
160, 100
160, 103
165, 42
165, 50
165, 75
165, 78
165, 88
165, 93
165, 95
165, 96
165, 97
165, 99
165, 100
165, 103
165, 105
165, 117
168, 104
168, 108
168, 169
168, 178
171, 75
171, 88
171, 89
171, 93
171, 95
171, 96
171, 97
171, 99
171, 100
171, 103
171, 117
171, 122
171, 125
171, 129
173, 87
173, 88
173, 89
173, 93
173, 95
173, 96
173, 97
173, 99
173, 100
173, 103
173, 105
173, 117
173, 122
173, 125
174, 34
174, 72
174, 76
174, 79
174, 86
174, 87
174, 89
174, 92
174, 93
174, 94
174, 95
174, 96
174, 97
174, 99
176, 34
176, 72
176, 79
176, 86
176, 87
176, 89
176, 92
176, 93
176, 94
176, 95
176, 96
176, 97
176, 99
176, 100
186, 7
186, 13
186, 72
186, 86
186, 87
186, 89
186, 92
186, 93
186, 94
186, 95
186, 96
186, 97
186, 99
186, 100
187, 13
187, 72
187, 86
187, 87
187, 89
187, 92
187, 94
187, 95
187, 96
187, 97
187, 99
187, 100
187, 101
187, 103
192, 13
192, 72
192, 86
192, 89
192, 92
192, 94
192, 95
192, 96
192, 97
192, 99
192, 100
192, 101
192, 103
192, 104
194, 92
194, 94
194, 96
194, 97
194, 99
194, 100
194, 101
194, 103
194, 104
194, 105
194, 106
194, 108
194, 114
194, 116
195, 92
195, 94
195, 96
195, 97
195, 99
195, 100
195, 101
195, 103
195, 104
195, 105
195, 106
195, 108
195, 114
195, 116
196, 92
196, 94
196, 101
196, 104
196, 106
196, 108
196, 114
196, 116
196, 121
196, 155
196, 167
196, 169
196, 178
196, 179
197, 92
197, 96
197, 99
197, 100
197, 101
197, 103
197, 104
197, 105
197, 106
197, 108
197, 114
197, 116
197, 117
197, 121
198, 13
198, 92
198, 100
198, 101
198, 103
198, 104
198, 105
198, 106
198, 108
198, 114
198, 116
198, 117
198, 121
198, 122
199, 106
199, 114
199, 116
199, 121
199, 156
199, 166
199, 182
199, 184
199, 185
end