440
4
0, 0.9979718395048748, 0.23734820773181975
1, 0.635254906964156, 0.28091606280195436
2, 0.5233742344433315, 0.2347390699898576
3, 0.49785434675450846, 0.6093739789391445
4, 0.08480396443213611, 0.2884736694764938
5, 0.1280184698457002, 0.9813179215831106
6, 0.27659498861427456, 0.8266564423921074
7, 0.4533934108459171, 0.2962501686399762
8, 0.4532301439074248, 0.1824197447191318
9, 0.5769386861065741, 0.7051701935734932
10, 0.5496846332866856, 0.008509062443608606
11, 0.09667779435660517, 0.5829797488465603
12, 0.7504378082331852, 0.8583398255258665
13, 0.832652903945321, 0.4527387281639438
14, 0.4279038729295309, 0.9762450699722619
15, 0.4024727213984538, 0.7766407391751691
16, 0.5696964183294742, 0.8458767638894967
17, 0.6798676586356267, 0.40930207655083206
18, 0.9316241544777092, 0.891054037883203
19, 0.9858962341214467, 0.5913742351099797
20, 0.611215991017195, 0.3947681231470871
21, 0.15935079730775814, 0.8704696356331867
22, 0.9022525641762341, 0.2823800889837471
23, 0.2697560298656816, 0.598512350413347
24, 0.727204669895617, 0.5979958393457824
25, 0.5111113510785604, 0.3477159589127873
26, 0.638926338827894, 0.5154497982387679
27, 0.44199452266134587, 0.889559048295517
28, 0.5944384543679073, 0.5619913243725086
29, 0.266019719624086, 0.9311381079149619
30, 0.07512706623225152, 0.6849044846507426
31, 0.5666921653268115, 0.3841571785789679
32, 0.8998207868574235, 0.5840254349136059
33, 0.8615070490897274, 0.29483080710176157
34, 0.3102542021040463, 0.6547096951136309
35, 0.9581975553269387, 0.6385926296275733
36, 0.4137348580595832, 0.2192847346733956
37, 0.3310800168938176, 0.20248132736542712
38, 0.5937223307748153, 0.2573014060847293
39, 0.3135104892586069, 0.8438216678312908
40, 0.6153025625675709, 0.8017007855149577
41, 0.8609208365470459, 0.5520884518660065
42, 0.780921262601748, 0.0028702591327497418
43, 0.7102506860339045, 0.3166964896484741
44, 0.38469188986172276, 0.9371351875886573
45, 0.15151615844792343, 0.015941877394868187
46, 0.7568812271828609, 0.7856359771423024
47, 0.10644915795394017, 0.021166722808743876
48, 0.6913488544454585, 0.7639924135745269
49, 0.106586853705117, 0.6936012415586595
50, 0.49872433664600646, 0.6380647486644584
51, 0.6249214094331371, 0.24389043033782476
52, 0.14394127041593774, 0.3418373465022526
53, 0.5655934358434168, 0.9329866711908344
54, 0.862815922944447, 0.4975874454916419
55, 0.6730260632886638, 0.8273345893551656
56, 0.5706531329646858, 0.03378386131531452
57, 0.7820475815137815, 0.4683457071481326
58, 0.6968962484004844, 0.6859240116786621
59, 0.9298044724219962, 0.10901357497645303
60, 0.18783191066823468, 0.7072529692875352
61, 0.16486351133017962, 0.45343511731081076
62, 0.42996442597591533, 0.17174976996736646
63, 0.5366167932601563, 0.5678481748880194
64, 0.8330152002618736, 0.6373282687610188
65, 0.19122894904427468, 0.7717432564279038
66, 0.9728970794703633, 0.15932038419649686
67, 0.8655533053838839, 0.3059330434661446
68, 0.0763510397279481, 0.3090455510213794
69, 0.5892305052877461, 0.2514429610968669
70, 0.5130814752668019, 0.6963821673121177
71, 0.06254590495892165, 0.9589080023650333
72, 0.4195139969902367, 0.5123229246305414
73, 0.8023078195325122, 0.14480083944029776
74, 0.9137624463753213, 0.26853870914328926
75, 0.9030608835499208, 0.9673572286592885
76, 0.06060153289243253, 0.7386429069314226
77, 0.642700505392978, 0.4564725822668667
78, 0.7308371910666651, 0.21404901783029862
79, 0.6957879683376552, 0.20455849211776922
80, 0.5247842716876995, 0.06299520912106893
81, 0.9952920307809251, 0.5509445135115354
82, 0.6487469021533675, 0.05188046023005555
83, 0.8766511358166729, 0.8999528214813395
84, 0.9161678275188948, 0.6293232245226469
85, 0.005412122251729379, 0.12299448857222695
86, 0.08115957670821816, 0.37875842031976914
87, 0.08201782595617846, 0.7693241717008803
88, 0.2527780977745637, 0.1160601973840868
89, 0.3119960694603262, 0.8952573734904291
90, 0.15866974162459535, 0.010790699058140008
91, 0.7671266359173362, 0.5486294834314602
92, 0.15736814853775538, 0.7530254489331777
93, 0.7082532988663401, 0.7100428024994424
94, 0.17196687529812982, 0.8059313961391947
95, 0.16983718792472302, 0.1701611034126298
96, 0.47963071596358686, 0.22410203072380497
97, 0.07221216632833982, 0.33648743359333066
98, 0.901385992005679, 0.8974185727121262
99, 0.4209817882165481, 0.6202629250011281
100, 0.4201783567471358, 0.261187696555379
101, 0.18027944072895064, 0.19171310411118891
102, 0.10168604793926905, 0.34061748089096466
103, 0.7583783690471771, 0.138811858320964
104, 0.5770689402823016, 0.14893344036290812
105, 0.6402330279545908, 0.7365369917650718
106, 0.5310764778638716, 0.6231212929050081
107, 0.17063412512279386, 0.7505244989212037
108, 0.24192557052253594, 0.6489897599010538
109, 0.9413493561220608, 0.43888220550086887
110, 0.14702472690712742, 0.7093430311918615
111, 0.9155779447874087, 0.8600764779832084
112, 0.2600155805731832, 0.7151529840825837
113, 0.713322790107316, 0.4454076997727201
114, 0.1219717345546687, 0.7651137755723749
115, 0.27751069257087224, 0.1423926899827579
116, 0.030512483613763575, 0.3875298690413579
117, 0.4904966039156401, 0.7165704372510259
118, 0.9437567179451848, 0.3698928221289224
119, 0.5501510012515813, 0.467893387539412
120, 0.08204703072106179, 0.8720622604923931
121, 0.08950344029442392, 0.5361307604965412
122, 0.24731251915324148, 0.5590243721764114
123, 0.7298550397731236, 0.7785273393018273
124, 0.5414810207862348, 0.08131334473174257
125, 0.9051679363623569, 0.9420158302883417
126, 0.33927028874428833, 0.19371885379383302
127, 0.1666073741544727, 0.7471853163425147
128, 0.330255829317217, 0.00703449694872893
129, 0.20141674613934313, 0.21485854338275479
130, 0.9703320546600978, 0.41497623189340394
131, 0.4129235311300372, 0.5002156150069726
132, 0.4214570857736323, 0.502986155334124
133, 0.9418442484105276, 0.7037605156662112
134, 0.25277521195536123, 0.8129820957752071
135, 0.7873664990672211, 0.9440636448001706
136, 0.7051427938689377, 0.3977027542399886
137, 0.44565114510235204, 0.5903952012051571
138, 0.22873166180506987, 0.7683893969998038
139, 0.04866278317041517, 0.5521322428096438
140, 0.5222065696564817, 0.6379245473631125
141, 0.7334744547462142, 0.34743198702163436
142, 0.5926920694008616, 0.3134580409123072
143, 0.2824535308196596, 0.7952274787968272
144, 0.5869604938393154, 0.22909450006859966
145, 0.03941115144791496, 0.7479227389468153
146, 0.22845050369144526, 0.9851712034408437
147, 0.6775288120681792, 0.15707493867395794
148, 0.5430293117978034, 0.6716224151418759
149, 0.8875122330549982, 0.15069994712981627
150, 0.4310140395892035, 0.009996576652730127
151, 0.02242700873564485, 0.5114724492263995
152, 0.8683731235944909, 0.6503343795713248
153, 0.6469526847434799, 0.43966442416190465
154, 0.3053998096705812, 0.8985088817707823
155, 0.706780082141282, 0.7226449096953205
156, 0.06788571837484991, 0.4986863919503016
157, 0.2828091282792744, 0.6086893647740544
158, 0.25715203866779035, 0.8373701057253544
159, 0.03349710555513019, 0.24783588858048267
160, 0.1722520545067553, 0.11510146811731325
161, 0.14134333229670804, 0.10956234686444521
162, 0.6657619782546087, 0.44268597468934323
163, 0.5994054539778426, 0.0014970836717441705
164, 0.8752898570119431, 0.9325760578180707
165, 0.04261657603664293, 0.9396221177965608
166, 0.8463521815435203, 0.2520276199374226
167, 0.7578647737201862, 0.29712898404255017
168, 0.0865536684839131, 0.8234062583394499
169, 0.31966034242934827, 0.787736317949662
170, 0.8277746315718211, 0.8671402370007987
171, 0.8160082811194105, 0.9850371375980143
172, 0.6685630959229908, 0.35686637516413644
173, 0.09142315825985303, 0.4119630142021451
174, 0.6401288738108692, 0.16321850954493522
175, 0.920987353113607, 0.45352219327374355
176, 0.06106658147356814, 0.8166623771184767
177, 0.3000203464106189, 0.07743493615920083
178, 0.5975716185492319, 0.07212495532398622
179, 0.20340500514316118, 0.5274217857250629
180, 0.6158005878269341, 0.25609901181872974
181, 0.15771198164546385, 0.6623570810326225
182, 0.9320088018256899, 0.5400337197656513
183, 0.01622583396835131, 0.1756963571280784
184, 0.11114323208370347, 0.324069343228522
185, 0.5648236946365651, 0.7707222308465922
186, 0.5469700215309664, 0.22068419223771463
187, 0.3981820168058534, 0.3809215112180713
188, 0.4690615310477393, 0.9775169051849273
189, 0.043835085411765395, 0.3678076664740344
190, 0.23406328770684193, 0.973275573730456
191, 0.7212732536189485, 0.2826119174797084
192, 0.6308419501145692, 0.7529697532119479
193, 0.10313442741210055, 0.5393581562941296
194, 0.7568627092693833, 0.11732971992403263
195, 0.858705834262048, 0.9734348619110881
196, 0.8429037554545502, 0.3383359175386881
197, 0.38155570986497567, 0.9481784817601615
198, 0.0723997542468483, 0.32119425778943966
199, 0.8440998579227285, 0.645329655407225
200, 0.31516377292484277, 0.46680123615689884
201, 0.6890872551543794, 0.8220353394352704
202, 0.40269563950021314, 0.4634765351166221
203, 0.42153541842391606, 0.8991373946284789
204, 0.28882785633152097, 0.35072540342417313
205, 0.3932592281182592, 0.8976422661700121
206, 0.5023398177241518, 0.19446684967916106
207, 0.36925958627042965, 0.8348413442186711
208, 0.181233633478175, 0.8167875159068275
209, 0.7832658055073047, 0.05796614799665889
210, 0.8563538286291967, 0.7055444123947393
211, 0.6542446120533852, 0.793661972020078
212, 0.753442031475608, 0.7748586755456347
213, 0.023925091710200852, 0.6634011839409101
214, 0.46135148885645705, 0.8150544767085198
215, 0.011690872073901737, 0.17692481795057824
216, 0.08551507423947269, 0.18243826461032076
217, 0.7988573875940358, 0.27406123044241826
218, 0.8798581309492391, 0.49117724257948314
219, 0.015694684463191333, 0.8227753405862372
220, 0.5159188945020745, 0.04903425374417858
221, 0.5268434927648112, 0.8120294207058287
222, 0.4751409232479272, 0.14992743597220748
223, 0.3256099398660447, 0.3648882463223788
224, 0.09157435276376391, 0.8323585218852667
225, 0.7120449410419428, 0.642562846192496
226, 0.352801756225847, 0.8241537073169758
227, 0.20246099018706776, 0.0068210596076073715
228, 0.19849400675234874, 0.3108162659618572
229, 0.11675490290745294, 0.9498575749277232
230, 0.7108293917321893, 0.5377970434770065
231, 0.6445144864877553, 0.24675681970405627
232, 0.8981179945415969, 0.5458497621942745
233, 0.4109889370279999, 0.2910328200012626
234, 0.17895333918858602, 0.8675676290467196
235, 0.9482895090526872, 0.18348229438770625
236, 0.7394332928612537, 0.6827267574689712
237, 0.5993537041482664, 0.8730336888872288
238, 0.7664602764232552, 0.61854787472525
239, 0.9216604542244485, 0.4656407723186847
240, 0.8882382577893863, 0.3102414587911272
241, 0.8251520369844347, 0.48114806080049377
242, 0.9024051404594163, 0.5364478590227044
243, 0.5088019930914081, 0.6140563072280787
244, 0.013282020351189527, 0.6887105369001055
245, 0.8374094376656595, 0.08933083197663394
246, 0.25563944938182004, 0.778165910889186
247, 0.2924635301792491, 0.07614010772836188
248, 0.146051094199799, 0.07273271006826298
249, 0.690143477793774, 0.03748719784142596
250, 0.20230459719853466, 0.044602363261258104
251, 0.8656613875694961, 0.2048642904002561
252, 0.798158288515617, 0.9540741023449901
253, 0.015993069877411115, 0.581104231007107
254, 0.3987763657684472, 0.5074146054857552
255, 0.4024619578298293, 0.19243580866940713
256, 0.3339761624412194, 0.39828273635546096
257, 0.6023105933643761, 0.5841924768822294
258, 0.5016749525655642, 0.8350860768488191
259, 0.5692032939168497, 0.6710964659499457
260, 0.2884348311613425, 0.8137475889599298
261, 0.23501682749175778, 0.04676953458423405
262, 0.6041585137778475, 0.8912588863292679
263, 0.21077649843834123, 0.3953440941968056
264, 0.7690166262564444, 0.8381104136868642
265, 0.98705829708931, 0.8663138178141692
266, 0.646815932287844, 0.26523697508952915
267, 0.9692758913673778, 0.48241638775369977
268, 0.13916142615346594, 0.039289088159988106
269, 0.16484177690955415, 0.37444511272311454
270, 0.31812239852367474, 0.2393828115870037
271, 0.8742455786146107, 0.5310316100949035
272, 0.7565752676809475, 0.5463229276336087
273, 0.7002282476515682, 0.2726968209841397
274, 0.7367466946441815, 0.2932131891336053
275, 0.9392848167354526, 0.45439354868658033
276, 0.8579416328060764, 0.6391362413445277
277, 0.8699072492695287, 0.5240296640647558
278, 0.5811770920407366, 0.907068641594097
279, 0.5639606755757418, 0.07235461633884033
280, 0.3524365255084134, 0.45873592188488843
281, 0.030279246592960884, 0.03029123900901176
282, 0.9938628780023041, 0.7608053903654833
283, 0.571876017268512, 0.6293362613940032
284, 0.9477462428915202, 0.6482300831840727
285, 0.18421503560310348, 0.10530399898985876
286, 0.9857626014152502, 0.28566227139365996
287, 0.1705855048616428, 0.7869839031190338
288, 0.15470607190049435, 0.6770799599637021
289, 0.6847265898490268, 0.520618769255236
290, 0.62654963811587, 0.4994600181455796
291, 0.5866433206172676, 0.19508757760633832
292, 0.30338883516976745, 0.4209658422500847
293, 0.723025842717703, 0.20696253093908057
294, 0.6881216613861795, 0.40197125844925463
295, 0.7115394311839973, 0.2324236458872444
296, 0.7458529573369713, 0.8808683973624494
297, 0.24371836662021162, 0.6263704841136175
298, 0.44860248208178133, 0.6365226505073702
299, 0.6599927853450471, 0.7815405337061029
300, 0.14406720512095694, 0.8050510355586044
301, 0.5735836993395208, 0.6956878001657136
302, 0.19829935729817694, 0.8240595107321096
303, 0.31405022869717425, 0.5855415611971353
304, 0.5129530423131997, 0.06757196181665126
305, 0.47926491068488675, 0.3089430867949797
306, 0.05807662569195493, 0.2841024572268831
307, 0.4038527788914851, 0.33952480933474827
308, 0.04014787010820864, 0.2599272220187523
309, 0.8014150914245186, 0.07630092424369483
310, 0.6408098441437131, 0.9124478028276797
311, 0.1540159519974168, 0.309811502559621
312, 0.3804235944920302, 0.8691625440021544
313, 0.2660356366409735, 0.8440681157119534
314, 0.6198634202500533, 0.1316704513729362
315, 0.37833757823004543, 0.4370416426355743
316, 0.08301857515118993, 0.2869003207507169
317, 0.6852217313645595, 0.5590634172129476
318, 0.6301639751608515, 0.7891946485626413
319, 0.3174906423080921, 0.512222079237729
320, 0.7281834019589472, 0.28566486449867
321, 0.1919304674175587, 0.08981750859095161
322, 0.5522462732876284, 0.7138357208161279
323, 0.07666154998300312, 0.29818383847687135
324, 0.1931292889344084, 0.5396076614396884
325, 0.9910332776160526, 0.26249231599003753
326, 0.4934707938098367, 0.24829678127400234
327, 0.10914097599665351, 0.8753044052097505
328, 0.600458205301112, 0.6791595286791011
329, 0.2460770648662205, 0.058181250920759875
330, 0.7685155067594249, 0.0034287656899253394
331, 0.02984869602165985, 0.14576259685647452
332, 0.8720709918616457, 0.10164794521748399
333, 0.42750690786706047, 0.3932949801897867
334, 0.33336818103170884, 0.11106047259046126
335, 0.38599534530690904, 0.3646511087385065
336, 0.6619387493748201, 0.27435898738848974
337, 0.359878125331759, 0.3814901288386684
338, 0.6479002377550604, 0.38602223954897597
339, 0.8646956456245555, 0.5941438821232587
340, 0.6177648727556576, 0.7320998051964361
341, 0.48632492425766904, 0.7626087632595498
342, 0.3457148320804112, 0.9052275722523822
343, 0.6670167725600176, 0.3385956578158019
344, 0.9579262946547802, 0.5204558576942361
345, 0.04318089107708167, 0.955805672616188
346, 0.7089354941871164, 0.22433189301654755
347, 0.0588549915324037, 0.9399450585294093
348, 0.8752579243206507, 0.07037093430774355
349, 0.32160328059272947, 0.23542680029203944
350, 0.8746353377008158, 0.7910379412563769
351, 0.26082862343307134, 0.49623532941772386
352, 0.43005402909657875, 0.20123048228413853
353, 0.3147166599471567, 0.853905903100671
354, 0.5588012402456184, 0.19046617499695706
355, 0.7218004772040514, 0.9549187744090898
356, 0.6547545772093327, 0.3117347402434103
357, 0.7463674878372957, 0.778022033536784
358, 0.7681747553807191, 0.1339621070301954
359, 0.39929864356075195, 0.9716135897028437
360, 0.415211786210418, 0.7498108112761644
361, 0.5998707800918202, 0.19082387232786613
362, 0.013234140485182566, 0.4414206667934153
363, 0.2217559030716313, 0.32698413368149926
364, 0.4215694438362768, 0.00111673148667768
365, 0.018625787309859865, 0.826685463416553
366, 0.5574312899305168, 0.669691433773249
367, 0.7453823745643923, 0.6254286845655621
368, 0.5273469957279852, 0.8830046878131055
369, 0.8251748229947613, 0.7430646274081811
370, 0.6082046778688166, 0.32615695798304567
371, 0.26231404325635344, 0.7015148318830793
372, 0.25709526882753986, 0.7643062070209288
373, 0.9509187226632989, 0.7177235335363078
374, 0.5404043764235086, 0.9850428952251014
375, 0.6929124693065681, 0.5648994075446616
376, 0.06388475995545673, 0.5929122491211881
377, 0.0901171164541279, 0.5689998040090141
378, 0.37224381943564055, 0.5621360861955905
379, 0.4980724541357081, 0.316401163094605
380, 0.14914992853107922, 0.7482035311036668
381, 0.8659846463222067, 0.5539572410169061
382, 0.7594069778758066, 0.9414321833598409
383, 0.7340658418702293, 0.40002398104038783
384, 0.5209909529364742, 0.9230545171154537
385, 0.25488589410067697, 0.49715840857652027
386, 0.687644928117949, 0.9816708577597446
387, 0.18018500536181692, 0.41158931557337053
388, 0.1287525647216501, 0.198826630786746
389, 0.9682772786582106, 0.6659711224722832
390, 0.592857415577412, 0.9622113227640398
391, 0.3747226083018592, 0.5325706186806515
392, 0.08853628562949856, 0.14161794131081573
393, 0.1033972326792163, 0.8974520197415897
394, 0.19787441292248387, 0.02919596894471621
395, 0.6139086740593876, 0.9368466619832735
396, 0.915530922257167, 0.5422595547987584
397, 0.9323590805293243, 0.9657026286404543
398, 0.005998223460372931, 0.03374675205456645
399, 0.2785591350332878, 0.3409081131704872
400, 0.23901231901560005, 0.6223054189368293
401, 0.04365991324642138, 0.36305225639958116
402, 0.3684333362108969, 0.46708099574517326
403, 0.849403340537306, 0.6578681245210354
404, 0.2308965203913682, 0.46707358013537437
405, 0.22750532386548916, 0.9910296178838749
406, 0.791743173492919, 0.12740869980294622
407, 0.7943865789660578, 0.6284174051158938
408, 0.3206015084143028, 0.48339179410753164
409, 0.3437119877462067, 0.2827274481642521
410, 0.41723570710367097, 0.4193927900421863
411, 0.5947439209538299, 0.03661544762826707
412, 0.3693751580177145, 0.3939440256876514
413, 0.7256434821519115, 0.13822667800656896
414, 0.10545358986160147, 0.037232956379692816
415, 0.4571223195707802, 0.11505588800041833
416, 0.3423316180767392, 0.6807548080414559
417, 0.6948083405106642, 0.22530692092716942
418, 0.6009998828015556, 0.003257121153039111
419, 0.7585429152271356, 0.6041389568831262
420, 0.9521034933945007, 0.18175744721607112
421, 0.42589895173329206, 0.8974928750992517
422, 0.0479076318306394, 0.5195479264818963
423, 0.42315054624855286, 0.17375850564611728
424, 0.5173488048734246, 0.1962409669765045
425, 0.7037000471280903, 0.03542062639752808
426, 0.46670303080046494, 0.04502579355001668
427, 0.5780243461739181, 0.6487117179629467
428, 0.29770275688737236, 0.6765993199117243
429, 0.5195855838547772, 0.39840223768946514
430, 0.968382028253573, 0.07106374743405797
431, 0.6545623677428607, 0.9747960211126865
432, 0.06428926755425635, 0.46742457313279606
433, 0.06001242153433528, 0.03303100597360764
434, 0.596248535166537, 0.745636746484539
435, 0.1622155338685317, 0.24858538176435663
436, 0.061144737024999785, 0.3452653101389498
437, 0.437209315950972, 0.9200340203247234
438, 0.6687715807131285, 0.6128715951186806
439, 0.24015227986178733, 0.5409288865145542
end_nodes
0, 1
0, 2
0, 3
0, 4
0, 5
0, 6
0, 7
0, 8
0, 9
0, 10
0, 11
0, 12
0, 13
0, 14
0, 15
0, 16
0, 17
0, 18
0, 19
0, 20
21, 345
21, 347
22, 1
22, 2
22, 4
22, 5
22, 6
22, 7
22, 8
22, 9
22, 10
22, 11
22, 12
22, 13
22, 14
22, 15
22, 16
22, 17
22, 18
22, 19
22, 20
22, 23
25, 4
25, 52
25, 61
25, 68
25, 86
25, 97
25, 102
25, 116
25, 121
25, 139
25, 151
25, 156
25, 159
25, 173
25, 184
25, 187
25, 189
25, 193
25, 198
25, 204
26, 3
26, 5
26, 6
26, 14
26, 15
26, 27
26, 29
26, 34
26, 39
26, 44
26, 49
26, 50
26, 60
26, 63
26, 65
26, 70
26, 71
26, 76
26, 87
26, 89
28, 3
28, 5
28, 6
28, 15
28, 29
28, 39
28, 50
28, 65
28, 70
28, 71
28, 89
28, 94
28, 106
28, 117
28, 120
28, 134
28, 138
28, 140
28, 143
28, 146
31, 4
31, 5
31, 11
31, 23
31, 30
31, 34
31, 49
31, 52
31, 60
31, 61
31, 65
31, 68
31, 71
31, 72
31, 76
31, 86
31, 87
31, 92
31, 94
31, 97
32, 3
32, 5
32, 6
32, 11
32, 12
32, 14
32, 15
32, 16
32, 18
32, 23
32, 27
32, 29
32, 30
32, 34
32, 39
32, 40
32, 44
32, 46
32, 48
32, 49
33, 1
33, 2
33, 4
33, 5
33, 6
33, 7
33, 8
33, 9
33, 10
33, 11
33, 12
33, 13
33, 14
33, 15
33, 16
33, 17
33, 18
33, 19
33, 20
33, 23
35, 18
35, 75
35, 83
35, 98
35, 111
35, 125
35, 133
35, 135
35, 164
35, 170
35, 171
35, 195
35, 252
35, 265
35, 282
35, 350
35, 373
35, 389
35, 397
38, 2
38, 4
38, 5
38, 6
38, 7
38, 8
38, 9
38, 11
38, 14
38, 15
38, 16
38, 23
38, 27
38, 29
38, 30
38, 34
38, 36
38, 37
38, 39
38, 40
41, 3
41, 5
41, 6
41, 9
41, 11
41, 12
41, 14
41, 15
41, 16
41, 18
41, 23
41, 27
41, 29
41, 30
41, 34
41, 39
41, 40
41, 44
41, 46
41, 48
42, 2
42, 4
42, 5
42, 6
42, 7
42, 8
42, 9
42, 10
42, 11
42, 12
42, 13
42, 14
42, 15
42, 16
42, 18
42, 19
42, 23
42, 24
42, 27
42, 29
43, 1
43, 2
43, 4
43, 5
43, 6
43, 7
43, 8
43, 9
43, 11
43, 12
43, 14
43, 15
43, 16
43, 18
43, 20
43, 23
43, 24
43, 27
43, 29
43, 30
51, 2
51, 4
51, 5
51, 6
51, 7
51, 8
51, 9
51, 11
51, 12
51, 14
51, 15
51, 16
51, 23
51, 24
51, 27
51, 29
51, 30
51, 34
51, 36
51, 37
54, 3
54, 4
54, 5
54, 6
54, 7
54, 9
54, 11
54, 12
54, 14
54, 15
54, 16
54, 18
54, 23
54, 24
54, 27
54, 29
54, 30
54, 34
54, 36
54, 37
56, 4
56, 5
56, 6
56, 8
56, 9
56, 10
56, 11
56, 12
56, 14
56, 15
56, 16
56, 18
56, 19
56, 23
56, 24
56, 27
56, 29
56, 30
56, 36
56, 37
57, 3
57, 5
57, 6
57, 9
57, 12
57, 14
57, 15
57, 16
57, 18
57, 24
57, 27
57, 29
57, 34
57, 39
57, 40
57, 44
57, 46
57, 48
57, 49
57, 53
59, 2
59, 4
59, 5
59, 6
59, 7
59, 8
59, 9
59, 10
59, 11
59, 12
59, 13
59, 14
59, 15
59, 16
59, 18
59, 19
59, 20
59, 23
59, 24
59, 27
66, 1
66, 2
66, 4
66, 5
66, 6
66, 7
66, 8
66, 9
66, 10
66, 11
66, 12
66, 13
66, 14
66, 15
66, 16
66, 17
66, 18
66, 19
66, 20
66, 23
67, 1
67, 2
67, 4
67, 5
67, 6
67, 7
67, 8
67, 9
67, 10
67, 11
67, 12
67, 13
67, 14
67, 15
67, 16
67, 17
67, 18
67, 19
67, 20
67, 23
69, 2
69, 4
69, 5
69, 6
69, 7
69, 8
69, 9
69, 11
69, 14
69, 15
69, 16
69, 23
69, 27
69, 29
69, 30
69, 36
69, 37
69, 39
69, 40
69, 44
73, 2
73, 4
73, 5
73, 6
73, 7
73, 8
73, 9
73, 10
73, 11
73, 12
73, 13
73, 14
73, 15
73, 16
73, 18
73, 19
73, 23
73, 24
73, 27
73, 29
74, 1
74, 2
74, 4
74, 6
74, 7
74, 8
74, 9
74, 10
74, 11
74, 12
74, 13
74, 14
74, 15
74, 16
74, 17
74, 18
74, 19
74, 20
74, 23
74, 24
77, 11
77, 23
77, 29
77, 30
77, 34
77, 39
77, 49
77, 50
77, 60
77, 65
77, 71
77, 72
77, 76
77, 87
77, 92
77, 94
77, 99
77, 107
77, 108
77, 110
78, 2
78, 4
78, 7
78, 8
78, 9
78, 10
78, 11
78, 12
78, 14
78, 16
78, 18
78, 19
78, 23
78, 24
78, 27
78, 29
78, 30
78, 34
78, 36
78, 37
79, 2
79, 4
79, 7
79, 8
79, 9
79, 12
79, 16
79, 18
79, 23
79, 24
79, 27
79, 29
79, 30
79, 34
79, 36
79, 37
79, 39
79, 40
79, 44
79, 45
80, 4
80, 8
80, 30
80, 36
80, 37
80, 45
80, 47
80, 49
80, 52
80, 60
80, 61
80, 62
80, 65
80, 68
80, 71
80, 76
80, 85
80, 86
80, 87
80, 88
81, 2
81, 3
81, 7
81, 8
81, 10
81, 12
81, 18
81, 19
81, 27
81, 29
81, 30
81, 34
81, 36
81, 37
81, 39
81, 40
81, 44
81, 45
81, 46
81, 47
82, 2
82, 7
82, 8
82, 9
82, 10
82, 12
82, 18
82, 19
82, 24
82, 27
82, 29
82, 30
82, 36
82, 37
82, 39
82, 40
82, 44
82, 45
82, 46
82, 47
84, 27
84, 40
84, 44
84, 46
84, 48
84, 53
84, 55
84, 75
84, 83
84, 98
84, 111
84, 123
84, 125
84, 133
84, 135
84, 164
84, 170
84, 171
84, 188
84, 195
103, 2
103, 7
103, 8
103, 10
103, 13
103, 19
103, 24
103, 27
103, 29
103, 30
103, 34
103, 36
103, 37
103, 39
103, 40
103, 44
103, 45
103, 46
103, 47
103, 48
104, 2
104, 7
104, 27
104, 29
104, 30
104, 36
104, 37
104, 39
104, 40
104, 44
104, 45
104, 47
104, 48
104, 49
104, 50
104, 52
104, 53
104, 55
104, 60
104, 61
109, 1
109, 2
109, 3
109, 10
109, 17
109, 19
109, 20
109, 24
109, 30
109, 34
109, 36
109, 37
109, 39
109, 40
109, 44
109, 45
109, 46
109, 47
109, 48
109, 49
113, 3
113, 24
113, 30
113, 34
113, 39
113, 40
113, 44
113, 46
113, 48
113, 49
113, 50
113, 53
113, 55
113, 58
113, 60
113, 61
113, 63
113, 65
113, 70
113, 71
118, 1
118, 3
118, 10
118, 13
118, 17
118, 19
118, 20
118, 24
118, 30
118, 34
118, 36
118, 37
118, 39
118, 40
118, 44
118, 45
118, 46
118, 47
118, 48
118, 49
124, 36
124, 37
124, 39
124, 44
124, 45
124, 47
124, 49
124, 52
124, 60
124, 61
124, 62
124, 65
124, 68
124, 71
124, 76
124, 85
124, 86
124, 87
124, 88
124, 89
130, 1
130, 3
130, 10
130, 17
130, 19
130, 20
130, 24
130, 34
130, 36
130, 37
130, 39
130, 40
130, 44
130, 45
130, 46
130, 47
130, 48
130, 49
130, 52
130, 53
136, 17
136, 20
136, 24
136, 34
136, 39
136, 40
136, 44
136, 46
136, 48
136, 49
136, 50
136, 52
136, 53
136, 55
136, 58
136, 60
136, 61
136, 65
136, 68
136, 70
141, 20
141, 24
141, 34
141, 36
141, 37
141, 39
141, 40
141, 44
141, 45
141, 46
141, 47
141, 48
141, 49
141, 50
141, 52
141, 53
141, 55
141, 58
141, 60
141, 61
142, 36
142, 37
142, 52
142, 61
142, 68
142, 85
142, 86
142, 95
142, 97
142, 100
142, 101
142, 102
142, 115
142, 116
142, 121
142, 122
142, 126
142, 129
142, 139
142, 151
144, 36
144, 37
144, 40
144, 44
144, 45
144, 47
144, 49
144, 50
144, 52
144, 53
144, 55
144, 60
144, 61
144, 62
144, 65
144, 68
144, 70
144, 71
144, 76
144, 85
147, 10
147, 19
147, 24
147, 34
147, 36
147, 37
147, 40
147, 44
147, 45
147, 46
147, 47
147, 48
147, 49
147, 50
147, 52
147, 53
147, 55
147, 58
147, 60
147, 61
149, 1
149, 10
149, 13
149, 19
149, 20
149, 40
149, 45
149, 46
149, 47
149, 48
149, 49
149, 50
149, 52
149, 53
149, 55
149, 58
149, 60
149, 61
149, 62
149, 64
153, 49
153, 60
153, 61
153, 65
153, 71
153, 72
153, 76
153, 87
153, 92
153, 94
153, 99
153, 107
153, 108
153, 110
153, 112
153, 114
153, 119
153, 120
153, 121
153, 122
162, 49
162, 50
162, 60
162, 61
162, 65
162, 70
162, 71
162, 72
162, 76
162, 87
162, 89
162, 92
162, 94
162, 99
162, 106
162, 107
162, 108
162, 110
162, 112
162, 114
163, 10
163, 19
163, 45
163, 46
163, 47
163, 48
163, 49
163, 50
163, 52
163, 53
163, 55
163, 58
163, 60
163, 61
163, 62
163, 64
163, 65
163, 68
163, 70
163, 71
166, 1
166, 13
166, 20
166, 45
166, 46
166, 47
166, 48
166, 50
166, 52
166, 53
166, 55
166, 58
166, 60
166, 61
166, 62
166, 64
166, 65
166, 68
166, 70
166, 71
167, 1
167, 20
167, 45
167, 46
167, 47
167, 48
167, 50
167, 52
167, 53
167, 55
167, 58
167, 60
167, 61
167, 62
167, 64
167, 65
167, 68
167, 70
167, 71
167, 72
172, 20
172, 46
172, 48
172, 50
172, 52
172, 53
172, 55
172, 58
172, 60
172, 61
172, 65
172, 68
172, 70
172, 71
172, 72
172, 76
172, 85
172, 86
172, 87
172, 88
174, 45
174, 46
174, 47
174, 48
174, 50
174, 52
174, 53
174, 55
174, 58
174, 60
174, 61
174, 62
174, 64
174, 65
174, 68
174, 70
174, 71
174, 75
174, 76
174, 83
175, 3
175, 17
175, 20
175, 45
175, 47
175, 48
175, 52
175, 53
175, 55
175, 58
175, 60
175, 61
175, 62
175, 63
175, 64
175, 65
175, 68
175, 70
175, 71
175, 72
177, 45
177, 47
177, 85
177, 90
177, 161
177, 247
177, 248
177, 250
177, 261
177, 268
177, 281
177, 285
177, 321
177, 329
177, 331
177, 394
177, 398
177, 414
177, 433
178, 47
178, 50
178, 52
178, 53
178, 55
178, 58
178, 62
178, 64
178, 65
178, 68
178, 70
178, 71
178, 75
178, 76
178, 83
178, 85
178, 86
178, 87
178, 88
178, 89
180, 50
180, 52
180, 53
180, 55
180, 58
180, 62
180, 65
180, 68
180, 70
180, 71
180, 72
180, 76
180, 85
180, 86
180, 87
180, 88
180, 89
180, 90
180, 92
180, 93
182, 3
182, 53
182, 55
182, 58
182, 63
182, 64
182, 65
182, 68
182, 71
182, 72
182, 75
182, 76
182, 83
182, 85
182, 86
182, 87
182, 88
182, 89
182, 90
182, 92
186, 50
186, 62
186, 68
186, 70
186, 71
186, 76
186, 85
186, 86
186, 87
186, 88
186, 89
186, 90
186, 92
186, 94
186, 95
186, 96
186, 97
186, 100
186, 101
186, 102
191, 1
191, 20
191, 50
191, 53
191, 55
191, 58
191, 62
191, 64
191, 68
191, 70
191, 72
191, 75
191, 76
191, 83
191, 85
191, 86
191, 87
191, 88
191, 89
191, 90
194, 13
194, 55
194, 58
194, 62
194, 64
194, 68
194, 70
194, 72
194, 75
194, 76
194, 83
194, 85
194, 86
194, 87
194, 88
194, 89
194, 90
194, 91
194, 92
194, 93
196, 1
196, 13
196, 17
196, 20
196, 55
196, 58
196, 62
196, 63
196, 64
196, 68
196, 70
196, 72
196, 75
196, 76
196, 83
196, 85
196, 86
196, 87
196, 88
196, 89
206, 62
206, 76
206, 85
206, 86
206, 87
206, 88
206, 89
206, 90
206, 92
206, 94
206, 95
206, 96
206, 97
206, 100
206, 101
206, 102
206, 107
206, 108
206, 110
206, 114
209, 13
209, 58
209, 62
209, 64
209, 70
209, 72
209, 75
209, 76
209, 83
209, 85
209, 86
209, 87
209, 88
209, 89
209, 90
209, 91
209, 92
209, 93
209, 94
209, 95
217, 1
217, 13
217, 58
217, 62
217, 64
217, 70
217, 72
217, 75
217, 76
217, 83
217, 85
217, 86
217, 87
217, 88
217, 89
217, 90
217, 91
217, 92
217, 93
217, 94
218, 3
218, 58
218, 62
218, 63
218, 64
218, 72
218, 75
218, 83
218, 85
218, 86
218, 87
218, 88
218, 89
218, 90
218, 92
218, 93
218, 94
218, 95
218, 96
218, 97
220, 85
220, 86
220, 88
220, 90
220, 95
220, 97
220, 101
220, 102
220, 115
220, 116
220, 121
220, 126
220, 128
220, 129
220, 139
220, 150
220, 151
220, 156
220, 159
220, 160
222, 62
222, 85
222, 86
222, 87
222, 88
222, 90
222, 95
222, 97
222, 101
222, 102
222, 110
222, 114
222, 115
222, 116
222, 120
222, 121
222, 122
222, 126
222, 129
222, 139
230, 89
230, 93
230, 105
230, 117
230, 123
230, 135
230, 146
230, 148
230, 154
230, 155
230, 171
230, 185
230, 188
230, 190
230, 192
230, 197
230, 201
230, 203
230, 205
230, 207
231, 72
231, 75
231, 83
231, 85
231, 86
231, 88
231, 89
231, 90
231, 92
231, 93
231, 94
231, 95
231, 96
231, 97
231, 98
231, 100
231, 101
231, 102
231, 105
231, 106
232, 3
232, 63
232, 64
232, 72
232, 75
232, 83
232, 89
232, 92
232, 93
232, 94
232, 95
232, 97
232, 98
232, 99
232, 101
232, 102
232, 105
232, 107
232, 108
232, 110
235, 1
235, 13
235, 17
235, 64
235, 72
235, 75
235, 83
235, 88
235, 89
235, 90
235, 91
235, 92
235, 93
235, 94
235, 95
235, 96
235, 97
235, 98
235, 99
235, 100
239, 3
239, 63
239, 64
239, 72
239, 75
239, 83
239, 88
239, 89
239, 90
239, 91
239, 92
239, 93
239, 94
239, 95
239, 96
239, 97
239, 98
239, 99
239, 100
239, 101
240, 1
240, 3
240, 13
240, 17
240, 63
240, 64
240, 72
240, 75
240, 83
240, 88
240, 90
240, 91
240, 92
240, 93
240, 94
240, 95
240, 96
240, 97
240, 98
240, 99
242, 3
242, 63
242, 64
242, 75
242, 83
242, 92
242, 93
242, 94
242, 95
242, 97
242, 98
242, 99
242, 100
242, 101
242, 102
242, 105
242, 107
242, 108
242, 110
242, 111
243, 94
243, 120
243, 134
243, 138
243, 143
243, 158
243, 165
243, 169
243, 208
243, 224
243, 229
243, 234
243, 246
243, 260
243, 287
243, 300
243, 302
243, 313
243, 327
243, 345
245, 13
245, 64
245, 75
245, 83
245, 90
245, 91
245, 92
245, 93
245, 94
245, 95
245, 96
245, 97
245, 98
245, 100
245, 101
245, 102
245, 105
245, 106
245, 107
245, 108
249, 75
249, 83
249, 90
249, 91
249, 92
249, 93
249, 94
249, 95
249, 96
249, 97
249, 98
249, 100
249, 101
249, 102
249, 105
249, 106
249, 107
249, 108
249, 110
249, 111
251, 1
251, 75
251, 83
251, 90
251, 91
251, 93
251, 94
251, 95
251, 96
251, 97
251, 98
251, 99
251, 100
251, 101
251, 102
251, 105
251, 106
251, 107
251, 108
251, 110
257, 117
257, 134
257, 140
257, 143
257, 146
257, 148
257, 154
257, 158
257, 165
257, 169
257, 190
257, 197
257, 203
257, 205
257, 207
257, 214
257, 226
257, 229
257, 234
257, 260
266, 90
266, 93
266, 95
266, 96
266, 97
266, 100
266, 101
266, 102
266, 105
266, 106
266, 107
266, 108
266, 110
266, 112
266, 114
266, 115
266, 116
266, 117
266, 120
266, 121
267, 3
267, 63
267, 93
267, 95
267, 96
267, 97
267, 98
267, 99
267, 100
267, 101
267, 102
267, 105
267, 107
267, 108
267, 110
267, 111
267, 112
267, 114
267, 115
267, 116
271, 63
271, 93
271, 95
271, 97
271, 98
271, 99
271, 101
271, 102
271, 105
271, 107
271, 108
271, 110
271, 111
271, 112
271, 114
271, 116
271, 117
271, 119
271, 120
271, 121
273, 1
273, 91
273, 93
273, 95
273, 96
273, 98
273, 100
273, 101
273, 102
273, 105
273, 106
273, 107
273, 108
273, 110
273, 111
273, 112
273, 114
273, 115
273, 116
273, 117
274, 91
274, 93
274, 96
274, 98
274, 100
274, 101
274, 102
274, 105
274, 106
274, 107
274, 108
274, 110
274, 111
274, 112
274, 114
274, 115
274, 116
274, 117
274, 119
274, 120
275, 17
275, 63
275, 91
275, 96
275, 98
275, 99
275, 100
275, 101
275, 102
275, 105
275, 107
275, 108
275, 110
275, 111
275, 112
275, 114
275, 115
275, 116
275, 117
275, 119
277, 63
277, 98
277, 99
277, 101
277, 102
277, 105
277, 107
277, 108
277, 110
277, 111
277, 112
277, 114
277, 116
277, 117
277, 119
277, 120
277, 121
277, 122
277, 123
277, 125
279, 96
279, 100
279, 101
279, 102
279, 105
279, 106
279, 107
279, 108
279, 110
279, 114
279, 115
279, 116
279, 117
279, 120
279, 121
279, 122
279, 126
279, 127
279, 128
279, 129
283, 117
283, 146
283, 148
283, 154
283, 190
283, 197
283, 203
283, 205
283, 207
283, 214
283, 226
283, 229
283, 312
283, 313
283, 341
283, 342
283, 353
283, 359
283, 360
283, 405
284, 98
284, 111
284, 125
284, 133
284, 135
284, 164
284, 170
284, 171
284, 195
284, 252
284, 265
284, 282
284, 350
284, 373
284, 382
284, 397
286, 17
286, 63
286, 91
286, 96
286, 98
286, 99
286, 100
286, 105
286, 106
286, 107
286, 108
286, 110
286, 111
286, 112
286, 114
286, 115
286, 116
286, 117
286, 119
286, 120
289, 105
289, 106
289, 117
289, 120
289, 134
289, 138
289, 140
289, 143
289, 146
289, 148
289, 154
289, 158
289, 165
289, 168
289, 169
289, 176
289, 185
289, 188
289, 190
289, 192
290, 63
290, 99
290, 106
290, 107
290, 108
290, 110
290, 112
290, 114
290, 117
290, 120
290, 127
290, 134
290, 137
290, 138
290, 140
290, 143
290, 145
290, 146
290, 154
290, 157
291, 96
291, 100
291, 105
291, 106
291, 107
291, 108
291, 110
291, 114
291, 115
291, 116
291, 117
291, 120
291, 121
291, 122
291, 126
291, 127
291, 128
291, 129
291, 134
291, 139
293, 91
293, 96
293, 98
293, 100
293, 105
293, 106
293, 111
293, 112
293, 114
293, 115
293, 116
293, 117
293, 120
293, 121
293, 122
293, 123
293, 125
293, 126
293, 127
293, 128
294, 99
294, 105
294, 106
294, 112
294, 114
294, 116
294, 117
294, 119
294, 120
294, 121
294, 122
294, 123
294, 127
294, 131
294, 132
294, 134
294, 135
294, 137
294, 138
294, 139
295, 91
295, 96
295, 100
295, 106
295, 111
295, 112
295, 114
295, 115
295, 116
295, 117
295, 120
295, 121
295, 122
295, 123
295, 125
295, 126
295, 127
295, 128
295, 129
295, 131
304, 115
304, 116
304, 121
304, 126
304, 128
304, 129
304, 139
304, 145
304, 150
304, 151
304, 156
304, 159
304, 160
304, 161
304, 173
304, 179
304, 183
304, 184
304, 189
304, 193
309, 91
309, 106
309, 111
309, 112
309, 114
309, 115
309, 116
309, 117
309, 120
309, 121
309, 122
309, 123
309, 125
309, 126
309, 127
309, 128
309, 129
309, 131
309, 132
309, 133
314, 91
314, 106
314, 111
314, 114
314, 115
314, 116
314, 117
314, 120
314, 121
314, 122
314, 123
314, 125
314, 126
314, 127
314, 128
314, 129
314, 133
314, 134
314, 135
314, 139
317, 146
317, 148
317, 154
317, 185
317, 188
317, 190
317, 192
317, 197
317, 201
317, 203
317, 205
317, 207
317, 211
317, 214
317, 221
317, 226
317, 237
317, 258
317, 259
317, 262
320, 91
320, 106
320, 111
320, 112
320, 115
320, 119
320, 120
320, 121
320, 122
320, 123
320, 125
320, 126
320, 127
320, 128
320, 129
320, 131
320, 132
320, 133
320, 134
320, 135
325, 17
325, 63
325, 91
325, 99
325, 111
325, 112
325, 115
325, 119
325, 120
325, 121
325, 122
325, 123
325, 125
325, 126
325, 127
325, 128
325, 129
325, 131
325, 132
325, 133
330, 91
330, 111
330, 112
330, 115
330, 121
330, 122
330, 123
330, 125
330, 126
330, 127
330, 128
330, 129
330, 131
330, 133
330, 134
330, 135
330, 138
330, 139
330, 140
330, 143
332, 111
332, 112
332, 115
332, 121
332, 122
332, 123
332, 125
332, 126
332, 127
332, 128
332, 129
332, 131
332, 132
332, 133
332, 134
332, 135
332, 138
332, 139
332, 140
332, 143
336, 112
336, 122
336, 123
336, 125
336, 126
336, 127
336, 128
336, 129
336, 131
336, 132
336, 134
336, 135
336, 138
336, 139
336, 140
336, 143
336, 145
336, 146
336, 148
336, 151
338, 119
338, 122
338, 127
338, 131
338, 132
338, 134
338, 138
338, 139
338, 140
338, 143
338, 145
338, 146
338, 148
338, 151
338, 154
338, 156
338, 157
338, 158
338, 159
338, 165
343, 122
343, 123
343, 126
343, 127
343, 129
343, 131
343, 132
343, 134
343, 135
343, 138
343, 139
343, 140
343, 143
343, 145
343, 146
343, 148
343, 151
343, 154
343, 155
343, 156
344, 63
344, 99
344, 119
344, 122
344, 123
344, 125
344, 126
344, 127
344, 128
344, 129
344, 131
344, 132
344, 133
344, 135
344, 137
344, 138
344, 139
344, 145
344, 146
344, 150
346, 122
346, 123
346, 125
346, 126
346, 127
346, 128
346, 129
346, 131
346, 132
346, 133
346, 134
346, 135
346, 138
346, 139
346, 140
346, 143
346, 145
346, 146
346, 148
346, 150
348, 123
348, 125
348, 126
348, 127
348, 128
348, 129
348, 131
348, 132
348, 133
348, 134
348, 135
348, 138
348, 139
348, 140
348, 143
348, 145
348, 146
348, 148
348, 150
348, 151
354, 126
354, 127
354, 128
354, 129
354, 134
354, 139
354, 140
354, 143
354, 145
354, 146
354, 148
354, 151
354, 154
354, 156
354, 157
354, 158
354, 159
354, 160
354, 161
354, 165
356, 123
356, 127
356, 129
356, 131
356, 132
356, 134
356, 135
356, 138
356, 139
356, 140
356, 143
356, 145
356, 146
356, 148
356, 151
356, 154
356, 155
356, 156
356, 157
356, 158
358, 123
358, 125
358, 128
358, 131
358, 132
358, 133
358, 134
358, 135
358, 138
358, 139
358, 140
358, 143
358, 145
358, 146
358, 148
358, 150
358, 151
358, 152
358, 154
358, 155
361, 123
361, 128
361, 134
361, 135
361, 139
361, 140
361, 143
361, 145
361, 146
361, 148
361, 151
361, 154
361, 155
361, 156
361, 157
361, 158
361, 159
361, 160
361, 161
361, 165
370, 131
370, 132
370, 138
370, 143
370, 145
370, 151
370, 156
370, 157
370, 158
370, 159
370, 160
370, 161
370, 165
370, 168
370, 169
370, 173
370, 176
370, 179
370, 181
370, 183
381, 63
381, 99
381, 119
381, 125
381, 131
381, 132
381, 135
381, 137
381, 138
381, 145
381, 146
381, 151
381, 152
381, 154
381, 155
381, 156
381, 157
381, 158
381, 164
381, 165
383, 17
383, 99
383, 119
383, 125
383, 131
383, 132
383, 135
383, 137
383, 138
383, 140
383, 143
383, 145
383, 146
383, 148
383, 151
383, 154
383, 155
383, 156
383, 157
383, 158
396, 63
396, 119
396, 125
396, 131
396, 132
396, 133
396, 135
396, 137
396, 138
396, 145
396, 146
396, 151
396, 152
396, 154
396, 155
396, 156
396, 157
396, 158
396, 159
396, 160
406, 128
406, 131
406, 132
406, 133
406, 138
406, 140
406, 143
406, 145
406, 148
406, 150
406, 151
406, 152
406, 154
406, 155
406, 156
406, 157
406, 158
406, 159
406, 160
406, 161
411, 133
411, 140
411, 143
411, 145
411, 148
411, 150
411, 151
411, 152
411, 154
411, 155
411, 156
411, 157
411, 158
411, 159
411, 160
411, 161
411, 164
411, 165
411, 168
411, 169
413, 132
413, 133
413, 140
413, 145
413, 148
413, 150
413, 151
413, 152
413, 154
413, 155
413, 156
413, 157
413, 158
413, 159
413, 160
413, 161
413, 164
413, 165
413, 168
413, 169
415, 151
415, 156
415, 159
415, 160
415, 161
415, 173
415, 183
415, 184
415, 189
415, 198
415, 215
415, 216
415, 227
415, 228
415, 247
415, 248
415, 250
415, 253
415, 261
415, 263
417, 132
417, 133
417, 140
417, 145
417, 148
417, 150
417, 152
417, 154
417, 155
417, 156
417, 157
417, 158
417, 159
417, 160
417, 161
417, 164
417, 165
417, 168
417, 169
417, 170
418, 133
418, 148
418, 150
418, 152
418, 154
418, 155
418, 156
418, 157
418, 158
418, 159
418, 160
418, 161
418, 164
418, 165
418, 168
418, 169
418, 170
418, 171
418, 173
418, 176
420, 17
420, 119
420, 133
420, 137
420, 150
420, 152
420, 155
420, 156
420, 157
420, 158
420, 159
420, 160
420, 161
420, 164
420, 165
420, 168
420, 169
420, 170
420, 171
420, 173
424, 156
424, 157
424, 158
424, 159
424, 160
424, 161
424, 165
424, 168
424, 169
424, 173
424, 176
424, 179
424, 181
424, 183
424, 184
424, 187
424, 189
424, 190
424, 193
424, 197
425, 150
425, 152
425, 155
425, 157
425, 158
425, 159
425, 160
425, 161
425, 164
425, 165
425, 168
425, 169
425, 170
425, 171
425, 173
425, 176
425, 179
425, 181
425, 183
425, 184
426, 150
426, 160
426, 161
426, 183
426, 215
426, 216
426, 227
426, 247
426, 248
426, 250
426, 261
426, 268
426, 281
426, 285
426, 321
426, 329
426, 331
426, 364
426, 392
426, 394
430, 119
430, 150
430, 152
430, 155
430, 157
430, 158
430, 159
430, 160
430, 161
430, 164
430, 165
430, 168
430, 169
430, 170
430, 171
430, 173
430, 176
430, 179
430, 181
430, 183
end