360
4
0, 0.721404563181554, 0.2210512719949983
1, 0.25406364376991997, 0.5040715926841866
2, 0.9489158897306528, 0.994532736341386
3, 0.44639161887680556, 0.28243423173152205
4, 0.04608975032980345, 0.7194641451282017
5, 0.674082649298818, 0.25727579676228673
6, 0.6980327271926245, 0.029561718925623093
7, 0.5871781851327441, 0.5965483094849476
8, 0.15696192520582142, 0.5201245785874301
9, 0.3458023318974702, 0.5889010502040037
10, 0.988357260166184, 0.8621481417259281
11, 0.8221866754339544, 0.24671038401362821
12, 0.418723392480675, 0.8374065535334566
13, 0.3340480227610665, 0.32733770360425374
14, 0.35395193296155847, 0.22069341996188085
15, 0.7489524285090142, 0.37740888792064997
16, 0.7676007330107413, 0.6925306600964213
17, 0.0317274097861453, 0.28047914121256057
18, 0.16379237720082807, 0.3440139705383055
19, 0.3454082708204752, 0.9202855314894143
20, 0.04660785007389179, 0.3215583342347643
21, 0.8569414403737599, 0.8558735118584406
22, 0.6300388272755498, 0.9835175349711182
23, 0.30377153568751225, 0.00012389464772544212
24, 0.8383236775913232, 0.7597332613239347
25, 0.11619587886310367, 0.3682543553977834
26, 0.9728226188559468, 0.010758448068174054
27, 0.8242222729355212, 0.14613763197806495
28, 0.8025555033322549, 0.20552733578347848
29, 0.05538418458678973, 0.054515624548037045
30, 0.1021241712280122, 0.17910388281229772
31, 0.9935787582406957, 0.11134002303772195
32, 0.07815124219722736, 0.36850466363866274
33, 0.07849717149024404, 0.4218467938093482
34, 0.595520107782599, 0.36721116724402314
35, 0.37193605270170293, 0.5879321589806945
36, 0.7054470226394889, 0.4301532696540964
37, 0.7090494980932895, 0.40775461347260655
38, 0.14738295788646283, 0.5650303632374386
39, 0.03011014028632375, 0.9708953873978727
40, 0.053736491389723695, 0.49068732458551456
41, 0.2019911352287227, 0.9532149643735989
42, 0.20439392308381, 0.469143038382418
43, 0.9244807901830504, 0.7704533352592988
44, 0.523530515700022, 0.4887965143485954
45, 0.7163550603720984, 0.8615339560339218
46, 0.41694230316668834, 0.8417268506537677
47, 0.14766775688651146, 0.6318841827418551
48, 0.6902708612805237, 0.7378014398279004
49, 0.6499234754772669, 0.3977563283837784
50, 0.0784131315480634, 0.751690789223131
51, 0.5578412026266487, 0.589064250510641
52, 0.42813704632991967, 0.8565266813704832
53, 0.41161405420342356, 0.2513009582295481
54, 0.4818576367286257, 0.012723919784041637
55, 0.6616911587334503, 0.684613141832323
56, 0.14382056784652075, 0.5792226255465599
57, 0.06389207210581394, 0.34421132773689034
58, 0.1455951612335148, 0.46845162387982686
59, 0.5407384386420921, 0.49953395596485073
60, 0.44133776326475005, 0.4503066777885769
61, 0.0673128701258493, 0.8612413684210486
62, 0.6661648690427877, 0.7502500425386966
63, 0.3221713043302098, 0.3805543747921051
64, 0.48872328607600624, 0.22370981094299225
65, 0.7117682815282048, 0.7925389221528679
66, 0.6615147289674713, 0.5503046865620607
67, 0.6833601020768371, 0.9104381630117385
68, 0.7058270239292327, 0.76776907414845
69, 0.8550830220347477, 0.9527338390847508
70, 0.29036247766255585, 0.3410141160925686
71, 0.1594397016547855, 0.6368589498306676
72, 0.8145007677269085, 0.5021829144469653
73, 0.9941966505683156, 0.8442094927119156
74, 0.08526658082004668, 0.29608251581671685
75, 0.07996076557224141, 0.5269170036480765
76, 0.5286348039278255, 0.35625762526399707
77, 0.7780000027681993, 0.6983865261205389
78, 0.10615357082459653, 0.16462127703906948
79, 0.3123074435618787, 0.5863543954384348
80, 0.16407150966398165, 0.8649177417979667
81, 0.33245894447271873, 0.7926836785945508
82, 0.7840836775548711, 0.07219950300285616
83, 0.7865755234244834, 0.9385468578452392
84, 0.8158741463833327, 0.6103035882039527
85, 0.16988908980262263, 0.1450047867450308
86, 0.6237666545275397, 0.7299408968936526
87, 0.5034171899160239, 0.39985332216805214
88, 0.32596172255260825, 0.5619026630116337
89, 0.1595950335547378, 0.900758510374378
90, 0.7242314539909277, 0.3521674756816553
91, 0.42471105587065805, 0.47145993874771075
92, 0.9783887423883846, 0.7847274011893571
93, 0.1344702752284075, 0.9292191499004606
94, 0.7221765128242678, 0.5763843080598451
95, 0.15835677565585127, 0.5242832823225455
96, 0.48534667964890976, 0.6839669274095926
97, 0.1978035479489001, 0.5806219745512057
98, 0.8132080523454477, 0.2814114841586166
99, 0.13788042922117139, 0.5599728382603291
100, 0.8093708420579706, 0.2245581380996181
101, 0.2722900758579806, 0.4143205325098478
102, 0.08715911796851628, 0.7565587220634009
103, 0.9742064007328122, 0.8969625741005912
104, 0.7888183775985231, 0.6074260544450806
105, 0.4074729771533494, 0.057116523424393995
106, 0.3928725825255718, 0.3597599457849848
107, 0.94649016462773, 0.09955099777348508
108, 0.8120320453256853, 0.6481583014972168
109, 0.6910572091643221, 0.10899963912641975
110, 0.10822431474338567, 0.265556911595798
111, 0.21647352240878737, 0.971657914655039
112, 0.14044830967801158, 0.44502964418660296
113, 0.2927628747577715, 0.588643567876331
114, 0.06188842088517721, 0.2513033727613918
115, 0.03810331102568576, 0.28169178928799843
116, 0.12706359834276826, 0.7830139872440759
117, 0.8113306229550503, 0.15202487078621263
118, 0.8599326375129493, 0.5043909516494316
119, 0.6757094149646697, 0.6189453858297923
120, 0.34321210568639393, 0.9491798553252845
121, 0.7205753865276928, 0.8267432459753955
122, 0.2413975673150487, 0.799130223433298
123, 0.6285944818391974, 0.8371930261079363
124, 0.9417052803896466, 0.6227251748921372
125, 0.1625413729240197, 0.3138324815967565
126, 0.27924015413870484, 0.2115132724536687
127, 0.9991126692660549, 0.11829429256787105
128, 0.8226592440347464, 0.13984299140566603
129, 0.1665529136634185, 0.5975548934200962
130, 0.3583049175135171, 0.5373323603342622
131, 0.8645873266116768, 0.40183563584857374
132, 0.16322672623150936, 0.11529997934131209
133, 0.4568005786401488, 0.488501217895163
134, 0.45796677753119264, 0.523022221782747
135, 0.5179470151712008, 0.8545950139253097
136, 0.7201116506649593, 0.5655911296647292
137, 0.10739622937801363, 0.15984430591592147
138, 0.2768485776150629, 0.3956192322784754
139, 0.9163287336133762, 0.9880397290330861
140, 0.943151822537912, 0.7553813854015604
141, 0.4739352867841339, 0.3415630573214221
142, 0.9776119170539432, 0.4175384775830201
143, 0.9742865761894276, 0.17418267189153702
144, 0.31130022241427524, 0.8877325655078194
145, 0.6082683966540836, 0.48428444967227446
146, 0.11991031682377129, 0.9943008716843349
147, 0.03644275268834907, 0.5167690952487611
148, 0.5931338908910643, 0.7144929607484758
149, 0.8228315911599213, 0.407725928344713
150, 0.8280157347607124, 0.538324278276521
151, 0.14349326039021604, 0.16531543473543364
152, 0.8704443576710458, 0.009004557507145572
153, 0.6039986654628977, 0.9419479280131947
154, 0.2501717523949871, 0.6734760633045224
155, 0.7524307411608938, 0.6297790607908281
156, 0.829925208384547, 0.5084595279336313
157, 0.39319262221800366, 0.9297144461462352
158, 0.7618801782634314, 0.9393848065376912
159, 0.21330329551347627, 0.68610101579959
160, 0.4863812890104565, 0.47398236009214345
161, 0.09023994197567586, 0.0550383720048514
162, 0.19886881074438567, 0.44497597920438114
163, 0.3277266753858715, 0.503415462930595
164, 0.2549872330438291, 0.11839580028866337
165, 0.36110569944548576, 0.4230491767838661
166, 0.10000025218717257, 0.7378350366498738
167, 0.9341748380129177, 0.8900750513565365
168, 0.0023840032380217924, 0.24566663002845213
169, 0.04126547546694048, 0.059082055054540894
170, 0.8980965061788774, 0.3107011906570537
171, 0.8426502267002107, 0.24868253588675793
172, 0.27548295630024167, 0.6371637901588517
173, 0.5790031495533877, 0.7637355743427554
174, 0.6729574535060552, 0.34620812688709934
175, 0.3648234972162835, 0.8002219495935855
176, 0.04108452462770884, 0.8992350191945726
177, 0.6144048856172224, 0.9893868761866105
178, 0.0962200502122349, 0.8338907403005188
179, 0.6488106150475287, 0.5174733194383493
180, 0.29396758610230656, 0.5640609896874146
181, 0.549069816812728, 0.2244669082267925
182, 0.09396117970424511, 0.8635396906686585
183, 0.14063179418480265, 0.08381471333825685
184, 0.8343712227036347, 0.9188517564061439
185, 0.8908832959885012, 0.6944823306679432
186, 0.6839144784906769, 0.9873079335203946
187, 0.21115752686807432, 0.35559534882859
188, 0.10536095829830805, 0.2261870830065701
189, 0.9996515497982296, 0.46313506963890927
190, 0.5580564682124477, 0.9884443991185103
191, 0.8051100101394286, 0.4105268951416282
192, 0.14923662452388675, 0.6062140965427149
193, 0.1442128264102781, 0.21577044603101092
194, 0.7759765389796052, 0.22452263081269241
195, 0.8334134194598638, 0.17519439601017672
196, 0.8584436123228216, 0.16268823411106537
197, 0.8602897274327487, 0.48791605037081
198, 0.40856019579581193, 0.0028199612524424378
199, 0.5844803511555833, 0.2860006497203862
200, 0.9134245291139237, 0.21197579970238145
201, 0.6339685885849283, 0.09220185002418979
202, 0.08868459202384804, 0.100864236819037
203, 0.6719221165763626, 0.2654567227710777
204, 0.6194661436907127, 0.6057540412790944
205, 0.35808573600427585, 0.9605912928771934
206, 0.8718265059152248, 0.5169583896233867
207, 0.25663028882177885, 0.08322746934081648
208, 0.08552125986464298, 0.5905813373363962
209, 0.2730902718807675, 0.0717639263370572
210, 0.19217655745059847, 0.31538996038846934
211, 0.39799263029691534, 0.9160402522133714
212, 0.6057391794066568, 0.2086444524863902
213, 0.4430732269792188, 0.665367278713656
214, 0.881063240776774, 0.7607376903789743
215, 0.8662280019694918, 0.8897672482541986
216, 0.5732783265234596, 0.450662481030351
217, 0.36693390422834704, 0.48111111260953154
218, 0.5719204108400401, 0.9983959161757291
219, 0.5712443495501934, 0.7400823466108323
220, 0.07336905575404651, 0.05639137131898575
221, 0.5534566730448162, 0.14698511131786496
222, 0.4236239927182368, 0.2864232515612932
223, 0.7756207742015001, 0.13145295285063352
224, 0.9295201849486765, 0.527300743554828
225, 0.4138578829934656, 0.5264711539361876
226, 0.07306096644188975, 0.5744699598894709
227, 0.15854578104933836, 0.22777468072840767
228, 0.40609875457388234, 0.09551585686633024
229, 0.959002423239375, 0.4786091271713946
230, 0.9583898999075079, 0.9577803955437687
231, 0.9928746074130526, 0.0019060313508220128
232, 0.6644601816662056, 0.8264188739256707
233, 0.9998579295151709, 0.19909633677338034
234, 0.7843519760421044, 0.7331053400265031
235, 0.32910559685889385, 0.8257534560473572
236, 0.7800703359651562, 0.5864325964919677
237, 0.6829681694506935, 0.8957455925628189
238, 0.4148792555836902, 0.6438607668664179
239, 0.6874617399380202, 0.09896957305604559
240, 0.9872105550026111, 0.34502602660404014
241, 0.6405605375650752, 0.3280757807974951
242, 0.16673758231696922, 0.46977199271272474
243, 0.5283518605809062, 0.35011131042389154
244, 0.17055854110302926, 0.23246921296384138
245, 0.7079770660500163, 0.14706824313645972
246, 0.356350992017753, 0.7904734008763205
247, 0.7197050404425835, 0.5018629290776992
248, 0.9739265484465714, 0.9218461893886893
249, 0.19578439371309797, 0.49447904195109804
250, 0.5713170819135798, 0.3804661177955606
251, 0.6499653877509811, 0.12311660856810713
252, 0.809177934878796, 0.795545744931552
253, 0.5167653488785497, 0.7119431775860885
254, 0.6583152187236152, 0.4639237258812555
255, 0.24447121972458252, 0.3009487746817445
256, 0.5575978387399918, 0.10534071459240657
257, 0.42469244386484284, 0.8652711127231486
258, 0.3590981887970369, 0.6228877742884967
259, 0.7083258124245164, 0.9679101917035084
260, 0.14149090671864584, 0.5936161164353813
261, 0.9362124180176464, 0.7155142266264314
262, 0.10242378718810152, 0.0850749415420563
263, 0.6249554310286672, 0.17667799036667187
264, 0.8409603201066053, 0.7644838868325073
265, 0.6679613050047507, 0.5316641034544847
266, 0.3596964611790222, 0.46269435658971014
267, 0.6294361721722029, 0.5365000875991323
268, 0.10993445555244818, 0.7913554420919471
269, 0.3713215057894389, 0.9877787319224881
270, 0.6109821174118012, 0.39575930230631373
271, 0.9577324929758037, 0.9135949412240081
272, 0.258520375753832, 0.7384124432785377
273, 0.7446017841021725, 0.4314234113018044
274, 0.4918674069483068, 0.24516718435740836
275, 0.1990794174005358, 0.687023468991756
276, 0.21302255076989973, 0.09223597482176171
277, 0.8045729820601338, 0.42463394064026305
278, 0.5444551393389468, 0.17462057408963794
279, 0.2008240327135713, 0.6277208822301461
280, 0.5571774247983728, 0.8318722756605955
281, 0.4633897563644266, 0.08955467856867072
282, 0.5410533875537817, 0.65628845038327
283, 0.05531501856850474, 0.8873910528766114
284, 0.09742604037430402, 0.45604369476852646
285, 0.9972639853293327, 0.45369116438675416
286, 0.8723972877185325, 0.6660250135791245
287, 0.1397894134897263, 0.25757974199469813
288, 0.6617255575430931, 0.16544436103807847
289, 0.2402535273217019, 0.2595707888631388
290, 0.5450795680186742, 0.6356762708004204
291, 0.40978113896619406, 0.9989219647061212
292, 0.6768764003314731, 0.49323389758627945
293, 0.8596990991683915, 0.4527079936224625
294, 0.4807258216064849, 0.11999802924883707
295, 0.5194807076145519, 0.997739697616097
296, 0.6726293038132655, 0.49749752217838816
297, 0.25753655819083543, 0.9031560498055458
298, 0.7094098392200757, 0.33799411092989173
299, 0.9750122432170816, 0.7642398800075274
300, 0.2666829924200541, 0.8240192432013046
301, 0.7673098395081347, 0.5417217406385334
302, 0.8507174614346272, 0.18133145130931283
303, 0.5643954237647769, 0.2136600780962039
304, 0.1356103111404693, 0.8239560062181376
305, 0.9191046226077338, 0.3877123210052731
306, 0.08327752931566412, 0.3306682618764605
307, 0.8465619428700145, 0.40292212638218716
308, 0.03215694650158851, 0.7556995892437466
309, 0.8504075271198182, 0.42095639738380874
310, 0.2676907895909485, 0.4976646392987818
311, 0.08570607944481357, 0.48439808748888347
312, 0.4959208210167787, 0.5540246219987263
313, 0.85625093811406, 0.6616882221126007
314, 0.48048229128326336, 0.362491677429409
315, 0.28104648219358064, 0.57695557400806
316, 0.9626806507377834, 0.560988102676692
317, 0.7442203139752482, 0.3061594074641566
318, 0.4998027325241077, 0.2580915132583469
319, 0.6171587136534598, 0.8559870940617821
320, 0.5180516655473842, 0.07711678844135039
321, 0.4580722689179767, 0.7329959968160566
322, 0.7108676397975057, 0.46583624164396786
323, 0.6934728377683194, 0.947004228432379
324, 0.26408243895324035, 0.9227283773987992
325, 0.0067704657455957, 0.9695447177674773
326, 0.8979416562812554, 0.7767235859526213
327, 0.17107035105094082, 0.9955500012021021
328, 0.9458813364957206, 0.1303474029671451
329, 0.6349603305300505, 0.02327967535959019
330, 0.3332681352214575, 0.8837086355681586
331, 0.894146595069482, 0.5236657924354019
332, 0.7511672039870093, 0.4234673945132468
333, 0.2751358090721313, 0.8614603302481358
334, 0.8078753725710843, 0.08487352722802322
335, 0.4640166784881401, 0.5083644077538119
336, 0.8966715187815488, 0.4463078076715413
337, 0.24599260546759405, 0.4515128801606112
338, 0.6060132513278396, 0.9945396454032186
339, 0.1453614231647672, 0.20438418032869576
340, 0.19141165631673573, 0.11402695214218306
341, 0.6530971714211554, 0.17882105526408298
342, 0.3586052243862591, 0.21756826174979238
343, 0.8093247752049314, 0.31911985592183223
344, 0.6816794438837277, 0.5317588858832197
345, 0.3709867521441118, 0.5748182722991234
346, 0.11671410915772762, 0.9720867868715264
347, 0.2757126426923039, 0.715008594243007
348, 0.4324608023613167, 0.06926062558610935
349, 0.4780627339673491, 0.9837238463585083
350, 0.6722038558620379, 0.8774759490882057
351, 0.13610544633130983, 0.23668643875687267
352, 0.8665426656335101, 0.1327354751398243
353, 0.29641176456236573, 0.09784556538266753
354, 0.8154175425744087, 0.4360177888127901
355, 0.061035713084071075, 0.1472559721695751
356, 0.5600462592288783, 0.3497753594451882
357, 0.8915871145266253, 0.06987827695921645
358, 0.5499491838204579, 0.7628182811851735
359, 0.019349118809258936, 0.8517003905729589
end_nodes
0, 1
0, 2
0, 3
0, 4
0, 5
0, 6
0, 7
0, 8
0, 9
0, 10
0, 11
0, 12
0, 13
0, 14
0, 15
0, 16
0, 17
0, 18
1, 4
1, 8
1, 38
1, 47
1, 56
1, 76
1, 95
1, 97
1, 99
1, 129
1, 163
1, 165
1, 192
1, 208
1, 217
1, 226
1, 243
2, 7
2, 10
2, 12
2, 15
2, 16
2, 19
2, 21
2, 22
2, 24
2, 39
2, 41
2, 43
2, 45
2, 46
2, 48
2, 50
2, 51
3, 13
3, 18
3, 25
3, 32
3, 33
3, 70
3, 187
4, 5
4, 9
4, 12
4, 17
4, 20
4, 32
4, 33
4, 35
4, 38
4, 39
4, 40
4, 41
4, 46
4, 47
4, 50
4, 56
5, 9
5, 60
5, 71
5, 79
5, 87
5, 88
5, 91
5, 113
5, 130
5, 180
5, 203
5, 279
5, 315
5, 356
6, 11
6, 14
6, 17
6, 23
6, 26
6, 27
6, 28
6, 29
6, 30
6, 31
6, 54
6, 78
6, 82
6, 85
6, 100
6, 105
6, 107
7, 16
7, 21
7, 36
7, 37
7, 49
7, 51
7, 55
7, 66
7, 90
7, 94
7, 119
7, 136
7, 145
7, 155
7, 174
7, 179
8, 13
8, 33
8, 42
8, 58
8, 63
8, 75
8, 95
8, 101
8, 106
8, 112
8, 138
8, 141
8, 162
8, 165
8, 199
8, 226
9, 34
9, 35
9, 44
9, 59
9, 79
9, 113
9, 133
9, 134
9, 160
9, 203
9, 216
9, 225
9, 241
9, 250
9, 270
10, 11
10, 27
10, 31
10, 43
10, 72
10, 73
10, 92
10, 98
10, 103
10, 107
10, 117
10, 118
10, 124
10, 127
10, 131
10, 140
11, 28
11, 98
11, 100
11, 117
11, 131
11, 194
11, 223
11, 331
12, 35
12, 45
12, 46
12, 48
12, 49
12, 51
12, 59
12, 62
12, 65
12, 67
12, 68
12, 69
12, 81
12, 83
12, 86
13, 33
13, 42
13, 63
13, 101
13, 106
13, 112
13, 138
13, 141
13, 162
13, 199
13, 242
14, 17
14, 64
14, 109
14, 110
14, 126
14, 181
14, 201
14, 212
14, 221
14, 239
14, 244
14, 245
14, 251
14, 256
14, 263
14, 278
15, 16
15, 24
15, 77
15, 84
15, 104
15, 108
15, 236
15, 264
15, 273
15, 301
15, 317
15, 332
16, 21
16, 24
16, 36
16, 37
16, 77
16, 90
16, 119
16, 155
16, 204
16, 234
16, 252
16, 273
16, 332
17, 18
17, 20
17, 29
17, 30
17, 32
17, 39
17, 53
17, 57
17, 64
17, 74
17, 78
17, 110
17, 114
17, 115
18, 32
18, 53
18, 74
18, 125
18, 210
18, 222
18, 255
18, 274
18, 306
18, 318
19, 41
19, 50
19, 52
19, 80
19, 102
19, 116
19, 120
19, 122
19, 139
19, 144
19, 153
19, 157
19, 205
19, 211
19, 235
19, 257
19, 259
20, 32
20, 40
20, 57
21, 215
21, 234
21, 252
22, 39
22, 41
22, 111
22, 186
22, 346
23, 26
23, 29
23, 54
23, 152
23, 198
23, 231
23, 329
24, 77
24, 104
24, 108
24, 236
24, 264
25, 32
25, 33
25, 187
26, 31
26, 127
26, 152
26, 198
26, 231
26, 329
26, 357
27, 82
27, 107
27, 117
27, 124
27, 128
27, 170
27, 171
27, 195
27, 196
27, 200
27, 223
27, 224
27, 229
27, 302
27, 305
27, 316
28, 223
29, 78
29, 85
29, 105
29, 132
29, 137
29, 161
29, 164
29, 168
29, 169
29, 183
29, 202
29, 207
29, 209
29, 220
29, 262
30, 78
30, 114
30, 151
30, 188
30, 193
30, 227
30, 281
30, 320
30, 339
30, 351
31, 107
31, 127
31, 142
31, 143
31, 240
31, 357
32, 33
32, 40
32, 57
32, 306
33, 58
33, 70
33, 75
33, 112
33, 187
33, 226
33, 284
33, 311
34, 133
34, 241
34, 250
35, 59
35, 81
35, 154
35, 159
35, 172
35, 175
35, 213
35, 238
35, 246
35, 258
35, 272
35, 275
35, 312
35, 347
36, 37
36, 66
36, 94
36, 136
36, 155
36, 179
36, 247
36, 265
36, 267
36, 292
36, 296
36, 322
36, 344
37, 90
37, 267
38, 56
38, 208
39, 41
39, 61
39, 89
39, 93
39, 111
39, 146
39, 147
39, 168
39, 176
39, 177
39, 178
39, 182
39, 186
39, 190
41, 50
41, 80
41, 89
41, 93
41, 111
41, 116
41, 120
41, 205
41, 268
41, 297
41, 304
41, 324
42, 138
43, 72
43, 103
43, 150
43, 167
43, 185
43, 214
43, 230
43, 271
43, 286
43, 313
43, 326
44, 59
44, 134
44, 216
44, 345
45, 65
45, 69
45, 121
45, 123
45, 135
45, 184
45, 232
45, 237
45, 280
45, 319
45, 350
46, 50
46, 158
46, 166
47, 97
47, 129
47, 163
47, 217
48, 51
48, 62
48, 68
48, 86
48, 148
48, 173
48, 184
48, 253
48, 282
48, 290
49, 145
49, 174
50, 102
50, 116
50, 122
50, 139
50, 166
50, 268
51, 55
51, 145
51, 253
51, 290
52, 139
52, 153
52, 235
52, 257
52, 323
53, 74
53, 115
53, 125
53, 210
53, 255
53, 274
54, 329
56, 192
56, 260
58, 112
59, 96
59, 213
59, 216
59, 270
59, 312
59, 321
59, 345
60, 87
60, 91
60, 113
60, 315
61, 176
61, 178
61, 283
62, 68
63, 101
63, 106
63, 337
64, 181
64, 289
65, 68
65, 121
65, 123
65, 184
65, 232
65, 280
66, 136
66, 179
66, 265
66, 292
66, 296
66, 344
67, 83
68, 184
69, 83
69, 135
69, 237
70, 187
71, 279
72, 140
72, 150
72, 156
72, 214
72, 277
72, 286
72, 313
73, 127
73, 189
73, 233
73, 248
73, 285
74, 115
74, 125
75, 226
75, 284
75, 311
76, 217
76, 243
76, 266
76, 310
77, 236
77, 301
78, 85
78, 137
78, 151
78, 228
78, 355
79, 88
79, 113
79, 130
80, 116
80, 297
81, 175
81, 246
81, 258
81, 272
82, 107
82, 128
82, 334
84, 264
85, 132
85, 137
85, 164
85, 202
85, 228
85, 262
85, 340
85, 348
86, 173
86, 219
86, 253
86, 358
87, 91
88, 113
88, 130
89, 93
89, 178
89, 182
90, 254
90, 298
91, 113
92, 107
92, 124
92, 224
92, 229
92, 299
92, 316
92, 328
94, 136
94, 155
94, 247
94, 322
95, 226
96, 241
96, 270
96, 321
97, 163
98, 118
98, 149
98, 191
98, 197
98, 206
98, 261
98, 293
98, 307
98, 309
98, 331
98, 343
98, 354
99, 208
99, 226
100, 194
101, 138
102, 122
102, 144
102, 333
103, 230
103, 271
104, 108
104, 236
105, 161
105, 164
105, 207
105, 209
105, 276
105, 348
105, 353
106, 141
106, 249
106, 337
107, 128
107, 142
107, 143
107, 170
107, 196
107, 200
107, 328
107, 334
107, 352
109, 239
109, 245
109, 251
109, 278
110, 244
110, 287
111, 346
112, 242
113, 279
113, 315
114, 188
114, 351
116, 268
116, 304
117, 131
117, 171
117, 223
118, 149
118, 197
118, 206
118, 261
118, 354
119, 155
119, 204
120, 205
121, 184
122, 139
122, 144
122, 235
122, 300
122, 330
122, 333
123, 232
123, 280
124, 224
124, 336
125, 210
126, 244
126, 256
126, 294
126, 342
127, 231
127, 233
127, 285
128, 334
132, 183
132, 262
132, 340
133, 225
133, 250
134, 216
135, 237
135, 319
135, 350
136, 344
137, 202
139, 153
139, 235
139, 323
140, 156
140, 277
141, 199
141, 249
142, 143
142, 240
144, 333
146, 177
146, 190
146, 218
146, 269
146, 291
146, 295
146, 325
146, 327
146, 338
147, 308
148, 253
148, 282
149, 354
150, 185
150, 286
152, 231
153, 211
153, 257
153, 323
154, 159
154, 272
154, 347
155, 247
156, 277
157, 205
157, 259
159, 272
159, 275
160, 241
160, 270
161, 209
162, 242
163, 217
164, 183
164, 276
164, 340
164, 348
164, 353
165, 314
167, 214
167, 326
168, 169
168, 325
168, 359
170, 200
170, 229
170, 302
170, 328
172, 275
175, 246
176, 283
177, 190
177, 338
177, 349
178, 182
179, 296
180, 279
180, 315
180, 356
181, 289
183, 340
185, 286
188, 351
189, 233
190, 269
191, 343
191, 354
192, 260
193, 227
193, 351
195, 224
195, 316
196, 200
196, 352
197, 206
198, 329
200, 302
201, 221
201, 239
205, 259
206, 261
206, 293
206, 309
207, 209
207, 220
207, 276
208, 226
209, 220
210, 255
211, 257
212, 245
212, 263
212, 288
212, 303
212, 341
213, 238
213, 312
214, 313
214, 326
216, 270
216, 335
217, 266
217, 310
218, 291
218, 295
218, 338
219, 253
219, 358
221, 239
222, 318
224, 299
224, 316
225, 250
227, 320
227, 339
227, 351
229, 305
229, 316
229, 328
230, 271
233, 285
234, 252
235, 330
236, 301
237, 350
239, 245
241, 250
241, 270
244, 287
244, 294
245, 263
245, 278
245, 288
245, 341
247, 322
251, 278
253, 282
253, 290
253, 358
254, 298
256, 294
256, 342
258, 272
261, 293
261, 307
263, 288
265, 292
266, 310
268, 304
270, 335
272, 275
272, 347
273, 332
274, 318
276, 353
279, 315
281, 320
282, 290
284, 311
286, 313
288, 341
291, 327
292, 296
293, 307
293, 309
295, 338
297, 324
299, 316
300, 330
305, 316
315, 356
320, 339
325, 359
end