600
4
0, 0.08004436499867573, 0.5672562918085772
1, 0.9060037493963466, 0.682912949959956
2, 0.8242028594893644, 0.35932039807713645
3, 0.1526005847702826, 0.24394673570336567
4, 0.8483973997027773, 0.35095826504129124
5, 0.3273779778389043, 0.5098774094031095
6, 0.6523522819480393, 0.3045268412772417
7, 0.3331766737853593, 0.024259945034721286
8, 0.2139290204457328, 0.2915688366148306
9, 0.8509155987266789, 0.23065246501631076
10, 0.9130486588863421, 0.7100835410409005
11, 0.4446071173736642, 0.12320065336976926
12, 0.7999704527306188, 0.9183813505480077
13, 0.8124014177732352, 0.8048417869443352
14, 0.21240951030183253, 0.7776463003704507
15, 0.7860647097927496, 0.8832020522234032
16, 0.9644552181080213, 0.813168940450178
17, 0.9599750894935213, 0.7962693443288064
18, 0.3864096718958334, 0.6353260640266823
19, 0.6362384266950649, 0.000347987715499376
20, 0.2887838826587067, 0.6013043147571855
21, 0.2127304200632686, 0.24749539229743844
22, 0.08764770319673698, 0.998562822702413
23, 0.7375798229081357, 0.08169814827094757
24, 0.9181462905554056, 0.3153292841957762
25, 0.1484542795792665, 0.6219151589820221
26, 0.6204777508579473, 0.4953613864210009
27, 0.48846749356426455, 0.4133157210052396
28, 0.2602813460067971, 0.8583564920666491
29, 0.7942580127737963, 0.5865958486525173
30, 0.3707819570214598, 0.22308232377581094
31, 0.10236144102200395, 0.07800094945540825
32, 0.2764715247664863, 0.2401177512399163
33, 0.5743423935435669, 0.7555385128819003
34, 0.1576557365283695, 0.36438381794267616
35, 0.8920719305683961, 0.8403084852598416
36, 0.6699291091531285, 0.8945189766861027
37, 0.1357031564730412, 0.825147989141045
38, 0.059501197383657334, 0.6221144036534739
39, 0.8836108897835173, 0.08322427722998638
40, 0.39562735909981106, 0.09492174145541765
41, 0.47777632608592324, 0.5504666363535413
42, 0.10406883407482814, 0.7202910108722614
43, 0.9419086103636277, 0.36515013472580304
44, 0.8888525413607226, 0.6431417026664629
45, 0.9001825596850868, 0.002131030027186065
46, 0.557902110650298, 0.4441489928319877
47, 0.8163342342750373, 0.04188277520938943
48, 0.8530383251607594, 0.6832383389487177
49, 0.4956345292572898, 0.08111685130957236
50, 0.7390571877882257, 0.06031897469791725
51, 0.44368572194065437, 0.4235276412815342
52, 0.9308155248392153, 0.028792407813414522
53, 0.20822377026623407, 0.7574858229308427
54, 0.550423664624092, 0.26321566084951387
55, 0.7864593139757944, 0.6041396282883668
56, 0.0009283729123481521, 0.24874443053435624
57, 0.15224464736062893, 0.9290893665075713
58, 0.8367200109004226, 0.3603879843588855
59, 0.2502563645531668, 0.7778202286759575
60, 0.6894632383572258, 0.7262783860549965
61, 0.9412624803296386, 0.29786458221767853
62, 0.7400932670706337, 0.5045609800407191
63, 0.41474514190139444, 0.10911451560242158
64, 0.667533654999984, 0.8715518267464746
65, 0.15982889810497702, 0.8511662126987003
66, 0.489521103918544, 0.9513642318795306
67, 0.3654091352670066, 0.39707967460189375
68, 0.04020923220485206, 0.9380228843353576
69, 0.9597716102341497, 0.7592525642716054
70, 0.24434767525143652, 0.060623683928363925
71, 0.2997858281506788, 0.12254732322602335
72, 0.4247898147154826, 0.40289128953602893
73, 0.36576401005159265, 0.1549949387465881
74, 0.18245907432467878, 0.5814689635458945
75, 0.02905271816073629, 0.12451848208071814
76, 0.027455016556459544, 0.07264016054573852
77, 0.9381644652983014, 0.3244966620023787
78, 0.05944910330675679, 0.8116307694972403
79, 0.2776562364349504, 0.6473685624815507
80, 0.7020545430025884, 0.9378406423586808
81, 0.8934051201668111, 0.7426519467251523
82, 0.2712358022044775, 0.4950652083636725
83, 0.7311822650679299, 0.2308073566700064
84, 0.673507616202603, 0.5381790671791021
85, 0.0827310908108908, 0.4850596777795231
86, 0.4592437441088165, 0.9052922775247106
87, 0.8392450719034997, 0.0916395401993626
88, 0.46668028928547833, 0.4322903478367198
89, 0.46919597652190104, 0.44352026482671036
90, 0.6775150714211607, 0.3928741810312081
91, 0.33191942763373694, 0.35768615059960607
92, 0.11116400356119904, 0.2353831759650512
93, 0.5949674279389394, 0.7863395125503566
94, 0.05024476266832978, 0.9907236256272667
95, 0.2931265970107265, 0.9628038889981233
96, 0.5958434566814688, 0.7423419212422602
97, 0.7549081822367012, 0.8735221888781888
98, 0.40803889586716724, 0.8126277214540307
99, 0.871678984057608, 0.28877999594026516
100, 0.3507160405488866, 0.816844444313552
101, 0.7254504549467964, 0.02605756626049427
102, 0.3310519221349526, 0.7782573714808485
103, 0.034613365513507355, 0.20345950076970287
104, 0.8029467906408188, 0.5706719808396563
105, 0.9863820744067137, 0.35804739124511564
106, 0.6596662988281329, 0.7719161273334236
107, 0.024433712305381383, 0.3447472602868693
108, 0.9920922101053965, 0.6277963717849646
109, 0.9895948999756216, 0.6280734514554341
110, 0.7603303019459285, 0.300791456946389
111, 0.3324419848760155, 0.187415496926427
112, 0.5696069488591032, 0.6972962879591397
113, 0.9140176355778799, 0.23881194472918554
114, 0.1211070411360411, 0.9977845630747343
115, 0.2781549643904936, 0.8396855378019868
116, 0.4315964321405431, 0.48306571852165847
117, 0.9609277355116594, 0.3871780084559554
118, 0.6850405290524465, 0.13235002421946607
119, 0.10598135767254913, 0.8809416235332844
120, 0.17624255843313952, 0.17603367344458531
121, 0.15961781294365818, 0.24964375408180384
122, 0.4133550216118743, 0.3096378291139691
123, 0.3622277635868405, 0.05014330792314525
124, 0.19831579242310782, 0.5634081571229109
125, 0.4890451901502699, 0.7078716688275979
126, 0.5197696447997701, 0.9514219791830103
127, 0.19533932531837883, 0.4616776443162772
128, 0.6331248864763894, 0.6631526810529563
129, 0.6861704335443191, 0.1330844804087462
130, 0.4857060010101347, 0.2347637963773107
131, 0.08507658420576725, 0.7136076198655384
132, 0.3965201405106936, 0.3722048186037086
133, 0.9774768512951919, 0.20879516257380415
134, 0.23982332497309933, 0.238508192507921
135, 0.07337203183171159, 0.8630860200204953
136, 0.28638841772494206, 0.7817509355221107
137, 0.8665302653443048, 0.4224327786852835
138, 0.6977893290810302, 0.7141328709835083
139, 0.8955861197079056, 0.0069148372173956085
140, 0.1142534171075632, 0.44594232943039414
141, 0.8078240688890397, 0.7996335935358032
142, 0.0397617453255702, 0.2060689050159379
143, 0.34060703069838316, 0.8292551517957262
144, 0.6214659782369728, 0.5574677936285461
145, 0.5172572918286316, 0.7149453399780484
146, 0.3856629979097632, 0.48035080363165894
147, 0.14997851392601858, 0.22973560015347727
148, 0.7074399230186948, 0.11375866273146962
149, 0.20888004095430857, 0.2648222369938952
150, 0.3120135519917254, 0.32325119223248444
151, 0.8501158787915438, 0.6224676756800513
152, 0.35141369914179477, 0.8598590530638583
153, 0.12353778602727028, 0.5848879153136051
154, 0.5905477009284297, 0.13932127536485406
155, 0.4282302532093625, 0.6591238137343388
156, 0.9990863792953489, 0.47530087310065583
157, 0.9376552443220277, 0.10928478527227337
158, 0.6219824068260705, 0.7303500171716448
159, 0.24356299412983629, 0.682279637574874
160, 0.31956090067545706, 0.7581260722745102
161, 0.4518625348917461, 0.8935580626639478
162, 0.06626514685728147, 0.28935221846579773
163, 0.6610765651380528, 0.6447637523121691
164, 0.5136008722452929, 0.03360541277878015
165, 0.9248479727277008, 0.08236013824389388
166, 0.0829737658019829, 0.015078732592935573
167, 0.11781165924938752, 0.37419093759827093
168, 0.42029508784876646, 0.16625685499223553
169, 0.29030952964527157, 0.24074135122357376
170, 0.3837226515708916, 0.3240306575869125
171, 0.6100937117256009, 0.8662487745663539
172, 0.3452185447228362, 0.4211325707133806
173, 0.2426732418410782, 0.4430611665002727
174, 0.9302260425880023, 0.552239425444234
175, 0.16768629087321518, 0.5690656799156159
176, 0.8080294204378147, 0.9919633685039573
177, 0.5600926317455918, 0.24970331378689603
178, 0.21981721837653634, 0.3172649112072915
179, 0.7276669596894261, 0.8797039360873405
180, 0.7528839201589902, 0.9652933151303978
181, 0.8499773227108451, 0.5724627640246618
182, 0.35166311963591435, 0.6550849550315839
183, 0.28960185886279144, 0.9284841427749929
184, 0.44590334720315006, 0.2804414599827717
185, 0.2895407099127777, 0.5841598285233537
186, 0.39944517332093865, 0.3739875904697102
187, 0.05563081832569872, 0.210294047782277
188, 0.37946133189292064, 0.8581862334813691
189, 0.8808381589818439, 0.9818998817823072
190, 0.5352773631776809, 0.365572771375852
191, 0.7568088632353572, 0.7718542804284585
192, 0.7923481173359956, 0.33512104265903564
193, 0.6520639019984742, 0.2819712047610313
194, 0.21661605010493046, 0.1278642962495743
195, 0.4354390967583024, 0.19307579260056595
196, 0.6291493855165192, 0.5658767357358107
197, 0.8767412165024301, 0.362606822168006
198, 0.8982723610401978, 0.47684329795576075
199, 0.13072144192923563, 0.24841514583959612
200, 0.08916093152760252, 0.10256259187868455
201, 0.07100430613879194, 0.5147677315623881
202, 0.6806624960910068, 0.580541914493306
203, 0.8229741812233364, 0.8141810070903202
204, 0.5057409058048667, 0.6667324638946157
205, 0.46345495421122007, 0.019314992011470244
206, 0.2568491820511265, 0.9302861301226776
207, 0.9691853497743207, 0.7285226210226446
208, 0.9994983998693507, 0.06349405589093304
209, 0.11170760532882917, 0.75880956243828
210, 0.05574858556197926, 0.5662077256676992
211, 0.5888868212756877, 0.35185719511120506
212, 0.23278909463130237, 0.10735225607547261
213, 0.14587871769693184, 0.1851400638034808
214, 0.8446404152438, 0.252318914735837
215, 0.4058620456830121, 0.4445563754076104
216, 0.20226508869506932, 0.901451494186548
217, 0.9042574878925111, 0.41956727876137223
218, 0.558445754209707, 0.0748012970289621
219, 0.4937909835242529, 0.8583985481566475
220, 0.3969842648986096, 0.9582235144067368
221, 0.11695457508133167, 0.01268848356979524
222, 0.3296472979742935, 0.23781528472369284
223, 0.5834577068848544, 0.9848811660811693
224, 0.2435457905373678, 0.8684661407845141
225, 0.3956538154600535, 0.9055300312447441
226, 0.8656252188077611, 0.05618421750044145
227, 0.46012820113723474, 0.5360159671085756
228, 0.6881989925266444, 0.8373727877900043
229, 0.18586703940544225, 0.18909718079783389
230, 0.3790246305463435, 0.9539441498389518
231, 0.9983417027850329, 0.264016963051219
232, 0.07451084621758519, 0.647286197105634
233, 0.6084585698258996, 0.21258742907961736
234, 0.9551819569100805, 0.9400194840423708
235, 0.4163071401361351, 0.05105043613485183
236, 0.9848100515361019, 0.9138282778970599
237, 0.22958790287519437, 0.5770170650210807
238, 0.7300547052331565, 0.062486828507206105
239, 0.7282586132030968, 0.15482344395734648
240, 0.1263270076480265, 0.9561951334790731
241, 0.5340742556227058, 0.330786020070008
242, 0.3765966721577446, 0.9290189906469856
243, 0.7247655654742696, 0.6378487800139413
244, 0.254254202203932, 0.559211418568326
245, 0.8071820923895546, 0.18176349351549204
246, 0.8569469484199465, 0.1814043309202088
247, 0.023162409692626285, 0.9718254191475392
248, 0.08820419845013217, 0.5779753079417547
249, 0.8819905043096503, 0.6830077460293691
250, 0.7293375813942671, 0.44182413709063506
251, 0.8564548810499243, 0.9421005112364367
252, 0.1401450033636028, 0.4437255400520794
253, 0.38519015945981305, 0.6774563554342505
254, 0.46124293699440144, 0.7114324272891569
255, 0.1837467502327651, 0.220603808325601
256, 0.6749806155297742, 0.5152818957842311
257, 0.24319885154742626, 0.4123216252455191
258, 0.5135476026341195, 0.1484222889389769
259, 0.41482527599153796, 0.8684622571724331
260, 0.9119013168296517, 0.8928421582916086
261, 0.8851342987165537, 0.06991835008651981
262, 0.8511405878044708, 0.4214958233922451
263, 0.237769603215929, 0.12579769483585213
264, 0.9720941174337703, 0.5743819241683006
265, 0.07655775910938256, 0.8588105130040962
266, 0.7040513260792641, 0.6043218444912472
267, 0.009000584328598404, 0.2600697966385367
268, 0.5560113681322346, 0.18440889241085534
269, 0.2961557399585353, 0.03618054743793153
270, 0.6082024758971954, 0.22980765974306117
271, 0.2396255116564312, 0.46681646355289164
272, 0.4381402815570329, 0.6322762736222493
273, 0.6561383052653859, 0.32061628356809924
274, 0.3371891785821046, 0.3673024522929901
275, 0.1799499969421552, 0.5281178085759862
276, 0.8462224712508423, 0.6959188748011814
277, 0.43913529570925713, 0.3764414119355671
278, 0.7671468535927707, 0.30462168098194264
279, 0.5973198760278113, 0.6228862402654067
280, 0.5895637585955291, 0.05703582646635863
281, 0.07887139445658364, 0.047060372593762945
282, 0.9562151959825071, 0.5431689397617454
283, 0.6148044898741, 0.4212197641487525
284, 0.4999852434191584, 0.9187093249068299
285, 0.4614329494818722, 0.28555071832331735
286, 0.7570617102499706, 0.9116681287294638
287, 0.8920413176514054, 0.5299722983342944
288, 0.8225625138094622, 0.9588970865616183
289, 0.13307908771362353, 0.9715061966501837
290, 0.11199853766728174, 0.3374585878258056
291, 0.0015308095220287754, 0.7037418666543143
292, 0.6192119270333476, 0.165561510934922
293, 0.19526460231041598, 0.22749404331095513
294, 0.043458006737309596, 0.1433500445970619
295, 0.7619986118297672, 0.760163291251235
296, 0.21718214644272527, 0.18057633145773277
297, 0.5912329212026982, 0.7775807986835788
298, 0.6723239436544618, 0.5378878096151355
299, 0.0777638061336392, 0.314935505568255
300, 0.3414102094702739, 0.8017179888001248
301, 0.015033197499690676, 0.9220066661916626
302, 0.1802109733561621, 0.8561121910162697
303, 0.3654088142476579, 0.08697349300540869
304, 0.17742248270667282, 0.45970026192969315
305, 0.7636551922875057, 0.1572937651274725
306, 0.4976415587424837, 0.9243105867367484
307, 0.2772983259998386, 0.6205252918695028
308, 0.8091248526278931, 0.46963243091191154
309, 0.591680650072482, 0.11478950547878874
310, 0.12074003182963111, 0.3457320585548318
311, 0.592645018655437, 0.5746536736687442
312, 0.02354860347694221, 0.2559484558778843
313, 0.07552529642661365, 0.5848318500258584
314, 0.3880963814362458, 0.5296984235129174
315, 0.7959676158215374, 0.5618685529762615
316, 0.41764181829557034, 0.22652602778548492
317, 0.14901776758871377, 0.542359983604637
318, 0.12064496124453927, 0.8136446489001553
319, 0.45847296525735015, 0.7258106920766315
320, 0.08540026730022088, 0.7831836462881882
321, 0.02465147860830197, 0.16946223169574892
322, 0.5141123365832082, 0.8265533922345851
323, 0.8281601502034052, 0.7936795104219915
324, 0.7425564970194934, 0.29980128947132834
325, 0.347634877058005, 0.15175736600933076
326, 0.6344979787819433, 0.4215163606819877
327, 0.9348720155702441, 0.674028912294145
328, 0.8250496286210665, 0.42490682637980726
329, 0.13490242314879464, 0.40324784885435616
330, 0.18942278694972126, 0.9076507836082309
331, 0.34741202359042, 0.5747670669522965
332, 0.20080169600658238, 0.43433234892201533
333, 0.9385444871807549, 0.19887231083930523
334, 0.9471870517355656, 0.7397708282395826
335, 0.8585121554214734, 0.6080712058959975
336, 0.0943782476850118, 0.6166595284375749
337, 0.6005907295796065, 0.7430400396603679
338, 0.9447377015353564, 0.025284029932224228
339, 0.31566450223958975, 0.9930484900706622
340, 0.2640268765802798, 0.3714330082295778
341, 0.14461515606195163, 0.8770053826254525
342, 0.8195366712068655, 0.8618053352709805
343, 0.874366433827212, 0.7501198449651808
344, 0.8051754964395792, 0.6594523939743152
345, 0.8466967983282018, 0.6639106403989834
346, 0.9352389155955348, 0.9005394759603192
347, 0.7942864529425647, 0.536713252216443
348, 0.09473337411636185, 0.42834892337178454
349, 0.13396981070526548, 0.8549654464784855
350, 0.8012438974968686, 0.8798854123662571
351, 0.7878328397785931, 0.19776295071300065
352, 0.2603314576161584, 0.8844274375901495
353, 0.08026933663652491, 0.7906001138675794
354, 0.4967900130105627, 0.020848907434207975
355, 0.8350085954570677, 0.10805184631800169
356, 0.5199089755805848, 0.09745797846426163
357, 0.9392051507042897, 0.43467633041780973
358, 0.5895935890619695, 0.23793827769235898
359, 0.3664423615466721, 0.23652850067352293
360, 0.882653118384778, 0.950605435202555
361, 0.4913773692484057, 0.2719870308767788
362, 0.4889961256253852, 0.35221977114193626
363, 0.2533100442375188, 0.16420137688306724
364, 0.03240276989339341, 0.7322717802205921
365, 0.3500502558485937, 0.43899464202887306
366, 0.7392706591314073, 0.3653697351462223
367, 0.7172417754980592, 0.031074201452981676
368, 0.4177074882014362, 0.4974732223653464
369, 0.6651827864893461, 0.15554399746628322
370, 0.722160908989106, 0.4524677516353852
371, 0.004238092831915008, 0.3233731317498899
372, 0.6131507651587166, 0.9972188660304067
373, 0.1053065523074126, 0.6453274711865398
374, 0.2606255756495037, 0.6953964645029884
375, 0.9576566743196826, 0.6107264877077446
376, 0.28193606693187157, 0.5962898158691304
377, 0.7340725959795499, 0.6976415176962142
378, 0.5742113548187636, 0.1153194077719002
379, 0.8417185634109503, 0.7291397124290004
380, 0.3201244313919662, 0.33249877975309705
381, 0.8300480512959634, 0.39641615022384413
382, 0.0728633262472046, 0.5933474207468339
383, 0.1947782986029407, 0.21882358217320086
384, 0.789607383968422, 0.5255016259593707
385, 0.39696448352380376, 0.0672992062360459
386, 0.03966430286581024, 0.6203479029311625
387, 0.7702685455563775, 0.13758949999173964
388, 0.0755910505858004, 0.9938347339100689
389, 0.6903761586627832, 0.9795354378286761
390, 0.9616191387573793, 0.6790057678063667
391, 0.645044627448119, 0.6938373794356174
392, 0.2620005011110462, 0.20313381339262937
393, 0.33375281366491794, 0.4649919790312268
394, 0.41321665630660087, 0.2961557761979997
395, 0.7328502003494929, 0.6032396098698212
396, 0.2965806608589865, 0.6980916795594692
397, 0.13614853766906554, 0.8934793451983637
398, 0.04836254674979379, 0.6571259886626312
399, 0.30565157280643873, 0.08203099060808994
400, 0.026463793862518736, 0.4734419322452351
401, 0.2955716504867476, 0.22753851431348526
402, 0.8839891993244825, 0.6645643295488171
403, 0.6634774125763966, 0.4785647323188503
404, 0.5174641337959032, 0.05558651071314913
405, 0.8503579619380357, 0.9294367788984251
406, 0.5816437262035078, 0.04366686762714922
407, 0.2800410409801187, 0.09731403951254347
408, 0.9774889109851282, 0.050392889418477194
409, 0.9938511152218014, 0.316074010506877
410, 0.21301676520360824, 0.545945748300721
411, 0.8031359438031852, 0.7483648101443602
412, 0.8359637143777193, 0.4907469740770697
413, 0.36139965514009376, 0.6795141955592237
414, 0.8409125663267938, 0.9849603211442817
415, 0.6276605773721425, 0.03916160781800704
416, 0.4568581672859223, 0.258831376859577
417, 0.3374611436640065, 0.561801968168794
418, 0.3714521863207302, 0.9446621478335695
419, 0.5101451630238698, 0.581626884377385
420, 0.7605866915804219, 0.6977758943726158
421, 0.8260458857586227, 0.9826287700406471
422, 0.3815904665505657, 0.672531779660974
423, 0.06908453491704214, 0.7364898609546559
424, 0.29876971019894827, 0.48628880970482113
425, 0.4926127154106814, 0.10738637637165871
426, 0.9302687969475462, 0.3944275325429565
427, 0.29464881339832927, 0.6387936204609445
428, 0.2628134679077134, 0.2809394440009011
429, 0.5715574402104653, 0.809522426841483
430, 0.7098208120310698, 0.8611187159520801
431, 0.8585283690599218, 0.5380732468810934
432, 0.6893919891897685, 0.22351884767463992
433, 0.7831359488988878, 0.2661272331890018
434, 0.2361997036695579, 0.697972870934071
435, 0.5727083494254468, 0.7346521834317044
436, 0.39449734163493444, 0.4533995154578706
437, 0.45231833292437695, 0.26000814909971515
438, 0.18458236658409444, 0.8266391311070641
439, 0.5923131682237962, 0.966715079451411
440, 0.9948969725803138, 0.4933291008363643
441, 0.686420697803374, 0.7880351112880042
442, 0.28098175054125485, 0.2696002753022012
443, 0.8995946090804232, 0.4610718044034612
444, 0.09300392268617075, 0.6159687962513376
445, 0.6567590900538981, 0.720280066537437
446, 0.7901873274273614, 0.06607306671351987
447, 0.11327453563234857, 0.1410230036625909
448, 0.9937127656555524, 0.10012647586838253
449, 0.21952447908106942, 0.41343581322973144
450, 0.4001665184056594, 0.48041122886045484
451, 0.49365078847798105, 0.20352603552173032
452, 0.48276951485826924, 0.8543232237621552
453, 0.6381929611346717, 0.9515351617229083
454, 0.27768368378839614, 0.4664071749717138
455, 0.4814275756799531, 0.39125599802800326
456, 0.4674337129131838, 0.5280227896022002
457, 0.3938413265763788, 0.031961899616040235
458, 0.06471863892700724, 0.21739705707023915
459, 0.8753695059571067, 0.23088522677775591
460, 0.1683383779747093, 0.24437926500444895
461, 0.8299538699657518, 0.01457489903400655
462, 0.8205952047728856, 0.13430487866709928
463, 0.3873657436675034, 0.9856885649329686
464, 0.8975384097642894, 0.7595234900485538
465, 0.008022788086434085, 0.6445957102761601
466, 0.0927396153011174, 0.7481716861675911
467, 0.6215217445758892, 0.9734355309838363
468, 0.6242975618017765, 0.22726720118777188
469, 0.305290441211452, 0.09019400602602201
470, 0.23992995307776321, 0.39682483783081623
471, 0.19245225643115405, 0.5442574094918118
472, 0.9957062753902118, 0.9084822442550008
473, 0.37240865341002927, 0.8836577596126952
474, 0.5907646919121081, 0.16982935565813306
475, 0.4308539678138531, 0.6999881718259355
476, 0.48307893968735105, 0.3446788007373789
477, 0.6897396873471897, 0.8997500881697901
478, 0.7746308381555159, 0.42022438722878597
479, 0.9498239386326048, 0.08941513619161356
480, 0.20852481167185954, 0.796623536375723
481, 0.042422882793428984, 0.4381566676949321
482, 0.41252970957133894, 0.39592450402996715
483, 0.30670394945946056, 0.867036179184699
484, 0.6103495181345896, 0.6820897850645561
485, 0.4384009162344811, 0.8353983088423764
486, 0.17455153660508238, 0.6700968852926412
487, 0.5732030628390906, 0.593745940762124
488, 0.5199244650762108, 0.8006802124485307
489, 0.3512848989703694, 0.6722739047443924
490, 0.7828979432092937, 0.21633648649327453
491, 0.24945121011928872, 0.08570743847954543
492, 0.7489348732035376, 0.008600444376292926
493, 0.9733631137304695, 0.852255819589146
494, 0.02162948554549904, 0.3664189504140597
495, 0.3233261225747498, 0.3786818442670389
496, 0.5807851223269763, 0.8662542582986903
497, 0.9834652913037505, 0.4788440698080729
498, 0.7255125405902508, 0.03583158728281355
499, 0.539799458806265, 0.7661329151676312
500, 0.32958129041146556, 0.735773632249586
501, 0.9582145929915703, 0.21944505330764386
502, 0.856985914009639, 0.3313986670931409
503, 0.3056748548004895, 0.8118510308740627
504, 0.6692408481768974, 0.6841932177939144
505, 0.9780549929449808, 0.2608138216607837
506, 0.7141741380117435, 0.43545484305067783
507, 0.5342882907823312, 0.9955112499998485
508, 0.08518319846151357, 0.5033354716393428
509, 0.12737500835414461, 0.7129708620895719
510, 0.2865803319085144, 0.20215737576131187
511, 0.4271621189432997, 0.4588470024690062
512, 0.7841585890394449, 0.3105106638618961
513, 0.896789104247608, 0.24329296041249915
514, 0.6894804639917531, 0.9835390662805572
515, 0.20968854210784382, 0.8229004201889281
516, 0.11903326748266829, 0.43778145301895444
517, 0.2388044834857731, 0.7626558737454509
518, 0.8875177604795621, 0.9516296114016451
519, 0.31132787002377305, 0.5194589737856501
520, 0.2146036854307225, 0.976661969066695
521, 0.18261780055248367, 0.3485410869091734
522, 0.8024614495598998, 0.29106016431093606
523, 0.551739026767481, 0.45452301626432967
524, 0.9616741726067833, 0.538708184353122
525, 0.32614457560236454, 0.045285733601621136
526, 0.7263112396243607, 0.870931943299915
527, 0.9064892239333905, 0.30479985681714195
528, 0.3183646635713756, 0.4934003372633171
529, 0.32277032094302804, 0.10750944516025829
530, 0.33702196518592575, 0.3768548746581154
531, 0.04228562397864011, 0.7548582189018624
532, 0.3616193379639202, 0.898210827276215
533, 0.5031445722678062, 0.9698583760717361
534, 0.8347539105921816, 0.7067895467892885
535, 0.8161483330997786, 0.38419569021329003
536, 0.4041035000088441, 0.5090802612475963
537, 0.6088664525587194, 0.4043964882693075
538, 0.7784122742295931, 0.9992336203128529
539, 0.15095356828887108, 0.97647397989894
540, 0.3483004851020767, 0.541276376653261
541, 0.5731433181617333, 0.5663592410627978
542, 0.5765477711521941, 0.1348110566833084
543, 0.41093966155322437, 0.8401185061679821
544, 0.97071696926928, 0.18664348644184725
545, 0.9966418695811952, 0.011340704396838541
546, 0.15873057336719254, 0.8526316272477792
547, 0.7534466978549784, 0.42828694915201326
548, 0.3889699441025898, 0.06089600819217045
549, 0.017777933979669425, 0.3755597233879029
550, 0.7271352220878482, 0.6158080935419261
551, 0.28677805603819195, 0.34337226088342165
552, 0.6500550139161959, 0.09088859431419061
553, 0.6946468858147532, 0.8605634139176179
554, 0.2962244941225983, 0.20783988879336757
555, 0.9249564083148242, 0.3642465222458302
556, 0.5772703897317107, 0.10966698638466421
557, 0.9782061889035595, 0.9154247343394039
558, 0.6972215287296977, 0.6357183096917938
559, 0.7784756965708554, 0.5116734896853092
560, 0.8293043543128137, 0.8207010153807582
561, 0.9905752062717891, 0.6281444747507885
562, 0.18865019442565112, 0.8234371738679559
563, 0.9078106591505325, 0.7735611047217366
564, 0.4549079740102281, 0.6212115482410898
565, 0.4207442833578373, 0.22334079194833512
566, 0.9677385987783564, 0.5290619025334646
567, 0.1712820551480877, 0.0773686334138457
568, 0.6904370028848, 0.1163791459072836
569, 0.9611947338092168, 0.7923948367675855
570, 0.5479202829312566, 0.5690512273070736
571, 0.4195025800513612, 0.8327415626093588
572, 0.3196951269971602, 0.7115401238215185
573, 0.8267346872223487, 0.567872397388333
574, 0.5807513525481927, 0.19834016003331767
575, 0.6388169236991554, 0.10787881903256946
576, 0.4058705641413324, 0.4014889904589791
577, 0.04821758683840749, 0.8716526944272459
578, 0.1701644565191638, 0.8573042318415687
579, 0.1667694696270301, 0.7532892462663664
580, 0.9660527730856816, 0.47604055378242893
581, 0.49936641522343705, 0.975856328664734
582, 0.11893985068338209, 0.17317250526199968
583, 0.456149368962134, 0.7922494784041023
584, 0.37398884623822437, 0.33241478934593627
585, 0.6786119094092887, 0.25571728011258776
586, 0.732867770343765, 0.5542526689920309
587, 0.3565021097596822, 0.7692949055200473
588, 0.3162538496755428, 0.8612765614710911
589, 0.925079017659669, 0.10071539693522391
590, 0.9497651579149757, 0.7819729861655966
591, 0.24620277072170516, 0.8931128334999329
592, 0.426164877224373, 0.42067684171184705
593, 0.7687811147528733, 0.6375234334538303
594, 0.677387861151437, 0.3493929536321212
595, 0.704856646038883, 0.6818497569007564
596, 0.03257717135057314, 0.70465230108241
597, 0.0966652572372948, 0.5132018907482072
598, 0.7175968689069536, 0.8951378928658746
599, 0.5075707012897063, 0.32858153675165236
end_nodes
0, 1
0, 2
0, 3
0, 4
0, 5
0, 6
0, 7
0, 8
0, 9
0, 10
0, 11
0, 12
0, 13
0, 14
0, 15
0, 16
0, 17
0, 18
0, 19
0, 20
0, 21
0, 22
0, 23
0, 24
1, 2
1, 4
1, 5
1, 10
1, 17
1, 20
1, 24
1, 26
1, 29
1, 41
1, 43
1, 44
1, 46
1, 48
1, 52
1, 55
1, 58
1, 61
1, 62
1, 69
1, 74
1, 77
1, 84
2, 4
2, 5
2, 44
2, 46
2, 58
2, 62
2, 104
2, 116
2, 151
2, 181
2, 250
2, 256
2, 283
2, 308
2, 315
2, 326
2, 328
2, 335
2, 347
2, 370
2, 381
2, 384
3, 7
3, 21
3, 31
3, 34
3, 38
3, 56
3, 70
3, 75
3, 76
3, 85
3, 92
3, 103
3, 107
3, 120
3, 121
3, 140
3, 142
3, 147
3, 162
3, 166
3, 167
3, 187
3, 194
4, 24
4, 58
4, 90
4, 137
4, 146
4, 197
4, 198
4, 217
4, 262
4, 287
4, 443
5, 26
5, 41
5, 74
5, 84
5, 116
5, 124
5, 144
5, 163
5, 175
5, 185
5, 196
5, 202
5, 227
5, 237
5, 243
5, 244
5, 266
5, 279
5, 283
5, 298
5, 311
6, 9
6, 23
6, 39
6, 45
6, 47
6, 52
6, 54
6, 67
6, 72
6, 83
6, 87
6, 118
6, 129
6, 132
6, 139
6, 148
6, 165
6, 172
6, 177
6, 186
6, 190
6, 193
6, 226
7, 8
7, 11
7, 19
7, 21
7, 31
7, 32
7, 40
7, 49
7, 63
7, 70
7, 71
7, 73
7, 111
7, 123
7, 134
7, 149
7, 164
7, 166
7, 169
7, 178
7, 194
7, 205
8, 134
8, 178
8, 252
8, 392
8, 521
9, 24
9, 27
9, 51
9, 82
9, 88
9, 89
9, 99
9, 110
9, 113
9, 165
9, 190
9, 192
9, 211
9, 214
9, 215
9, 245
9, 246
9, 273
9, 275
9, 278
9, 317
9, 324
10, 17
10, 18
10, 20
10, 48
10, 81
10, 128
10, 138
10, 204
10, 272
10, 276
10, 343
10, 377
10, 379
10, 391
10, 411
10, 420
10, 464
10, 484
10, 504
10, 534
10, 563
10, 590
11, 19
11, 30
11, 49
11, 63
11, 73
11, 111
11, 123
11, 150
11, 168
11, 169
11, 178
11, 195
11, 218
11, 222
11, 252
11, 303
11, 304
11, 332
11, 340
11, 356
11, 359
11, 385
12, 13
12, 14
12, 15
12, 16
12, 22
12, 25
12, 28
12, 35
12, 36
12, 37
12, 53
12, 57
12, 59
12, 64
12, 65
12, 66
12, 80
12, 86
12, 95
12, 97
12, 98
12, 100
12, 102
13, 15
13, 16
13, 33
13, 35
13, 79
13, 93
13, 96
13, 106
13, 125
13, 141
13, 145
13, 153
13, 158
13, 182
13, 191
13, 203
13, 228
13, 253
13, 254
13, 295
13, 297
13, 319
14, 25
14, 37
14, 42
14, 53
14, 59
14, 100
14, 115
14, 131
14, 143
14, 188
14, 209
14, 219
14, 248
14, 300
14, 318
14, 320
14, 336
14, 373
14, 438
14, 444
14, 452
14, 466
15, 79
15, 97
15, 153
15, 228
15, 350
16, 17
16, 35
16, 43
16, 52
16, 60
16, 61
16, 69
16, 105
16, 108
16, 109
16, 112
16, 117
16, 133
16, 141
16, 155
16, 156
16, 157
16, 176
16, 180
16, 189
16, 207
17, 18
17, 60
17, 69
17, 204
17, 411
17, 563
17, 569
17, 590
18, 204
18, 272
18, 595
19, 23
19, 45
19, 47
19, 49
19, 50
19, 91
19, 101
19, 122
19, 127
19, 130
19, 139
19, 150
19, 154
19, 164
19, 166
19, 170
19, 173
19, 184
19, 195
19, 205
19, 218
20, 48
20, 249
20, 276
20, 376
20, 564
21, 34
21, 121
21, 149
21, 255
21, 293
21, 296
21, 363
21, 383
21, 407
21, 460
21, 597
22, 37
22, 38
22, 56
22, 57
22, 65
22, 66
22, 68
22, 78
22, 80
22, 94
22, 95
22, 107
22, 114
22, 119
22, 126
22, 135
22, 176
22, 180
22, 183
22, 206
22, 220
22, 223
23, 47
23, 50
23, 67
23, 118
23, 122
23, 129
23, 130
23, 132
23, 148
23, 154
23, 173
23, 177
23, 184
23, 238
23, 239
23, 268
23, 271
23, 274
23, 285
23, 292
23, 361
24, 52
24, 89
24, 90
24, 99
24, 113
24, 146
24, 165
24, 192
24, 197
24, 198
24, 217
24, 287
24, 317
24, 366
24, 443
24, 502
24, 511
24, 513
24, 527
24, 528
25, 53
25, 64
25, 102
25, 159
25, 160
25, 248
25, 322
25, 374
25, 396
25, 429
25, 434
25, 486
25, 488
25, 500
25, 517
25, 572
25, 583
25, 587
26, 46
26, 55
26, 84
26, 116
26, 298
26, 368
26, 523
26, 536
27, 88
27, 215
27, 317
27, 424
27, 433
27, 436
27, 511
28, 37
28, 65
28, 152
28, 259
28, 588
29, 62
29, 256
29, 402
29, 586
30, 332
30, 340
30, 449
30, 470
31, 70
31, 120
31, 147
31, 166
31, 213
31, 269
31, 567
32, 71
32, 169
32, 178
32, 510
32, 525
32, 554
33, 93
33, 106
33, 297
33, 319
33, 441
33, 499
34, 121
34, 140
34, 329
34, 516
34, 597
35, 203
35, 342
35, 560
36, 100
36, 143
36, 188
36, 219
36, 286
36, 452
36, 477
36, 571
37, 65
37, 115
37, 119
37, 152
37, 188
37, 259
37, 286
37, 318
37, 341
37, 349
37, 397
37, 438
37, 546
38, 85
38, 107
38, 167
38, 201
38, 210
38, 232
38, 265
38, 299
38, 313
38, 353
38, 382
38, 423
38, 481
38, 508
39, 52
39, 83
39, 165
40, 63
40, 303
41, 266
41, 345
41, 550
41, 570
41, 593
42, 131
42, 373
42, 444
42, 509
42, 579
43, 61
43, 69
43, 174
43, 327
43, 334
43, 357
44, 151
44, 335
44, 381
44, 431
45, 52
45, 139
45, 208
45, 226
45, 261
45, 338
45, 355
45, 408
45, 462
45, 545
46, 55
46, 116
46, 250
46, 256
46, 326
46, 370
46, 402
46, 403
46, 506
46, 523
46, 586
47, 50
47, 101
47, 139
47, 239
47, 305
47, 367
47, 387
47, 432
47, 446
47, 461
47, 492
47, 498
47, 585
48, 249
48, 276
49, 164
49, 235
49, 385
49, 404
49, 457
49, 548
50, 238
50, 367
50, 498
51, 82
51, 211
51, 215
52, 61
52, 77
52, 133
52, 157
52, 165
52, 208
52, 231
52, 261
52, 333
52, 408
52, 426
52, 448
52, 462
52, 479
52, 501
52, 544
52, 555
52, 589
53, 59
53, 98
53, 102
53, 136
53, 171
53, 486
53, 517
53, 598
54, 132
54, 177
54, 241
54, 476
54, 599
56, 68
56, 75
56, 76
56, 78
56, 92
56, 103
56, 107
56, 135
56, 142
56, 162
56, 199
56, 247
56, 267
56, 291
56, 294
56, 301
56, 312
56, 321
56, 364
56, 371
56, 386
56, 398
57, 65
57, 86
57, 161
57, 183
57, 206
57, 216
57, 224
57, 225
57, 240
57, 284
57, 289
57, 302
57, 306
57, 330
57, 352
57, 473
57, 483
57, 532
57, 578
57, 591
58, 262
59, 98
59, 136
59, 300
60, 112
60, 155
60, 445
61, 77
62, 104
62, 151
62, 256
62, 315
62, 347
62, 384
62, 478
62, 535
62, 559
63, 123
63, 303
64, 102
64, 322
64, 396
64, 488
64, 572
64, 583
65, 224
65, 240
65, 302
65, 341
65, 397
65, 483
65, 546
65, 578
66, 95
66, 220
67, 132
67, 172
67, 186
67, 271
67, 277
67, 362
67, 454
68, 78
68, 94
68, 247
68, 364
68, 371
68, 388
68, 531
68, 577
68, 596
69, 334
69, 569
70, 120
70, 194
70, 212
70, 269
70, 491
70, 567
71, 178
71, 525
72, 172
72, 365
72, 454
72, 482
72, 576
73, 111
73, 303
73, 325
74, 124
74, 163
74, 175
74, 185
74, 237
74, 244
74, 279
74, 519
75, 76
75, 294
75, 321
76, 166
76, 200
76, 281
76, 447
76, 582
77, 426
78, 386
78, 400
78, 531
78, 577
78, 596
79, 96
79, 153
79, 228
79, 253
79, 254
79, 319
79, 337
79, 413
79, 422
79, 435
79, 475
79, 489
79, 499
80, 126
80, 180
80, 439
80, 453
80, 533
80, 581
81, 343
81, 464
82, 211
82, 215
82, 273
82, 317
82, 393
82, 592
83, 165
84, 144
84, 196
84, 202
84, 266
84, 298
84, 345
84, 395
84, 456
84, 550
84, 593
85, 167
85, 201
85, 290
85, 299
85, 310
85, 348
85, 508
86, 161
86, 225
86, 284
87, 226
87, 355
87, 462
88, 89
88, 433
88, 511
89, 110
89, 192
89, 278
89, 324
89, 366
89, 511
89, 512
89, 522
89, 537
89, 594
90, 146
91, 122
91, 170
91, 173
91, 258
91, 274
91, 280
91, 495
91, 584
92, 142
92, 458
93, 228
93, 297
93, 499
94, 247
94, 388
95, 183
95, 220
95, 230
95, 242
95, 306
95, 418
95, 520
96, 254
96, 337
96, 475
96, 489
97, 179
97, 430
97, 526
97, 553
98, 136
99, 192
99, 214
99, 527
100, 452
100, 485
100, 496
100, 571
101, 367
102, 160
102, 322
102, 434
102, 517
102, 587
102, 598
103, 142
103, 187
103, 294
104, 151
104, 308
104, 315
104, 328
104, 412
104, 573
105, 133
105, 156
105, 207
105, 231
105, 264
105, 409
105, 440
105, 497
105, 505
106, 319
107, 135
107, 162
107, 265
107, 267
107, 299
107, 481
107, 494
107, 549
108, 109
108, 156
108, 234
108, 236
108, 472
108, 493
108, 557
108, 561
109, 156
109, 561
110, 278
110, 324
111, 169
111, 325
111, 401
111, 529
112, 155
112, 445
113, 165
113, 459
113, 513
114, 176
114, 223
114, 339
114, 514
115, 188
115, 438
115, 480
115, 515
115, 562
116, 368
116, 523
117, 133
117, 157
117, 282
117, 375
117, 390
117, 501
117, 524
117, 544
117, 566
117, 580
118, 129
118, 177
118, 193
118, 233
118, 270
118, 358
118, 369
118, 468
119, 318
119, 320
120, 147
120, 213
120, 567
122, 170
122, 184
122, 274
122, 292
122, 394
122, 416
122, 437
122, 451
122, 584
124, 175
125, 145
125, 153
125, 253
125, 422
127, 173
127, 257
127, 316
127, 380
127, 565
128, 272
129, 148
130, 154
130, 184
130, 268
130, 309
130, 378
130, 474
130, 542
130, 556
131, 320
131, 444
131, 466
132, 177
132, 186
132, 241
132, 476
133, 231
133, 264
133, 505
133, 544
133, 566
133, 580
134, 392
134, 469
135, 398
135, 494
135, 549
137, 198
137, 287
138, 204
138, 379
138, 391
138, 411
138, 484
138, 534
139, 305
139, 461
139, 492
140, 329
140, 516
140, 597
141, 295
141, 323
142, 458
143, 188
143, 219
143, 503
143, 543
144, 196
144, 456
145, 153
147, 213
149, 399
150, 168
150, 195
150, 340
150, 359
150, 470
150, 551
151, 181
151, 335
151, 412
151, 573
152, 259
152, 588
153, 422
153, 427
154, 268
154, 309
154, 415
154, 542
154, 552
154, 575
155, 307
156, 207
156, 208
156, 231
156, 409
156, 440
156, 472
157, 282
157, 333
157, 375
157, 501
158, 182
158, 191
158, 295
159, 374
159, 500
160, 587
161, 225
161, 473
161, 483
161, 532
162, 199
162, 267
162, 312
163, 243
163, 279
163, 314
163, 344
163, 419
163, 487
163, 558
164, 205
164, 354
164, 404
164, 457
165, 245
165, 246
165, 351
165, 459
165, 589
166, 200
166, 221
166, 281
166, 447
167, 508
168, 195
169, 178
169, 401
169, 529
169, 554
170, 258
170, 280
170, 394
170, 584
171, 598
172, 277
172, 454
172, 482
172, 576
173, 257
173, 285
173, 380
173, 495
173, 530
173, 568
174, 327
174, 357
175, 410
175, 471
176, 180
176, 189
176, 251
176, 260
176, 288
176, 339
176, 360
176, 372
176, 389
176, 405
176, 414
176, 421
176, 467
176, 507
176, 514
176, 518
176, 538
177, 193
177, 233
177, 358
177, 468
178, 222
178, 252
178, 392
178, 428
178, 442
178, 469
179, 526
179, 553
180, 288
180, 389
180, 405
180, 439
180, 463
180, 467
180, 581
181, 335
182, 295
183, 206
183, 242
183, 306
183, 539
184, 416
184, 451
185, 237
185, 279
185, 331
185, 417
185, 540
186, 362
187, 294
188, 286
188, 477
189, 234
189, 260
189, 346
189, 414
189, 518
189, 538
190, 455
191, 295
192, 214
192, 366
192, 502
192, 512
192, 522
193, 468
194, 212
194, 229
194, 263
195, 218
195, 356
195, 425
196, 202
196, 227
197, 217
198, 287
198, 443
199, 312
200, 281
200, 447
201, 299
202, 227
202, 266
202, 311
202, 541
203, 342
203, 560
204, 411
204, 484
204, 504
204, 595
205, 354
206, 289
206, 539
207, 440
207, 497
208, 231
208, 338
208, 408
208, 448
208, 545
209, 320
209, 466
210, 299
210, 481
211, 273
212, 491
215, 317
216, 224
216, 330
216, 352
216, 483
217, 443
218, 356
218, 406
219, 452
219, 503
219, 543
220, 520
222, 252
222, 428
222, 442
223, 463
223, 467
223, 514
224, 302
224, 330
224, 483
226, 355
228, 499
229, 263
230, 306
231, 409
231, 448
231, 479
232, 313
232, 353
232, 382
233, 358
234, 236
234, 346
234, 472
234, 493
234, 557
235, 457
236, 472
236, 557
237, 244
239, 432
239, 446
241, 476
241, 599
242, 306
242, 418
243, 314
243, 344
243, 487
243, 558
244, 519
245, 246
245, 351
245, 490
247, 301
247, 371
248, 429
250, 370
250, 506
251, 260
253, 422
254, 319
254, 413
254, 475
255, 293
255, 296
255, 383
255, 407
255, 460
256, 370
256, 403
256, 478
256, 547
256, 586
257, 380
258, 280
259, 588
260, 360
260, 518
261, 462
264, 505
266, 311
266, 550
268, 474
270, 358
270, 369
270, 468
271, 361
271, 454
271, 574
274, 292
274, 495
275, 317
278, 522
279, 331
279, 417
279, 540
282, 375
283, 450
285, 530
285, 568
286, 477
288, 405
290, 299
290, 310
290, 348
291, 301
291, 465
293, 383
294, 321
295, 323
296, 383
296, 407
297, 441
298, 536
299, 481
301, 465
302, 578
304, 332
304, 470
305, 387
306, 418
308, 315
309, 378
309, 542
309, 556
310, 348
311, 541
313, 353
313, 382
314, 419
314, 487
315, 347
316, 565
317, 393
317, 424
317, 436
317, 511
317, 528
317, 592
318, 320
319, 413
319, 499
320, 466
322, 500
322, 583
322, 587
326, 506
327, 334
327, 357
328, 412
331, 417
332, 449
332, 470
335, 381
335, 431
336, 444
337, 435
338, 545
339, 514
340, 359
340, 470
340, 551
341, 397
341, 546
342, 560
343, 411
343, 464
343, 563
345, 593
347, 384
349, 397
351, 490
352, 483
353, 423
355, 462
356, 425
358, 369
358, 468
359, 551
360, 421
360, 518
361, 574
363, 407
364, 596
365, 454
366, 502
367, 498
370, 403
370, 547
372, 507
372, 538
373, 444
373, 509
373, 579
374, 500
374, 587
375, 390
376, 564
377, 391
377, 420
377, 484
378, 556
379, 411
381, 431
384, 535
384, 559
385, 548
386, 400
389, 467
390, 524
391, 484
391, 534
392, 469
393, 592
395, 550
395, 593
396, 488
396, 572
401, 529
402, 586
410, 471
411, 563
412, 573
414, 518
415, 552
416, 437
416, 451
417, 540
420, 484
421, 518
424, 436
426, 555
428, 442
430, 553
432, 585
434, 517
436, 511
437, 451
438, 480
438, 562
439, 453
439, 581
440, 497
447, 582
448, 479
449, 470
453, 581
461, 492
463, 467
464, 563
467, 514
473, 483
473, 532
473, 591
475, 489
476, 599
480, 515
480, 562
482, 576
483, 591
484, 504
485, 496
486, 517
487, 558
493, 557
494, 549
500, 587
501, 544
503, 543
509, 579
510, 554
511, 537
512, 522
512, 594
515, 562
516, 597
522, 594
526, 553
531, 577
531, 596
533, 581
535, 559
550, 570
550, 593
552, 575
563, 590
566, 580
570, 593
572, 583
end