280
4
0, 0.0670772774620082, 0.09790917495123386
1, 0.9285422452363166, 0.22697245929646936
2, 0.8315947744246893, 0.5589111099552998
3, 0.0743064322731074, 0.4034158222007269
4, 0.38119544029925423, 0.27703324774903726
5, 0.11418996083872401, 0.9700778651672053
6, 0.5048097255480289, 0.6652522351828698
7, 0.604585143274197, 0.43419814677928714
8, 0.7908590781756432, 0.5828595818774438
9, 0.07372307929336341, 0.6728496084912381
10, 0.7888468979156728, 0.6646957878994203
11, 0.9378483628457365, 0.792051320831856
12, 0.5941628270593955, 0.35366134809942085
13, 0.22136927832143982, 0.9260683824364577
14, 0.8948125342119109, 0.14250330944810463
15, 0.4201305399079518, 0.7453373591873772
16, 0.2715421528012645, 0.944250088922504
17, 0.12283878349963961, 0.6179774814793724
18, 0.04367809804172029, 0.18962718334370454
19, 0.15177667976018394, 0.6332694703808487
20, 0.036591053103143256, 0.6990058073906101
21, 0.09979959655710768, 0.5383095162696329
22, 0.46531281277081216, 0.3980195270736495
23, 0.059926743556162454, 0.6987742046151045
24, 0.05893705844999042, 0.896604113888218
25, 0.4639751575773092, 0.29720528549152625
26, 0.6453060407207271, 0.7713373658445732
27, 0.11013499759747991, 0.3507766971921835
28, 0.5980198192182651, 0.11534796223744159
29, 0.9345362690888306, 0.6290458833866611
30, 0.06976894173583548, 0.9993144425354937
31, 0.6567557940639017, 0.9986627263294862
32, 0.9625826202705163, 0.39004501748709886
33, 0.6389858909440311, 0.5132715483849087
34, 0.6881124262131157, 0.12504947106494657
35, 0.18996635105670512, 0.48341617211276044
36, 0.1704084624711405, 0.6229435156765701
37, 0.34776314373137485, 0.1491410704890861
38, 0.8938121753990002, 0.41568859856002227
39, 0.8955072157105108, 0.7665302358769863
40, 0.373863981884878, 0.1616232954638933
41, 0.8961975273545161, 0.8815703994012394
42, 0.9797699440177877, 0.01641651134261679
43, 0.367758779097743, 0.16444920305155708
44, 0.7981122156341102, 0.4568922920650217
45, 0.04735020064680018, 0.265033521796866
46, 0.0034118300676522217, 0.5425527457650845
47, 0.6196846296320091, 0.8153715843152471
48, 0.2732806493788966, 0.6946624844906388
49, 0.4178625716379496, 0.4174068334522817
50, 0.10112260291689512, 0.5043218480706141
51, 0.38355965626931365, 0.04463139194197052
52, 0.40510338253128964, 0.5366823030761905
53, 0.33905357876643416, 0.8189018257902754
54, 0.835669475117885, 0.8093436428002676
55, 0.7713111085362423, 0.3124901081570649
56, 0.9941582859567633, 0.056818813529385226
57, 0.6086108547234421, 0.7643156713067069
58, 0.37432485158604256, 0.7814957421860039
59, 0.2146581021259073, 0.6736969548008075
60, 0.5323415051909701, 0.700708416581745
61, 0.6772765167028849, 0.45211444970282744
62, 0.6684553011410515, 0.4992767273428512
63, 0.06668541673009498, 0.5561747680087502
64, 0.5789564026988232, 0.022881745952617938
65, 0.02212549245528883, 0.6356824910591372
66, 0.374856149421547, 0.5819447240009054
67, 0.31222534244598377, 0.6046695516397285
68, 0.1793884234570522, 0.6520048133901145
69, 0.9695470229217187, 0.3288078392568702
70, 0.026425257175559214, 0.6533469708447132
71, 0.6055596441512602, 0.39808578634930203
72, 0.44229235841046943, 0.9113374627173014
73, 0.947591516778565, 0.5362039417403143
74, 0.8274892657666074, 0.26314359891632144
75, 0.29332586064934785, 0.8266818027204225
76, 0.5003109398292657, 0.41839344843469084
77, 0.6092231444825833, 0.9265751017273074
78, 0.4255019718942512, 0.41018416119012924
79, 0.6550291673500849, 0.6104527522128083
80, 0.5923524803329374, 0.11642115257393015
81, 0.09174958849940451, 0.6419371388495972
82, 0.33355163410425437, 0.17623330907481816
83, 0.750747339032604, 0.2743398596261857
84, 0.12719730161731002, 0.018532105434407975
85, 0.41676094071898884, 0.2270291680966069
86, 0.4708144363970779, 0.7099444790493792
87, 0.6822012582346599, 0.31770002375895445
88, 0.8370563627070176, 0.1403759280295923
89, 0.1351320198435153, 0.7151075123773358
90, 0.7373706745179573, 0.30965337116320624
91, 0.12072673903848763, 0.932695723570769
92, 0.8179697199284908, 0.5241864590292907
93, 0.09163311669495178, 0.07975033129476727
94, 0.1963454857064827, 0.9135169304854204
95, 0.10428661116716142, 0.2999963361378364
96, 0.412324125986233, 0.15753413025539664
97, 0.6488908429103303, 0.06824149025930049
98, 0.4358666170542558, 0.24601663249476058
99, 0.650361754841842, 0.9012116728324714
100, 0.8096223586617287, 0.8801747743949645
101, 0.7557137308042114, 0.3844151961081459
102, 0.053935509967537265, 0.16892751742201007
103, 0.560137255134811, 0.4438528664259511
104, 0.800032462773017, 0.7831942596785687
105, 0.51404974185288, 0.44921447020249383
106, 0.82147425901682, 0.1015126321217742
107, 0.7745516853974198, 0.7217428100359475
108, 0.23136419145796128, 0.9360211405262392
109, 0.9386437605736265, 0.8302043530936104
110, 0.318603464911405, 0.4323758527882229
111, 0.24285847517358994, 0.2866115967216041
112, 0.5759091151834278, 0.5801508914276836
113, 0.2092716556199331, 0.8085406463460697
114, 0.8596621364570131, 0.5156056120986128
115, 0.7513278593711181, 0.26350929975284687
116, 0.6550276322225597, 0.8531972423901134
117, 0.9675566549507995, 0.3670103249428047
118, 0.2556108660057781, 0.02455601645977168
119, 0.38919624362196636, 0.9424112278694295
120, 0.39960642754823483, 0.1358672442371197
121, 0.6602943243105158, 0.1733967184431674
122, 0.6713422192429209, 0.13193659720910467
123, 0.7198620840390597, 0.02830787084100017
124, 0.16411856805777525, 0.6965497913438419
125, 0.493271401975271, 0.6902644721952055
126, 0.7017005803730004, 0.4760136081870959
127, 0.12479942775091901, 0.6290926820054071
128, 0.16749402878676845, 0.3282749493170035
129, 0.02947922005850312, 0.7999973793027763
130, 0.9467175054420666, 0.021584672232018987
131, 0.7304044887770276, 0.6619476079314398
132, 0.770893744375935, 0.8804299099428872
133, 0.6548055893840972, 0.11417019805108586
134, 0.8605867457687364, 0.9310625519354419
135, 0.9085791997214075, 0.5983161962259866
136, 0.5709090703943254, 0.31789970655027966
137, 0.8326972629640913, 0.7786255868516526
138, 0.44407799103711787, 0.9687309752802308
139, 0.2686297842068571, 0.23905291501514403
140, 0.21536241747843976, 0.02369641655517718
141, 0.8355126852749063, 0.649657135926127
142, 0.08845587156604151, 0.33473036489265007
143, 0.18401931949073824, 0.1341075791454377
144, 0.2443455119303901, 0.3194674225184406
145, 0.7978803047913818, 0.8760778559478397
146, 0.15864656883025396, 0.6284991134454503
147, 0.6852183655161205, 0.038516810410128
148, 0.9062996142255993, 0.8442009795290442
149, 0.5847282930784339, 0.9476514258339861
150, 0.29890908641018255, 0.6828664301674032
151, 0.2533530292791072, 0.43330896429712906
152, 0.7145240658715838, 0.6145452858343808
153, 0.0576651484939511, 0.3969568932703521
154, 0.9917688909615251, 0.3544700432729909
155, 0.5362810325502645, 0.5848839320939875
156, 0.6254570388362212, 0.6094146223136803
157, 0.09719777860836576, 0.10608161187144116
158, 0.3032027187561013, 0.24467882656916407
159, 0.036955626016570986, 0.2995544779538649
160, 0.25310009293445057, 0.8541263144808464
161, 0.28104729509373827, 0.04293445092209758
162, 0.5028010697815807, 0.526750677314614
163, 0.10186121933347381, 0.08477473128204172
164, 0.4201581653136266, 0.2803029179352232
165, 0.6886332027635138, 0.014010021030891218
166, 0.968208815855687, 0.06178610504941706
167, 0.5091527096103887, 0.4966315740742394
168, 0.20776324028366222, 0.48437334394360676
169, 0.6351830305615912, 0.8718639898814748
170, 0.7645879614783233, 0.011028292609030266
171, 0.4888296394589853, 0.9325158841372827
172, 0.2176072604799152, 0.04142790129851481
173, 0.17789783107721224, 0.2597686653150596
174, 0.40891304713059573, 0.43715439831675174
175, 0.38096242018655224, 0.30142725087416344
176, 0.9988135338356293, 0.7210739583274607
177, 0.968677305654863, 0.12235067542277889
178, 0.24396805409946953, 0.02843499876105715
179, 0.7301959443598527, 0.23225964884559236
180, 0.5446059546054968, 0.855151788260084
181, 0.44335287555306657, 0.9493135715260741
182, 0.9736953695820827, 0.8737590953819726
183, 0.8138152958212512, 0.3449862807882169
184, 0.1541488016504835, 0.28347075817492906
185, 0.39633688238128506, 0.6897276051764719
186, 0.30652775521713194, 0.43848844891894967
187, 0.009029685204820614, 0.9383485230486677
188, 0.29463835799674354, 0.28586530266362364
189, 0.8525334151628859, 0.8469732523750076
190, 0.6472465265432614, 0.10795891760954746
191, 0.8908898823395914, 0.37981403393357516
192, 0.5738906842186471, 0.20757604850733113
193, 0.35062734550470187, 0.4968553338409425
194, 0.9887242216043365, 0.8888551538105789
195, 0.638665966813204, 0.534378239504762
196, 0.8476063192258158, 0.006805167238493559
197, 0.23821038312235798, 0.3069478472912769
198, 0.22021678854070015, 0.42594268628576837
199, 0.7400785088671962, 0.006150209683783325
200, 0.5870966977661085, 0.9981088003155896
201, 0.3516626498070762, 0.3567411152995892
202, 0.3629899319224583, 0.5795777790957917
203, 0.5906974835947029, 0.3543435487223622
204, 0.4134180803019304, 0.2279249022370764
205, 0.9618403636103405, 0.5990659449422312
206, 0.4047125826806657, 0.7560231636343064
207, 0.7245348072399478, 0.12817326939518303
208, 0.5942755966797705, 0.7732523022054846
209, 0.014889598375241064, 0.32927745691029686
210, 0.4513876931939279, 0.7549526209017975
211, 0.3333277387130621, 0.19538730596608667
212, 0.298797571144385, 0.4582230519453945
213, 0.1821209433751505, 0.5594820403750217
214, 0.2373169859964891, 0.2544643855865797
215, 0.12348017390501076, 0.2003569630964882
216, 0.5857981902322222, 0.33878008488186095
217, 0.9281047084401323, 0.1789986042231967
218, 0.796525889695394, 0.8301854683911593
219, 0.7302861161316542, 0.19855096714069953
220, 0.14301066166980692, 0.20135314205596466
221, 0.9483135843513587, 0.11262882017168774
222, 0.43287850791030635, 0.6737723218633157
223, 0.20821620687213893, 0.21907269561729426
224, 0.037862426446875874, 0.8540177200505148
225, 0.4769750060317006, 0.8744786282153492
226, 0.8116142454327507, 0.8974348130437879
227, 0.8172653059540887, 0.6251956670583988
228, 0.3213158173625301, 0.404089864588539
229, 0.5804279184702746, 0.6385917118175694
230, 0.36823313002028923, 0.6339460324557458
231, 0.6146103753234881, 0.4020299212778752
232, 0.48151662109501747, 0.3028930201511616
233, 0.3611692357071672, 0.5405842025332521
234, 0.8628705293953581, 0.27808527286396767
235, 0.39815937959667635, 0.30045315308200093
236, 0.9968330504299445, 0.6156520201749895
237, 0.11698572645100291, 0.6668809621509507
238, 0.10772154079965357, 0.32758351766706406
239, 0.4208854072090774, 0.6101158013519755
240, 0.32903073442588116, 0.7434444010707284
241, 0.9379581932454938, 0.15052032369231438
242, 0.6080799200600902, 0.3815811263057093
243, 0.8419749984240198, 0.16058241400657403
244, 0.5056436437025836, 0.5888011636655001
245, 0.985030330202904, 0.48512544325815143
246, 0.5898037563330955, 0.2206937727573257
247, 0.7425414232789609, 0.6574484003653388
248, 0.012434637480527644, 0.28012318192059793
249, 0.9449960041106638, 0.7229721538764936
250, 0.4453078504130963, 0.362687584202384
251, 0.6734356309912635, 0.46691635809171306
252, 0.8768393305071139, 0.07410093767289394
253, 0.4441637751952864, 0.6921346589651156
254, 0.8328446535517766, 0.2888806291887497
255, 0.03976097826354863, 0.18736306193451768
256, 0.6819314480597218, 0.49794423052653547
257, 0.7634144083465801, 0.9729927785872329
258, 0.8492448752306659, 0.21339574807060102
259, 0.5992949519283441, 0.205309759823615
260, 0.9165604120679127, 0.14742058039347272
261, 0.043359759742696014, 0.3798242824969368
262, 0.0004408837353707673, 0.611712463582216
263, 0.25299898777667884, 0.5239201665583397
264, 0.2886348554562608, 0.5862247663666887
265, 0.042987217531377575, 0.7232424066949543
266, 0.6241390983703542, 0.7664496905854554
267, 0.05523859107133455, 0.18627317797822662
268, 0.6583564586784129, 0.5406956325240053
269, 0.6579785525080523, 0.24346528524358624
270, 0.9180380819711228, 0.027449980431569432
271, 0.2614717255892277, 0.5848625868974503
272, 0.06842848595282547, 0.7845872131531162
273, 0.7259927985433556, 0.35905082569599667
274, 0.49464706080259035, 0.35665827535724914
275, 0.5465092639906122, 0.7333662601100325
276, 0.22706184841300037, 0.7711042344883243
277, 0.8486791860124921, 0.946109622951245
278, 0.6824767033584158, 0.20686918874471194
279, 0.38543222890703366, 0.5557288942553287
end_nodes
0, 1
0, 2
0, 3
0, 4
0, 5
0, 6
0, 7
0, 8
0, 9
0, 10
0, 11
0, 12
0, 13
0, 14
0, 15
0, 16
1, 2
1, 11
1, 12
1, 14
1, 29
1, 32
1, 37
1, 38
1, 40
1, 42
1, 43
1, 44
1, 55
1, 56
1, 61
2, 4
2, 7
2, 8
2, 10
2, 11
2, 29
2, 38
2, 44
2, 61
2, 62
2, 92
2, 101
2, 114
2, 126
3, 5
3, 9
3, 81
4, 12
4, 25
4, 61
4, 71
4, 126
4, 164
4, 203
4, 231
4, 232
4, 242
5, 9
5, 13
5, 16
5, 17
5, 19
5, 20
5, 21
5, 23
5, 24
5, 27
5, 30
5, 31
5, 41
5, 46
6, 11
6, 15
6, 16
6, 26
6, 39
6, 41
6, 47
6, 49
6, 52
6, 54
6, 57
6, 60
6, 66
6, 72
6, 78
7, 62
7, 158
7, 175
7, 235
7, 251
7, 256
7, 274
8, 10
8, 22
8, 33
8, 62
8, 76
8, 103
8, 139
8, 195
8, 250
8, 268
9, 18
9, 23
9, 45
9, 46
9, 63
9, 102
9, 153
9, 159
9, 209
9, 248
9, 255
9, 261
9, 267
10, 11
10, 22
10, 76
10, 105
10, 139
10, 141
10, 195
10, 227
10, 268
11, 29
11, 32
11, 39
11, 41
11, 54
11, 56
11, 69
11, 73
11, 78
11, 79
11, 104
12, 37
12, 43
12, 55
12, 61
12, 74
12, 82
12, 83
12, 85
12, 87
12, 90
12, 98
12, 115
12, 136
13, 16
13, 19
13, 27
13, 36
13, 68
13, 91
13, 94
13, 95
13, 108
13, 113
13, 124
13, 146
13, 238
13, 276
14, 28
14, 34
14, 42
14, 51
14, 64
14, 80
14, 84
14, 88
14, 93
14, 97
14, 106
14, 118
14, 120
14, 121
15, 16
15, 35
15, 48
15, 53
15, 58
15, 59
15, 66
15, 67
15, 75
15, 110
15, 128
15, 150
15, 151
15, 160
16, 41
16, 53
16, 59
16, 72
16, 86
16, 99
16, 100
16, 108
16, 125
16, 132
16, 145
17, 19
17, 27
17, 89
17, 127
17, 146
17, 237
18, 45
18, 63
18, 102
18, 153
18, 255
19, 89
19, 91
19, 94
19, 124
19, 127
19, 146
20, 24
20, 30
20, 46
20, 65
20, 70
20, 129
20, 187
20, 224
20, 262
20, 265
21, 27
21, 50
21, 95
21, 142
21, 238
22, 76
22, 103
22, 139
22, 250
23, 46
23, 272
24, 30
24, 265
25, 164
25, 232
26, 41
26, 47
26, 57
26, 100
26, 116
26, 145
26, 169
26, 208
26, 218
26, 266
27, 50
27, 146
27, 237
27, 238
28, 80
28, 84
28, 93
28, 133
28, 172
28, 190
29, 38
29, 114
29, 135
30, 31
30, 187
30, 200
30, 224
31, 41
31, 77
31, 119
31, 134
31, 138
31, 149
31, 171
31, 181
31, 182
31, 194
31, 200
31, 226
31, 257
31, 277
32, 56
32, 69
32, 73
33, 76
33, 195
34, 80
34, 93
34, 207
35, 59
35, 67
35, 128
35, 150
35, 168
35, 184
35, 198
35, 213
35, 263
35, 264
35, 271
36, 68
36, 276
37, 40
37, 43
37, 82
37, 85
37, 96
37, 143
37, 157
37, 204
37, 219
38, 114
38, 191
39, 79
39, 107
39, 112
39, 131
39, 155
39, 156
39, 162
39, 229
39, 244
40, 43
41, 54
41, 77
41, 99
41, 100
41, 109
41, 119
41, 148
41, 171
41, 176
41, 182
42, 56
42, 64
42, 84
42, 106
42, 118
42, 123
42, 130
42, 140
42, 147
42, 165
42, 166
42, 170
42, 177
42, 196
43, 74
43, 115
43, 136
43, 179
43, 192
43, 246
43, 259
43, 269
43, 278
44, 92
44, 101
44, 183
45, 255
46, 65
46, 70
46, 209
46, 248
46, 262
46, 272
47, 60
47, 72
47, 169
47, 180
47, 208
47, 225
47, 275
48, 59
48, 75
48, 160
48, 240
49, 78
49, 111
49, 144
49, 174
49, 188
49, 197
49, 201
49, 214
49, 223
49, 228
50, 238
51, 64
51, 97
51, 118
52, 66
52, 110
52, 173
52, 193
52, 220
52, 233
52, 239
52, 279
53, 58
53, 160
54, 104
54, 148
54, 189
55, 61
55, 90
55, 234
55, 254
55, 273
56, 69
56, 117
56, 154
56, 176
56, 177
56, 205
56, 236
56, 245
56, 249
57, 60
57, 208
57, 266
58, 160
58, 206
59, 150
59, 160
59, 213
60, 208
61, 71
61, 101
61, 126
61, 203
61, 231
61, 234
61, 242
61, 273
62, 175
62, 256
63, 153
64, 97
64, 106
64, 118
64, 123
64, 147
65, 70
65, 262
66, 110
66, 222
66, 233
66, 239
66, 253
66, 279
67, 198
67, 263
67, 264
68, 113
68, 276
69, 117
71, 231
72, 125
72, 145
72, 169
72, 180
72, 210
72, 225
72, 275
74, 83
74, 87
74, 115
74, 179
74, 192
74, 246
74, 278
75, 160
75, 240
76, 195
77, 149
77, 171
77, 226
78, 79
78, 152
78, 155
78, 162
78, 167
78, 188
78, 244
78, 247
79, 131
79, 162
79, 167
79, 247
80, 93
82, 98
82, 143
82, 204
82, 211
83, 87
83, 115
84, 93
84, 140
84, 161
84, 165
84, 170
84, 172
84, 178
84, 190
84, 196
84, 199
85, 204
86, 125
88, 120
88, 122
89, 127
91, 94
92, 101
93, 163
93, 172
93, 207
94, 124
95, 142
95, 238
96, 219
98, 143
98, 157
98, 211
99, 100
100, 132
100, 145
101, 183
102, 153
102, 255
102, 267
103, 250
104, 137
106, 130
106, 147
106, 252
106, 270
107, 229
109, 176
109, 182
109, 194
110, 151
110, 173
110, 185
110, 186
110, 193
110, 202
110, 212
110, 215
110, 230
110, 233
111, 197
111, 214
111, 223
112, 155
112, 156
112, 162
113, 276
114, 135
115, 136
115, 216
115, 246
115, 269
116, 145
116, 169
118, 140
118, 161
118, 178
119, 138
119, 171
119, 181
120, 121
120, 122
120, 258
121, 243
121, 258
123, 147
125, 210
128, 184
128, 198
129, 187
129, 224
130, 147
130, 270
131, 162
132, 145
133, 190
134, 182
134, 194
136, 216
136, 269
139, 250
140, 178
141, 227
143, 157
143, 211
144, 197
144, 228
145, 169
147, 270
149, 171
150, 271
151, 185
151, 186
151, 212
151, 215
151, 230
152, 188
154, 176
154, 236
154, 245
155, 156
155, 162
155, 244
157, 219
158, 235
158, 274
159, 248
159, 255
159, 261
160, 206
161, 178
162, 167
164, 232
165, 170
166, 217
166, 221
166, 241
166, 260
168, 198
168, 263
170, 196
171, 181
173, 215
173, 220
174, 228
176, 194
176, 205
176, 236
176, 245
176, 249
179, 192
179, 259
179, 278
180, 225
182, 194
184, 213
185, 202
185, 230
186, 212
187, 224
187, 262
188, 223
193, 233
194, 277
195, 268
196, 199
197, 223
198, 263
201, 214
201, 223
202, 230
203, 242
205, 245
205, 249
209, 248
212, 230
214, 223
215, 220
217, 221
217, 241
217, 260
221, 260
222, 253
225, 275
229, 244
231, 242
233, 279
234, 254
235, 274
243, 258
248, 255
248, 261
248, 262
251, 274
257, 277
259, 278
end