580
4
0, 0.8529086985408442, 0.5312742791763988
1, 0.2844113791988794, 0.9088846946266197
2, 0.9510921337070435, 0.9876666198368808
3, 0.8845219303786962, 0.7760467512308798
4, 0.6019111358510778, 0.46421614127881705
5, 0.04415292418469574, 0.27145146900230444
6, 0.44542015903616194, 0.48510802038583334
7, 0.2222639359265195, 0.8138019965223205
8, 0.7783137007665417, 0.8995024446679641
9, 0.28875510806680893, 0.8370057935810261
10, 0.2073323852101585, 0.2076256853995101
11, 0.772498004150407, 0.42285307329158084
12, 0.9985839019168616, 0.7627097254894378
13, 0.4649265133871282, 0.05976860436422504
14, 0.6639021738279178, 0.4592383966121931
15, 0.5970884094549658, 0.6344401690702819
16, 0.8613825834748181, 0.301933630747124
17, 0.47603359314759375, 0.9241625500193447
18, 0.048205164344239604, 0.24213538448403538
19, 0.946676649596588, 0.8270497698152557
20, 0.19254148825831707, 0.9037350372598375
21, 0.2497797653738817, 0.36437123485189393
22, 0.818714099249276, 0.3266632171924928
23, 0.3344975138941738, 0.8689740020715816
24, 0.6232953134539939, 0.8739493323153856
25, 0.697557592374656, 0.9923430460666882
26, 0.6744244227083857, 0.6529956444227106
27, 0.9547365189156741, 0.5206957474469097
28, 0.32600122819419286, 0.6653850155300509
29, 0.3376480570915058, 0.9585518168299436
30, 0.5655454733446137, 0.6748224144180902
31, 0.601881593503392, 0.23663626122478387
32, 0.06819961904565097, 0.5884305777489063
33, 0.8033422380660433, 0.9899635115167277
34, 0.9695859586290225, 0.7049906400847326
35, 0.5572829615256505, 0.22392461008368214
36, 0.5489406096121514, 0.8283012190780621
37, 0.11542955345655614, 0.7478058827907688
38, 0.3542168899718634, 0.6076150265647994
39, 0.9344252031047938, 0.14069569450815833
40, 0.18329730711783, 0.960349649192265
41, 0.6768752260786651, 0.7293202412631026
42, 0.9697699081628799, 0.5204976857218172
43, 0.3637166650107049, 0.6471371117897781
44, 0.04237824061443518, 0.9443393615034734
45, 0.16475615102538188, 0.30209655971246696
46, 0.8529037949591909, 0.8810883213820829
47, 0.26226265420410433, 0.1695489080949968
48, 0.5687846821545599, 0.18788376363625647
49, 0.5160110650936357, 0.01979072881364663
50, 0.4609068995479938, 0.751848584243568
51, 0.4013765934357645, 0.35958121839786716
52, 0.5986231063194017, 0.25375735335532446
53, 0.5335519685895588, 0.5134296168893572
54, 0.9692968829722178, 0.9668865660607682
55, 0.5926855190448561, 0.5554100876090111
56, 0.2475659543400941, 0.5098069224092486
57, 0.5770512681207162, 0.7213032862952318
58, 0.845543830944749, 0.8222212488130505
59, 0.04796153883950105, 0.7730945144746231
60, 0.4779991348539746, 0.32118892349164196
61, 0.3545637923445588, 0.539735908763577
62, 0.6623982476604094, 0.5694002778410987
63, 0.11629269811514975, 0.17291348655398653
64, 0.5742477803405724, 0.98902867139361
65, 0.5604886484793311, 0.6684236371364817
66, 0.7338698449657955, 0.3093294948243229
67, 0.5072855922003259, 0.32577564953003846
68, 0.40761455497807575, 0.4043175533798017
69, 0.903167553998815, 0.4801833944528966
70, 0.6488038681317024, 0.603540447712115
71, 0.6097468587372954, 0.2586317023285888
72, 0.034211699206996404, 0.8131732782549472
73, 0.32151384683449047, 0.7525357002950803
74, 0.9419460711236012, 0.978074941635564
75, 0.4174970404990207, 0.6528756592448168
76, 0.6340186963175248, 0.7501760183026691
77, 0.5369760841752448, 0.4546165446618926
78, 0.4564037447137631, 0.4097589563426616
79, 0.8941898754728943, 0.413957528290515
80, 0.7591586864051795, 0.9961949824038124
81, 0.2902801613567966, 0.4699070858559491
82, 0.27468989066190286, 0.9996990618030865
83, 0.5324050151326185, 0.6897969420327335
84, 0.409935318981556, 0.8673120856417406
85, 0.5946914642651295, 0.3378349516133434
86, 0.7272680575729307, 0.7801369529604233
87, 0.27864222162697005, 0.980181920681302
88, 0.3451824148510011, 0.6509670598767672
89, 0.8507317996922475, 0.6400467146198132
90, 0.5320968918189722, 0.3802481804486785
91, 0.2988688861768025, 0.6233019589901327
92, 0.21592588119005918, 0.20759337641767872
93, 0.5848110963966134, 0.37032584639123645
94, 0.5419667747115064, 0.7092278940321163
95, 0.5341062972777209, 0.9114693181644854
96, 0.6461968118867039, 0.8602216960152191
97, 0.6479038889825302, 0.010453390163360221
98, 0.5489303631326913, 0.30014425768728925
99, 0.8785825826681576, 0.35803822140736696
100, 0.1786726305589339, 0.9515423866558788
101, 0.7024844685804796, 0.45385844237217277
102, 0.47608439934322255, 0.8625109708939356
103, 0.6029720519904738, 0.9908148475514882
104, 0.30498516395740805, 0.15930508957260636
105, 0.8195174555209066, 0.3183226420523685
106, 0.2533642140309721, 0.5997044507453086
107, 0.26560600228599174, 0.935746855263252
108, 0.04151448160796045, 0.15211973025728076
109, 0.5532020092475606, 0.8307356211872674
110, 0.6779783874821558, 0.27955277046052796
111, 0.09584644450457092, 0.9535592346575883
112, 0.6347079243648256, 0.05019217001386922
113, 0.02643884651821027, 0.31254906537871474
114, 0.19822528859688682, 0.16759949724100787
115, 0.5493044385499073, 0.718069790847682
116, 0.0904131783131259, 0.7455620596056829
117, 0.4534453095300851, 0.08312351387772832
118, 0.686796321621277, 0.85271107493272
119, 0.3082543177153684, 0.8800061529987456
120, 0.476657169727551, 0.7439673458183782
121, 0.9856278128756922, 0.002270491173884448
122, 0.1595993223424753, 0.007279822779364009
123, 0.3939196170123471, 0.9858571971068925
124, 0.7833075394949419, 0.79682471518143
125, 0.47605692718059467, 0.6037092135994384
126, 0.6785859013093014, 0.42889826776024975
127, 0.6329777144323976, 0.5231715463318939
128, 0.9878350723702622, 0.7740948025194857
129, 0.4880500321190895, 0.20148996589436008
130, 0.48839250315263316, 0.5624609641384726
131, 0.485207417780803, 0.6442349926906693
132, 0.8035779486670478, 0.9201025425756091
133, 0.07947233870039849, 0.9684235694406966
134, 0.13030397026818885, 0.9506971869460678
135, 0.4840388769333378, 0.9562910455611845
136, 0.725109305082708, 0.27432843533078166
137, 0.12890484817318415, 0.8369670029288564
138, 0.36612717081058743, 0.13144903089617954
139, 0.40039969157547695, 0.22363751509471896
140, 0.5112161906952699, 0.8871358914456168
141, 0.5016842894735501, 0.9222737833559672
142, 0.9066248729296812, 0.4857040391873423
143, 0.5590840258394498, 0.5975250173208968
144, 0.9781411287276784, 0.7765410138948129
145, 0.8926007518040983, 0.5129729776106966
146, 0.12584929935736544, 0.8543020995416214
147, 0.4830420844278589, 0.09838172570243564
148, 0.7599507764112221, 0.823739759247101
149, 0.28069747235318543, 0.29859918944815966
150, 0.34230769302201514, 0.7418517181222476
151, 0.22592722595152592, 0.3329485067087745
152, 0.7076262832245015, 0.8513036693850671
153, 0.7866427209819621, 0.017270538178320027
154, 0.903626016448185, 0.7448936485200108
155, 0.6023557654946055, 0.8372176596066476
156, 0.6163737269760021, 0.5476940222677409
157, 0.18875599563090462, 0.9228366773603159
158, 0.330520661334918, 0.14213535866972316
159, 0.3390906648625346, 0.2535452711692133
160, 0.43830057772732467, 0.3704141610429519
161, 0.9344317924329808, 0.2209507709527876
162, 0.11802331571162239, 0.24470414108990624
163, 0.456094011461018, 0.9980682819997484
164, 0.17711345871945772, 0.5254197587783813
165, 0.12729297564669695, 0.6894814630421828
166, 0.3999246777154776, 0.46303406622086163
167, 0.9484520175212616, 0.10182175677665106
168, 0.7856253854218588, 0.6419317827938956
169, 0.11510892130995642, 0.8606680323271255
170, 0.48374786744858445, 0.8479815467559317
171, 0.6175948120767132, 0.05522265482035771
172, 0.6767555427413336, 0.5914105935028127
173, 0.9032243690107344, 0.5591067040209123
174, 0.44530287204531427, 0.9447483600344536
175, 0.8075291163225392, 0.45254747806983797
176, 0.7980676908766337, 0.7881062353406033
177, 0.782542829725607, 0.08020666473853089
178, 0.0006161542889520089, 0.8588387351093835
179, 0.9776187364542714, 0.5804842695493514
180, 0.19121302280676367, 0.6395167481676503
181, 0.26274234942453034, 0.6037331577054942
182, 0.6872156138545539, 0.9332860468450155
183, 0.9610222769735518, 0.6963410039313592
184, 0.15786593153666528, 0.4078248775037677
185, 0.35457867866665504, 0.5894852430065817
186, 0.24638170750115274, 0.598887465680106
187, 0.2967254672991465, 0.15883267372840137
188, 0.18268473316544231, 0.8676723510321831
189, 0.7038759209184604, 0.0668825781386495
190, 0.37848075304701934, 0.504222681493415
191, 0.6951143610553884, 0.13997729022773076
192, 0.23687144758005207, 0.15406793835099786
193, 0.3010558695622193, 0.3287982953466184
194, 0.6369929922867412, 0.06291561517190558
195, 0.10239874667790838, 0.6503145860651189
196, 0.5656246177606873, 0.7702519180438767
197, 0.5742255241946862, 0.6610425426396801
198, 0.6799367621372445, 0.7949224286317962
199, 0.27789331403303763, 0.7252879386746405
200, 0.5190975801094841, 0.8363687668676554
201, 0.1519381557066659, 0.5054602286008788
202, 0.726840755466442, 0.9955401480152523
203, 0.7887651559788919, 0.14856516979523404
204, 0.7507259155316868, 0.41220244298194475
205, 0.81424715686214, 0.9752888534969012
206, 0.8903176990527883, 0.9331131166164874
207, 0.3382136315678901, 0.3629265838466964
208, 0.8368367529295213, 0.5267058127916844
209, 0.0611726691528649, 0.13211801052423433
210, 0.8929356593655182, 0.10467101793126943
211, 0.3631275665617115, 0.9381234358634388
212, 0.38172013790487735, 0.6817538052192448
213, 0.49440208018875154, 0.41828583311994694
214, 0.6800545688076756, 0.5016857704657397
215, 0.10246505598560107, 0.14595645510921595
216, 0.5904025929476538, 0.6781450622294852
217, 0.6743760979890187, 0.8915761684492762
218, 0.9430392457194999, 0.796474050328194
219, 0.5010728612028664, 0.11051999467077878
220, 0.8011638201654704, 0.025164068780142546
221, 0.7741067773749088, 0.33910167423912163
222, 0.9733254791310728, 0.11354124857965742
223, 0.17872269737785906, 0.738344122856242
224, 0.8593505423560889, 0.6533737894527154
225, 0.5582491818402385, 0.604136266924878
226, 0.03635320587210422, 0.8274290603796509
227, 0.5886392805402878, 0.6653586073432521
228, 0.6082999884026226, 0.2791125390887368
229, 0.49102667197518046, 0.9526821679036288
230, 0.4817625328154074, 0.3964947798427748
231, 0.7213198616143977, 0.23285624183363063
232, 0.14332744118102436, 0.2152437173377728
233, 0.9809480405358982, 0.7371299907828845
234, 0.8496402724022871, 0.39293841700780185
235, 0.5675190382559634, 0.7638368627960618
236, 0.15828192692592158, 0.33259516469521977
237, 0.08632493734413926, 0.42384432297522756
238, 0.840711537400961, 0.1499743777551683
239, 0.4897918100769624, 0.07702746406347771
240, 0.3652499815940502, 0.6658733656034289
241, 0.1489343527225605, 0.26414958743350514
242, 0.6718077902770981, 0.21826460311410822
243, 0.729864691330524, 0.03898896928937057
244, 0.41159292536370273, 0.614086953661601
245, 0.20654185076667875, 0.5084856137706399
246, 0.4165230681290598, 0.912453633340109
247, 0.8344491014051877, 0.17908676524135736
248, 0.5429827451820788, 0.04914613710967264
249, 0.14691849007025903, 0.5791697648126802
250, 0.9695443548673386, 0.5149563529900496
251, 0.034492425527285375, 0.9799881458545379
252, 0.24843515741307365, 0.8970073416615616
253, 0.7937011528978771, 0.4023118104416865
254, 0.0677958685878165, 0.14099391609301448
255, 0.5596950840713133, 0.6411163530119318
256, 0.02734895774695989, 0.8771221941357229
257, 0.8915031099199308, 0.0784419613493278
258, 0.9126695435006056, 0.7390862914784009
259, 0.6349430423617968, 0.2921234470430282
260, 0.4822013440218791, 0.5538979492091817
261, 0.022627388488395295, 0.1001134400725735
262, 0.3408291592929973, 0.23537667071114643
263, 0.8867934397655893, 0.5815151362198984
264, 0.9906329888476014, 0.9028673821298242
265, 0.47913604342115357, 0.27444505784647966
266, 0.5241496006869032, 0.8469948907774297
267, 0.10354414927902189, 0.047552998695858606
268, 0.8835544007209669, 0.606807883479819
269, 0.20632276563371132, 0.12259900678378022
270, 0.22603116594949024, 0.6011581619627014
271, 0.2977737121409373, 0.8780587980602699
272, 0.1920533528384285, 0.2632772488354771
273, 0.0897659939963611, 0.42564366558720645
274, 0.737988459508447, 0.7911147591169998
275, 0.23367157943825956, 0.2515895224115331
276, 0.7946950048459406, 0.6915040006143072
277, 0.7358523906569198, 0.47477877558834203
278, 0.4353698859110362, 0.7519691247885508
279, 0.7434240210168891, 0.10276172006890538
280, 0.39060905472915997, 0.4071401091091189
281, 0.9981904996885012, 0.2847261814040277
282, 0.9577415035307423, 0.5518917546616414
283, 0.7401033052910323, 0.6833248805106497
284, 0.27464889158895, 0.41181592344998674
285, 0.9606907831638951, 0.44830392434323696
286, 0.8628408661813286, 0.4568213088510258
287, 0.760428961278416, 0.2789034839616621
288, 0.9155496334897004, 0.4955379153299805
289, 0.7436942885021368, 0.5632054802164473
290, 0.6435444679553693, 0.06253042700247602
291, 0.2876261645134267, 0.15578807373779247
292, 0.6452186916113773, 0.401551744102579
293, 0.26723521168489217, 0.6184582245188386
294, 0.9769371513184141, 0.10430829354141835
295, 0.18908757090465544, 0.6199128700819129
296, 0.30248896716053675, 0.7455734429418674
297, 0.1860008572009425, 0.7852535559894345
298, 0.48864093052625024, 0.3683647158981902
299, 0.4030400622899294, 0.16876264883295655
300, 0.23324308497651525, 0.9108810304219884
301, 0.7651506335071088, 0.6778796814687671
302, 0.8906035391341971, 0.2302011579852743
303, 0.9901583099924387, 0.9238253434879745
304, 0.040945224850056694, 0.01880665741865628
305, 0.9068166174508101, 0.32839835557783004
306, 0.6010346203395046, 0.7242925552633942
307, 0.08823572947144265, 0.1778752938766044
308, 0.22035430966203984, 0.8829935692142536
309, 0.5406098482159669, 0.189884723959869
310, 0.9432483884148045, 0.7840470149870982
311, 0.8077336081585377, 0.792260575181523
312, 0.7123935306638446, 0.9862479258429527
313, 0.6707611770561706, 0.7093072178940328
314, 0.6580378625264628, 0.6739162877153325
315, 0.9604588849368081, 0.6775980735505973
316, 0.9533734502774286, 0.3116357617394174
317, 0.8734454346319257, 0.17007797787414392
318, 0.7439458719430928, 0.10095527084663469
319, 0.3920740991792423, 0.7845649494131333
320, 0.25508277169028304, 0.5056680482365727
321, 0.17977563626074822, 0.764371073994362
322, 0.7598269880984142, 0.061711670229600224
323, 0.21112014046199656, 0.9305222457871382
324, 0.7247036961755612, 0.6922995235481091
325, 0.7521514104190185, 0.18734716134087626
326, 0.2216283907352209, 0.9043005671336172
327, 0.8190935766415681, 0.6864001196942283
328, 0.36566144347261975, 0.3769492354674635
329, 0.14427303193245777, 0.06317338597847444
330, 0.4811352646887319, 0.5064922656177497
331, 0.8265636500700937, 0.9383562661163671
332, 0.8646466549947023, 0.6764867024090064
333, 0.9785793567033177, 0.005923224232703417
334, 0.23194328020547805, 0.8428791258129624
335, 0.7692258889101904, 0.6903735612137647
336, 0.7027236957002291, 0.7342068931076144
337, 0.11265762812172075, 0.810205576757809
338, 0.07846481507672365, 0.7178853099361344
339, 0.6622916334696323, 0.10321850879933447
340, 0.7908186969389047, 0.8138504123244227
341, 0.17637989555890554, 0.9964237836094847
342, 0.9541568136583382, 0.4920964068563438
343, 0.02680256560832872, 0.3450489141583035
344, 0.24504451780278824, 0.129186712996069
345, 0.2497211594339327, 0.23722037523875283
346, 0.24506731128322823, 0.48912218456618073
347, 0.5160999013959645, 0.06916266583961506
348, 0.045442854049972614, 0.06997208196875704
349, 0.46806151340051494, 0.15612519532272295
350, 0.5340719034832262, 0.5999184962981347
351, 0.5157779319025891, 0.018651271324034657
352, 0.9472166825679965, 0.6539033186691434
353, 0.2200843253439917, 0.2943708240013351
354, 0.47095673973501906, 0.9919898406203668
355, 0.9439439666984102, 0.407053786297648
356, 0.15614253645762455, 0.3808304851884604
357, 0.04051459032709315, 0.13401547281101
358, 0.5051691566241188, 0.04851290761753435
359, 0.7060495449838471, 0.7776033715024151
360, 0.6360023038933638, 0.8231381285284103
361, 0.0403661953274328, 0.007491324164891955
362, 0.2169575653570155, 0.5574596846529544
363, 0.1280631178988768, 0.19783723375093676
364, 0.18317809397897367, 0.6271506984807573
365, 0.1253047995096378, 0.4976971503850246
366, 0.05046558943982704, 0.7004876883390186
367, 0.30098324536031085, 0.7536233214060778
368, 0.1469433206746591, 0.4846063852858553
369, 0.7950356901303046, 0.12343205095664267
370, 0.14859281963674875, 0.45838842324254103
371, 0.1468108871739311, 0.8440046102638141
372, 0.47878590783668784, 0.7555891441863356
373, 0.15606826337755475, 0.34126604030242913
374, 0.620839013870704, 0.32197872932400384
375, 0.09468873505379727, 0.8791406445915341
376, 0.5309595054821251, 0.11666965406588292
377, 0.27358559978558716, 0.7778080702854077
378, 0.5335396798246591, 0.48492649075699656
379, 0.7134119855947805, 0.8511003444941119
380, 0.13068047524170223, 0.9856690155369748
381, 0.5835310966315567, 0.030517151907162088
382, 0.5815693950998094, 0.07500573069471195
383, 0.6637366005085195, 0.6970111897529425
384, 0.5682459033511378, 0.2759132982049882
385, 0.47001781253268493, 0.8783002404466558
386, 0.93428498457603, 0.8601888877933709
387, 0.4332857693892511, 0.49195363710974904
388, 0.01745882307426261, 0.6859872308022675
389, 0.8034015203625585, 0.5771236356613346
390, 0.4438472690316839, 0.06642720229006938
391, 0.9300294819495621, 0.07569833193413833
392, 0.3004245382674636, 0.5855325491679106
393, 0.7963619206966099, 0.27390576382623744
394, 0.25914395507954746, 0.39058541560033866
395, 0.2755810139276075, 0.3088274648450262
396, 0.2202792379613855, 0.758362164189934
397, 0.8057082699775935, 0.03975494423641335
398, 0.048057992435120434, 0.3805183150658661
399, 0.10903201167101695, 0.1622004131852547
400, 0.8233638372812836, 0.3361381808127659
401, 0.4995785887029206, 0.10890935841135374
402, 0.2275493478224918, 0.5218829154845064
403, 0.68752795109214, 0.2594072078933882
404, 0.3137781194691065, 0.43836638493312663
405, 0.8232801502474781, 0.023086109242362207
406, 0.7256478002850155, 0.9020118500459458
407, 0.798855958151085, 0.1274103052461294
408, 0.9605687968061505, 0.8869999372554425
409, 0.1820209244126254, 0.7059018793152583
410, 0.03563806149272031, 0.8512237611669832
411, 0.33044939695162046, 0.37319279318224075
412, 0.010004151832410657, 0.0013224742362415443
413, 0.568235923954634, 0.22950999406650896
414, 0.5606580675725812, 0.9858279631124434
415, 0.10446909766382884, 0.15018628717570248
416, 0.9198395584855796, 0.9560999175994125
417, 0.6285700670373051, 0.7328493185606808
418, 0.5963505952149599, 0.6706011811638365
419, 0.5747229544975299, 0.27740459843147147
420, 0.3151286002059399, 0.8910950614037637
421, 0.43281803369704797, 0.6461241993265939
422, 0.9049681350625486, 0.46035895187488873
423, 0.9376485565931609, 0.23570407575153884
424, 0.0321996861640933, 0.6318298930328822
425, 0.32006020963046, 0.4305756878342729
426, 0.25615973554808125, 0.2479535396342516
427, 0.2347307151107817, 0.10734736928802058
428, 0.5137994033898131, 0.9107443253861779
429, 0.5439254685578581, 0.28749923085087037
430, 0.7319898740889054, 0.6770470553743332
431, 0.08304896998645517, 0.4132285132753386
432, 0.09782107644900351, 0.4108961793399146
433, 0.36023311630100896, 0.14581879097124717
434, 0.5648747004818008, 0.9804320478006374
435, 0.05833311774020056, 0.07087352782454204
436, 0.8796973430967343, 0.1415787787674373
437, 0.5148431207470586, 0.5231491473262714
438, 0.7038045507596883, 0.21470502038790218
439, 0.04830284731591705, 0.6457629076690046
440, 0.7874441415917978, 0.6170767073293564
441, 0.23018585329769636, 0.7679878646398199
442, 0.43517664738085216, 0.007177819888990911
443, 0.9873651702834663, 0.009276326979818728
444, 0.7739040034635734, 0.771925030740987
445, 0.9672923096073325, 0.5358852927769555
446, 0.49987682482178597, 0.45266296521503346
447, 0.8536051221642543, 0.5021198860211086
448, 0.6610482815505504, 0.0978658943866968
449, 0.04608364607359716, 0.4832138094127093
450, 0.3759637407768255, 0.5311686551063702
451, 0.9832216283096263, 0.5998494711859854
452, 0.3826901766474371, 0.6536549696177621
453, 0.44545133727195807, 0.9641340268198455
454, 0.4291490463362251, 0.7358785920082465
455, 0.6524452715605226, 0.02516090315838715
456, 0.2859270664241724, 0.35150162855077094
457, 0.006975452476141175, 0.0930791381684275
458, 0.8327967862148187, 0.7770079501079744
459, 0.3791353669539659, 0.6596192981013059
460, 0.9318978927243661, 0.008660069218042965
461, 0.21972735493473783, 0.9680483035131862
462, 0.829542219068063, 0.9999283682029106
463, 0.5818060008864364, 0.0653876769532925
464, 0.8183642877160909, 0.035419408941445796
465, 0.6703533886758386, 0.5669330708757206
466, 0.12977781729346805, 0.9484059685253909
467, 0.37434938304718646, 0.7004179823888451
468, 0.16747381628394364, 0.9656386661928911
469, 0.6316767519121466, 0.5969180816415555
470, 0.5260474249854459, 0.3519864619478934
471, 0.3025829287110505, 0.9586539070559205
472, 0.39920210236260467, 0.004035056477984189
473, 0.6776581040840186, 0.1142710555809403
474, 0.5202028485197208, 0.5745990517919091
475, 0.14937855353270646, 0.9342686164430195
476, 0.3813691552926832, 0.2621949933616452
477, 0.811175302251754, 0.4189305761030454
478, 0.6108570928674779, 0.6533918486084752
479, 0.8817138850925211, 0.6215935064622662
480, 0.9606629307385661, 0.6921530856266899
481, 0.17870979760887018, 0.36414646490610414
482, 0.9417239771204368, 0.2556646546138128
483, 0.10864520915471276, 0.785880969909341
484, 0.519957305161019, 0.15662105293746853
485, 0.6806391784358419, 0.10108406216548649
486, 0.45009528413378674, 0.11888664911733937
487, 0.3093554871278116, 0.20496321017265962
488, 0.06455060182516636, 0.9197014426501402
489, 0.44981271742049134, 0.8414861528703211
490, 0.14126924289804854, 0.3187396009290302
491, 0.5931145321415664, 0.7467355598306076
492, 0.1374309760635971, 0.4504128245680996
493, 0.4924028912122921, 0.15301515054659265
494, 0.7902026720797871, 0.3584267886737813
495, 0.501709247847188, 0.08445682306083024
496, 0.13193261564619574, 0.9365823003514206
497, 0.8208766429275299, 0.35779341415967214
498, 0.8824593571058351, 0.9470090996402887
499, 0.01664677797555081, 0.960003964758361
500, 0.743640693446119, 0.6688834558693272
501, 0.08123334824882411, 0.9320121485641185
502, 0.33275381505839197, 0.13984350003028556
503, 0.46209441028443, 0.6289100580280416
504, 0.0416219851874996, 0.6667595245239807
505, 0.15751841707049052, 0.5398995087483893
506, 0.4930396143939916, 0.7038023916210298
507, 0.7580002094357405, 0.9408508894450898
508, 0.8083466460405587, 0.19944631127163281
509, 0.8786565236606543, 0.18159038818763162
510, 0.7410215586889929, 0.741297815001991
511, 0.4211728559634389, 0.41866538930287833
512, 0.9837725796773734, 0.10039585445268939
513, 0.979677689746001, 0.8430632464022156
514, 0.10324997644802236, 0.8083109567285356
515, 0.9125078180713605, 0.4471410532879948
516, 0.10379000884685186, 0.8568630853075884
517, 0.9792075049117954, 0.8012217368304202
518, 0.4818756166195933, 0.4853326768105004
519, 0.9130397779890921, 0.6884334831138486
520, 0.4314855429469773, 0.03285481651506539
521, 0.3256943788337362, 0.8167360725762668
522, 0.603154350733867, 0.3703926092354054
523, 0.4789639864246412, 0.09161099143688878
524, 0.9668133362297894, 0.6203980180595733
525, 0.2617679577833695, 0.16322224358664117
526, 0.9972279347490444, 0.6153433311267853
527, 0.8921296614142882, 0.35649204456548145
528, 0.9927639949981286, 0.6870148833995097
529, 0.1930964734438415, 0.9185116693680814
530, 0.3016078589914415, 0.5625019809329571
531, 0.6543545872119159, 0.4869517037240839
532, 0.8436563565084174, 0.7220530038622163
533, 0.7007493995842465, 0.7797357920412472
534, 0.18843292663150002, 0.32776267205831255
535, 0.4667629216137654, 0.7531651476230317
536, 0.4459215491678703, 0.3670430597285126
537, 0.10692093246867607, 0.3591375241066861
538, 0.8493250060820428, 0.3696132212791535
539, 0.030740498992939957, 0.1728609133671556
540, 0.2209871702510009, 0.654079536862665
541, 0.9370963197893134, 0.19379183382178355
542, 0.15763175536429397, 0.9972068586125604
543, 0.15884496730385267, 0.12342566991850945
544, 0.7320592889237613, 0.9574107097376093
545, 0.4784222326818407, 0.24612528705604364
546, 0.667002517278927, 0.07967027110091429
547, 0.9884257027922467, 0.1930779336557813
548, 0.7578991232534346, 0.4426415686930327
549, 0.7941128431487603, 0.04319779546611502
550, 0.9798820185402509, 0.278188479887037
551, 0.26814087897920236, 0.10295082404193434
552, 0.4989053005205579, 0.6871847917947159
553, 0.9895002335670128, 0.7427643926049271
554, 0.20591123395343935, 0.2512163526012471
555, 0.2631554540427474, 0.31713019613631743
556, 0.7103110829708659, 0.8519747366213721
557, 0.026639995634464397, 0.9536214948484675
558, 0.8695619796201336, 0.9528502893993235
559, 0.6628608192640137, 0.34045417003043854
560, 0.19727117201054978, 0.12620397034567143
561, 0.13790314916239088, 0.9962115464383353
562, 0.3371991360580632, 0.3564672914924749
563, 0.7133701984360485, 0.35868342125569563
564, 0.153535803933334, 0.4222243409017181
565, 0.33946529077869814, 0.09107183467946844
566, 0.29879024919008346, 0.7903997657127813
567, 0.04765762706712251, 0.7721798082043867
568, 0.015357586741102103, 0.5286991717134173
569, 0.38572403874550476, 0.7881976621220611
570, 0.6926842279804303, 0.3023116863387657
571, 0.14822622193365753, 0.026988288608142508
572, 0.3131691182500309, 0.17187342754862678
573, 0.3224479181711871, 0.24599905716214931
574, 0.7929362053762775, 0.4138324428566674
575, 0.42593366575072933, 0.4444442542621674
576, 0.29303568256056967, 0.9531763251522632
577, 0.6903846085346191, 0.8434333655107719
578, 0.6950487915705268, 0.17810160903982886
579, 0.3085204881550403, 0.42525401847739985
end_nodes
0, 1
0, 2
0, 3
0, 4
0, 5
0, 6
0, 7
0, 8
0, 9
0, 10
0, 11
0, 12
0, 13
0, 14
0, 15
0, 16
0, 17
0, 18
0, 19
0, 20
0, 21
0, 22
0, 23
0, 24
1, 2
1, 17
1, 20
1, 23
1, 25
1, 26
1, 29
1, 33
1, 36
1, 40
1, 44
1, 57
1, 64
1, 74
1, 76
1, 80
1, 82
1, 84
1, 87
1, 100
1, 102
1, 103
1, 107
2, 3
2, 12
2, 19
2, 33
2, 46
2, 54
2, 58
2, 74
2, 80
2, 128
2, 144
2, 154
2, 205
2, 233
2, 258
2, 264
2, 303
2, 311
2, 386
2, 408
2, 458
2, 462
3, 89
3, 224
3, 332
3, 458
3, 532
4, 6
4, 21
4, 56
4, 77
4, 81
4, 113
4, 166
4, 184
4, 201
4, 214
4, 237
4, 245
4, 273
4, 280
4, 284
4, 320
4, 343
4, 346
4, 356
4, 365
4, 368
4, 370
4, 373
5, 18
5, 21
5, 45
5, 68
5, 78
5, 108
5, 113
5, 151
5, 207
5, 208
5, 209
5, 213
5, 236
5, 261
5, 304
5, 328
5, 348
5, 357
5, 361
5, 373
5, 411
5, 412
5, 435
6, 7
6, 15
6, 28
6, 32
6, 37
6, 38
6, 43
6, 44
6, 53
6, 55
6, 56
6, 59
6, 61
6, 62
6, 70
6, 72
6, 73
6, 75
6, 88
6, 91
6, 106
6, 116
7, 9
7, 15
7, 20
7, 28
7, 30
7, 38
7, 43
7, 44
7, 65
7, 73
7, 83
7, 88
7, 146
7, 150
7, 185
7, 188
7, 197
7, 199
7, 227
7, 255
7, 278
7, 296
8, 17
8, 24
8, 46
8, 74
8, 86
8, 95
8, 96
8, 118
8, 124
8, 132
8, 141
8, 148
8, 152
8, 168
8, 176
8, 182
8, 198
8, 206
8, 217
8, 274
8, 276
8, 301
8, 311
9, 20
9, 50
9, 216
9, 227
9, 278
9, 308
9, 319
9, 334
9, 418
9, 478
9, 521
9, 569
10, 13
10, 14
10, 18
10, 31
10, 35
10, 47
10, 48
10, 49
10, 51
10, 52
10, 60
10, 63
10, 67
10, 71
10, 85
10, 90
10, 92
10, 93
10, 98
10, 101
10, 104
10, 114
10, 117
11, 13
11, 22
11, 49
11, 66
11, 97
11, 105
11, 110
11, 112
11, 136
11, 153
11, 171
11, 175
11, 177
11, 189
11, 191
11, 194
11, 203
11, 210
11, 220
11, 221
11, 231
11, 238
11, 239
12, 16
12, 27
12, 34
12, 39
12, 42
12, 69
12, 79
12, 99
12, 121
12, 128
12, 142
12, 144
12, 145
12, 161
12, 167
12, 173
12, 179
12, 183
12, 210
12, 222
12, 233
12, 250
13, 48
13, 49
13, 117
13, 147
13, 158
13, 187
13, 204
13, 219
13, 239
13, 347
13, 349
13, 358
13, 390
13, 401
13, 484
13, 486
13, 493
13, 495
13, 502
13, 523
13, 563
14, 18
14, 51
14, 90
14, 160
14, 193
14, 230
14, 241
14, 277
14, 298
14, 345
14, 353
14, 536
14, 555
15, 70
15, 75
15, 125
15, 130
15, 131
15, 143
15, 172
15, 225
15, 240
15, 255
15, 260
15, 289
15, 330
15, 350
15, 421
15, 459
15, 469
15, 474
15, 503
15, 552
16, 22
16, 27
16, 69
16, 79
16, 99
16, 105
16, 142
16, 145
16, 210
16, 234
16, 263
16, 282
16, 286
16, 288
16, 302
16, 305
16, 317
16, 342
16, 400
16, 422
16, 436
16, 447
17, 24
17, 36
17, 41
17, 74
17, 76
17, 95
17, 102
17, 109
17, 140
17, 141
17, 155
17, 182
17, 246
17, 266
17, 283
17, 324
17, 336
17, 360
17, 385
17, 389
17, 428
18, 45
18, 63
18, 122
18, 162
18, 193
18, 207
18, 209
18, 215
18, 230
18, 232
18, 241
18, 254
18, 267
18, 272
18, 275
18, 307
18, 329
18, 353
18, 363
18, 399
19, 218
19, 233
19, 258
19, 268
19, 310
19, 386
19, 408
19, 479
19, 519
20, 23
20, 44
20, 50
20, 94
20, 115
20, 119
20, 120
20, 157
20, 188
20, 252
20, 271
20, 300
20, 308
20, 326
20, 334
20, 372
20, 501
20, 529
20, 535
21, 68
21, 208
21, 236
21, 373
21, 490
21, 534
22, 105
22, 175
22, 234
22, 253
22, 400
22, 447
22, 477
22, 497
22, 574
23, 115
23, 119
23, 271
23, 372
24, 95
24, 96
24, 168
24, 198
24, 217
24, 283
24, 336
24, 360
24, 428
24, 440
25, 80
25, 82
25, 103
25, 135
25, 163
25, 174
25, 202
25, 229
25, 354
25, 434
26, 57
26, 76
26, 196
26, 235
26, 306
26, 313
26, 314
26, 383
26, 389
26, 417
26, 491
27, 282
27, 342
27, 524
28, 88
29, 64
29, 82
29, 87
29, 123
29, 211
29, 354
29, 414
29, 453
29, 471
29, 576
30, 83
30, 227
30, 278
31, 35
31, 48
31, 52
31, 71
31, 101
31, 126
31, 129
31, 139
31, 204
31, 259
31, 309
31, 413
31, 548
31, 559
32, 56
32, 59
32, 72
32, 106
32, 164
32, 165
32, 178
32, 180
32, 181
32, 186
32, 190
32, 195
32, 201
32, 237
32, 245
32, 249
32, 270
32, 273
32, 295
32, 320
32, 338
32, 343
32, 362
33, 80
33, 205
33, 312
34, 173
34, 183
34, 263
34, 352
34, 480
35, 92
35, 129
35, 413
35, 487
36, 76
36, 84
36, 102
36, 109
36, 170
36, 200
36, 266
36, 489
37, 59
37, 72
37, 116
37, 293
37, 540
38, 185
38, 199
39, 161
39, 167
39, 179
39, 210
39, 250
39, 257
39, 316
39, 333
39, 391
39, 405
39, 423
39, 451
39, 460
39, 464
39, 482
39, 528
39, 541
40, 44
40, 82
40, 100
40, 107
40, 111
40, 133
40, 134
40, 251
40, 341
40, 380
40, 461
40, 466
40, 468
40, 475
40, 496
40, 499
40, 542
40, 557
40, 561
41, 324
41, 430
41, 440
41, 500
42, 161
42, 210
42, 285
42, 355
42, 445
43, 73
43, 88
43, 296
43, 367
44, 72
44, 91
44, 111
44, 134
44, 137
44, 146
44, 157
44, 169
44, 178
44, 185
44, 188
44, 223
44, 226
44, 256
44, 297
44, 321
44, 337
44, 375
44, 409
45, 207
46, 74
46, 206
46, 311
46, 416
47, 49
47, 114
47, 122
47, 192
47, 215
47, 269
47, 291
47, 329
47, 344
47, 351
47, 399
47, 415
47, 427
47, 442
47, 472
47, 520
47, 525
47, 543
47, 551
47, 560
47, 565
48, 92
48, 104
48, 138
48, 204
48, 219
48, 299
48, 309
48, 349
48, 401
48, 433
48, 484
48, 487
48, 493
48, 572
49, 97
49, 110
49, 112
49, 171
49, 242
49, 248
49, 291
49, 347
49, 351
49, 358
49, 376
49, 381
49, 382
49, 390
49, 403
49, 463
50, 216
50, 319
50, 569
51, 149
51, 160
51, 241
51, 272
51, 275
51, 298
51, 345
51, 395
51, 426
51, 536
51, 554
52, 71
52, 139
53, 62
53, 127
53, 156
53, 289
53, 465
54, 303
55, 62
55, 70
55, 172
55, 437
56, 320
56, 402
57, 196
57, 235
57, 306
57, 420
58, 311
58, 458
59, 61
59, 72
59, 116
59, 165
59, 180
59, 181
59, 338
59, 392
59, 450
59, 567
60, 67
60, 93
60, 522
61, 106
61, 181
61, 392
61, 450
62, 156
62, 172
62, 289
62, 465
63, 114
63, 232
63, 363
63, 399
64, 103
64, 211
64, 354
64, 414
65, 197
65, 227
65, 478
65, 506
66, 97
66, 112
66, 136
66, 290
66, 339
66, 438
66, 448
66, 473
66, 546
66, 578
67, 85
67, 159
67, 522
68, 78
68, 208
68, 213
68, 411
68, 534
69, 142
69, 145
70, 172
70, 330
70, 437
70, 469
71, 85
71, 98
71, 126
71, 228
71, 262
71, 265
71, 292
71, 374
71, 384
71, 419
71, 429
71, 522
71, 545
72, 178
72, 226
72, 256
72, 337
72, 366
72, 409
72, 410
72, 483
72, 514
72, 567
73, 150
73, 212
73, 240
73, 367
73, 377
73, 467
74, 132
74, 182
74, 206
74, 331
74, 416
74, 498
74, 507
74, 544
74, 558
75, 125
75, 130
75, 131
75, 244
75, 260
75, 421
75, 452
75, 459
75, 503
76, 109
76, 196
76, 313
76, 383
76, 389
76, 417
76, 420
76, 489
76, 491
77, 184
77, 284
77, 398
77, 579
78, 151
78, 213
78, 328
78, 411
78, 456
79, 288
80, 82
80, 163
80, 202
80, 312
80, 462
81, 166
81, 368
81, 370
82, 87
82, 107
82, 123
82, 163
82, 341
82, 354
82, 461
82, 462
82, 542
83, 278
83, 454
83, 566
84, 170
84, 200
84, 489
85, 98
85, 159
85, 228
85, 476
85, 522
85, 573
86, 198
86, 274
86, 301
86, 359
86, 510
86, 533
87, 471
87, 576
89, 224
89, 311
89, 458
89, 532
90, 277
91, 137
91, 169
91, 223
91, 321
91, 375
91, 409
92, 487
93, 101
93, 126
93, 292
93, 470
93, 522
94, 115
94, 120
94, 535
95, 217
95, 406
96, 118
96, 198
96, 577
97, 112
97, 121
97, 136
97, 153
97, 177
97, 189
97, 191
97, 243
97, 279
97, 290
97, 318
97, 322
97, 333
97, 351
97, 381
97, 438
97, 442
97, 448
97, 455
97, 460
97, 472
98, 262
98, 265
98, 419
98, 429
98, 476
98, 573
99, 282
99, 515
99, 524
100, 323
100, 475
101, 126
101, 470
101, 548
101, 559
102, 246
102, 266
102, 385
103, 354
103, 434
104, 117
104, 138
104, 299
104, 433
104, 572
105, 317
105, 436
106, 181
106, 186
106, 190
106, 249
106, 362
106, 387
106, 530
107, 461
108, 357
108, 361
110, 239
110, 376
110, 495
110, 570
111, 557
112, 171
112, 194
112, 290
112, 381
113, 178
113, 280
113, 343
113, 373
113, 388
113, 394
113, 412
113, 457
113, 481
113, 511
113, 537
113, 539
113, 568
114, 399
115, 372
115, 535
116, 293
116, 540
117, 138
117, 158
117, 187
117, 486
118, 152
118, 577
119, 252
119, 271
121, 167
121, 222
121, 281
121, 294
121, 333
121, 412
121, 443
121, 472
121, 512
121, 526
121, 547
121, 550
122, 267
122, 304
122, 329
122, 348
122, 361
122, 412
122, 427
122, 435
122, 472
122, 551
122, 571
123, 354
124, 168
124, 276
125, 130
125, 350
125, 503
126, 292
127, 289
128, 144
128, 513
128, 517
129, 309
129, 487
130, 260
130, 350
131, 421
132, 182
132, 331
132, 507
132, 558
133, 251
133, 499
134, 466
135, 174
135, 434
137, 169
137, 375
138, 349
138, 433
138, 486
140, 389
141, 182
142, 288
142, 422
143, 225
143, 474
144, 233
144, 517
145, 173
145, 263
145, 315
145, 553
146, 297
146, 371
146, 396
146, 441
147, 484
147, 493
147, 523
148, 274
148, 301
149, 272
149, 554
150, 255
150, 467
151, 411
152, 198
152, 379
152, 556
152, 577
153, 177
153, 203
153, 220
153, 243
153, 322
153, 405
153, 460
153, 549
154, 258
155, 336
155, 360
156, 465
157, 300
157, 529
158, 187
158, 502
160, 536
161, 210
161, 250
161, 285
161, 423
161, 482
162, 275
162, 426
163, 202
164, 201
164, 245
165, 180
165, 195
165, 338
166, 370
167, 222
167, 316
167, 333
167, 528
168, 198
168, 276
168, 301
168, 327
168, 335
168, 359
168, 444
168, 533
171, 194
171, 242
171, 382
171, 403
171, 463
172, 289
173, 263
173, 315
173, 352
173, 553
174, 229
174, 434
175, 477
175, 497
175, 574
176, 276
176, 327
176, 340
177, 221
177, 279
177, 287
177, 318
177, 322
177, 325
178, 256
178, 366
178, 388
178, 424
178, 439
178, 449
178, 457
178, 499
178, 504
178, 557
178, 568
179, 250
180, 181
180, 270
180, 295
180, 364
181, 270
182, 507
183, 263
183, 480
184, 237
184, 398
184, 404
184, 425
184, 431
184, 432
184, 446
184, 564
184, 575
184, 579
185, 199
185, 297
185, 396
185, 441
185, 488
186, 249
187, 502
188, 501
189, 191
189, 221
189, 231
189, 279
189, 287
189, 325
190, 362
190, 387
190, 530
191, 231
191, 455
191, 485
192, 543
192, 560
193, 353
193, 555
195, 338
196, 235
196, 420
196, 491
197, 478
198, 379
198, 533
198, 577
200, 489
201, 245
201, 365
203, 220
203, 549
204, 548
206, 416
206, 498
207, 562
208, 213
209, 254
209, 267
209, 435
210, 220
210, 238
210, 247
210, 285
210, 302
210, 305
210, 342
210, 355
210, 369
210, 397
210, 407
210, 436
210, 464
210, 494
210, 509
211, 414
211, 453
212, 240
212, 255
212, 467
213, 328
214, 378
214, 518
214, 531
215, 307
215, 329
215, 399
215, 415
215, 543
216, 319
216, 418
217, 406
218, 310
218, 519
219, 401
220, 369
220, 397
220, 405
220, 464
220, 549
221, 287
222, 294
222, 550
223, 321
223, 409
223, 516
224, 332
225, 474
226, 337
227, 278
227, 478
227, 506
228, 522
232, 363
233, 268
233, 310
233, 408
233, 519
234, 400
234, 447
234, 538
235, 306
236, 373
236, 490
237, 273
237, 398
237, 404
237, 431
237, 446
237, 564
238, 247
238, 393
238, 407
238, 494
238, 508
239, 495
239, 570
240, 244
240, 255
240, 452
240, 459
241, 272
241, 353
241, 395
242, 248
242, 382
242, 403
243, 322
244, 452
245, 320
245, 505
246, 385
247, 494
248, 382
249, 362
250, 482
251, 380
251, 468
251, 499
251, 561
252, 326
253, 574
254, 267
255, 467
256, 410
257, 391
257, 405
257, 460
258, 386
259, 548
259, 559
260, 474
261, 357
261, 361
261, 412
262, 265
262, 545
263, 286
263, 480
264, 303
265, 384
265, 429
267, 435
267, 571
268, 479
268, 519
269, 329
269, 543
269, 560
270, 295
272, 395
272, 554
273, 365
273, 368
273, 370
273, 492
274, 301
275, 426
275, 554
276, 327
276, 340
278, 454
278, 566
279, 318
279, 325
280, 373
281, 443
281, 526
282, 515
282, 524
283, 324
283, 336
283, 440
283, 500
284, 356
284, 398
287, 325
288, 422
289, 465
290, 339
290, 448
292, 374
292, 522
293, 540
294, 550
295, 364
296, 367
296, 377
297, 396
297, 488
298, 345
298, 536
299, 433
300, 529
301, 335
301, 359
301, 444
301, 510
302, 305
304, 348
304, 361
305, 342
305, 527
307, 399
308, 334
309, 487
310, 519
311, 458
313, 383
313, 389
314, 417
314, 491
315, 553
316, 528
317, 436
319, 569
320, 505
321, 516
323, 475
324, 500
328, 456
329, 543
330, 469
331, 507
331, 558
333, 460
335, 444
336, 360
337, 409
337, 483
337, 514
339, 448
341, 542
342, 527
343, 356
343, 388
343, 394
343, 398
343, 449
343, 537
344, 427
344, 525
344, 551
346, 365
346, 368
347, 358
347, 376
347, 495
348, 435
349, 486
349, 493
351, 442
351, 520
355, 445
356, 398
357, 361
359, 510
359, 533
360, 428
361, 412
362, 530
365, 368
367, 377
368, 370
369, 393
369, 397
369, 407
369, 508
370, 492
371, 441
374, 522
376, 495
378, 518
379, 556
380, 468
380, 561
382, 463
384, 429
388, 449
391, 460
392, 450
393, 508
394, 481
394, 511
394, 537
396, 441
398, 431
398, 432
398, 579
399, 415
400, 538
401, 484
404, 425
404, 446
404, 564
404, 575
405, 460
405, 464
407, 508
409, 483
412, 457
412, 472
412, 539
414, 453
417, 491
419, 429
421, 503
423, 482
423, 541
424, 439
424, 449
424, 504
425, 575
427, 551
430, 440
430, 500
431, 432
436, 509
438, 448
438, 546
438, 578
439, 449
439, 504
440, 500
442, 472
442, 520
442, 565
446, 575
451, 528
452, 459
454, 566
455, 485
457, 568
458, 532
466, 496
471, 576
472, 551
472, 565
473, 546
475, 496
476, 573
477, 497
478, 521
481, 537
482, 541
483, 514
484, 493
493, 523
499, 557
512, 547
512, 550
515, 524
525, 551
542, 561
543, 560
546, 578
547, 550
548, 559
end