440
4
0, 0.7154907080837354, 0.18033489841630124
1, 0.6908278370442194, 0.1332410052725611
2, 0.7579309169532816, 0.5107762034787521
3, 0.7815971170578566, 0.9119062330361836
4, 0.9608783754743476, 0.8846069074738655
5, 0.4474063420299017, 0.937244589436239
6, 0.6208688445642159, 0.2415182114233292
7, 0.868173749211228, 0.08228808679387345
8, 0.5962074870169793, 0.3533521106349795
9, 0.6934036672141275, 0.9576070123034854
10, 0.5788903733738214, 0.1853851598703855
11, 0.4028216416554382, 0.9700213030229603
12, 0.7508155301137168, 0.8273425050119251
13, 0.7959165882112981, 0.9861991768796083
14, 0.24830057530852878, 0.21067912874660488
15, 0.2902804191788956, 0.517613643337362
16, 0.30783808461365547, 0.6151840448146015
17, 0.4543190148778904, 0.3105925115536583
18, 0.6790561536323403, 0.44693861094749165
19, 0.668648803298356, 0.43473449999012814
20, 0.8972097958878177, 0.27244408618117044
21, 0.8924599739213487, 0.8990491586439942
22, 0.6520672415776726, 0.888498633167078
23, 0.3025540091467619, 0.11465020232371947
24, 0.40796522902682053, 0.11686399824031213
25, 0.715198382260688, 0.5912826918054181
26, 0.6128158662624312, 0.053822465203738346
27, 0.7357373956275881, 0.8078767175899143
28, 0.6563217566700396, 0.8441803047611428
29, 0.09300916983555796, 0.6633172420072878
30, 0.8717122882006246, 0.4831860314564699
31, 0.00859965058809542, 0.6997863064842729
32, 0.5557155026650481, 0.14436522324093093
33, 0.7554322445240956, 0.7850798172063261
34, 0.494431953920935, 0.42051442964571784
35, 0.7460755804711167, 0.8467643280871439
36, 0.47326108297729796, 0.4480590722802469
37, 0.15211103152105376, 0.13992598607111328
38, 0.37169413511308425, 0.06601904761215949
39, 0.16446370140972844, 0.6738083029188333
40, 0.5621899123513275, 0.4997365872594913
41, 0.7241565860393984, 0.7247221106566618
42, 0.7930295349505962, 0.8218380175875244
43, 0.6309609276845304, 0.14166040561398852
44, 0.4805385119652337, 0.8833340469061699
45, 0.7742036384781976, 0.3556852018595109
46, 0.4413135988271425, 0.49195125222460157
47, 0.6723361889304884, 0.8665951388378441
48, 0.6004514156444183, 0.5950058138219292
49, 0.3601843890875748, 0.08922572535057605
50, 0.7834004824584051, 0.14447794426735672
51, 0.932371126494023, 0.7462914862037524
52, 0.4655760530963273, 0.04990053702620778
53, 0.035063899680588984, 0.3648878707825658
54, 0.00015254272063169871, 0.8960143150100832
55, 0.8974043818634938, 0.8102523358849905
56, 0.11569562568028968, 0.5823183212191905
57, 0.253639775287565, 0.36171539953495035
58, 0.37647446365903525, 0.6852587601066251
59, 0.7399531198461751, 0.8370260626839302
60, 0.7024323889073906, 0.4506232549958369
61, 0.11836609112160446, 0.8217672169215433
62, 0.9691206459940885, 0.7448018194938648
63, 0.4740064159714096, 0.8400623471484443
64, 0.020468873505694485, 0.8315013459619878
65, 0.7535205860497955, 0.21030845769522755
66, 0.17334607191932527, 0.0019205403185666992
67, 0.21655161548383572, 0.38492241786866177
68, 0.19815413647581726, 0.1987817866809115
69, 0.3221980208565143, 0.6868930103510676
70, 0.5954815067091981, 0.4975876882562057
71, 0.6435341843770421, 0.493624413473451
72, 0.3042573472764579, 0.48011994275521785
73, 0.21655132398276344, 0.9890901255431114
74, 0.14710390309620403, 0.6870014793390659
75, 0.12775573703116438, 0.43428860637778466
76, 0.5011554618360664, 0.7457220952078504
77, 0.05081205690681889, 0.5457902605066066
78, 0.04586242238029892, 0.28425696747654505
79, 0.22935942288065192, 0.13345374763688989
80, 0.4357248447961761, 0.35810574484360624
81, 0.6550262189586985, 0.6534181109236007
82, 0.8761405272014768, 0.9895691942497469
83, 0.31285528151993813, 0.5100467931115532
84, 0.21470304892792036, 0.008029784717405897
85, 0.07794436173297115, 0.5889291175120003
86, 0.4950488814622319, 0.14686431224509489
87, 0.8652885867643916, 0.18062563952675503
88, 0.8591500465659598, 0.323477569230608
89, 0.25805188524871925, 0.7219337243686715
90, 0.8818269798152432, 0.07053975173010818
91, 0.8762133198681916, 0.1480647232478135
92, 0.684491590471701, 0.4019177460224701
93, 0.3040245611804343, 0.010766241535770105
94, 0.7638565957017772, 0.16327397996117154
95, 0.9251972487705179, 0.621006941061872
96, 0.11668532954275102, 0.6998441246350633
97, 0.2105361763035083, 0.08784600221755279
98, 0.16535440551998448, 0.4654664147304347
99, 0.5730044701237191, 0.45189656026832004
100, 0.4936856408395355, 0.03831681534058262
101, 0.3197060730355097, 0.672799898499536
102, 0.6022262521610288, 0.4439840431928388
103, 0.9493037032332452, 0.1173834292911311
104, 0.9655793416488809, 0.42640383321133046
105, 0.30500134921349886, 0.36523333006160463
106, 0.62803280418599, 0.6025177050783018
107, 0.16585817242013834, 0.480945749716263
108, 0.056653253213426624, 0.9860603620171292
109, 0.05919981199188484, 0.9905470214988761
110, 0.8037831737929351, 0.49046240672904484
111, 0.9636519623761545, 0.36004455158795023
112, 0.8024848861935036, 0.8405053530145201
113, 0.5598489068550877, 0.23446154249866857
114, 0.026735796975213555, 0.7377931219439443
115, 0.7501000167535913, 0.6370108067587031
116, 0.2988085846011379, 0.11959293890510225
117, 0.6741905456750631, 0.6427393470792004
118, 0.8220824598662435, 0.10606959336905719
119, 0.6175630730266299, 0.5700682842325789
120, 0.2868028251140078, 0.6322088838598637
121, 0.506392101103636, 0.19193855956495853
122, 0.2518879154692263, 0.0892328358953296
123, 0.3407104744921361, 0.8668396392557595
124, 0.3814241931481981, 0.06316489377095702
125, 0.8796100022023278, 0.004857750209261824
126, 0.3698906818075546, 0.09216746977867674
127, 0.5031352351049442, 0.877311298772188
128, 0.693926328501091, 0.43430394992467314
129, 0.5176411223408689, 0.22686446377022818
130, 0.49480085118755324, 0.2892276975598014
131, 0.2504767988192905, 0.28094993717395833
132, 0.16206603652693907, 0.8325966272440134
133, 0.2186224492808998, 0.35449018266509136
134, 0.3790708161358488, 0.41092131925429487
135, 0.9821395177823712, 0.9865925936145624
136, 0.464249817385078, 0.8256233395185578
137, 0.20910575414544907, 0.3294638658714609
138, 0.7921279253054669, 0.7102911951630467
139, 0.9114744296906053, 0.14119484791071102
140, 0.20734107016360992, 0.6400424830519005
141, 0.6612491098344956, 0.26262727104361194
142, 0.8085815755522953, 0.8212891030219377
143, 0.510845837020129, 0.6798999109552226
144, 0.7541449911663612, 0.8594636237071154
145, 0.38806300440247465, 0.3253278641048073
146, 0.15482468762919155, 0.5574641742932445
147, 0.47954455464504975, 0.6860637032295995
148, 0.9663261355353215, 0.4674304131344694
149, 0.059057457113874, 0.10937844820353981
150, 0.4602744571602464, 0.8258663389828014
151, 0.3297495025486402, 0.5243053456866843
152, 0.977844229352965, 0.718747713867501
153, 0.1726404469116114, 0.437238640159505
154, 0.9224839596038926, 0.8715161673143266
155, 0.8467821234341839, 0.7555116142617588
156, 0.08821474222096348, 0.413611883352632
157, 0.7793914383348342, 0.49414587267270393
158, 0.36516672012856244, 0.7154057079302086
159, 0.2177955685994981, 0.8669653705795893
160, 0.45126904553529, 0.18139998842406901
161, 0.7189799643401539, 0.13562155093408257
162, 0.29111271107389314, 0.8931825235873923
163, 0.9718548875607731, 0.9870940515716611
164, 0.44175649000647665, 0.7842786361184042
165, 0.7630977006612861, 0.5935778001660195
166, 0.3458737282119836, 0.44449076154115774
167, 0.04259610979639239, 0.12269742747521906
168, 0.11547078194971883, 0.6574185432363184
169, 0.15251912737015638, 0.29083024012057157
170, 0.9866600724767743, 0.4188042385344113
171, 0.7124577703094763, 0.42018769422715063
172, 0.7580211934827716, 0.6868516715420566
173, 0.7986875989866865, 0.10019105442651055
174, 0.0905190823794344, 0.6042605619571568
175, 0.22956352696750837, 0.14397689989866935
176, 0.9966043806285291, 0.06303068015824753
177, 0.4557839310178533, 0.17792826895089897
178, 0.6516875800462071, 0.01686078927531265
179, 0.07461194720407138, 0.17150946856200455
180, 0.32763296312021206, 0.5282475225431448
181, 0.9162215069285008, 0.19123388773475114
182, 0.8679678499259831, 0.8744908436590707
183, 0.2137771890994118, 0.45056971788604594
184, 0.8682593376819081, 0.49932779611967437
185, 0.28511118929541535, 0.5757569183269197
186, 0.7235257247802094, 0.0235146233746365
187, 0.2539897937074862, 0.8590295174728425
188, 0.779892349380553, 0.3494808159941415
189, 0.1346304676351291, 0.23106885106642017
190, 0.2684503629251356, 0.41663272596460277
191, 0.6589443991160896, 0.45627235681638767
192, 0.36601392137401756, 0.17879022453648397
193, 0.4802817332490745, 0.8104980351728269
194, 0.612253309712253, 0.7327191533616159
195, 0.2027680372268872, 0.4646114907883052
196, 0.7998229308843342, 0.23524318843500824
197, 0.27963159377029223, 0.8335512933448354
198, 0.7565342598450118, 0.14333866601849354
199, 0.7266924197179851, 0.36908931044657545
200, 0.5415844690713846, 0.7366493910687153
201, 0.132371532067464, 0.06506028677942166
202, 0.24705038502228882, 0.8434286898232773
203, 0.28691964668504155, 0.6588168134483962
204, 0.2878524434010278, 0.3515223762927344
205, 0.3736557676006892, 0.5607632872187719
206, 0.20638467410713868, 0.2729099976567456
207, 0.6583802425274834, 0.731485108245787
208, 0.7301281311020581, 0.6745419382766656
209, 0.35363633258248084, 0.5530407906575587
210, 0.8274173128653983, 0.17100924663530637
211, 0.43041610438292266, 0.0877410665413213
212, 0.35560086398115764, 0.977592209711616
213, 0.3281521206367618, 0.3922417646194756
214, 0.8342503399986008, 0.19085162775939124
215, 0.9909945876768698, 0.7306593289792165
216, 0.4760754022880763, 0.5240424702509371
217, 0.3629429367419692, 0.2889650992095887
218, 0.03371779654997509, 0.664431684087587
219, 0.5369374491817477, 0.8220989656147955
220, 0.9809463846829188, 0.16556784110923173
221, 0.04138260934594884, 0.1298546626254482
222, 0.9892797022181516, 0.6121315875929264
223, 0.31812955373742857, 0.16167650456913651
224, 0.8036269990069863, 0.7266890819099587
225, 0.021721808956259636, 0.40346615524405727
226, 0.9987296202687495, 0.44216933885479015
227, 0.4726522540558049, 0.8131229273252218
228, 0.05740791649865096, 0.8154091078610917
229, 0.11904629992755544, 0.9678899276168196
230, 0.49688650474762, 0.5590245683045362
231, 0.5647321909138929, 0.7217002195337736
232, 0.5366662420799455, 0.5399539058207534
233, 0.6684792749494782, 0.7914897117904006
234, 0.5766535666147311, 0.10468149608978705
235, 0.20354850432295168, 0.6261257020587572
236, 0.18906369174262483, 0.6802175963338825
237, 0.3434192058292126, 0.16743415916424154
238, 0.6140003996068567, 0.24396119597435573
239, 0.8300377370976398, 0.7203272762812383
240, 0.6583835070894235, 0.8010414651529653
241, 0.07152667083802067, 0.1182630063038621
242, 0.9912634527002999, 0.7833906301655224
243, 0.23780205523911513, 0.4526332614826146
244, 0.25486689583911526, 0.6874560230842495
245, 0.8200481986125154, 0.5336762743203441
246, 0.03902221148381968, 0.14496470850954024
247, 0.5218193924254474, 0.7327095795896045
248, 0.463860554445908, 0.5937019423542549
249, 0.8793359611538183, 0.7486267673595023
250, 0.7316497493272731, 0.4475227156327911
251, 0.8037544638500087, 0.12418030675162717
252, 0.2175404383008014, 0.5020217148176733
253, 0.967440420542784, 0.5515242121484035
254, 0.4699359206864183, 0.600886693521328
255, 0.5399267606501883, 0.8591008595149975
256, 0.23229623663209098, 0.8565265102629225
257, 0.704070501739071, 0.44083051637390014
258, 0.8697127271614622, 0.291717171767797
259, 0.2613850207046111, 0.023524673185953304
260, 0.813210992180458, 0.9078377491697532
261, 0.8409391202437744, 0.950378380896329
262, 0.5038810062293325, 0.6578138648473411
263, 0.8845126863909496, 0.09436018809278701
264, 0.6596605262182748, 0.34689782347902
265, 0.3600198440686764, 0.10753435624548069
266, 0.1689503028787499, 0.8620462522816812
267, 0.7337756984391872, 0.960691884361834
268, 0.0632650673991818, 0.11812238644814743
269, 0.8807089046824229, 0.24440071907230654
270, 0.7635929198731347, 0.1863987443544053
271, 0.8374028111883963, 0.38320414277096815
272, 0.030446206050318114, 0.24450473026154151
273, 0.8935729851504447, 0.236129483133377
274, 0.9042394853480749, 0.3856237204076821
275, 0.3691962809820183, 0.7297915402554552
276, 0.2087637831727408, 0.13269176644172964
277, 0.8491537400251227, 0.5823675670805385
278, 0.0940954647730129, 0.031591978842942514
279, 0.8920806941515693, 0.34435241912339054
280, 0.015154033821764834, 0.6582684153803425
281, 0.2227617384837507, 0.5212517908386184
282, 0.935948135594733, 0.690466204183982
283, 0.9284859800143113, 0.32099481808401364
284, 0.015543045279483136, 0.15894442760658622
285, 0.36413081590243035, 0.8437984780147351
286, 0.9187210433221121, 0.6417880095657285
287, 0.37067979068955903, 0.9912067786236647
288, 0.7905211998384156, 0.12410409350812468
289, 0.8905239391139403, 0.29686331449887526
290, 0.1612054236824888, 0.9549551686486406
291, 0.3357027230460079, 0.5866148938754678
292, 0.22476572480907353, 0.9188280185925273
293, 0.01737195106089351, 0.047727887047067985
294, 0.6310480541856639, 0.4828979480899467
295, 0.04769760234102771, 0.35560229374249797
296, 0.17124433923089766, 0.8897601473467737
297, 0.7423805221722993, 0.8867395977981949
298, 0.009740450840383663, 0.8457440231829657
299, 0.9656240434624612, 0.8861858546745088
300, 0.23285405542602622, 0.05726951088614929
301, 0.7433767766039933, 0.36719428819718336
302, 0.6770793593947635, 0.084534017146084
303, 0.9556971159465762, 0.5786069362009061
304, 0.07239091322478342, 0.06807543433031671
305, 0.6071637138679972, 0.10927442367156814
306, 0.49994515290454067, 0.6809657061477491
307, 0.9714192939237333, 0.4754255982849881
308, 0.07293231062346384, 0.25474137581968903
309, 0.8990131733727159, 0.7004264376786609
310, 0.9015991799170552, 0.024328119543044924
311, 0.7046972965498975, 0.04064316495034648
312, 0.6703294111554694, 0.5412647775731019
313, 0.300521436982637, 0.4311616400114363
314, 0.49753499192657646, 0.47149605380343373
315, 0.713311363879676, 0.42501799941522744
316, 0.6568491951806037, 0.8715959286703358
317, 0.7702407396535311, 0.4826841490663757
318, 0.4128266579782155, 0.3687066478045752
319, 0.5154508552783548, 0.8693548419334757
320, 0.4755886643210864, 0.5625823902499206
321, 0.898021391383588, 0.01884100977477321
322, 0.9857303759508751, 0.7534922721144386
323, 0.6656237796403685, 0.3822781551093237
324, 0.009199834350098635, 0.8707165247260451
325, 0.5566326479600877, 0.4537737498632307
326, 0.9153095885863023, 0.47587077864351224
327, 0.3596365612509351, 0.5954500737563587
328, 0.7467830625277985, 0.1545928604261444
329, 0.8406416482899922, 0.29622484183761966
330, 0.7975364307304748, 0.27056377137833953
331, 0.1282942741611235, 0.036000172152447885
332, 0.48519488755805584, 0.422478235709984
333, 0.6926200721137975, 0.5784707361465903
334, 0.3287319812679398, 0.7440064269228228
335, 0.01294835088890589, 0.1416172904390992
336, 0.19100048217333698, 0.6461262538828418
337, 0.8183414309486228, 0.8258330348687678
338, 0.3919132446650775, 0.36823729977560693
339, 0.2144750864818734, 0.6334992082044237
340, 0.5622320701470597, 0.9600069090019098
341, 0.9152186564484575, 0.39320369022921964
342, 0.693083267101464, 0.019133303841888494
343, 0.7117876792594755, 0.24070701199775746
344, 0.6070125853134193, 0.18664394613788327
345, 0.2811715588606938, 0.5040349689251057
346, 0.6726007579565418, 0.2793610237725387
347, 0.6806132129249763, 0.3007479925732093
348, 0.2958843574021446, 0.9080894497209205
349, 0.7509349235769636, 0.03458262286716551
350, 0.10227527213717647, 0.4878772577614301
351, 0.8579438094163188, 0.05048674070790782
352, 0.26215401312567455, 0.15539519966088355
353, 0.5923478642393128, 0.6454875935712221
354, 0.9541313442200295, 0.09822445133673985
355, 0.8140705469015651, 0.021586982125338494
356, 0.02400126441337147, 0.6827644839529008
357, 0.8855662674125194, 0.43358002505959714
358, 0.5449243866527095, 0.5253664183606841
359, 0.4614480473474807, 0.9621347636987014
360, 0.6546458466498362, 0.8138769972119697
361, 0.09289122584504106, 0.794565196677425
362, 0.38580433727190955, 0.020633583422661306
363, 0.5349957084267944, 0.44449197351097514
364, 0.889041634914838, 0.6603011067244582
365, 0.6356460040208151, 0.909362631440135
366, 0.23887364831488167, 0.2393838080886287
367, 0.12903862641847286, 0.33185427725633065
368, 0.8926292830878203, 0.5083432017679957
369, 0.5047467253517693, 0.9559263652745349
370, 0.8680049761316598, 0.7357338163981219
371, 0.8827853930790456, 0.5389445659900499
372, 0.92528673328273, 0.25697610785528213
373, 0.0661341872144372, 0.71379527514019
374, 0.6077855545818954, 0.4890016878005262
375, 0.2933623771976568, 0.3707228409844746
376, 0.8173396283878038, 0.2401113320254461
377, 0.4424643698268014, 0.3527029597761213
378, 0.34024024442734824, 0.3710320977568643
379, 0.4482998926866416, 0.19113700103803355
380, 0.285453477853296, 0.6270960475863857
381, 0.15410622118918982, 0.6211180809776369
382, 0.8913653338025171, 0.39719329527562697
383, 0.775221078390465, 0.48749276725514934
384, 0.1530773107515161, 0.2679379949502091
385, 0.13292263827863726, 0.726124725964524
386, 0.8230664379666752, 0.9267847268935371
387, 0.5328786549619225, 0.705842543248766
388, 0.453643844689403, 0.49337975099542186
389, 0.030349787940799344, 0.6273615472320109
390, 0.8837416897804844, 0.12143029197020838
391, 0.43293961437689055, 0.13516257795476672
392, 0.15550335286348216, 0.9164249326927137
393, 0.6960353028792177, 0.9564162220668148
394, 0.7870795722060394, 0.02621377190969798
395, 0.16858625948834194, 0.8687195028765193
396, 0.7825992224278104, 0.7917862159627485
397, 0.27492345478295566, 0.6388309253217516
398, 0.28671468699205827, 0.22642597606749815
399, 0.09843826381168774, 0.7978224649619685
400, 0.4338890347233876, 0.9658093065983424
401, 0.3850160625021827, 0.5257121990967669
402, 0.18321845954298588, 0.27508907751903167
403, 0.6133217121595749, 0.7769744037829223
404, 0.3813642897944809, 0.6079448803853229
405, 0.441615023431696, 0.978192003263028
406, 0.9533770074707946, 0.10774315284543967
407, 0.7957765736648231, 0.8733678988303298
408, 0.4378521203403294, 0.1700570332984639
409, 0.49078073861484484, 0.6425656713614705
410, 0.6482257987814719, 0.8991765499000558
411, 0.9865429948726865, 0.999343805663344
412, 0.036199345749661216, 0.8585616346164622
413, 0.3747868895697525, 0.8021197959400651
414, 0.42674802071723217, 0.5787066055031456
415, 0.9951703263234167, 0.020922531550226053
416, 0.26837831626145037, 0.18686737063044112
417, 0.21236164021680715, 0.05326645957136622
418, 0.6890292872443426, 0.3489317990132078
419, 0.47286530041200636, 0.5095043879917038
420, 0.06974370832469168, 0.826615552177659
421, 0.8313297147443147, 0.1426599464248458
422, 0.15917720330102902, 0.5593110955187625
423, 0.18240988831548965, 0.6131069692550092
424, 0.20211130844794734, 0.8573611901398176
425, 0.01487976422886439, 0.9232396453737709
426, 0.0004348124280912913, 0.34266318083545844
427, 0.9590704517161114, 0.008339017908250201
428, 0.9252506468410375, 0.5645665063966283
429, 0.7632019434851443, 0.24030717717447936
430, 0.3334133116373561, 0.014342672873913775
431, 0.6431464508235457, 0.6856163159630839
432, 0.49108235447413273, 0.3565718395097489
433, 0.95426831464722, 0.18618081354446647
434, 0.06002269563181872, 0.06992570723846492
435, 0.4736562163750926, 0.4194487370044139
436, 0.8703947818402276, 0.9735986831738421
437, 0.5033661163606894, 0.3444823991538716
438, 0.21565079070028093, 0.8720699800257731
439, 0.7083694020384763, 0.9357130482995769
end_nodes
0, 1
0, 2
0, 3
0, 4
0, 5
0, 6
0, 7
0, 8
0, 9
0, 10
0, 11
0, 12
0, 13
0, 14
0, 15
0, 16
0, 17
0, 18
0, 19
0, 20
1, 7
1, 10
1, 14
1, 23
1, 24
1, 26
1, 32
1, 37
1, 38
1, 43
1, 49
1, 52
1, 66
1, 68
1, 79
1, 84
1, 86
1, 90
1, 93
2, 4
2, 13
2, 21
2, 42
2, 45
2, 55
2, 82
2, 110
2, 112
2, 135
2, 138
2, 142
2, 154
2, 155
2, 157
2, 163
2, 165
2, 182
2, 224
3, 9
3, 12
3, 13
3, 27
3, 33
3, 35
3, 59
3, 115
3, 144
3, 172
3, 199
3, 250
3, 267
3, 297
3, 393
3, 439
4, 20
4, 30
4, 45
4, 51
4, 62
4, 65
4, 88
4, 90
4, 95
4, 103
4, 104
4, 110
4, 111
4, 125
4, 135
4, 139
4, 148
4, 152
5, 9
5, 11
5, 13
5, 18
5, 19
5, 22
5, 28
5, 44
5, 47
5, 48
5, 60
5, 63
5, 70
5, 71
5, 76
5, 81
5, 92
5, 106
5, 117
6, 15
6, 17
6, 29
6, 31
6, 56
6, 72
6, 77
6, 80
6, 85
6, 98
6, 107
6, 134
6, 146
6, 153
6, 166
6, 168
6, 174
6, 183
6, 190
7, 20
7, 50
7, 87
7, 90
7, 91
7, 94
7, 118
7, 161
7, 173
7, 198
7, 210
7, 214
7, 251
7, 269
7, 270
7, 273
7, 288
7, 328
8, 11
8, 16
8, 34
8, 36
8, 40
8, 46
8, 54
8, 58
8, 61
8, 69
8, 73
8, 89
8, 99
8, 101
8, 102
8, 108
8, 109
8, 123
8, 132
9, 13
9, 22
9, 25
9, 27
9, 41
9, 47
9, 59
9, 60
9, 117
9, 171
9, 207
9, 208
9, 233
9, 240
9, 257
9, 267
9, 312
10, 14
10, 121
10, 160
10, 177
10, 344
10, 379
11, 13
11, 40
11, 63
11, 70
11, 73
11, 76
11, 82
11, 99
11, 102
11, 123
11, 136
11, 143
11, 147
11, 150
11, 162
11, 164
11, 193
12, 27
12, 33
12, 41
12, 115
12, 171
12, 199
12, 208
12, 250
12, 315
13, 42
13, 82
13, 112
13, 142
13, 165
13, 260
13, 261
13, 267
13, 337
13, 340
13, 359
13, 369
13, 386
13, 396
14, 17
14, 43
14, 53
14, 57
14, 67
14, 68
14, 75
14, 77
14, 78
14, 105
14, 113
14, 121
14, 129
14, 130
14, 131
14, 133
14, 137
15, 16
15, 39
15, 54
15, 64
15, 74
15, 83
15, 96
15, 114
15, 120
15, 140
15, 151
15, 168
15, 180
15, 185
15, 209
15, 228
15, 235
15, 236
16, 34
16, 36
16, 46
16, 54
16, 120
16, 209
16, 291
16, 332
16, 361
16, 399
16, 401
16, 412
16, 420
16, 435
17, 75
17, 105
17, 130
17, 145
17, 153
17, 217
17, 238
17, 375
17, 398
18, 48
18, 60
18, 92
18, 119
18, 128
18, 200
18, 257
18, 343
18, 353
19, 71
19, 92
19, 191
19, 247
19, 264
19, 294
19, 323
19, 347
19, 374
19, 387
19, 418
20, 65
20, 88
20, 90
20, 91
20, 95
20, 196
20, 214
20, 258
20, 269
20, 270
20, 273
20, 274
20, 279
20, 282
20, 286
20, 289
20, 326
21, 82
21, 155
21, 163
21, 182
21, 239
22, 47
22, 316
22, 365
22, 410
23, 24
23, 37
23, 38
23, 49
23, 66
23, 79
23, 97
23, 116
23, 122
23, 126
23, 149
23, 167
23, 201
23, 221
23, 241
23, 246
23, 265
23, 268
23, 276
24, 126
24, 265
25, 171
25, 208
26, 52
26, 90
26, 93
26, 100
26, 125
26, 178
26, 186
26, 302
26, 311
26, 342
26, 349
26, 351
26, 355
26, 362
26, 394
26, 430
27, 35
27, 41
27, 59
27, 144
28, 47
28, 127
28, 194
28, 207
28, 219
28, 240
28, 255
28, 319
28, 360
28, 403
28, 431
29, 31
29, 72
29, 114
29, 168
29, 345
29, 381
30, 51
30, 65
30, 88
30, 184
30, 196
30, 271
30, 329
30, 330
30, 368
30, 371
30, 429
31, 53
31, 54
31, 64
31, 72
31, 77
31, 85
31, 114
31, 134
31, 166
31, 174
31, 218
31, 225
31, 246
31, 272
31, 280
31, 281
31, 284
31, 293
32, 68
32, 86
32, 179
32, 223
32, 237
32, 416
33, 115
34, 36
34, 291
35, 59
35, 144
36, 46
36, 291
37, 79
37, 86
37, 175
37, 179
37, 246
37, 276
37, 352
37, 391
38, 49
38, 66
38, 124
38, 211
38, 234
39, 64
39, 74
39, 228
39, 235
39, 298
39, 324
40, 99
40, 102
40, 143
40, 306
41, 208
42, 112
42, 396
42, 407
43, 68
43, 192
43, 408
44, 81
44, 106
44, 231
44, 312
45, 110
45, 157
45, 277
45, 301
45, 317
45, 383
47, 240
47, 316
48, 92
48, 119
48, 200
49, 126
49, 211
50, 94
50, 251
51, 368
52, 93
52, 100
53, 77
53, 78
53, 156
53, 169
53, 206
53, 246
53, 280
53, 295
53, 367
53, 384
53, 402
54, 61
54, 108
54, 109
54, 132
54, 140
54, 185
54, 205
54, 228
54, 236
54, 244
54, 284
54, 293
54, 298
54, 324
54, 335
54, 336
55, 135
55, 154
55, 163
55, 411
56, 85
56, 146
56, 174
56, 252
57, 67
57, 105
57, 131
57, 204
57, 375
58, 69
58, 73
58, 109
58, 158
58, 159
58, 187
58, 197
58, 202
58, 216
58, 229
58, 256
58, 266
58, 275
58, 290
58, 292
58, 296
58, 334
58, 363
58, 392
59, 297
59, 439
60, 106
60, 257
60, 312
60, 333
60, 353
61, 89
61, 132
61, 203
61, 244
61, 327
61, 388
62, 148
62, 152
62, 170
62, 176
62, 220
62, 222
62, 226
62, 253
62, 307
62, 415
63, 76
63, 193
64, 74
64, 96
64, 114
64, 298
64, 373
65, 188
65, 196
65, 309
65, 330
65, 364
65, 376
65, 429
66, 84
66, 93
66, 122
66, 124
66, 125
66, 149
66, 167
66, 178
66, 201
66, 234
66, 259
66, 278
66, 293
66, 300
66, 304
66, 331
66, 417
67, 75
67, 131
67, 133
67, 137
67, 375
68, 78
68, 179
68, 189
68, 192
68, 223
68, 237
68, 308
68, 416
69, 216
69, 266
69, 314
69, 363
69, 414
69, 419
70, 76
70, 136
70, 150
71, 92
72, 345
73, 82
73, 109
73, 158
73, 162
73, 212
73, 229
73, 248
73, 254
73, 275
73, 287
73, 290
73, 292
73, 320
73, 348
73, 405
73, 411
75, 77
75, 98
75, 107
75, 137
75, 153
75, 350
75, 375
76, 136
76, 193
76, 227
77, 80
77, 85
77, 107
77, 156
77, 195
77, 206
77, 243
77, 280
77, 313
77, 318
77, 338
77, 350
77, 367
77, 377
77, 389
78, 179
78, 189
78, 246
78, 308
78, 384
79, 116
79, 276
79, 391
80, 85
80, 313
80, 318
80, 377
81, 117
81, 312
82, 138
82, 163
82, 182
82, 224
82, 260
82, 261
82, 337
82, 386
82, 405
82, 411
82, 436
83, 151
83, 435
84, 93
84, 259
84, 305
85, 174
85, 218
85, 252
85, 313
85, 389
86, 175
86, 179
86, 352
87, 214
87, 269
88, 196
88, 258
88, 279
88, 286
88, 289
88, 329
88, 357
88, 368
88, 382
89, 132
89, 327
89, 388
90, 125
90, 173
90, 263
90, 273
90, 302
90, 341
90, 351
90, 390
91, 269
92, 418
93, 100
93, 178
93, 305
93, 362
93, 430
94, 251
94, 270
95, 274
95, 282
95, 286
95, 326
96, 373
96, 423
97, 149
97, 201
98, 107
98, 153
98, 183
98, 190
98, 378
99, 262
99, 306
99, 358
101, 108
101, 132
102, 141
102, 143
102, 346
103, 111
103, 125
103, 139
103, 181
103, 220
103, 283
103, 303
103, 307
103, 310
103, 321
103, 354
103, 372
103, 406
103, 415
103, 427
103, 433
104, 111
104, 148
104, 307
105, 145
105, 204
105, 217
105, 375
106, 231
106, 312
107, 183
107, 195
107, 213
107, 350
108, 109
108, 132
108, 404
109, 229
109, 266
109, 287
109, 296
109, 314
109, 392
109, 395
109, 404
109, 411
109, 424
109, 425
110, 157
110, 245
110, 277
111, 307
112, 142
112, 407
113, 129
113, 130
114, 168
114, 373
114, 423
115, 250
117, 207
117, 219
117, 233
117, 312
117, 431
118, 161
118, 198
118, 288
119, 200
120, 185
120, 361
120, 380
120, 397
121, 344
122, 201
122, 300
122, 417
123, 147
123, 162
123, 164
123, 230
123, 232
123, 254
123, 285
123, 325
123, 409
123, 413
124, 234
125, 139
125, 178
125, 186
125, 263
125, 321
125, 341
125, 342
125, 351
125, 355
125, 427
126, 265
127, 219
127, 319
128, 257
128, 343
130, 398
133, 137
133, 366
134, 166
134, 174
134, 281
134, 422
135, 152
135, 215
135, 222
135, 226
135, 242
135, 249
135, 299
135, 322
135, 370
135, 411
137, 366
138, 142
138, 224
138, 337
139, 181
139, 283
140, 236
140, 339
140, 385
141, 346
142, 337
145, 217
146, 174
147, 164
147, 232
147, 285
147, 409
148, 253
148, 307
149, 167
149, 201
149, 268
151, 180
151, 209
151, 435
152, 222
152, 299
152, 322
153, 378
154, 163
155, 163
156, 367
157, 317
157, 383
158, 275
159, 229
159, 256
159, 290
159, 438
160, 177
160, 379
161, 198
161, 328
162, 254
162, 348
163, 411
164, 285
167, 221
167, 241
167, 268
167, 293
167, 304
167, 331
167, 434
168, 381
169, 402
170, 176
170, 226
171, 208
171, 315
172, 199
172, 250
174, 218
174, 281
174, 356
174, 422
175, 352
176, 226
176, 415
178, 342
178, 362
179, 223
179, 246
179, 308
179, 352
180, 209
181, 283
181, 372
182, 239
183, 190
183, 213
184, 371
184, 429
185, 236
185, 361
185, 380
185, 397
185, 412
186, 342
187, 197
187, 290
187, 292
188, 309
189, 308
191, 247
192, 408
193, 227
194, 219
194, 403
194, 431
196, 258
196, 271
196, 329
196, 330
196, 376
197, 292
198, 288
198, 328
199, 250
201, 417
202, 256
202, 290
202, 334
202, 438
203, 327
203, 388
205, 244
206, 367
206, 402
207, 233
207, 240
207, 360
207, 431
209, 435
210, 214
210, 270
210, 421
212, 405
214, 269
214, 270
215, 226
215, 242
216, 363
216, 414
219, 255
219, 319
219, 403
219, 431
220, 307
220, 415
220, 433
221, 246
221, 293
222, 226
222, 322
223, 237
225, 272
225, 293
226, 242
226, 411
228, 235
228, 324
228, 336
229, 290
229, 392
230, 325
232, 325
232, 409
232, 413
236, 339
237, 416
241, 268
242, 411
243, 338
243, 377
246, 272
246, 293
247, 374
247, 387
248, 254
248, 320
249, 370
253, 307
254, 320
255, 319
256, 438
257, 343
260, 337
260, 386
260, 436
261, 386
262, 358
263, 341
264, 323
264, 347
264, 374
266, 314
266, 395
267, 393
270, 421
271, 330
272, 293
273, 390
274, 286
278, 293
278, 304
278, 434
279, 286
279, 289
279, 382
281, 356
281, 422
282, 326
282, 428
283, 303
283, 372
284, 293
286, 357
286, 382
287, 411
290, 292
290, 334
290, 438
293, 335
293, 426
293, 434
294, 374
294, 387
295, 384
296, 392
296, 424
297, 439
298, 324
304, 331
304, 434
307, 433
309, 364
310, 321
310, 427
311, 349
311, 355
311, 394
312, 333
317, 383
318, 377
321, 427
323, 347
325, 413
327, 388
332, 401
332, 435
335, 426
337, 436
338, 377
340, 369
349, 351
349, 355
351, 355
354, 406
354, 415
354, 427
355, 394
357, 382
359, 369
359, 400
360, 431
361, 397
361, 399
361, 412
361, 420
362, 430
363, 419
365, 410
369, 400
371, 429
373, 423
374, 387
380, 397
399, 420
401, 435
406, 415
412, 420
415, 427
432, 437
end