460
4
0, 0.06656086521766325, 0.4176213524733634
1, 0.6233062011125731, 0.25461601829389013
2, 0.9973712438644331, 0.1946253299183035
3, 0.19922136318882555, 0.974583076413203
4, 0.4321563815248032, 0.8900447383476903
5, 0.40451280725421934, 0.16700260974017378
6, 0.1732655272613135, 0.10611173110691186
7, 0.6123627694890985, 0.7349423097393263
8, 0.9287911910157772, 0.4777991044730072
9, 0.30640285239386233, 0.6629774406516036
10, 0.24339707004084887, 0.03483060594984688
11, 0.17221172595530354, 0.25074896400683433
12, 0.3808500852577147, 0.5598738704763979
13, 0.254121487938451, 0.6626577836814976
14, 0.6025209923639473, 0.48738684570807755
15, 0.21302206759591957, 0.4088563933879523
16, 0.0621669014459445, 0.2445941786182717
17, 0.5285418765779085, 0.8914509994327189
18, 0.2792825089186488, 0.1818475267911086
19, 0.3497700814861403, 0.554472308226367
20, 0.6867605457865772, 0.6021885848643128
21, 0.2763116204482331, 0.7308920527415068
22, 0.9963937194881297, 0.9613476300722926
23, 0.7118877486202255, 0.29286500218802136
24, 0.9863984016421578, 0.1469274394581831
25, 0.3811116414971124, 0.05820508327099094
26, 0.568466554861759, 0.9958734817686574
27, 0.1153446449775477, 0.8716871451543865
28, 0.49770204680237906, 0.9341060285812796
29, 0.7282572228774077, 0.3080431144309195
30, 0.2265177310540969, 0.7323607955247218
31, 0.8552774407088519, 0.16772049653895138
32, 0.5886418888430105, 0.3360642689490113
33, 0.2123265605409741, 0.15838511354360085
34, 0.24594070041971983, 0.12122233622154621
35, 0.025113294995579127, 0.3415987752081473
36, 0.7290185428965927, 0.9709668391659622
37, 0.2773550012778757, 0.326997982081468
38, 0.38032797239677363, 0.3005703863995137
39, 0.52483166444941, 0.6469633532636927
40, 0.13038731044157836, 0.5769443253463576
41, 0.3398721298522247, 0.6458470206300905
42, 0.32132699832085365, 0.45414642879154743
43, 0.028346190990385378, 0.41427006204272054
44, 0.3025523448797264, 0.4048416181014244
45, 0.9897534286016921, 0.8598650571300396
46, 0.6172531216676704, 0.9162412894051924
47, 0.9743812829147624, 0.5810653842253226
48, 0.7060716379867079, 0.5217588250730594
49, 0.8530642892058636, 0.8080173535034872
50, 0.4815353803985797, 0.5873737061756952
51, 0.20609683609099605, 0.9981089701413179
52, 0.16005825034339516, 0.1722358056441774
53, 0.7014388259863586, 0.8583158707990979
54, 0.7358069650559471, 0.6812735146275855
55, 0.8075149357381604, 0.5823143228584189
56, 0.5363508838742006, 0.24125131514978904
57, 0.20133507448496812, 0.2868444108692695
58, 0.2004764313256796, 0.9147205388425336
59, 0.08415398932599816, 0.02344661183596386
60, 0.16314043653317922, 0.8467147888605236
61, 0.47087332655985603, 0.9932193700975545
62, 0.8976640679978669, 0.4981732792348239
63, 0.9997703034008852, 0.805723594941582
64, 0.08590661328643134, 0.8258264483664929
65, 0.16450246864994167, 0.8905665770943783
66, 0.1841178304849187, 0.7660210753470209
67, 0.5589659497094859, 0.5035641297869364
68, 0.8170157154726173, 0.3420087680928653
69, 0.4325429526501282, 0.34898668153053714
70, 0.9853404369845091, 0.4773676605795787
71, 0.25079642869632157, 0.580828420980317
72, 0.6667077896177169, 0.34719220321055844
73, 0.9726109082768015, 0.21631359065046285
74, 0.22218423904452012, 0.41259624913348536
75, 0.08113588551322914, 0.0203333661889743
76, 0.660616051456457, 0.6295189815048844
77, 0.3358922894904117, 0.7342734487956646
78, 0.40664358409760315, 0.6084700998306021
79, 0.7264891662144495, 0.16528273398336002
80, 0.5740902371176291, 0.9985004157559526
81, 0.9252599013283649, 0.8226593485848432
82, 0.8263054359830807, 0.7113315603142244
83, 0.13959026457859114, 0.11094088173742045
84, 0.7284717724514215, 0.00033477795590763915
85, 0.47410313085731925, 0.07537771780374036
86, 0.526070280955303, 0.0778451461293056
87, 0.22579043588588377, 0.7837330809565928
88, 0.6560907374593817, 0.23254436382042898
89, 0.6720766477358854, 0.21379618392387145
90, 0.3210245601978391, 0.8121541535601341
91, 0.9102505594142257, 0.04973213560344547
92, 0.5350720911707805, 0.5374925989913051
93, 0.10128833251343161, 0.8273919571791797
94, 0.755169219782722, 0.22346245922746721
95, 0.9222869339473249, 0.7995197609686889
96, 0.7296952111530872, 0.8605417459011663
97, 0.741105517491251, 0.148339401673943
98, 0.6207131356170918, 0.5186917184331574
99, 0.5207619386466225, 0.915561639156434
100, 0.6743156394020913, 0.8646442280373553
101, 0.6143652540958199, 0.39808077441102874
102, 0.3721493310049343, 0.7219949343203438
103, 0.01615749712354575, 0.7239065885673107
104, 0.11094231033917057, 0.06920935886266433
105, 0.5012376842773986, 0.892314977249408
106, 0.4629912414428786, 0.3263329305092383
107, 0.09054780676142471, 0.6796245826979637
108, 0.34198684376859423, 0.08562149424517518
109, 0.8231170604824621, 0.48855206606883783
110, 0.20071982534303423, 0.536425283412307
111, 0.3604237236084995, 0.9319219770555159
112, 0.13142169087458455, 0.5233727634044995
113, 0.36918728582554805, 0.7678349209414375
114, 0.4063518045804029, 0.6487118453639963
115, 0.2559200496351681, 0.03247534997068491
116, 0.1469984501892908, 0.3285065548135646
117, 0.4227350474878273, 0.8994946572374387
118, 0.5374170928382291, 0.430883096903537
119, 0.871787575695941, 0.008483415281596351
120, 0.6810262936295167, 0.71227093833681
121, 0.10830780299948539, 0.6148039899859238
122, 0.9542731784983073, 0.09896461673915391
123, 0.8534727121652499, 0.043268830497024235
124, 0.8792515932582655, 0.8005149054931932
125, 0.2821344139708083, 0.9655528735966641
126, 0.5978687357875136, 0.24162763084522176
127, 0.13987723475510583, 0.19756356061816283
128, 0.5476787117686951, 0.8316754173267235
129, 0.7913297158982187, 0.5258850653878211
130, 0.674140331023877, 0.125058332543597
131, 0.19654813737378185, 0.16122579036052775
132, 0.7866173750401748, 0.9268211991382261
133, 0.8841440890951895, 0.08698326269311984
134, 0.10243340106307608, 0.843154349507955
135, 0.1030997363226327, 0.4085940661735441
136, 0.9712846153792651, 0.22445779500125096
137, 0.18196672529501645, 0.055325640802528775
138, 0.7633468074617097, 0.2107591563531792
139, 0.7979142936074871, 0.9977181552351516
140, 0.23821441683254674, 0.49608593538687784
141, 0.097931172370878, 0.2223306644627311
142, 0.3889173103473562, 0.41072461097052004
143, 0.24532327979088298, 0.4878889357359738
144, 0.9926396917000011, 0.8935627213066637
145, 0.29331429002438814, 0.7056939660640755
146, 0.6873163273168001, 0.07737592214174549
147, 0.7484631603416394, 0.4643042443605151
148, 0.964546544085116, 0.5447589318673343
149, 0.5822090954337806, 0.6627651307131984
150, 0.8406046964510157, 0.7799412411917993
151, 0.5136650789417091, 0.5767769712129248
152, 0.27009734752068304, 0.8871691610064161
153, 0.5378749307608416, 0.7280790312451609
154, 0.7897403515049733, 0.9295802883815146
155, 0.48125726872217967, 0.08002412280248883
156, 0.8502782538215484, 0.8006171149012443
157, 0.7980708775155172, 0.5157400338821008
158, 0.7249933378188338, 0.11899708083395366
159, 0.7434323940793247, 0.12450501280654547
160, 0.10975079378476016, 0.7164321203586286
161, 0.7194736464422399, 0.32778741643354736
162, 0.17196595533034642, 0.6853827637410423
163, 0.31521092676790763, 0.0668600427983228
164, 0.9095695444268214, 0.6252307339643933
165, 0.4043015024494325, 0.9656485271456474
166, 0.4442557243140488, 0.8571087685847649
167, 0.5327399474667648, 0.19220939584614405
168, 0.3274239539552134, 0.14539633813418018
169, 0.020331393407876708, 0.9220093933593853
170, 0.06265921242845152, 0.5253109439599822
171, 0.26493387686453007, 0.2818329011928691
172, 0.7904470561149153, 0.23768340886785433
173, 0.5406025239348012, 0.7641538476967068
174, 0.7089461338337434, 0.7586779849278183
175, 0.9654101547621702, 0.6019833622012705
176, 0.44095653610499763, 0.8794520097012887
177, 0.5110449869957587, 0.8387794155879034
178, 0.5417278865436467, 0.06639301914602358
179, 0.17827363580957944, 0.27572862565630896
180, 0.3446439922440798, 0.7636836251099164
181, 0.3205101919899046, 0.5733624583146527
182, 0.22602498119406123, 0.14064055448580104
183, 0.9352757684599611, 0.645310303149954
184, 0.44933925867328506, 0.6723429229328125
185, 0.7918058965427012, 0.10377649356846941
186, 0.00015592894678950753, 0.5967209366877811
187, 0.15315578050661527, 0.8203278596468166
188, 0.9854104985292486, 0.12576555949445278
189, 0.8899947185705848, 0.40699741454283433
190, 0.45512525616898936, 0.33671140273557054
191, 0.3292162112875223, 0.6598108686546957
192, 0.7218341453494621, 0.38676674821421364
193, 0.3905885218452392, 0.9699735929902755
194, 0.36288165189257915, 0.07898831358674085
195, 0.918664372440958, 0.7150983083480812
196, 0.9113642455129711, 0.8116006313066219
197, 0.7750793679411105, 0.9876038088929364
198, 0.5365488065834104, 0.5048490314418813
199, 0.5107716114985187, 0.05650334346545194
200, 0.6489111154119822, 0.6021548076650393
201, 0.5556460388006967, 0.3647994395394988
202, 0.5463155186937285, 0.5876145763429724
203, 0.31235502829320105, 0.4023827960824423
204, 0.45895849055046933, 0.3352170216900511
205, 0.7028381356747526, 0.1813371339443577
206, 0.7504839452026593, 0.19277414722904973
207, 0.7921464701415922, 0.059657223495038214
208, 0.13480221864554898, 0.3902203476607573
209, 0.7808469069828807, 0.7548794861499304
210, 0.6656024697405228, 0.2081616962309767
211, 0.9364826858445328, 0.8137538941414683
212, 0.509096850982814, 0.755113843311669
213, 0.35721688950758934, 0.9045611728075299
214, 0.5034957685315875, 0.994723565256152
215, 0.6628092616535503, 0.49504561329722385
216, 0.3265558713614314, 0.11365942005439611
217, 0.413932668917006, 0.21530973484632498
218, 0.16592328558901925, 0.623214564458852
219, 0.7193295890017986, 0.4383894448715586
220, 0.25006740706090835, 0.48675855675782265
221, 0.9864039261936544, 0.20827669980096397
222, 0.9895650055118196, 0.4057068297844386
223, 0.8874519357394307, 0.20840769520318425
224, 0.8062003374004432, 0.18701220826530984
225, 0.8604665546923556, 0.7590518849225286
226, 0.9101629004905523, 0.03169988831313009
227, 0.9981231713127579, 0.8475221193180029
228, 0.6197723941223906, 0.8729928658912389
229, 0.11171238013698859, 0.348107614786463
230, 0.34180647380421136, 0.9911130207572917
231, 0.23229181749139294, 0.30778990252838667
232, 0.7416962460905732, 0.40784200494397405
233, 0.6033961765933029, 0.06721735367781267
234, 0.25260870054766627, 0.6798654941882676
235, 0.029690225532002845, 0.8020834134857863
236, 0.6319546410407013, 0.7092220179741036
237, 0.3460292058852398, 0.023475022076195673
238, 0.7699067052614226, 0.6377224623639465
239, 0.4505180845617818, 0.7789370881573189
240, 0.11164186020858924, 0.9077720908166651
241, 0.1771118844976015, 0.3862049885598515
242, 0.4303408093339952, 0.3645689637595012
243, 0.7282734225049474, 0.04881028406115673
244, 0.6932115987056657, 0.7867776727978714
245, 0.484787091837783, 0.6050380292249657
246, 0.21192467166289186, 0.5069011993050547
247, 0.9226864881661313, 0.6109161607356219
248, 0.25103801846050633, 0.8408938063651201
249, 0.06557261665256331, 0.14131074851176795
250, 0.8588228931189281, 0.7701099400902242
251, 0.39449776884773236, 0.20254004304787832
252, 0.5763218714009504, 0.33730681433442633
253, 0.154808850242111, 0.8121459006570935
254, 0.020047333198558448, 0.4670563506199328
255, 0.1886860178112436, 0.8178799543570753
256, 0.8824193764225963, 0.00048323383438997336
257, 0.1177752703050089, 0.5631409737130207
258, 0.4827578214135232, 0.3161824193249281
259, 0.09567072727694748, 0.13006827876792537
260, 0.6389105905754514, 0.8711842537220323
261, 0.18678688315757552, 0.6621872575817771
262, 0.10967433001423421, 0.7281045856404713
263, 0.6864706182555916, 0.5115927970026395
264, 0.19528888452330861, 0.2733779816915749
265, 0.9899704285397203, 0.08032097853982223
266, 0.08128236967464941, 0.9072807622291109
267, 0.15452726067252576, 0.33468552036698507
268, 0.7337145392058492, 0.7599628809621234
269, 0.20702928239881646, 0.713792138694828
270, 0.42232552583811356, 0.860956758542521
271, 0.3755419961006061, 0.23255045544367947
272, 0.2842320882180924, 0.8138648229819447
273, 0.2164794771918226, 0.3546026438129225
274, 0.3963588967010313, 0.07216369439308579
275, 0.4654928115297877, 0.7148902105134255
276, 0.5897273640343693, 0.3005099894546599
277, 0.3957242313873873, 0.2541639476030776
278, 0.263342154698467, 0.7686959286256451
279, 0.19666577201512703, 0.6576824996717305
280, 0.9417112804076878, 0.9217240396833389
281, 0.925639898582265, 0.5033533727267312
282, 0.36433582251245056, 0.5934929290820918
283, 0.9099421420293508, 0.42837668697515785
284, 0.14437750349849487, 0.6515349193813877
285, 0.23769026858193298, 0.3170748653060623
286, 0.8982516318603467, 0.2577205466593665
287, 0.838175563541071, 0.45644680288003747
288, 0.866424581579567, 0.3413968190585194
289, 0.2234083551558571, 0.20392502969637705
290, 0.41730454123021876, 0.11398130896073821
291, 0.5087650791182713, 0.5607212878292788
292, 0.2943643940606758, 0.6967936776703334
293, 0.6743586950479799, 0.0410680046537415
294, 0.14102823882709348, 0.4046625842442202
295, 0.6139056292277332, 0.7257014063132321
296, 0.9603144572342581, 0.172181219549716
297, 0.9058552823639766, 0.5332812185527721
298, 0.9678965126416076, 0.6420375695140355
299, 0.14842681208914066, 0.7932929091121667
300, 0.2522083268073586, 0.0031850624580694875
301, 0.7364469102951648, 0.013910149419465001
302, 0.5000958484801767, 0.5341788776622997
303, 0.6341255941530725, 0.038793386482176895
304, 0.2744184452518823, 0.9298410944248663
305, 0.6680753559128156, 0.8701908778521082
306, 0.5326357721114064, 0.7173364468049567
307, 0.8065233913757054, 0.33830175247024385
308, 0.23691907148573477, 0.04327005590735977
309, 0.8712264949520439, 0.7833095058185148
310, 0.682974493027884, 0.9485153756308546
311, 0.2534955783927195, 0.052580981014531014
312, 0.910466080118981, 0.4070500710683904
313, 0.172708575854428, 0.46788576212002675
314, 0.7879367169848059, 0.6627634871358401
315, 0.49491877962537834, 0.6172356761810617
316, 0.9786843167470023, 0.28532398144806503
317, 0.6231397136434511, 0.5432614665873312
318, 0.16852751945816258, 0.19828780761193
319, 0.966394846119522, 0.9256013328571925
320, 0.624287044519, 0.14056738945300995
321, 0.8523091654727091, 0.09077347988491047
322, 0.750117924243407, 0.6835949114400239
323, 0.6843196682763315, 0.5129232106059853
324, 0.776917764063158, 0.6673167884165423
325, 0.34327514944325377, 0.7156144250827317
326, 0.44673242284689574, 0.2461766549970429
327, 0.8475139896470617, 0.6430943485154141
328, 0.6476175672136182, 0.11251464628495289
329, 0.05382609826043905, 0.8886688982337405
330, 0.9958348636868738, 0.39280029569273567
331, 0.28868350289322386, 0.43980109887916574
332, 0.0343830484691956, 0.4801179247736538
333, 0.22244623692072407, 0.22432384868967803
334, 0.36248806425165125, 0.7755389845982692
335, 0.35215543621723533, 0.8856629211082881
336, 0.3450151656800027, 0.48681331785830073
337, 0.32220918271825005, 0.3910643291613466
338, 0.3282037575736686, 0.8767642393766208
339, 0.7436999020560359, 0.5812069705966277
340, 0.8381788773200752, 0.985310404445844
341, 0.00365436889382309, 0.9857018587138446
342, 0.40688675856605594, 0.5940418053431097
343, 0.10180159464595107, 0.6490945397438211
344, 0.36115184118179533, 0.09365307673679846
345, 0.9429934392876639, 0.6258881467885341
346, 0.8482202749587308, 0.5825853394494835
347, 0.07456530575576459, 0.26649982907258474
348, 0.7371558900703591, 0.1745598095536457
349, 0.6224603007216508, 0.6454066551901678
350, 0.5704498952144414, 0.18760377475614676
351, 0.06924021357372989, 0.7484216182260093
352, 0.18816515900843633, 0.45994349962722736
353, 0.5247714062650738, 0.16351484490588986
354, 0.790897142250218, 0.803672514283365
355, 0.39464847263188463, 0.2197734754285099
356, 0.9064046562441423, 0.78719267545162
357, 0.2883913485529064, 0.22184731816403602
358, 0.6431490215053569, 0.1528175852115098
359, 0.42643460154754653, 0.2823246438062067
360, 0.10432573228721054, 0.7205372076880108
361, 0.18795651072336994, 0.11936086117607081
362, 0.09566811389031016, 0.05623999356907683
363, 0.8342373011058883, 0.8846393873311696
364, 0.2217479391265479, 0.002999265845976873
365, 0.8865083044851626, 0.6774850090932907
366, 0.5680638896376454, 0.8423760351044283
367, 0.8906209650117668, 0.5275450442644241
368, 0.07815050479419627, 0.41512773884083265
369, 0.5870582236923996, 0.20731907987685194
370, 0.8361740538506445, 0.4917039123710262
371, 0.7100514632403062, 0.6332094145054243
372, 0.6792446897029427, 0.6696258239349805
373, 0.3668636536568387, 0.5857884477752543
374, 0.853427316922948, 0.3447948165013395
375, 0.7828594588440908, 0.2327295566006501
376, 0.02468466137177394, 0.1857890605492627
377, 0.7080447684316807, 0.2947217516409544
378, 0.23681996423364604, 0.8571113030661457
379, 0.8450692567217525, 0.9963411796608109
380, 0.4229895642202288, 0.0004055031506429163
381, 0.39424022934149916, 0.2241991761354185
382, 0.11638994943021608, 0.9791029040401404
383, 0.4283772461861488, 0.8206742715066017
384, 0.6936738662511618, 0.956301645672668
385, 0.36797678608207607, 0.46654114453256545
386, 0.32581151735544045, 0.8770298755717869
387, 0.5532906743144312, 0.32770705625880836
388, 0.6005515114504433, 0.13737185101378402
389, 0.4448234554346785, 0.19357760502217958
390, 0.2094548485891905, 0.4235483101687342
391, 0.6024881670746861, 0.7594093682079774
392, 0.41846885181933224, 0.23766131845223404
393, 0.057410634218607925, 0.7556885242536255
394, 0.2650276201568904, 0.14305627010047084
395, 0.37112931703794994, 0.8056362130724521
396, 0.5718358111267712, 0.10411715516886477
397, 0.5295569799581611, 0.5439624841041759
398, 0.19297786989039323, 0.11141602047015142
399, 0.4270773759167006, 0.49981711668121176
400, 0.6125718940523962, 0.11509852110644869
401, 0.8786366921744828, 0.5405381620696018
402, 0.6338596566557945, 0.3855568643509867
403, 0.6128054752045164, 0.29773635212564253
404, 0.09543922169758612, 0.35082028964633083
405, 0.22031628974796091, 0.9299571961087025
406, 0.03288316088332277, 0.10723190529329474
407, 0.7481508131455479, 0.9768068508363553
408, 0.7675026661816423, 0.6058337328312644
409, 0.7948212808004492, 0.5882664513539152
410, 0.029521517467708258, 0.6643352456866182
411, 0.6393484240490025, 0.6192777565718732
412, 0.9825902665462845, 0.7983460888458861
413, 0.7556693017466795, 0.02084612600856728
414, 0.5929178949685665, 0.02323951895136711
415, 0.7778221635839373, 0.8779322692387252
416, 0.44358346795400183, 0.10401120252238749
417, 0.5481468849276692, 0.21896553149544185
418, 0.2990009415120154, 0.30440301993089747
419, 0.5850521220691344, 0.8714915292832925
420, 0.24836631182626256, 0.22456847839872507
421, 0.8262653948308949, 0.16012497247863589
422, 0.16535845818645722, 0.9131631377619854
423, 0.5240091113386297, 0.48785774852361063
424, 0.2906913678398011, 0.6969370298604778
425, 0.916296606367485, 0.49659775501994263
426, 0.22238685293790306, 0.14079817551509066
427, 0.48973855386034204, 0.22179283753053924
428, 0.001459360496485984, 0.6167680208272849
429, 0.07433071111659373, 0.24194214408688597
430, 0.312593736017019, 0.19527382937467674
431, 0.07180724205491462, 0.6572012553351068
432, 0.6374911589559775, 0.8724284013233041
433, 0.21459407579698442, 0.8299370745105974
434, 0.8217415813915775, 0.5850207147457702
435, 0.8443103514424384, 0.0518093614753925
436, 0.8087298225601208, 0.3283846024103456
437, 0.5475187991927786, 0.9858079056701659
438, 0.36444311795370155, 0.7877268778944654
439, 0.8636570655273654, 0.42195354391451856
440, 0.21662246592206236, 0.4919881144028916
441, 0.11176540371882882, 0.4598828850753821
442, 0.4133750630765416, 0.14417204088368774
443, 0.5147173502311108, 0.833483698737634
444, 0.9627984817361581, 0.05174891913216073
445, 0.11677879798337587, 0.8067962105807275
446, 0.1846491215076711, 0.46957533821962294
447, 0.8415188474471411, 0.6838485117610174
448, 0.5798668072964008, 0.5403461505723828
449, 0.16316320795467432, 0.7770788334931258
450, 0.5125028185234487, 0.24095952244901153
451, 0.09412443219755817, 0.5324650948968022
452, 0.18966971382351272, 0.000975051912636915
453, 0.06333534182170342, 0.32669881899216124
454, 0.020762799260996778, 0.5120528088650658
455, 0.5671686739873015, 0.8288412320189452
456, 0.7950087642368131, 0.11036751151620694
457, 0.8294868527896636, 0.12071383202119179
458, 0.4786190228999627, 0.1856801936690522
459, 0.5249605418085025, 0.8267263138656126
end_nodes
0, 1
0, 2
0, 3
0, 4
0, 5
0, 6
0, 7
0, 8
0, 9
0, 10
0, 11
0, 12
0, 13
0, 14
0, 15
0, 16
0, 17
0, 18
0, 19
0, 20
0, 21
1, 2
1, 5
1, 10
1, 24
1, 25
1, 31
1, 37
1, 38
1, 56
1, 79
1, 84
1, 85
1, 86
1, 88
1, 89
1, 91
1, 94
1, 97
1, 108
1, 115
2, 8
2, 15
2, 22
2, 23
2, 24
2, 29
2, 32
2, 44
2, 45
2, 47
2, 49
2, 63
2, 68
2, 69
2, 70
2, 72
2, 73
2, 74
2, 81
3, 4
3, 17
3, 21
3, 22
3, 26
3, 27
3, 28
3, 30
3, 35
3, 36
3, 40
3, 43
3, 45
3, 46
3, 51
3, 53
3, 58
3, 60
3, 61
3, 64
4, 13
4, 17
4, 21
4, 77
4, 90
4, 105
4, 111
4, 113
4, 117
4, 145
4, 152
4, 166
4, 176
4, 180
4, 213
4, 234
4, 248
4, 270
4, 272
5, 10
5, 18
5, 33
5, 34
5, 37
5, 38
5, 56
5, 57
5, 116
5, 126
5, 131
5, 168
5, 171
5, 182
5, 208
5, 216
5, 217
5, 231
5, 251
6, 10
6, 16
6, 52
6, 59
6, 75
6, 83
6, 104
6, 127
6, 137
6, 141
6, 249
6, 259
6, 300
6, 308
6, 347
6, 361
6, 362
6, 364
6, 376
6, 398
7, 8
7, 9
7, 12
7, 17
7, 19
7, 20
7, 39
7, 41
7, 45
7, 49
7, 50
7, 53
7, 54
7, 55
7, 62
7, 71
7, 76
7, 78
7, 82
7, 96
8, 14
8, 20
8, 32
8, 44
8, 48
8, 49
8, 54
8, 55
8, 62
8, 67
8, 68
8, 72
8, 73
8, 74
8, 82
8, 92
8, 98
8, 101
9, 17
9, 41
9, 71
9, 102
9, 110
9, 128
9, 153
9, 173
9, 177
9, 191
9, 212
9, 239
9, 275
9, 306
9, 441
9, 443
9, 459
10, 33
10, 34
10, 52
10, 108
10, 115
10, 126
10, 131
10, 182
10, 216
10, 300
10, 308
10, 311
10, 318
10, 361
10, 380
10, 398
10, 404
11, 18
11, 131
11, 179
11, 229
11, 264
11, 289
11, 318
11, 333
12, 19
12, 20
12, 39
12, 50
12, 76
12, 140
12, 143
12, 151
12, 200
12, 202
12, 220
12, 245
12, 291
12, 313
12, 315
12, 352
12, 411
12, 446
13, 234
14, 42
14, 67
14, 198
14, 215
14, 331
14, 336
14, 385
14, 399
14, 423
15, 69
15, 74
15, 106
15, 190
15, 204
15, 276
15, 294
15, 368
15, 390
15, 403
16, 35
16, 141
16, 347
16, 376
16, 429
16, 453
17, 53
17, 77
17, 102
17, 105
17, 111
17, 113
17, 117
17, 128
17, 166
17, 176
17, 177
17, 228
17, 260
17, 292
17, 325
17, 366
18, 57
18, 116
18, 131
18, 264
18, 289
18, 333
18, 357
18, 420
18, 430
19, 78
19, 313
19, 342
19, 373
19, 440
20, 48
20, 62
20, 76
20, 92
20, 129
20, 151
20, 157
20, 200
20, 220
20, 236
20, 291
20, 302
20, 317
20, 336
20, 339
20, 352
20, 371
21, 30
21, 40
21, 87
21, 90
21, 112
21, 162
21, 218
21, 234
21, 248
21, 257
21, 261
21, 269
21, 272
21, 278
21, 279
21, 284
21, 378
21, 405
22, 26
22, 28
22, 36
22, 45
22, 46
22, 63
22, 80
22, 125
22, 132
22, 139
22, 144
22, 154
22, 165
22, 193
22, 197
22, 227
22, 280
22, 310
22, 319
23, 32
23, 44
23, 203
23, 252
23, 377
24, 31
24, 91
24, 94
24, 122
24, 133
24, 138
24, 188
24, 223
24, 224
24, 226
24, 256
24, 265
24, 296
24, 348
24, 421
24, 444
24, 457
25, 84
25, 85
25, 86
25, 115
25, 146
25, 163
25, 167
25, 178
25, 194
25, 199
25, 233
25, 237
25, 274
25, 290
25, 293
25, 303
25, 344
25, 353
25, 380
25, 414
26, 36
26, 51
26, 61
26, 80
26, 214
26, 230
26, 407
26, 437
27, 51
27, 64
27, 103
27, 169
27, 235
27, 240
27, 266
27, 329
27, 341
27, 382
28, 46
28, 125
28, 310
28, 384
29, 32
29, 72
30, 58
30, 66
30, 87
30, 162
30, 255
30, 269
30, 433
31, 88
31, 206
31, 224
31, 348
32, 44
32, 72
32, 101
32, 118
32, 142
32, 192
32, 201
32, 203
32, 232
32, 252
32, 377
32, 402
33, 131
33, 182
33, 426
34, 168
34, 182
34, 216
34, 311
34, 394
35, 43
35, 60
35, 103
35, 121
35, 170
35, 186
35, 187
35, 253
35, 254
35, 299
35, 341
35, 343
35, 376
35, 410
35, 428
35, 453
35, 454
36, 407
36, 437
37, 38
37, 208
37, 251
37, 271
37, 273
37, 285
37, 355
37, 418
38, 56
38, 217
38, 277
38, 326
38, 355
38, 359
38, 381
38, 389
38, 392
38, 427
38, 450
39, 50
39, 245
39, 315
40, 218
40, 257
40, 261
40, 284
40, 449
41, 71
41, 114
41, 184
41, 191
42, 336
42, 385
43, 64
43, 65
43, 93
43, 107
43, 134
43, 160
43, 170
43, 187
43, 262
43, 332
43, 351
43, 360
43, 393
43, 410
43, 422
43, 431
43, 445
44, 74
44, 118
44, 142
44, 203
44, 242
44, 337
44, 387
45, 46
45, 47
45, 49
45, 70
45, 81
45, 96
45, 99
45, 100
45, 124
45, 132
45, 144
45, 148
45, 175
45, 211
45, 222
45, 244
45, 280
46, 132
46, 154
46, 363
47, 70
47, 148
48, 92
48, 157
48, 317
48, 448
49, 82
49, 124
49, 150
49, 156
49, 164
49, 174
49, 183
49, 195
49, 209
49, 225
49, 247
49, 250
49, 268
49, 281
49, 297
49, 309
49, 316
50, 76
50, 149
50, 245
50, 295
50, 349
51, 80
51, 214
51, 230
51, 341
51, 382
52, 361
52, 404
53, 96
53, 100
53, 228
53, 260
53, 366
53, 391
53, 419
53, 432
53, 455
54, 55
54, 82
54, 120
54, 238
54, 314
54, 322
54, 324
54, 327
54, 346
54, 367
54, 401
54, 425
54, 434
55, 238
55, 409
55, 434
56, 359
56, 389
56, 427
56, 450
57, 116
57, 357
57, 420
58, 162
58, 255
58, 284
58, 433
59, 75
59, 249
59, 259
59, 362
59, 376
59, 406
60, 187
60, 299
61, 230
62, 236
62, 339
62, 371
62, 372
62, 408
63, 227
64, 103
64, 134
64, 351
64, 393
64, 422
65, 422
66, 162
66, 255
67, 92
67, 98
67, 109
67, 198
67, 215
67, 302
67, 397
68, 72
68, 73
68, 161
68, 189
68, 283
68, 286
68, 288
68, 307
68, 312
68, 374
68, 436
68, 439
69, 74
70, 222
71, 110
71, 114
71, 181
71, 246
71, 282
72, 161
72, 192
72, 286
72, 439
73, 136
73, 221
73, 283
73, 288
73, 312
74, 147
74, 242
74, 337
74, 387
74, 390
75, 137
75, 364
75, 406
75, 452
76, 149
76, 200
76, 295
76, 349
76, 411
77, 113
77, 145
77, 180
77, 292
77, 334
77, 424
77, 438
78, 342
78, 373
79, 89
79, 91
79, 97
79, 119
79, 123
79, 185
79, 256
79, 321
79, 435
79, 456
80, 139
80, 197
80, 340
81, 95
81, 124
81, 148
81, 175
81, 183
81, 195
81, 196
81, 211
81, 298
81, 309
81, 316
81, 345
81, 356
82, 120
82, 150
82, 156
82, 174
82, 209
82, 225
82, 268
82, 297
82, 322
82, 324
82, 327
82, 367
82, 425
82, 447
83, 104
83, 259
83, 362
84, 97
84, 119
84, 130
84, 146
84, 158
84, 159
84, 205
84, 207
84, 210
84, 243
84, 256
84, 293
84, 301
84, 303
84, 380
84, 413
84, 414
85, 86
85, 155
85, 350
85, 353
85, 369
86, 130
86, 146
86, 155
86, 320
86, 328
86, 350
86, 358
86, 369
86, 388
86, 396
86, 400
87, 278
88, 91
88, 206
88, 348
89, 321
90, 272
91, 123
91, 133
91, 185
91, 256
91, 321
91, 348
91, 456
91, 457
92, 98
92, 263
92, 317
92, 323
92, 370
92, 397
92, 448
93, 134
93, 422
93, 431
93, 445
94, 223
95, 195
95, 356
96, 100
96, 244
97, 119
97, 158
97, 159
97, 205
97, 207
97, 243
98, 109
98, 263
98, 370
99, 100
99, 305
99, 415
100, 305
100, 415
101, 118
101, 219
101, 232
101, 287
101, 402
102, 177
103, 169
103, 235
103, 341
103, 393
103, 410
103, 454
104, 362
105, 117
106, 204
106, 276
106, 294
106, 368
107, 360
107, 422
107, 445
108, 115
110, 246
110, 441
111, 117
112, 257
112, 451
113, 166
113, 270
113, 334
113, 383
114, 184
115, 163
115, 237
115, 344
115, 380
116, 267
118, 142
118, 201
118, 219
118, 287
119, 207
119, 256
119, 413
121, 253
122, 226
122, 256
123, 185
123, 256
123, 435
124, 309
125, 165
125, 193
125, 384
126, 417
126, 442
126, 458
127, 347
128, 153
128, 173
128, 177
128, 212
128, 443
128, 459
129, 157
130, 146
130, 320
130, 328
130, 358
130, 400
131, 289
131, 318
132, 154
132, 280
132, 363
133, 457
134, 422
135, 172
135, 241
135, 258
135, 375
136, 221
137, 364
138, 224
139, 340
139, 379
140, 313
141, 347
141, 429
142, 201
143, 220
143, 352
144, 330
145, 180
145, 395
145, 424
146, 178
146, 233
146, 293
146, 328
147, 390
148, 175
149, 295
149, 349
150, 156
150, 209
151, 291
152, 213
152, 248
152, 304
152, 335
152, 338
152, 386
152, 405
153, 173
153, 275
153, 306
155, 350
158, 205
158, 243
159, 207
159, 301
160, 262
160, 422
161, 286
161, 307
161, 436
162, 255
162, 269
162, 284
163, 194
163, 344
164, 247
164, 316
164, 365
165, 193
166, 176
166, 270
166, 383
167, 274
167, 290
167, 344
168, 394
169, 235
169, 329
169, 341
170, 187
170, 343
171, 208
171, 231
172, 258
172, 375
173, 212
173, 275
174, 268
175, 298
175, 412
177, 443
178, 233
179, 229
179, 264
180, 395
180, 438
181, 246
181, 282
182, 394
182, 426
183, 195
183, 247
183, 316
183, 345
185, 456
186, 341
186, 376
186, 428
187, 299
187, 343
188, 265
188, 444
189, 283
189, 312
190, 204
190, 276
194, 344
195, 309
195, 356
196, 309
196, 356
197, 340
198, 302
198, 399
199, 233
199, 293
200, 202
200, 411
202, 411
203, 252
204, 276
205, 210
206, 348
207, 301
207, 413
208, 231
208, 273
208, 285
209, 268
211, 298
211, 412
213, 304
214, 230
216, 311
217, 277
217, 381
217, 389
218, 261
218, 279
219, 287
220, 291
220, 352
223, 296
225, 250
225, 297
225, 447
226, 256
226, 444
228, 419
229, 264
232, 402
233, 293
235, 329
236, 371
236, 372
236, 408
237, 380
238, 434
239, 443
239, 459
240, 266
240, 341
240, 382
241, 375
242, 337
242, 387
244, 354
245, 315
246, 282
246, 441
247, 316
248, 272
248, 335
248, 338
248, 386
248, 405
249, 259
249, 376
250, 297
251, 271
251, 355
251, 418
254, 341
254, 428
256, 435
256, 444
257, 449
257, 451
259, 362
260, 432
261, 279
261, 284
262, 360
262, 422
263, 323
263, 370
264, 333
265, 444
266, 341
271, 355
271, 418
274, 290
276, 403
277, 381
280, 319
281, 316
283, 312
286, 436
288, 312
288, 374
290, 344
292, 325
292, 424
293, 303
294, 368
297, 447
298, 412
300, 364
300, 380
300, 452
302, 336
302, 397
302, 399
303, 414
304, 405
305, 415
307, 436
308, 398
309, 356
310, 384
312, 374
314, 327
314, 346
314, 367
316, 345
316, 365
317, 448
320, 358
320, 396
320, 400
322, 324
323, 370
324, 327
326, 389
326, 392
326, 427
327, 367
332, 351
332, 393
335, 338
336, 385
336, 399
336, 423
338, 386
339, 371
341, 382
341, 428
341, 454
346, 367
346, 401
347, 429
348, 421
348, 457
350, 369
351, 393
352, 446
353, 416
357, 420
357, 430
358, 388
359, 450
360, 422
361, 398
364, 452
366, 419
366, 455
367, 401
367, 425
371, 372
373, 440
376, 406
378, 405
380, 452
389, 392
389, 427
391, 455
393, 410
396, 400
399, 423
417, 458
421, 457
422, 445
427, 450
431, 445
442, 458
443, 459
449, 451
end