80
4
0, 0.03223719057611629, 0.7689485821023162
1, 0.2550583295483668, 0.9642399560279756
2, 0.9277461401427018, 0.054638418410052014
3, 0.8948826541096678, 0.6003286993282851
4, 0.6346380855146437, 0.3126498384200015
5, 0.27106066246479765, 0.22842985580991082
6, 0.4236280655133796, 0.9998767078798725
7, 0.5392195114057908, 0.4632875878396745
8, 0.7667932993562862, 0.7978688199081732
9, 0.3293517237414275, 0.10725694991079571
10, 0.8780784420984442, 0.12471470249978711
11, 0.7926659626473601, 0.29507896053983207
12, 0.2085595435922707, 0.9305558785444114
13, 0.9286314280961165, 0.2671587453689057
14, 0.10582112853208148, 0.5701628643752724
15, 0.7653637481343306, 0.5430811712621719
16, 0.6713877686171464, 0.07618930054813056
17, 0.5175591079296614, 0.09277492043009672
18, 0.8184323542263745, 0.8782102527249955
19, 0.5149871626932871, 0.7832998127237943
20, 0.7346751486042401, 0.2218274317748643
21, 0.09929186969964943, 0.7947232878974486
22, 0.5849610397143091, 0.45069716983877817
23, 0.3580829430369541, 0.08679431603735765
24, 0.7506700975615017, 0.30320911433451814
25, 0.5351227671803429, 0.8307810535268314
26, 0.08816713043893087, 0.5348010658898739
27, 0.6664704507263172, 0.6626476796756466
28, 0.002237105213504842, 0.11852716281674058
29, 0.9416879633241046, 0.6004384903941248
30, 0.13184037130304616, 0.11458484979776162
31, 0.4413009457127768, 0.03447441212511593
32, 0.3978928159466283, 0.16616342060076084
33, 0.8548887253980315, 0.9844419021359183
34, 0.7989480669541223, 0.5159113871416949
35, 0.6109661352918461, 0.7692702601595783
36, 0.9951206739453992, 0.002172477183873811
37, 0.5736694557272886, 0.36614569160560284
38, 0.002380417276587332, 0.7090168956599437
39, 0.6340523833454288, 0.9732599982886524
40, 0.5200528514992271, 0.8873148040264153
41, 0.48621043616602544, 0.6130645941561977
42, 0.8145705246992176, 0.1466676546065918
43, 0.20542004290044902, 0.9173255563175413
44, 0.7219595757246985, 0.022768596436123945
45, 0.22471994515686755, 0.8049047323387964
46, 0.4629257595001287, 0.23118113465344992
47, 0.6399695613883324, 0.199063880871591
48, 0.43882805617545684, 0.9620436284375491
49, 0.2499348778832271, 0.8266619641740187
50, 0.410666123579007, 0.7479456151387879
51, 0.785075447247527, 0.10912188051679139
52, 0.06218389886431808, 0.9197330973731147
53, 0.23266324812914696, 0.4383802030873638
54, 0.8372689179834194, 0.8357130457771097
55, 0.7863320822508868, 0.9154377562775494
56, 0.25202518264413276, 0.8742311097155552
57, 0.7035600944724135, 0.4880250617250056
58, 0.8677706996876885, 0.9470652077687647
59, 0.7516528132955335, 0.4420006325569358
60, 0.31425848461924366, 0.34514419645909133
61, 0.8575448563283454, 0.1811038784838951
62, 0.5159032331289122, 0.9360057859267745
63, 0.45568176570348007, 0.31111486287583956
64, 0.9340690267746607, 0.9061286607477352
65, 0.208704348553841, 0.7938886633603089
66, 0.20242310310493195, 0.35263551633868506
67, 0.11438270163889686, 0.056784803476925605
68, 0.7948950038453828, 0.75418463892194
69, 0.8722646593218654, 0.1272576151366832
70, 0.9253582537189333, 0.10266133482080053
71, 0.6662612894267784, 0.5378504276518683
72, 0.9988618332644276, 0.7759464780856027
73, 0.9834943696158714, 0.5781333729234738
74, 0.6410245655588324, 0.038555037743798426
75, 0.9212957563869419, 0.42366699920548967
76, 0.11331594814741675, 0.3200009508134435
77, 0.9606484728969494, 0.5092894596824556
78, 0.9925604941202667, 0.6538926477230003
79, 0.9765037638853307, 0.060131766385366436
end_nodes
0, 1
0, 2
0, 3
0, 4
0, 5
0, 6
0, 7
0, 8
1, 6
1, 12
1, 43
1, 52
2, 3
2, 4
2, 5
2, 7
2, 9
2, 10
2, 11
3, 7
3, 8
3, 11
3, 13
3, 15
3, 18
4, 7
4, 20
4, 37
4, 42
5, 9
5, 14
5, 17
5, 26
5, 28
5, 30
6, 8
6, 18
6, 21
6, 25
6, 33
6, 39
7, 10
7, 11
7, 15
7, 22
8, 18
8, 19
8, 21
8, 25
8, 27
9, 16
9, 17
9, 23
9, 28
9, 30
9, 31
10, 11
10, 24
10, 69
11, 15
11, 22
11, 24
11, 34
12, 52
13, 29
13, 36
13, 58
13, 64
13, 70
13, 72
13, 73
14, 26
14, 38
14, 66
15, 22
15, 34
15, 57
15, 59
16, 31
16, 36
16, 44
16, 74
17, 32
18, 33
18, 39
18, 54
18, 55
18, 58
19, 27
19, 35
19, 50
20, 42
21, 25
21, 45
21, 48
21, 49
21, 56
21, 65
22, 57
22, 59
23, 28
23, 31
23, 67
25, 40
25, 45
25, 48
25, 49
25, 62
26, 28
26, 38
26, 66
26, 76
27, 35
27, 50
27, 68
28, 30
28, 38
28, 67
28, 76
29, 64
29, 72
29, 77
31, 36
31, 44
31, 67
31, 74
33, 39
33, 55
33, 58
33, 64
36, 44
36, 70
36, 72
36, 73
36, 78
38, 52
39, 55
40, 62
41, 71
44, 74
46, 47
46, 51
46, 53
46, 60
46, 63
47, 51
47, 63
48, 49
48, 56
53, 60
53, 63
54, 58
57, 59
58, 64
58, 75
64, 72
64, 75
70, 79
72, 73
72, 77
72, 78
73, 78
end