80
4
0, 0.3412602495078636, 0.060623004704780215
1, 0.5225932655934039, 0.04397914616983856
2, 0.698213074305337, 0.09972885970329526
3, 0.6481351559824099, 0.6122975341314094
4, 0.40048534974169037, 0.31427480104203964
5, 0.9999758225145206, 0.5211538649951842
6, 0.659067022269486, 0.41479422835564983
7, 0.18786282371619267, 0.013867733146413985
8, 0.04217046125779389, 0.16513467510752344
9, 0.6367092568017955, 0.4411408334286808
10, 0.9260075600199913, 0.00105366641700666
11, 0.7143687898739393, 0.9490904124642906
12, 0.6696178872703479, 0.6561760844786854
13, 0.5108177379231922, 0.6923786219653896
14, 0.5917596910115103, 0.4842473606863621
15, 0.45535216830490277, 0.7430740278787537
16, 0.01046825605062185, 0.7037153353448209
17, 0.6103684843899669, 0.2844691828353396
18, 0.5887276415334214, 0.14039290678643013
19, 0.1370048300357133, 0.39323438340354955
20, 0.17211573576868278, 0.18973253462272222
21, 0.5077629089621315, 0.596039270914334
22, 0.20362772312924393, 0.6339938273611109
23, 0.8899083270452577, 0.7835511354597345
24, 0.6765665719230486, 0.703587605269171
25, 0.25954669325613233, 0.5943371969739862
26, 0.7420737241720601, 0.26997859974556493
27, 0.6904084700556148, 0.6234674310350602
28, 0.06709066877462999, 0.7200887330647505
29, 0.04344716972139118, 0.044127395096620226
30, 0.4207727318308403, 0.5279964021286576
31, 0.13295271447875012, 0.12802103892115868
32, 0.7843589638187035, 0.0838873066222382
33, 0.9709527628342213, 0.2742142684581943
34, 0.5899388445731646, 0.8200728031688609
35, 0.984055779380176, 0.5992503799758792
36, 0.11146549254437632, 0.6859309259444311
37, 0.9139203982847806, 0.17119408690722016
38, 0.8180440227932263, 0.8554594761344295
39, 0.05056900387140051, 0.2034128210289402
40, 0.49964459707392495, 0.5783813829686746
41, 0.10595437132101981, 0.13937770845644604
42, 0.5234866893371458, 0.933320161383191
43, 0.6931501258604513, 0.5679666923988372
44, 0.7516272901059072, 0.27497327722295917
45, 0.6463503495477142, 0.10165502503534407
46, 0.9994055622225398, 0.36499505837011625
47, 0.533832333497145, 0.7002920094358653
48, 0.6307796155685406, 0.04039251929492782
49, 0.13705861955403142, 0.1815317651343018
50, 0.3489094865815886, 0.030125328919597072
51, 0.7813961282259063, 0.7478042231994734
52, 0.6773289476366681, 0.5587380310331003
53, 0.4273643033102035, 0.6017008552306369
54, 0.29886094604392277, 0.0966211819891698
55, 0.2858134047396955, 0.49585881762221173
56, 0.6845153466368604, 0.5453859351652114
57, 0.1644373620331432, 0.7420394297220269
58, 0.11732897066824466, 0.12300118903766832
59, 0.7101572605111707, 0.6007111682478187
60, 0.9238964232905907, 0.27725115398418987
61, 0.17418949961519814, 0.9422087866703436
62, 0.5211581893616916, 0.9194752574115864
63, 0.41218664359704116, 0.4486894052681569
64, 0.28772046849386657, 0.5157275599740515
65, 0.12766553081360443, 0.20548621089459462
66, 0.6086344366088097, 0.1524465400613586
67, 0.2690501253445601, 0.8965291985981004
68, 0.6400271292408288, 0.6033340777921785
69, 0.2222075354423252, 0.8319957273050714
70, 0.8425248829539193, 0.315761585507481
71, 0.9556786505141791, 0.07103889039062983
72, 0.04750598965197084, 0.3757401783762453
73, 0.6477506320403682, 0.18434691618679722
74, 0.766772955981834, 0.47666399800806547
75, 0.27659740223871654, 0.4265206476571556
76, 0.5346326619392847, 0.7346126362775168
77, 0.9726410908744628, 0.4479326914970625
78, 0.5242860926613334, 0.3156281720560412
79, 0.7608788136195282, 0.8134830462136419
end_nodes
0, 1
0, 2
0, 3
0, 4
0, 5
0, 6
0, 7
0, 8
1, 2
1, 7
1, 10
1, 32
1, 48
1, 50
1, 71
2, 5
2, 18
2, 26
2, 32
2, 33
2, 37
3, 4
3, 5
3, 6
3, 8
3, 9
3, 11
3, 12
4, 8
4, 20
4, 49
4, 54
4, 65
4, 68
5, 6
5, 11
5, 12
5, 17
5, 18
6, 9
6, 14
6, 17
6, 43
6, 52
7, 8
7, 10
7, 29
7, 31
7, 41
7, 50
8, 11
8, 13
8, 15
8, 16
9, 14
10, 48
10, 71
11, 12
11, 13
11, 15
11, 16
11, 21
12, 24
12, 27
12, 51
12, 59
12, 79
13, 21
13, 30
13, 40
13, 47
13, 53
13, 63
14, 78
15, 16
15, 19
15, 22
15, 25
15, 28
15, 34
16, 19
16, 22
16, 25
16, 28
16, 29
18, 26
18, 45
18, 66
18, 73
19, 25
19, 39
19, 64
19, 72
20, 49
20, 54
21, 40
21, 47
22, 25
22, 36
23, 35
23, 38
26, 44
26, 70
26, 73
27, 59
28, 57
30, 63
30, 75
31, 41
31, 58
32, 37
32, 71
33, 37
33, 46
33, 60
33, 71
33, 77
34, 55
35, 38
37, 71
39, 64
39, 72
40, 63
41, 58
42, 61
42, 62
42, 67
42, 69
43, 52
43, 56
43, 74
44, 70
46, 71
46, 77
48, 71
49, 54
51, 79
52, 56
53, 76
60, 77
61, 67
61, 69
62, 69
63, 75
65, 68
66, 73
67, 69
end