380
4
0, 0.7928604992440975, 0.9970915791835665
1, 0.8802748796229638, 0.5760047822891098
2, 0.7307598245394005, 0.9184692604962289
3, 0.24180419679778942, 0.16539010019295297
4, 0.7379022993352838, 0.2518933933808667
5, 0.05931631596086828, 0.7741792858399523
6, 0.21000879989581311, 0.9020696562476649
7, 0.666804911721976, 0.6303043871723248
8, 0.19806481174578494, 0.08618364102999809
9, 0.5191729393230254, 0.18588985452584716
10, 0.886189189690446, 0.8579699370236531
11, 0.36472327849519803, 0.03545480776956922
12, 0.6312145631535058, 0.15524037221269982
13, 0.44370398336801775, 0.9414273145881474
14, 0.6391124572085751, 0.1643241243174125
15, 0.8910474884507685, 0.6837019588651523
16, 0.2480965221205238, 0.9528205670509057
17, 0.6211006118701693, 0.3731512614501572
18, 0.8821903531354683, 0.7421026545590585
19, 0.6722299133573096, 0.5866060237297134
20, 0.019065586445855986, 0.6033081646976907
21, 0.17251315595518246, 0.6919833913816353
22, 0.5353556913597599, 0.5045812163256009
23, 0.2228891898231783, 0.7989258958589698
24, 0.8280744554308727, 0.5880733124280287
25, 0.3486782776283839, 0.3755284708790194
26, 0.1078283836474343, 0.13984685348417403
27, 0.08164873477049384, 0.6698919547152999
28, 0.48353434145817686, 0.6669290688550025
29, 0.73036484902559, 0.3042016003129663
30, 0.8355550225050462, 0.6854722857238451
31, 0.4035099695530324, 0.45745699297708986
32, 0.8405815926549333, 0.9772723826073896
33, 0.35886825659254873, 0.6767202758004162
34, 0.5902978504551165, 0.6700363569436947
35, 0.6420828619826467, 0.5333595055699245
36, 0.1617067085578242, 0.9883708389955056
37, 0.15784962429758143, 0.7542105179468963
38, 0.5724129109509912, 0.7855181353156006
39, 0.9556522227784261, 0.5617247629642729
40, 0.19275419464821497, 0.14944183159188995
41, 0.4996613749368549, 0.5259582818664407
42, 0.6045390365726558, 0.6287505618355925
43, 0.9508353989332223, 0.40052514061092936
44, 0.13779042676228892, 0.06025817300139091
45, 0.9854481740273119, 0.047921900484722
46, 0.6305879345940272, 0.3701483697562622
47, 0.8454994431428411, 0.788663057444668
48, 0.34682285209732366, 0.2975128824589759
49, 0.578657376230677, 0.2847608581246275
50, 0.7093189592133815, 0.0744150561009348
51, 0.9765533105206645, 0.21239338943051034
52, 0.19189470058865765, 0.8615257884308396
53, 0.6997635274373699, 0.4922143897833293
54, 0.08322855482530456, 0.19587235555273075
55, 0.3534213862692476, 0.491500355087345
56, 0.1741823676727542, 0.8206433744762742
57, 0.4048984882065043, 0.8296887653764261
58, 0.13323404211870027, 0.7277870583985286
59, 0.9844504047854193, 0.8711081447433942
60, 0.6682067787084597, 0.7858988065433942
61, 0.5257331363680009, 0.3134304166564167
62, 0.8956753078818301, 0.36821267109639155
63, 0.31033916049899113, 0.6196891234114662
64, 0.9754790290789644, 0.4851998963432138
65, 0.7037060826719235, 0.19667038819712612
66, 0.7795673766318562, 0.17897249502233514
67, 0.5989856407389664, 0.3892901502857652
68, 0.4320706332562253, 0.8137140470496522
69, 0.8251526832302865, 0.2644315541463831
70, 0.9450529629342365, 0.8885095060570777
71, 0.6706511129972883, 0.3947222234322011
72, 0.9366785559357462, 0.9472157040078946
73, 0.5158178024849702, 0.08565374892412514
74, 0.8772240539998214, 0.1469380220402252
75, 0.24183734895439235, 0.434321079213991
76, 0.9684215853424684, 0.0224228386564308
77, 0.6165709166798132, 0.9977281862547935
78, 0.15539954025586877, 0.9821388229441198
79, 0.11371516722361463, 0.06078779632549547
80, 0.17213575199260256, 0.8032320699468114
81, 0.4885047519839385, 0.19940983956738778
82, 0.4317216480680959, 0.0383549092784623
83, 0.4789051138765522, 0.6816881519350428
84, 0.1393510095388546, 0.05083986477768121
85, 0.4728503490795751, 0.8646800467704329
86, 0.8770121109095353, 0.8640358101151636
87, 0.10862731558289107, 0.7431853673498636
88, 0.5440606071949126, 0.2330138247282496
89, 0.7685222939282715, 0.8507725538127259
90, 0.7457107150519354, 0.714912476064681
91, 0.7856715135448058, 0.40175414273405186
92, 0.3452468708202855, 0.6589392371900102
93, 0.6625059626456925, 0.8242251454139293
94, 0.340270214083748, 0.9132740966911447
95, 0.2549938513564052, 0.31639556022533755
96, 0.6462008020203845, 0.48434713654832684
97, 0.5179564284784891, 0.4144061432443553
98, 0.6254554929900034, 0.442405214277209
99, 0.8616161069820368, 0.9755592433408709
100, 0.7083916799994522, 0.950173393917752
101, 0.017660410486513456, 0.6678806018674746
102, 0.40437083746273306, 0.27055013024624874
103, 0.5889383220193286, 0.4742965758523473
104, 0.25178789893749287, 0.831015807643973
105, 0.4553122815012177, 0.7674844653991308
106, 0.4442870056581528, 0.4403766306514032
107, 0.7605781546794419, 0.03148332723496894
108, 0.2033938751661457, 0.2332691333763529
109, 0.06463018759903061, 0.8848710124716864
110, 0.36229514101415117, 0.47297621838130444
111, 0.6733460259266589, 0.8464690523962721
112, 0.9873450891841452, 0.05659479350509611
113, 0.9843971791749099, 0.8950060976497557
114, 0.5960339866047292, 0.7341641370646428
115, 0.4412361655047635, 0.6175046865250264
116, 0.9451349303795944, 0.8705859699658461
117, 0.4740400384954123, 0.47725958989697703
118, 0.7076050718701528, 0.491612355114761
119, 0.6190143403858356, 0.7643784474707862
120, 0.9745059994909644, 0.9768442695282613
121, 0.12398087095435484, 0.9031877471596685
122, 0.400650600078691, 0.9219158287166099
123, 0.3466221301473206, 0.1061124539582351
124, 0.3863716740378377, 0.3741558873403311
125, 0.9112187017282402, 0.6951556281745611
126, 0.33644699977143777, 0.958749284898972
127, 0.5683105372147146, 0.8442608122390366
128, 0.17399389733832782, 0.9152485851614738
129, 0.3718846263364308, 0.6934894202174922
130, 0.7772045689763238, 0.05141091880590232
131, 0.12560617006593455, 0.8328553215325045
132, 0.1880820657448109, 0.27963908001528537
133, 0.6421733388822434, 0.2864088224082839
134, 0.2967623181335043, 0.5125299370438595
135, 0.9669915139785867, 0.2548040781240516
136, 0.22493305362809946, 0.2061186014223232
137, 0.9444557256613199, 0.3829327381334443
138, 0.11393518208403375, 0.018535321084365175
139, 0.33425756176250054, 0.8716464298053311
140, 0.20820875590221977, 0.7833828707192754
141, 0.23461090720471134, 0.4419759035168441
142, 0.6158530317732259, 0.11613584155292433
143, 0.18660607918455796, 0.7756651600866143
144, 0.26536258631069864, 0.12513707057723233
145, 0.9776787304291688, 0.029026544255773
146, 0.45880490624582504, 0.18263683477441606
147, 0.2536112716828983, 0.6072492688835689
148, 0.7597198919812437, 0.7784168634004723
149, 0.1374563019945637, 0.4413872239921608
150, 0.772335532988286, 0.3592434787376815
151, 0.7092866249973805, 0.5227754328755352
152, 0.909333867691953, 0.31668558317854456
153, 0.1456282984002304, 0.8292871375626335
154, 0.5480575831460619, 0.3982664619484685
155, 0.6100249107801461, 0.3937454919669028
156, 0.744449228857136, 0.42573783631729034
157, 0.696184895343677, 0.30716241609437334
158, 0.11171137708052281, 0.18010505300655288
159, 0.29176087297845166, 0.01795029683631988
160, 0.6728048898851023, 0.4620467199758671
161, 0.751840443094439, 0.6833347139692763
162, 0.28843287531933626, 0.6585667074879344
163, 0.33794612544787894, 0.2669190918241038
164, 0.49873725167872296, 0.002408613340042054
165, 0.5453292657481243, 0.42699516062660603
166, 0.9123224998897834, 0.7556558145492926
167, 0.8775178908504088, 0.8698986728166368
168, 0.3932246196240806, 0.19651842861123858
169, 0.6552913840124437, 0.5244483695704821
170, 0.1748193837313654, 0.03247077621689265
171, 0.5410044532996352, 0.6539530558500352
172, 0.0409327720649334, 0.4477629787593812
173, 0.9047921024982792, 0.9833457595068221
174, 0.9105201895190751, 0.8622019110454583
175, 0.8684220582925143, 0.8894271150371745
176, 0.7315851528170275, 0.273887439196148
177, 0.9225167712802872, 0.4484671157915342
178, 0.041069272409382074, 0.6952115493064271
179, 0.723775496976034, 0.9486991555998365
180, 0.5433831443158692, 0.9915428359915882
181, 0.2576672683035428, 0.3535578433445371
182, 0.051752396389921795, 0.607519887385525
183, 0.6780809937980139, 0.546093532963745
184, 0.6677067383981109, 0.9631158585392116
185, 0.7369902657157743, 0.35885561632226215
186, 0.3775221569066751, 0.1788596322692052
187, 0.08807706182883002, 0.4292932118535444
188, 0.2579621856090104, 0.5830690845640983
189, 0.7139967720694513, 0.4909610291533403
190, 0.32072055613934314, 0.6699112412099927
191, 0.184565365672548, 0.0018164475420698878
192, 0.970906167597731, 0.843094867184304
193, 0.00015543341158674728, 0.727026756446039
194, 0.6650537595241579, 0.3216766030445597
195, 0.6652743656605034, 0.5591837866683381
196, 0.3501657394441742, 0.07402455555911125
197, 0.831019840736952, 0.359105391296488
198, 0.4816087322577669, 0.5082076759391153
199, 0.20849097637471226, 0.0905975327393771
200, 0.634849927171891, 0.7577301147889938
201, 0.8290270796289825, 0.20908016935906104
202, 0.7519556961322791, 0.030859186695533114
203, 0.7938519472900567, 0.5510224412550465
204, 0.6302691472059779, 0.6551670374887774
205, 0.22197991997785738, 0.7532330205944595
206, 0.9305322869037362, 0.2047019747098845
207, 0.7532960643095397, 0.5141295883060812
208, 0.12028518233049845, 0.7652870279607036
209, 0.48321881093143604, 0.1510513749571052
210, 0.4359538186437767, 0.9077046015830331
211, 0.6004752651646793, 0.9873168914702721
212, 0.4498199688047405, 0.7127884032670043
213, 0.31462169935409734, 0.6971722185171431
214, 0.9968369350991931, 0.25436925299303936
215, 0.49069645169639775, 0.5226240558767241
216, 0.5825837099240668, 0.5575417058287979
217, 0.11715136652055969, 0.16071590292968574
218, 0.041298770572130494, 0.4945943599747479
219, 0.8470236898816339, 0.7118416575288955
220, 0.21636830805253893, 0.8855298445637847
221, 0.7743555359445407, 0.34134524043519077
222, 0.9643743090318315, 0.48546209651627015
223, 0.17527004661928003, 0.4824437583891331
224, 0.44907674655776963, 0.4189218939123922
225, 0.4900186791591361, 0.5484894558673844
226, 0.06682496601487753, 0.5495067152115589
227, 0.7720406998463304, 0.8377843674796981
228, 0.15446631926179122, 0.17690605676016458
229, 0.07111057794305808, 0.13889757842933514
230, 0.9258094071408134, 0.8856294441631597
231, 0.6071995157191264, 0.018791776878588018
232, 0.27055586076005744, 0.7615207633748285
233, 0.8655044991192827, 0.2533319259855288
234, 0.46789439440289626, 0.2574055006154423
235, 0.24168222285133, 0.9050578467631963
236, 0.5387187118283924, 0.7965634551090259
237, 0.19061166992216394, 0.7584462499513369
238, 0.2762591774145179, 0.7721050701155315
239, 0.4644130591377784, 0.23628110517833467
240, 0.6500667249116807, 0.01755071902328742
241, 0.5072360571697068, 0.8005151179883201
242, 0.32638491597225106, 0.5281046459344558
243, 0.40275621834301345, 0.9071585919634927
244, 0.37520792842949025, 0.34454367330994207
245, 0.16618357232936698, 0.006298111141884832
246, 0.4228166903103774, 0.6805430951964954
247, 0.5254567092183065, 0.22323315572541458
248, 0.79013971863669, 0.6548074038898684
249, 0.7923128075705833, 0.46978448957811814
250, 0.4184282919529365, 0.27702576221153297
251, 0.6174889816204341, 0.5616564163643193
252, 0.005678619193794421, 0.8184628973073919
253, 0.6737621400580662, 0.5257141786186204
254, 0.30846940630698394, 0.6862864596624697
255, 0.6064139517404834, 0.5562168868690858
256, 0.12253467328912926, 0.47600906745975247
257, 0.0865959948919085, 0.7449079112857239
258, 0.4622682705997986, 0.9688477201462415
259, 0.9389479075101097, 0.2324094309339133
260, 0.2522995350500058, 0.48834649771783833
261, 0.9311763924215857, 0.9314604289093654
262, 0.4269370806897753, 0.13416241379132454
263, 0.08372949101671456, 0.8874504426673505
264, 0.40901276523768293, 0.8705166893958125
265, 0.7778493188586065, 0.6672371467797621
266, 0.1300296115532743, 0.4941192617949005
267, 0.4835060482086503, 0.17327240799465327
268, 0.6477080798032027, 0.1852308846252555
269, 0.40312477349922127, 0.15888654417541825
270, 0.21298087327759896, 0.5848554561789566
271, 0.5260793264012424, 0.2498495813277648
272, 0.8230349650052127, 0.867671949953271
273, 0.4228090759107318, 0.19146483784598656
274, 0.7376339373623699, 0.9952271267956565
275, 0.5534213544711424, 0.04413808911684236
276, 0.5752408939914605, 0.8394222443444518
277, 0.371859639540426, 0.8509198348981138
278, 0.1019068330545313, 0.4279494147171842
279, 0.938472202688154, 0.33305956555950833
280, 0.8784110847887586, 0.28271722402411237
281, 0.8693830830076889, 0.5576807259638678
282, 0.7973483280248145, 0.4464110429467876
283, 0.42572636491181237, 0.21411352210620482
284, 0.38634269488105777, 0.8619761034982104
285, 0.23875911865905053, 0.5759086356741192
286, 0.5146314643353628, 0.552357099582156
287, 0.8449921470387782, 0.32630116233452167
288, 0.21700310413602075, 0.9237618440839507
289, 0.3398264446334349, 0.0518638027728775
290, 0.3096869063868569, 0.4580929979830869
291, 0.8020433308485437, 0.8848730350592506
292, 0.8092448725387116, 0.7339793869841769
293, 0.8491973197352407, 0.9476339563397432
294, 0.903212313032547, 0.6483235698706112
295, 0.2596677347190871, 0.334355507470688
296, 0.6101727600378735, 0.5790884251708017
297, 0.03925990697277726, 0.38452492859465426
298, 0.8255489324566953, 0.515597952698721
299, 0.9327678421930158, 0.45122799312205175
300, 0.5957783876919671, 0.5239843110042921
301, 0.6814506001778124, 0.3324617706871388
302, 0.5470977270595703, 0.4035067729104588
303, 0.23247521423238016, 0.8215453588674203
304, 0.3168997833792129, 0.8592940778976874
305, 0.840286139602547, 0.11590843940011408
306, 0.7174634480352559, 0.593095269906322
307, 0.7133513055566941, 0.29599117588200563
308, 0.23418433738728894, 0.9325777098100829
309, 0.9664977834960631, 0.4203760467844294
310, 0.42900244761485273, 0.21519470302651034
311, 0.08406836571442622, 0.1603928266044794
312, 0.017235308513334546, 0.1910633790730717
313, 0.9845098061904206, 0.04937638324535243
314, 0.8214132126613396, 0.4128459707447977
315, 0.19653429656626387, 0.8633519203141548
316, 0.8760734043815694, 0.736250588922034
317, 0.9704239608288944, 0.426607806555785
318, 0.6683089667273524, 0.8497992912600154
319, 0.14703631628175018, 0.739449612423788
320, 0.19992929294411388, 0.06588922302348643
321, 0.27365601371301407, 0.14700051310981999
322, 0.7923528044886542, 0.1575398148424504
323, 0.49892643549086946, 0.7514573114618299
324, 0.9308300971478045, 0.7576922810191862
325, 0.4419995843650735, 0.577895604490098
326, 0.8888364035250859, 0.4417411946042923
327, 0.41498323012121685, 0.05772490990464407
328, 0.9287062219707903, 0.8233866401830041
329, 0.49245688721590253, 0.5707081627382051
330, 0.7639856892615785, 0.10697062824870329
331, 0.09436817919180496, 0.7149771761240089
332, 0.8126417540638283, 0.09107684588800191
333, 0.34745464722737374, 0.9300273512407012
334, 0.8846904877631696, 0.7972217907835486
335, 0.7337001313377648, 0.015688038497058576
336, 0.553870003476297, 0.0845874374708635
337, 0.4655014543812491, 0.01987187459464801
338, 0.9796797427746913, 0.5221878764099596
339, 0.10250037168438819, 0.9164376493236029
340, 0.47395291732993927, 0.31288222359164886
341, 0.7892430509178363, 0.750188421363305
342, 0.6131791762271689, 0.13349340257971065
343, 0.5464335555270792, 0.4180484315967383
344, 0.7412109126403871, 0.4309828385028297
345, 0.05042220199705383, 0.5138271143558195
346, 0.5934209188981386, 0.20294924675138926
347, 0.6851269097707154, 0.49666020354241813
348, 0.4328136687320474, 0.12262896974718696
349, 0.4460528509944245, 0.20700343860486947
350, 0.12118301364433681, 0.7527219292561408
351, 0.6559792196700045, 0.1751402730361019
352, 0.7927029638929428, 0.29308184237803103
353, 0.8381287171520305, 0.5319993178277661
354, 0.14264021325658838, 0.8771711585951099
355, 0.37507710141142037, 0.6157510322841371
356, 0.7084587849078294, 0.07045758210028974
357, 0.13783446901322105, 0.6129584932830509
358, 0.7314169796452304, 0.5700839019534683
359, 0.7723963484752009, 0.14215019629357817
360, 0.007000912623523536, 0.5005785231317109
361, 0.40969592601949134, 0.622465709819331
362, 0.5556308348349971, 0.1564465729097183
363, 0.6248919403315879, 0.45839772795611744
364, 0.01670954742523245, 0.09262253447552782
365, 0.9090591049009414, 0.660175924142678
366, 0.5323822224859746, 0.1412720154538577
367, 0.10244240752162015, 0.967245190974284
368, 0.4198987273009699, 0.8677251680479617
369, 0.0012591640310659624, 0.161808497021537
370, 0.6370050661534326, 0.8473608930466155
371, 0.3440644161613161, 0.9309602491099039
372, 0.9863358388187413, 0.9815819757538649
373, 0.8770581298388143, 0.45966043995437644
374, 0.010178481321942878, 0.4991065799802511
375, 0.04575261065397318, 0.6678872831973729
376, 0.37136725134438986, 0.7679281727614751
377, 0.8535628045105241, 0.8659866237143958
378, 0.8791602968363906, 0.10344082187584902
379, 0.5876754331877106, 0.8105887359467652
end_nodes
0, 1
0, 2
0, 3
0, 4
0, 5
0, 6
0, 7
0, 8
0, 9
0, 10
0, 11
0, 12
0, 13
0, 14
0, 15
0, 16
0, 17
0, 18
0, 19
1, 4
1, 15
1, 24
1, 30
1, 39
1, 43
1, 45
1, 47
1, 50
1, 51
1, 59
1, 62
1, 64
1, 66
1, 69
1, 70
1, 72
1, 74
2, 3
2, 5
2, 20
2, 21
2, 23
2, 25
2, 26
2, 27
2, 28
2, 31
2, 33
2, 37
2, 38
2, 40
2, 44
2, 54
2, 55
2, 57
3, 8
3, 44
3, 84
3, 138
3, 200
3, 225
3, 329
4, 12
4, 14
4, 24
4, 29
4, 30
4, 50
4, 53
4, 65
4, 89
4, 90
4, 91
4, 118
4, 142
4, 148
4, 150
4, 151
4, 156
5, 6
5, 16
5, 20
5, 23
5, 27
5, 36
5, 37
5, 52
5, 56
5, 58
5, 78
5, 80
5, 85
5, 87
5, 94
5, 100
5, 101
6, 13
6, 16
6, 52
6, 94
6, 122
6, 126
6, 131
6, 184
6, 220
6, 235
6, 258
6, 308
6, 315
6, 333
6, 371
7, 9
7, 11
7, 61
7, 81
7, 82
7, 103
7, 146
7, 154
7, 165
7, 209
7, 234
7, 239
7, 247
7, 251
7, 255
7, 262
7, 267
7, 271
8, 11
8, 22
8, 34
8, 41
8, 42
8, 48
8, 60
8, 97
8, 102
8, 106
8, 117
8, 123
8, 124
8, 138
8, 144
8, 159
8, 163
9, 12
9, 17
9, 19
9, 35
9, 46
9, 49
9, 67
9, 71
9, 73
9, 82
9, 88
9, 96
9, 98
9, 133
9, 142
9, 155
9, 160
10, 15
10, 18
10, 32
10, 72
10, 86
10, 99
10, 167
10, 173
10, 174
10, 175
10, 230
10, 261
10, 293
10, 334
10, 377
11, 45
11, 60
11, 76
11, 81
11, 82
11, 97
11, 102
11, 103
11, 107
11, 123
11, 130
11, 145
11, 146
11, 154
11, 159
11, 164
12, 14
12, 71
12, 133
12, 142
12, 194
12, 306
12, 342
12, 346
12, 351
13, 258
13, 333
13, 371
14, 53
14, 157
14, 176
14, 194
14, 268
14, 301
14, 306
14, 307
15, 18
15, 47
15, 72
15, 174
15, 230
15, 272
15, 316
15, 334
16, 36
16, 77
16, 121
16, 126
16, 128
16, 131
16, 180
16, 211
16, 258
16, 274
16, 288
16, 308
16, 354
17, 19
17, 88
17, 96
17, 155
17, 160
17, 169
17, 183
17, 195
17, 253
17, 347
18, 316
18, 334
18, 377
19, 35
19, 67
19, 98
19, 169
19, 195
19, 363
20, 21
20, 27
20, 28
20, 33
20, 54
20, 63
20, 75
20, 83
20, 92
20, 101
20, 105
20, 115
20, 127
20, 129
20, 134
20, 141
20, 147
21, 27
21, 376
22, 42
22, 97
22, 163
22, 224
23, 37
23, 57
23, 140
23, 143
23, 208
24, 30
24, 91
24, 221
24, 249
24, 281
24, 282
24, 298
24, 353
25, 26
25, 31
25, 40
25, 79
25, 95
25, 108
25, 136
25, 228
26, 54
26, 55
26, 79
26, 93
26, 95
26, 108
26, 110
26, 111
26, 114
26, 119
26, 132
26, 138
26, 158
26, 181
26, 217
26, 228
26, 229
27, 37
27, 58
27, 68
27, 87
27, 178
27, 205
27, 232
27, 237
27, 238
27, 257
27, 319
27, 331
27, 375
28, 38
28, 54
28, 63
28, 83
28, 115
28, 182
28, 290
28, 318
28, 323
28, 355
28, 357
28, 361
28, 379
29, 53
29, 118
30, 203
30, 219
30, 248
30, 249
30, 265
30, 291
30, 292
30, 341
31, 93
31, 95
31, 114
31, 119
31, 171
32, 99
32, 173
32, 293
33, 83
33, 92
33, 105
33, 127
33, 129
33, 162
33, 190
33, 212
33, 236
33, 241
33, 246
33, 276
33, 323
33, 370
33, 379
34, 60
34, 124
34, 198
34, 215
36, 77
36, 78
36, 121
36, 180
36, 367
37, 57
37, 58
37, 68
37, 140
37, 143
37, 208
37, 237
37, 238
37, 319
37, 350
38, 370
38, 379
39, 59
39, 64
39, 338
40, 44
40, 79
40, 136
41, 42
41, 60
41, 106
41, 117
41, 244
41, 286
42, 60
42, 97
42, 117
42, 224
43, 51
43, 64
43, 135
43, 137
43, 177
43, 214
43, 222
43, 299
43, 309
43, 317
44, 79
44, 84
44, 138
44, 329
45, 50
45, 51
45, 62
45, 66
45, 73
45, 74
45, 107
45, 112
45, 130
45, 145
45, 152
45, 206
45, 214
45, 259
45, 279
45, 280
45, 305
46, 49
46, 71
46, 160
47, 272
48, 106
48, 117
49, 160
50, 65
50, 66
50, 73
50, 142
50, 305
50, 314
50, 322
50, 330
50, 332
50, 336
50, 352
50, 356
50, 359
50, 366
51, 135
51, 177
51, 214
51, 279
52, 94
52, 153
52, 315
53, 89
53, 90
53, 118
53, 151
53, 157
53, 176
53, 301
53, 307
54, 55
54, 75
54, 115
54, 132
54, 134
54, 149
54, 158
54, 172
54, 187
54, 218
54, 223
54, 226
54, 229
54, 242
54, 256
55, 110
55, 132
55, 181
55, 325
56, 94
56, 122
56, 139
56, 184
56, 210
56, 243
56, 304
57, 140
58, 87
58, 350
59, 70
59, 72
59, 113
59, 116
59, 120
59, 125
59, 192
59, 214
59, 294
59, 324
59, 338
59, 365
59, 372
60, 97
60, 124
60, 198
60, 204
60, 216
60, 244
60, 286
61, 81
61, 146
62, 152
62, 206
62, 259
62, 280
62, 326
63, 182
63, 355
63, 357
64, 214
64, 222
64, 317
64, 338
65, 142
66, 69
66, 74
66, 197
66, 201
66, 233
66, 305
66, 322
66, 352
66, 359
66, 378
67, 98
67, 363
68, 232
68, 238
69, 197
69, 233
69, 287
69, 373
70, 72
70, 116
70, 125
70, 166
70, 324
70, 328
71, 133
71, 160
71, 347
72, 120
72, 166
72, 173
72, 230
72, 261
72, 328
73, 82
73, 130
73, 275
73, 336
73, 356
73, 366
74, 201
74, 233
74, 280
74, 313
74, 373
75, 134
75, 141
75, 223
75, 260
76, 145
76, 164
76, 202
76, 231
76, 240
76, 335
76, 337
77, 180
77, 211
77, 274
78, 109
78, 193
78, 252
78, 263
78, 339
78, 367
79, 136
79, 138
79, 228
80, 85
80, 100
80, 179
80, 277
80, 284
80, 368
81, 82
81, 146
81, 267
81, 327
81, 348
82, 130
82, 209
82, 247
82, 267
82, 275
82, 327
83, 92
83, 212
83, 246
83, 323
84, 138
85, 179
85, 277
85, 368
86, 167
86, 377
87, 257
87, 331
88, 155
89, 90
89, 148
89, 207
89, 227
90, 148
90, 151
90, 156
90, 161
90, 185
90, 189
90, 344
90, 358
91, 150
91, 221
92, 162
93, 111
93, 119
94, 122
94, 153
94, 220
94, 235
94, 315
95, 114
96, 98
96, 155
96, 169
97, 102
97, 168
97, 250
97, 269
97, 273
97, 283
97, 310
97, 340
98, 169
98, 363
99, 173
100, 104
100, 179
100, 264
100, 284
100, 303
101, 193
101, 312
101, 360
101, 364
101, 369
101, 374
102, 123
102, 144
102, 168
102, 186
102, 250
102, 321
103, 262
104, 264
104, 303
105, 127
105, 129
105, 213
105, 241
105, 254
106, 117
107, 145
108, 228
109, 252
109, 367
110, 181
110, 295
110, 325
112, 214
113, 120
113, 372
114, 119
114, 171
115, 134
115, 147
115, 188
115, 242
115, 270
115, 285
115, 355
115, 361
116, 192
116, 324
118, 151
119, 171
120, 173
120, 372
121, 128
121, 354
122, 184
122, 210
122, 235
122, 243
123, 144
123, 186
123, 196
123, 199
123, 289
124, 215
125, 294
125, 324
126, 258
126, 308
127, 241
127, 276
128, 354
129, 190
129, 254
130, 275
132, 158
132, 217
133, 346
134, 242
134, 260
134, 270
134, 285
135, 137
135, 177
137, 177
138, 159
138, 164
138, 170
138, 191
138, 229
138, 245
138, 312
138, 320
138, 364
139, 184
139, 210
141, 260
142, 342
142, 351
142, 362
142, 366
143, 208
144, 199
144, 321
145, 202
146, 262
147, 270
148, 156
148, 161
149, 223
149, 256
149, 266
150, 221
151, 189
152, 206
154, 239
156, 161
156, 344
157, 268
157, 301
157, 307
158, 217
159, 164
159, 170
159, 320
160, 347
163, 224
164, 191
164, 231
164, 240
164, 245
164, 335
164, 337
165, 234
165, 251
165, 255
165, 296
165, 300
165, 343
166, 328
167, 377
168, 250
168, 269
168, 283
169, 195
170, 320
172, 229
172, 297
172, 312
173, 372
174, 230
175, 293
176, 307
178, 375
179, 368
182, 357
183, 253
183, 347
184, 210
184, 304
185, 189
185, 358
187, 226
187, 256
187, 266
187, 278
188, 270
188, 285
189, 358
191, 245
192, 324
193, 252
193, 263
193, 360
193, 369
194, 306
196, 289
201, 233
203, 248
203, 265
204, 216
205, 237
205, 238
206, 280
207, 227
209, 247
209, 271
210, 243
211, 274
212, 246
212, 323
213, 254
214, 309
214, 317
214, 338
214, 372
218, 226
218, 345
219, 291
220, 315
221, 281
221, 282
221, 298
221, 353
222, 299
223, 226
223, 266
225, 329
226, 266
226, 345
229, 297
229, 311
229, 312
230, 261
231, 240
231, 337
232, 238
233, 287
233, 373
234, 239
234, 296
234, 302
234, 343
234, 349
236, 276
237, 238
237, 319
239, 302
239, 349
240, 335
244, 286
247, 271
248, 265
251, 255
251, 300
252, 263
252, 339
252, 367
253, 347
255, 296
255, 300
256, 266
256, 278
257, 331
258, 371
263, 339
264, 303
265, 291
265, 341
268, 307
269, 273
269, 283
269, 310
269, 340
270, 285
273, 340
277, 368
280, 313
280, 326
281, 353
282, 298
287, 373
288, 354
290, 318
291, 292
291, 341
292, 341
294, 365
295, 325
297, 312
298, 353
305, 322
305, 330
305, 332
305, 378
309, 317
310, 340
312, 364
322, 330
322, 359
323, 379
327, 348
333, 371
336, 366
355, 361
360, 369
360, 374
362, 366
364, 369
369, 374
370, 379
end