500
4
0, 0.1624231679359216, 0.8712768320228313
1, 0.6593579107138225, 0.1411475266485378
2, 0.6885335418408817, 0.258664125752021
3, 0.501194667941167, 0.09642055841931663
4, 0.9481719295551072, 0.14946528232781675
5, 0.5636680792793956, 0.5952333983875533
6, 0.5951613428165852, 0.0865842744372265
7, 0.32903781348472116, 0.4061243524855209
8, 0.05046622663196498, 0.2876984161654441
9, 0.4774532607165739, 0.07209099606599845
10, 0.4060176152708569, 0.16529234998237374
11, 0.521356393595714, 0.11201806070435694
12, 0.2666954058463141, 0.7028225326496178
13, 0.5645275802755197, 0.9317550254658998
14, 0.9066164849238607, 0.5053262636551977
15, 0.9356204118691871, 0.3754224723990848
16, 0.6346666300954604, 0.46572222283049713
17, 0.931174804368261, 0.1595902408319786
18, 0.8722750360081092, 0.7985353679442738
19, 0.30046181309110687, 0.039990009101189994
20, 0.05669467711138165, 0.3432800845035293
21, 0.7734283557940532, 0.560858667406952
22, 0.33837385796746067, 0.12612318043831183
23, 0.10165517495902221, 0.5220469199911724
24, 0.9289897048276836, 0.02217331534102318
25, 0.39725945754341263, 0.6113477023197222
26, 0.9841146848647865, 0.9978578438751723
27, 0.9045487135551875, 0.41340063154706197
28, 0.23956465172302932, 0.9377417676229444
29, 0.8570023263510097, 0.2686272174587985
30, 0.6702113537571474, 0.7581062144971665
31, 0.600550185332603, 0.19723758567558258
32, 0.3589412586853299, 0.9242288324440571
33, 0.79697891181033, 0.4068886744835706
34, 0.44126804614991555, 0.08768385461383421
35, 0.28519929184389115, 0.9051899240744845
36, 0.8795477680960794, 0.34978774163807136
37, 0.8626085492680018, 0.1842691996787671
38, 0.22709871407482374, 0.6661409116925983
39, 0.9435193189587047, 0.38775280243541066
40, 0.4696956545215152, 0.005861453344644607
41, 0.48852597810837617, 0.7878119637513764
42, 0.24258228505509205, 0.0266731084028361
43, 0.13281508991600421, 0.36576097388634343
44, 0.2776906892895411, 0.08092414745477194
45, 0.8712339353366151, 0.45023397687238786
46, 0.4538094195335466, 0.99543428429788
47, 0.057788450095431654, 0.5657569796686107
48, 0.001242960133031601, 0.02396013182297696
49, 0.7690810528795949, 0.8607118982230171
50, 0.915584629703542, 0.7836015808929734
51, 0.7390472398630197, 0.6079821964961368
52, 0.864587431794969, 0.6990309047163362
53, 0.9432744466008683, 0.604192629412152
54, 0.8056625619790705, 0.8812325085711242
55, 0.5177091452030039, 0.21737684129519297
56, 0.41955816140283364, 0.6555331148522067
57, 0.03748927017949255, 0.20437143081500164
58, 0.019360300566483968, 0.04177442064276171
59, 0.1326814633683051, 0.5468539300659613
60, 0.24891819099142487, 0.7617577830857147
61, 0.1121688137351341, 0.5288259058744251
62, 0.48502603081503215, 0.4340868027189
63, 0.7296565762632847, 0.9272196473812884
64, 0.5080291182504442, 0.6829930076605745
65, 0.5627007161499157, 0.3783208147084909
66, 0.6066530776568522, 0.6118481133125269
67, 0.6892093214663978, 0.34104527704658405
68, 0.3879876142012394, 0.5679047102931148
69, 0.26612238102266494, 0.8910566016936033
70, 0.8496356396218026, 0.7925665083672532
71, 0.18833619932688528, 0.5752804809881473
72, 0.7250311324892712, 0.5990908137952385
73, 0.5400734976165603, 0.3884625715463442
74, 0.2702811950966437, 0.3905745957558433
75, 0.08025523222726494, 0.3646435415640945
76, 0.9485988348474796, 0.35647512866391207
77, 0.7547985420126387, 0.36061683172764636
78, 0.8599051323906363, 0.42582887279886694
79, 0.32883568517796435, 0.18468512613480137
80, 0.397033150818354, 0.8222665886638111
81, 0.4982710234028056, 0.7847744786823002
82, 0.9475040701758016, 0.9859622677005638
83, 0.21274287172622786, 0.9621794681666753
84, 0.8276931441213391, 0.18362883536153063
85, 0.9633857403652563, 0.3309815956328136
86, 0.6670365022220375, 0.6199956758525301
87, 0.8719672610225591, 0.5013728116126452
88, 0.37983882510385203, 0.1853310926470464
89, 0.2529056177158384, 0.8247671098788505
90, 0.7782040302916134, 0.5518986731612346
91, 0.693037467464914, 0.9465650983741766
92, 0.2677683423393715, 0.15793993078820434
93, 0.807058536565059, 0.6484601268455445
94, 0.26502592813210046, 0.3494967109599667
95, 0.4802494743491378, 0.07494131238043045
96, 0.5281277176622775, 0.4390500043675525
97, 0.8291060334426499, 0.6058961148550991
98, 0.5476788788616442, 0.1459503885746446
99, 0.12602298455972438, 0.09417610305125634
100, 0.7610729401414119, 0.08589901229837982
101, 0.4429628672361555, 0.9894864911465301
102, 0.012781178312242902, 0.8127493471333548
103, 0.13687463090050123, 0.7712600798204787
104, 0.020593986877639137, 0.18844959705427644
105, 0.8431576287151493, 0.7405652159359297
106, 0.7716255437530667, 0.48365268443109566
107, 0.8528510321755173, 0.6292010784318104
108, 0.6265116105786838, 0.1612732224536897
109, 0.46202372425501326, 0.659327403285502
110, 0.8492010953137061, 0.2191097590732437
111, 0.8468902242049188, 0.2910474075223156
112, 0.201648149143129, 0.3380482763667989
113, 0.6455202997100086, 0.558279393104394
114, 0.6692053294248722, 0.8698222453328953
115, 0.6752564995201583, 0.7309793615051552
116, 0.2968527350773892, 0.6250002721956949
117, 0.7862953635484717, 0.49927256723684077
118, 0.4242584168944469, 0.16679526333784778
119, 0.7375295474930823, 0.32099316899725305
120, 0.9430212922005415, 0.48887943347539853
121, 0.7806598839395831, 0.7098230439687783
122, 0.6336120067020389, 0.19410864205096123
123, 0.34281287113533576, 0.5328614472268758
124, 0.75119353182322, 0.42965270852055226
125, 0.429254384580658, 0.22593731737574352
126, 0.34695067084137876, 0.8802244036166081
127, 0.3766270447043757, 0.6523855388843144
128, 0.46417820251318, 0.4900054031597343
129, 0.328322046078272, 0.6733611391526262
130, 0.8133187031170981, 0.552167446477305
131, 0.43616364587873524, 0.11898256665127205
132, 0.29716385167559645, 0.1813485032564255
133, 0.6491323174227657, 0.5541889850942174
134, 0.3340982147822191, 0.20098643354319012
135, 0.02865620288731885, 0.9091223481419402
136, 0.05578160301119717, 0.15404561275223339
137, 0.8532999176955997, 0.7256273586289801
138, 0.3264351467803336, 0.03232250359591693
139, 0.2861300748195682, 0.08194883158126154
140, 0.4804268058660053, 0.9102037742389567
141, 0.09197137599020433, 0.28960077773083726
142, 0.9108106883914554, 0.2788640737781244
143, 0.6913030852751193, 0.2059138629594699
144, 0.15965238609726418, 0.4904519985056176
145, 0.7525541007552699, 0.8774933616191054
146, 0.9616546876184316, 0.09396363749259684
147, 0.3537069329357172, 0.8787572102570191
148, 0.5447284465573543, 0.3328786876684977
149, 0.3977644628179666, 0.042070493238475115
150, 0.4871667191937158, 0.582969169630912
151, 0.036508101839156426, 0.16495308634347372
152, 0.40890299100980165, 0.8058326057854078
153, 0.5442913258893785, 0.2776496144876719
154, 0.7563439984999418, 0.21005277286263035
155, 0.7221436919948941, 0.6019793698312232
156, 0.548376265374389, 0.578536300018216
157, 0.9287967810247487, 0.08885499857793355
158, 0.9772012187667428, 0.6095404023936793
159, 0.29526690608781436, 0.537365962183483
160, 0.5072854437305779, 0.9518056161045161
161, 0.3831691499822202, 0.5467540981091031
162, 0.05507808915644419, 0.7970685218863075
163, 0.3641935311558544, 0.1806967789108589
164, 0.11452869881734029, 0.8970064716809116
165, 0.7816654042398631, 0.31816549865895394
166, 0.3166661791035158, 0.7550682515822721
167, 0.8103989381135124, 0.12091145061837982
168, 0.40321828825275463, 0.13976990274127066
169, 0.41071634241121824, 0.9746167973485432
170, 0.9006278597486737, 0.7003747954131923
171, 0.016484181444293866, 0.14834880031922837
172, 0.5528631523669636, 0.6410324829414156
173, 0.13239102229101074, 0.9332980416134826
174, 0.898921530847656, 0.9922393760377759
175, 0.39983540172180665, 0.5935249799281594
176, 0.4647227495920885, 0.9525062100505186
177, 0.7450004365457565, 0.01720995255319213
178, 0.7548620417075679, 0.5442546781325414
179, 0.9763658961067742, 0.49194274389709236
180, 0.16429593053460945, 0.4949221981808354
181, 0.9852247597213284, 0.6393753450289564
182, 0.08415556860821283, 0.7320456467725087
183, 0.11113009611774594, 0.5738840625053209
184, 0.7192132307010703, 0.45717295612692765
185, 0.20977036368516777, 0.3689352191211468
186, 0.9765724961470774, 0.2199213155715204
187, 0.26279889168489834, 0.15739414042149547
188, 0.874342734418401, 0.5119011922782367
189, 0.09159145750966191, 0.952761994519451
190, 0.8589856725562665, 0.31533995395001524
191, 0.29097970878023494, 0.09523979084553413
192, 0.7061894085526454, 0.3439127280345755
193, 0.5118997161292678, 0.5142528013846527
194, 0.0445084738420406, 0.4859459837258563
195, 0.23015191738030105, 0.8362471740365084
196, 0.2445922676588922, 0.3475947224896597
197, 0.6171096556148998, 0.17199043940838754
198, 0.10425183935944193, 0.19124556296462347
199, 0.9432309705438824, 0.141195135577034
200, 0.9497202317889197, 0.6830271111763652
201, 0.7966137797874396, 0.5112387489331718
202, 0.3340036005184095, 0.692413257818699
203, 0.8348325606168685, 0.15726152071689192
204, 0.2726103350904907, 0.9963677998090464
205, 0.039733520970732905, 0.0113208560200726
206, 0.25287536153952295, 0.3770988261009015
207, 0.8435280235090791, 0.5928300798441284
208, 0.4853626117122156, 0.023644819887452706
209, 0.7377130561070789, 0.6087474313826301
210, 0.3464824041327562, 0.040194568564715816
211, 0.7011377059427204, 0.4243183486540968
212, 0.025990374319184717, 0.9511943192044829
213, 0.8770825693464944, 0.8642530195913628
214, 0.06975685614395466, 0.3180566273792782
215, 0.8054444061078003, 0.34968056081951715
216, 0.23648107498279014, 0.10252561161366058
217, 0.018248142032420978, 0.7448343021221153
218, 0.6231325840855954, 0.5409842528247698
219, 0.5945811351549427, 0.8277560285157685
220, 0.6311119088762494, 0.8417716564462199
221, 0.4263088177369895, 0.8469479719670233
222, 0.6017140247438715, 0.6800164814348251
223, 0.14580364156803793, 0.3123461696494426
224, 0.7397512982787168, 0.7603447794372925
225, 0.6197002590594084, 0.019801809335424192
226, 0.36871958405449, 0.3054921127164252
227, 0.6528148066014491, 0.2860852865905922
228, 0.7961555867917228, 0.2774117114437503
229, 0.5422119404981091, 0.001783595313323838
230, 0.8666325795659076, 0.2922499691897762
231, 0.424674089362747, 0.5434058517930228
232, 0.15826406083448474, 0.7277015444821997
233, 0.9809491018225635, 0.44600304244860056
234, 0.906168557827878, 0.5333937957694665
235, 0.4552578291106748, 0.08230496485813044
236, 0.65505839287664, 0.9708435706267615
237, 0.6333189886739079, 0.5593195455048006
238, 0.5228548432491842, 0.10434210954563905
239, 0.506344355062621, 0.9547343334699031
240, 0.861096464059579, 0.04968295833566039
241, 0.48328467099746564, 0.39798147527509586
242, 0.1528932789316948, 0.3243345808490452
243, 0.6308401097891523, 0.7200616656080637
244, 0.9694558549039375, 0.6173080772717954
245, 0.5876348775040768, 0.49928624949294
246, 0.3547488830460467, 0.5108645902772355
247, 0.6006210928521445, 0.3544585647008005
248, 0.1470199769507592, 0.34050748982458523
249, 0.06043988545196599, 0.2105061021841046
250, 0.8408580704731328, 0.21287840323422424
251, 0.8854985821523891, 0.06146737975891858
252, 0.7189819933535649, 0.11867543579532291
253, 0.6792976948047101, 0.4542556915686421
254, 0.21930542512271023, 0.8370789660238256
255, 0.79530593589066, 0.8287869149093041
256, 0.6836403252980683, 0.4683730628374102
257, 0.7847319108470757, 0.14891337326070364
258, 0.6205362930258108, 0.6576953954934321
259, 0.11514885288616394, 0.4140555679332971
260, 0.03265160169941883, 0.43004833009462373
261, 0.7063064698033423, 0.7970176829837958
262, 0.30992287628008197, 0.9313093873095373
263, 0.10712976703669508, 0.9237764362383355
264, 0.9930880431724728, 0.09507452644774661
265, 0.21427277433754688, 0.5843788493340999
266, 0.08723769511724266, 0.40358779029806036
267, 0.06997263717955737, 0.8099076773405239
268, 0.6079712564306163, 0.8206479774409162
269, 0.593157619185821, 0.45554828663694324
270, 0.497440915986902, 0.30310497801976954
271, 0.9613914905847368, 0.7502949492848053
272, 0.25218684736231967, 0.726755010753307
273, 0.11221709421138337, 0.3791495987956065
274, 0.8533722591412346, 0.582631115989409
275, 0.6874928883792192, 0.871803519470885
276, 0.24531660459634963, 0.857864004336656
277, 0.360481557527502, 0.8573219801495228
278, 0.40028079870275557, 0.8286666018209846
279, 0.4982120821048154, 0.5391349115303312
280, 0.3208648955686989, 0.6911481229842265
281, 0.26544428918123664, 0.44519181195659396
282, 0.10236605539938926, 0.4576952875576483
283, 0.33225941844262363, 0.01619722413113278
284, 0.9778064145182274, 0.6919686058773362
285, 0.06964543535739631, 0.2862527364443408
286, 0.4505302555189902, 0.5413812605420935
287, 0.7446438675535463, 0.32376943116428025
288, 0.38611801669060364, 0.009861017376211034
289, 0.28109900532279286, 0.31144823583256787
290, 0.2497536646907902, 0.485205131724872
291, 0.46170978604894797, 0.23362304383677035
292, 0.04346725883435931, 0.7677695027989089
293, 0.5378015425206185, 0.5718475925813702
294, 0.3033071590244928, 0.45321544986509554
295, 0.7046171539236954, 0.6199250191595568
296, 0.9247309075482857, 0.5200567674245719
297, 0.9076154079368169, 0.07861636688614171
298, 0.8310265446751358, 0.4285661351322192
299, 0.6947730252632098, 0.4115582243928224
300, 0.316861058383648, 0.571960330752727
301, 0.5786029114451536, 0.5141771705470826
302, 0.7763854119867633, 0.017469386844599644
303, 0.7910557980299598, 0.84229697792002
304, 0.9067274810791093, 0.25727399991564515
305, 0.708332326978431, 0.44009032585854624
306, 0.5968994588548708, 0.8335722422129853
307, 0.37140369922241934, 0.13259455549902022
308, 0.2795314159479938, 0.5699228302593066
309, 0.23734802052630288, 0.02519379696460533
310, 0.32857407994796706, 0.8589074652164436
311, 0.3504430080381541, 0.8982072693733947
312, 0.4268842346896885, 0.4635061257654668
313, 0.8106803407201673, 0.019433153685266213
314, 0.5961211952965094, 0.8245733097699235
315, 0.2215140452035631, 0.3496377097648474
316, 0.2345896888631709, 0.2782910071913305
317, 0.6995683991393488, 0.44828843964605425
318, 0.3361629868542505, 0.26059421771186364
319, 0.7905844799901033, 0.9042181919584932
320, 0.8272643898230546, 0.7221675624506179
321, 0.39414518208514715, 0.6372485567021409
322, 0.5828247794393423, 0.7269276809916426
323, 0.5346007291425919, 0.19006908677939782
324, 0.38545915459038094, 0.7615955225521106
325, 0.3068907138993029, 0.46335246860322854
326, 0.9980314327816068, 0.12368773411808076
327, 0.29317844223527834, 0.9949511335195989
328, 0.2418674325785687, 0.0500355571278186
329, 0.893152568599851, 0.42944011807617466
330, 0.8921319827827505, 0.425196031599968
331, 0.7985433466623735, 0.7117978113761521
332, 0.5041264515164336, 0.5423914460451392
333, 0.6711749759288291, 0.12536760048165718
334, 0.6445339379928761, 0.5400765592113516
335, 0.5832234380301806, 0.860209458608602
336, 0.8829659474974179, 0.44981766595213757
337, 0.42706271633767134, 0.30937197855031806
338, 0.9675951134650868, 0.5758827837909414
339, 0.6736895894356687, 0.8390325167915069
340, 0.6144657531548045, 0.4175925150955416
341, 0.702219424972397, 0.7639725483723725
342, 0.7676556818652392, 0.6856430914574498
343, 0.09181864759286862, 0.874942843306959
344, 0.87217133122105, 0.7957328580678248
345, 0.8051802978443395, 0.3109072934949957
346, 0.8791993926661326, 0.47210938106734623
347, 0.9061679632977213, 0.8203727343099667
348, 0.25662867651340127, 0.7501773389642923
349, 0.4010848541424361, 0.12604150108458623
350, 0.034958078912757595, 0.24375961103655774
351, 0.061958783362006886, 0.8456976919239836
352, 0.2363266761608389, 0.43897877608963043
353, 0.7409813037794607, 0.5765477992491556
354, 0.6486277320389607, 0.3202746831456752
355, 0.7057585968283577, 0.916871429241185
356, 0.0919387483434706, 0.5775025078451054
357, 0.6360398399910302, 0.9611190755495451
358, 0.07543142725646401, 0.22787226963402762
359, 0.9174274503747123, 0.2526254974397002
360, 0.8582383694461853, 0.9268226746110192
361, 0.4659182480376801, 0.39697239807563556
362, 0.8917893527701851, 0.7743764180772614
363, 0.6974334250586793, 0.44493800550903095
364, 0.3607992928504259, 0.007331793301999068
365, 0.9182529965641216, 0.3222573647034652
366, 0.43743530898134153, 0.3462355542091554
367, 0.3082024498088739, 0.5060741117065836
368, 0.06117867857842196, 0.8429158775603636
369, 0.3348220212046127, 0.4126633006289927
370, 0.7509842110647758, 0.6392427522501795
371, 0.679885508758343, 0.397260287736767
372, 0.09230366135712564, 0.029315182035680953
373, 0.23870502405501837, 0.2979303137151391
374, 0.4102086008954825, 0.36025699082016294
375, 0.09348521524613618, 0.3484701216780012
376, 0.2205898379570863, 0.8183477619643582
377, 0.12215931851896933, 0.818477302117613
378, 0.7604287554466508, 0.5545607862312322
379, 0.22720046677451966, 0.9634069176885665
380, 0.05101141127822617, 0.6727781184349421
381, 0.933702364774972, 0.8550703965115395
382, 0.2807151615304342, 0.6141604489206842
383, 0.3435423187165191, 0.5681956446195319
384, 0.6359513123980702, 0.4687489498401056
385, 0.6314596943628823, 0.4774294864945139
386, 0.12762557859030343, 0.7395718940044689
387, 0.38299439954622017, 0.5543754347474498
388, 0.15852841972653697, 0.8665484940241942
389, 0.4118483875539508, 0.9062784144864042
390, 0.8613620488678247, 0.8880824443920854
391, 0.6953058238354723, 0.3500125507721713
392, 0.9910453663666464, 0.3336892851988432
393, 0.6522800166301254, 0.4889187860086047
394, 0.4179986687687415, 0.5859990005839945
395, 0.05162478207991894, 0.9702070244943177
396, 0.45640953424222275, 0.4501667575712439
397, 0.9374763758474394, 0.855200980427461
398, 0.9502653281912317, 0.8043364683884819
399, 0.3303374141282235, 0.04713004661239795
400, 0.022441203429953593, 0.15232560876281898
401, 0.7211349792319983, 0.8609924996686932
402, 0.7149414739147991, 0.8854882089082524
403, 0.8826854122571003, 0.8753299761604042
404, 0.3053642088447833, 0.020902187136935257
405, 0.678613550038577, 0.9098163947780481
406, 0.9198334605092038, 0.016793372201494683
407, 0.7007350764957915, 0.1237534520786161
408, 0.34583833886772875, 0.9615871588413595
409, 0.7963443065228702, 0.6480027943660037
410, 0.014126780778534465, 0.8948919534511167
411, 0.300640558168775, 0.7014976924343943
412, 0.6550018831154806, 0.9691759626009978
413, 0.8259619062844735, 0.7832963426225407
414, 0.7938231883151492, 0.750694869849926
415, 0.3784252956247073, 0.839517530305853
416, 0.2883924453016349, 0.49770015671598167
417, 0.34730578982771365, 0.15285021362945428
418, 0.019604308783235158, 0.4899162395932297
419, 0.38123409875274183, 0.9340244726199641
420, 0.1798986700994678, 0.9594074250005075
421, 0.27660491153121625, 0.8636571503048126
422, 0.7964870819253539, 0.7655724023184132
423, 0.4718531602669258, 0.171713162674204
424, 0.6931724946844097, 0.7320015410629418
425, 0.7280682965979718, 0.017673528784581727
426, 0.48143003678814955, 0.7303666771087067
427, 0.830187159334171, 0.6638192740884895
428, 0.2997988955995554, 0.5260615247076894
429, 0.2226229454618962, 0.07966350611998796
430, 0.5889739689314306, 0.17214829137878584
431, 0.5236168465930374, 0.9331442797199739
432, 0.292767271824383, 0.45102865430097294
433, 0.8169087476678003, 0.2577009048028164
434, 0.9397160364818153, 0.7769425446899854
435, 0.8750246688872398, 0.07547278533369917
436, 0.8769229958946667, 0.40736157494676695
437, 0.8066782704124168, 0.6185399095486562
438, 0.5239295057305827, 0.273332185210284
439, 0.36509168678583326, 0.7198173493183111
440, 0.5564381482171378, 0.15455013558986763
441, 0.1555509297908495, 0.09687258038547109
442, 0.6623296194501428, 0.6902600527435591
443, 0.9455954440423121, 0.9591441716956003
444, 0.45007417519393333, 0.9028544672013267
445, 0.25422798805552416, 0.46799640054313585
446, 0.7644935997328658, 0.1585425675717601
447, 0.6999190305033248, 0.5122692422333668
448, 0.8321928906891968, 0.255530745011059
449, 0.6975719535825213, 0.37483188809630186
450, 0.25250273076676566, 0.3364269707694434
451, 0.38106436835497404, 0.8789796575636762
452, 0.6139721634239105, 0.6401924374972091
453, 0.14111688479921425, 0.20764402223069078
454, 0.5730899715318563, 0.3047115472659909
455, 0.786474117041443, 0.21514674711897808
456, 0.3709555311568792, 0.8917094697212337
457, 0.9588709351183031, 0.2686521465487889
458, 0.21399446547088863, 0.40630134771727044
459, 0.805254987321014, 0.17406478570867945
460, 0.786914290948663, 0.7540384699926025
461, 0.13292377908228237, 0.5107796564585935
462, 0.16599579632056416, 0.24851347074734154
463, 0.11133970636309098, 0.20350888847038007
464, 0.49567545153190185, 0.454207733450253
465, 0.5443791407106071, 0.7357324796855623
466, 0.9007721401691261, 0.8735575588699841
467, 0.11493784681090535, 0.549613465026267
468, 0.7819306336002475, 0.9618714311856625
469, 0.5298551062973454, 0.8270040083629795
470, 0.09479058974389998, 0.5936343818277282
471, 0.24934306262038908, 0.7356660486137243
472, 0.5392545664601809, 0.26637874844216103
473, 0.04961865968667434, 0.23415181012288644
474, 0.8024402310202615, 0.24442041511358426
475, 0.40653219823176, 0.99792791799698
476, 0.314570972007966, 0.6771953961567543
477, 0.608216781755801, 0.7763928719528639
478, 0.7163140631349135, 0.2917494704762468
479, 0.9402056209721145, 0.4613358522692287
480, 0.83703875878557, 0.8045169395157917
481, 0.27967706203523335, 0.1644327538449064
482, 0.6060240616991798, 0.5454994996304018
483, 0.1726546940408834, 0.20512765235490182
484, 0.3014135154098211, 0.17852543041172697
485, 0.15243122851325697, 0.05081625635237741
486, 0.8735903376884748, 0.16513252897734676
487, 0.7194610879969607, 0.29667138745694244
488, 0.17355868309577271, 0.988991559877685
489, 0.980833042687305, 0.15149600095683258
490, 0.43604850244379245, 0.7245121284514591
491, 0.7906588833254543, 0.12325697949284753
492, 0.4316839137727917, 0.8311897284202326
493, 0.014549189118941874, 0.07265194623891758
494, 0.8767847870520482, 0.8339427786953936
495, 0.7399482658073229, 0.2170282842577086
496, 0.25671997376456845, 0.7725509908268473
497, 0.23988786403382645, 0.7394837658901547
498, 0.31809308069853925, 0.8646430247652279
499, 0.3472174179296418, 0.6604440575344345
end_nodes
0, 1
0, 2
0, 3
0, 4
0, 5
0, 6
0, 7
0, 8
0, 9
0, 10
0, 11
0, 12
0, 13
0, 14
0, 15
0, 16
0, 17
0, 18
0, 19
0, 20
0, 21
0, 22
1, 2
1, 4
1, 6
1, 12
1, 17
1, 24
1, 31
1, 37
1, 60
1, 62
1, 65
1, 68
1, 73
1, 84
1, 96
1, 100
1, 108
1, 110
1, 119
1, 122
1, 128
2, 25
2, 60
2, 65
2, 67
2, 96
2, 119
2, 127
2, 129
2, 175
2, 192
2, 193
2, 202
2, 227
2, 247
2, 269
2, 279
2, 280
2, 286
2, 321
2, 332
3, 6
3, 9
3, 11
3, 24
3, 40
3, 95
3, 125
3, 159
3, 177
3, 208
3, 225
3, 229
3, 238
3, 240
3, 291
3, 302
3, 313
3, 337
3, 367
3, 382
3, 406
4, 5
4, 15
4, 16
4, 17
4, 24
4, 26
4, 29
4, 33
4, 36
4, 39
4, 50
4, 53
4, 76
4, 77
4, 82
4, 85
4, 109
4, 111
4, 113
4, 120
5, 29
5, 77
5, 109
5, 113
5, 156
5, 166
5, 184
5, 211
5, 218
5, 237
5, 253
5, 256
5, 305
5, 317
5, 334
5, 345
5, 363
5, 393
5, 482
6, 11
6, 12
6, 31
6, 55
6, 98
6, 100
6, 108
6, 116
6, 123
6, 153
6, 197
6, 238
6, 240
6, 246
6, 270
6, 300
6, 312
6, 323
6, 333
7, 9
7, 10
7, 34
7, 40
7, 118
7, 131
7, 226
7, 235
7, 308
7, 325
7, 369
8, 19
8, 20
8, 23
8, 42
8, 43
8, 44
8, 47
8, 48
8, 57
8, 58
8, 59
8, 61
8, 71
8, 75
8, 92
8, 99
8, 102
8, 104
8, 112
8, 135
8, 136
9, 34
9, 40
9, 95
9, 118
9, 125
9, 159
9, 235
9, 308
9, 367
9, 369
9, 428
10, 19
10, 22
10, 38
10, 40
10, 79
10, 88
10, 134
10, 138
10, 149
10, 163
10, 168
10, 210
10, 281
10, 283
10, 288
10, 294
10, 307
10, 318
10, 325
10, 349
11, 55
11, 98
11, 238
11, 291
11, 300
11, 337
11, 366
11, 374
12, 161
12, 241
12, 270
12, 272
12, 312
12, 383
12, 471
12, 497
13, 18
13, 26
13, 28
13, 32
13, 35
13, 46
13, 49
13, 50
13, 54
13, 63
13, 69
13, 82
13, 83
13, 91
13, 101
13, 114
13, 126
13, 135
13, 140
13, 145
13, 147
14, 15
14, 18
14, 21
14, 27
14, 30
14, 41
14, 45
14, 50
14, 51
14, 52
14, 66
14, 70
14, 72
14, 78
14, 80
14, 81
14, 86
14, 87
14, 90
14, 93
14, 97
15, 27
15, 33
15, 36
15, 50
15, 78
15, 89
15, 106
15, 113
15, 124
15, 133
15, 142
15, 195
15, 254
15, 296
15, 298
15, 330
15, 359
15, 365
15, 436
16, 56
16, 109
16, 150
16, 165
16, 166
16, 245
16, 293
16, 299
16, 301
16, 371
16, 376
16, 384
16, 385
16, 439
17, 37
17, 110
17, 119
17, 203
17, 228
17, 250
17, 257
17, 269
17, 287
17, 332
17, 433
17, 446
17, 448
17, 449
17, 486
17, 496
18, 30
18, 41
18, 50
18, 70
18, 80
18, 81
18, 114
18, 140
18, 147
18, 170
18, 219
18, 220
18, 221
18, 234
18, 255
18, 261
18, 268
18, 275
18, 276
19, 22
19, 42
19, 44
19, 71
19, 74
19, 92
19, 94
19, 132
19, 138
19, 139
19, 185
19, 187
19, 191
19, 196
19, 206
19, 216
19, 232
19, 265
19, 283
20, 47
20, 103
20, 164
20, 182
20, 267
20, 343
20, 351
20, 356
20, 368
20, 377
20, 386
20, 388
20, 470
21, 64
21, 66
21, 86
21, 89
21, 90
21, 172
21, 324
21, 353
21, 452
21, 490
22, 74
22, 79
22, 132
22, 281
22, 289
22, 290
22, 307
22, 417
22, 445
22, 484
23, 59
23, 61
23, 183
23, 232
23, 467
24, 146
24, 157
24, 167
24, 186
24, 199
24, 240
24, 251
24, 252
24, 264
24, 297
24, 326
24, 392
24, 406
24, 407
24, 435
24, 489
24, 491
25, 202
25, 280
25, 286
25, 394
25, 496
25, 499
26, 46
26, 76
26, 82
26, 85
26, 158
26, 174
26, 179
26, 181
26, 200
26, 204
26, 233
26, 236
26, 244
26, 271
26, 284
26, 326
26, 327
26, 338
26, 357
26, 392
27, 329
27, 330
27, 336
28, 32
28, 83
28, 135
28, 173
28, 189
28, 212
28, 262
28, 263
28, 395
28, 419
28, 420
28, 431
28, 488
29, 113
29, 184
29, 218
29, 305
29, 317
29, 363
30, 52
30, 70
30, 81
30, 93
30, 97
30, 105
30, 107
30, 115
30, 121
30, 137
30, 207
30, 224
30, 243
30, 320
30, 322
30, 331
30, 341
30, 342
30, 370
30, 409
31, 108
31, 153
31, 197
31, 312
31, 361
31, 430
32, 135
32, 262
32, 419
33, 36
33, 111
33, 124
33, 190
33, 215
33, 230
33, 304
34, 40
34, 131
34, 235
35, 69
35, 135
35, 164
36, 142
36, 304
36, 359
36, 365
37, 84
37, 250
37, 446
37, 459
37, 486
38, 281
38, 294
38, 416
38, 432
39, 50
39, 120
39, 381
39, 397
39, 434
39, 479
40, 48
40, 95
40, 149
40, 205
40, 208
40, 229
40, 288
40, 364
41, 80
41, 81
41, 261
41, 465
42, 48
42, 58
42, 99
42, 198
42, 216
42, 283
42, 288
42, 309
42, 328
42, 358
42, 372
42, 404
42, 429
42, 441
42, 463
42, 485
43, 71
43, 112
43, 144
43, 180
43, 185
43, 214
43, 242
43, 248
43, 259
43, 273
43, 375
43, 458
44, 139
44, 187
44, 453
44, 483
45, 66
45, 78
45, 87
45, 106
45, 117
45, 172
45, 178
45, 201
45, 346
45, 378
46, 83
46, 101
46, 169
46, 174
46, 236
46, 327
46, 357
46, 379
46, 408
46, 412
46, 488
47, 135
47, 162
47, 194
47, 292
47, 368
47, 380
48, 57
48, 58
48, 102
48, 104
48, 171
48, 205
48, 260
48, 288
48, 309
48, 364
48, 372
48, 400
48, 418
48, 493
49, 50
49, 54
49, 145
49, 213
49, 303
49, 347
49, 381
49, 390
49, 397
49, 402
49, 403
49, 443
49, 466
49, 494
50, 170
50, 234
50, 296
50, 303
50, 347
50, 362
50, 381
50, 479
51, 72
51, 80
51, 152
51, 155
51, 209
51, 222
51, 258
51, 276
51, 295
51, 426
52, 70
52, 107
52, 121
52, 137
52, 274
52, 320
52, 331
52, 427
53, 82
53, 120
53, 434
53, 443
54, 63
54, 82
54, 145
54, 319
54, 355
54, 360
54, 405
54, 443
54, 468
55, 98
55, 300
55, 323
55, 366
56, 166
56, 301
57, 58
57, 493
58, 99
58, 136
58, 151
58, 372
58, 473
58, 485
58, 493
59, 61
59, 71
59, 75
59, 232
59, 266
59, 282
59, 461
59, 467
60, 62
60, 68
60, 96
60, 128
60, 129
60, 231
60, 348
60, 387
60, 396
60, 411
60, 464
60, 476
61, 282
62, 68
62, 128
62, 148
62, 476
63, 91
63, 319
63, 355
63, 405
63, 468
64, 89
64, 172
64, 353
64, 490
65, 96
65, 227
65, 247
66, 90
66, 172
66, 178
66, 378
67, 192
67, 269
67, 340
67, 391
68, 148
68, 396
69, 164
70, 105
70, 137
70, 224
70, 341
70, 344
70, 413
70, 414
70, 422
70, 460
71, 75
71, 144
71, 180
71, 214
71, 232
71, 259
71, 373
71, 458
71, 461
72, 130
72, 155
72, 258
72, 426
73, 96
73, 122
73, 128
73, 454
73, 464
74, 94
74, 132
74, 206
74, 265
74, 289
74, 290
75, 266
75, 461
76, 82
76, 200
76, 271
77, 109
77, 156
77, 211
77, 253
77, 345
77, 393
78, 106
78, 329
78, 330
78, 336
79, 134
79, 163
79, 281
79, 318
79, 417
80, 152
80, 261
80, 268
80, 276
80, 278
80, 314
80, 415
80, 465
80, 469
80, 492
81, 322
81, 477
82, 200
82, 360
82, 398
82, 443
82, 468
83, 160
83, 176
83, 239
83, 379
83, 408
83, 431
83, 488
84, 250
84, 459
85, 158
85, 179
85, 233
85, 244
85, 284
85, 338
85, 392
85, 457
86, 324
87, 188
87, 346
87, 378
88, 134
88, 318
89, 106
89, 172
89, 195
89, 452
89, 490
91, 468
92, 112
92, 141
92, 185
92, 187
92, 223
92, 285
92, 316
92, 462
92, 483
93, 107
93, 207
93, 274
93, 342
93, 409
94, 206
96, 231
96, 247
96, 411
96, 464
97, 207
97, 437
99, 136
99, 198
99, 249
99, 358
99, 441
99, 485
100, 240
100, 333
101, 169
101, 239
102, 135
102, 212
102, 217
102, 260
102, 410
102, 418
103, 164
103, 377
103, 386
103, 388
104, 171
104, 260
104, 350
104, 400
105, 137
105, 224
105, 414
106, 117
106, 172
107, 121
107, 274
107, 342
107, 427
108, 197
109, 156
109, 166
109, 293
109, 299
109, 385
109, 439
110, 119
110, 143
110, 154
110, 250
110, 455
110, 474
110, 495
111, 113
111, 133
111, 215
112, 141
112, 185
112, 223
112, 242
112, 248
112, 285
112, 316
113, 133
113, 184
113, 237
113, 334
114, 140
114, 255
114, 275
115, 243
115, 370
115, 442
116, 123
116, 300
117, 172
118, 226
118, 235
119, 143
119, 192
119, 228
119, 269
119, 433
119, 474
119, 478
119, 487
119, 495
120, 434
121, 331
121, 427
122, 128
122, 454
123, 246
123, 300
124, 133
124, 215
124, 298
124, 447
125, 367
126, 147
126, 221
126, 277
126, 310
126, 311
126, 389
126, 421
126, 456
126, 498
127, 202
127, 321
127, 332
127, 496
128, 454
128, 464
128, 476
129, 175
131, 235
132, 289
132, 484
133, 215
133, 298
133, 436
133, 447
134, 163
134, 318
135, 162
135, 164
135, 173
135, 194
135, 212
135, 217
135, 263
135, 292
135, 343
135, 351
135, 368
136, 249
136, 473
137, 320
138, 283
138, 399
139, 187
140, 147
140, 220
140, 335
140, 339
140, 444
140, 451
141, 223
141, 285
141, 462
142, 359
142, 365
143, 154
143, 455
143, 495
144, 180
144, 259
145, 402
146, 326
146, 489
147, 220
147, 221
147, 306
147, 335
147, 444
147, 451
147, 480
149, 168
149, 288
149, 349
150, 245
150, 371
150, 376
151, 473
152, 209
152, 222
152, 276
153, 361
153, 430
153, 438
153, 472
155, 258
155, 295
156, 211
157, 167
157, 199
157, 297
157, 435
158, 179
158, 284
159, 367
159, 428
160, 176
160, 239
161, 241
161, 471
162, 292
162, 368
162, 380
164, 182
164, 343
164, 377
164, 388
165, 299
166, 439
167, 199
167, 251
167, 435
167, 491
168, 349
169, 239
169, 408
170, 234
170, 362
171, 400
173, 212
173, 263
174, 236
177, 225
177, 229
177, 302
177, 406
177, 425
178, 201
178, 378
179, 233
181, 233
181, 392
182, 343
183, 232
184, 218
184, 334
185, 315
185, 316
185, 373
185, 458
186, 326
186, 392
186, 489
187, 483
188, 378
189, 212
189, 395
190, 230
190, 304
191, 196
191, 481
192, 269
192, 391
193, 279
193, 321
195, 254
196, 232
196, 481
198, 358
198, 441
199, 252
199, 407
199, 491
200, 271
200, 398
201, 378
202, 496
203, 446
204, 327
204, 475
204, 488
205, 229
205, 364
206, 265
207, 409
208, 229
209, 222
210, 283
210, 288
212, 395
212, 410
213, 397
213, 466
214, 259
214, 273
214, 375
216, 328
216, 429
218, 256
218, 305
219, 221
219, 421
220, 335
220, 339
220, 480
221, 277
221, 306
221, 310
221, 421
222, 276
223, 462
224, 341
224, 413
224, 414
224, 422
224, 460
225, 229
225, 425
226, 235
228, 269
228, 433
229, 406
230, 304
231, 411
231, 464
232, 467
233, 392
236, 412
237, 334
239, 408
242, 248
243, 322
243, 442
244, 338
245, 371
246, 300
246, 440
251, 435
252, 407
252, 491
253, 393
255, 275
256, 305
258, 295
258, 426
259, 273
260, 350
260, 418
262, 419
264, 326
265, 290
265, 352
265, 450
267, 343
267, 351
268, 314
269, 287
269, 332
269, 340
269, 354
269, 391
270, 312
270, 383
272, 471
273, 375
275, 401
276, 314
276, 415
276, 426
276, 469
277, 310
278, 415
278, 492
279, 321
279, 332
280, 496
280, 499
281, 318
281, 432
283, 288
283, 404
286, 394
286, 499
287, 332
288, 309
288, 349
289, 484
290, 445
291, 337
292, 380
293, 439
294, 416
297, 435
298, 436
298, 447
299, 384
299, 385
300, 323
300, 366
300, 374
300, 440
302, 313
302, 406
305, 317
308, 369
310, 421
310, 498
311, 389
311, 421
311, 456
312, 361
312, 438
313, 406
314, 469
315, 373
315, 458
319, 468
321, 332
322, 370
322, 442
326, 392
326, 489
327, 488
329, 330
329, 336
332, 354
332, 496
335, 451
337, 382
337, 423
343, 351
345, 393
345, 482
347, 381
347, 494
348, 396
351, 368
352, 450
353, 490
355, 405
356, 377
356, 470
357, 412
358, 463
360, 468
361, 438
367, 428
370, 424
370, 442
371, 376
373, 458
377, 386
377, 470
379, 408
381, 397
381, 479
381, 494
382, 423
384, 385
386, 470
389, 456
390, 403
390, 443
390, 466
392, 457
395, 420
395, 488
397, 434
397, 443
397, 466
403, 466
413, 422
414, 460
415, 469
415, 492
420, 488
421, 498
422, 460
434, 443
438, 472
443, 466
446, 486
449, 496
452, 490
453, 483
455, 495
469, 492
474, 495
478, 487
end