260
4
0, 0.0036079752739219817, 0.36464000503417593
1, 0.6389646019298709, 0.5095444098306133
2, 0.3910971167486048, 0.37816796563443844
3, 0.03460910363768244, 0.2774541446726738
4, 0.2106124240492272, 0.6086326310413552
5, 0.555046005904839, 0.3233376449287064
6, 0.8598981334730995, 0.5593251387756313
7, 0.5496563232118568, 0.5076933237330828
8, 0.14436040960292496, 0.4086700898538411
9, 0.0490471355891241, 0.8946155027239422
10, 0.6102798953856973, 0.6836700300413525
11, 0.7945560201804599, 0.43747637195768807
12, 0.6255731799959356, 0.5948409438750241
13, 0.708584131523776, 0.3871609600694432
14, 0.16372801935333148, 0.7613245477295103
15, 0.38238350519422837, 0.0980385984384079
16, 0.3841194230490964, 0.31625746492202733
17, 0.03634190219173661, 0.10505699381592903
18, 0.2689709734221002, 0.5520986790883152
19, 0.11160575927332839, 0.06896325511657075
20, 0.47107964405125313, 0.6193934870230744
21, 0.6591312981944873, 0.7396516291458967
22, 0.41895965868986573, 0.4098890769452347
23, 0.39527444603077166, 0.5378916519650724
24, 0.059120892520956536, 0.6371219966671677
25, 0.5028230962065958, 0.011070155705652729
26, 0.5371354122988297, 0.40680978209055074
27, 0.6348767517971237, 0.2247737880720191
28, 0.5684256053295573, 0.5757380865875936
29, 0.28001245659596785, 0.8117088235100954
30, 0.5442782029041927, 0.012759519509484396
31, 0.005665845820322035, 0.5210107424989101
32, 0.6549260838409329, 0.7773413712600469
33, 0.8819158968794532, 0.9268654454069081
34, 0.0014479150625331672, 0.9269385039639386
35, 0.6995675045830512, 0.7266821528960224
36, 0.5301865130558447, 0.6554463025685863
37, 0.53567608778925, 0.7323381886448965
38, 0.6747899478918075, 0.1658374148419699
39, 0.294660342585112, 0.4355662641436857
40, 0.005805019844427606, 0.5079758738599227
41, 0.9837962293910948, 0.391043430718779
42, 0.536836625863705, 0.6784449026490212
43, 0.6799530044918026, 0.5319418800617269
44, 0.41126245601734934, 0.389693009861126
45, 0.35496505021001223, 0.10113613802049115
46, 0.44035123610793225, 0.19591319675455077
47, 0.5142009124774228, 0.9297952092230828
48, 0.13319520375734895, 0.3912563555576408
49, 0.09491815510561485, 0.8190337489185481
50, 0.2357462682883671, 0.028881723438402784
51, 0.8264167071012191, 0.6812222338072835
52, 0.9354927403772236, 0.03978391676010773
53, 0.5142510970391543, 0.6879640043431081
54, 0.9112816006331007, 0.7889846711314951
55, 0.9815481091829146, 0.14375042497891743
56, 0.6738801582184, 0.1067909843327447
57, 0.6122077383735225, 0.5967627690791553
58, 0.26740467182345884, 0.5179656286106699
59, 0.8231127124084937, 0.6860136392209472
60, 0.7163799577043914, 0.03977126806314368
61, 0.46617691730387045, 0.6192842877851761
62, 0.6854955712999127, 0.8444629770514739
63, 0.36145269263295376, 0.37842181980784306
64, 0.3543769950572804, 0.6580226851355184
65, 0.8768139317668119, 0.13471733671698105
66, 0.041014775256998814, 0.3637625368879752
67, 0.5910514151837157, 0.7369984470345211
68, 0.48020765835571233, 0.03445499837831856
69, 0.7368260257547328, 0.44424770094982624
70, 0.3683503712462133, 0.9010331199856846
71, 0.9693904548790783, 0.2552128330903164
72, 0.5365774264523848, 0.8982731269688865
73, 0.7210990812127304, 0.7903180650337567
74, 0.6058948685758707, 0.05372690687434334
75, 0.8557483551764985, 0.04480391375002424
76, 0.5382761433031953, 0.5601196507582316
77, 0.8754046958384578, 0.7302463300116971
78, 0.39092093089943813, 0.42713203933253074
79, 0.5695859560780286, 0.7065631873758554
80, 0.510733495143221, 0.6256220396394565
81, 0.4439879650915818, 0.857945141598195
82, 0.08369237739943214, 0.4014493591843
83, 0.3704422235713283, 0.21859167433445026
84, 0.9704138271587065, 0.5541443871312624
85, 0.1906818949877379, 0.22284508251039303
86, 0.8653134981087875, 0.4071680492500378
87, 0.1064440836990388, 0.2758842882279533
88, 0.3786076570079485, 0.08195831650755081
89, 0.3706683184977583, 0.08753621733153627
90, 0.43951491698722, 0.6218570944214439
91, 0.8612135416351978, 0.910821937137264
92, 0.9777247304820672, 0.674659704473775
93, 0.718403437308724, 0.18769227053277981
94, 0.08395665815278075, 0.9009219510554537
95, 0.9097541696915846, 0.0463017258875803
96, 0.780787349261188, 0.46642492720479156
97, 0.2606715009719208, 0.8892937225934658
98, 0.3184760827569927, 0.7130288148737153
99, 0.8071688216279378, 0.5647809160746646
100, 0.9472452845675733, 0.34325277018925937
101, 0.855693153441197, 0.7699717855371431
102, 0.7112481107488847, 0.7712563701301534
103, 0.2827633901173988, 0.005233887221650968
104, 0.5468632456450436, 0.8503345337838937
105, 0.7000580713123712, 0.7266711198708502
106, 0.5131543764195022, 0.7165387520719732
107, 0.0995309337900161, 0.2604324094356081
108, 0.6269439880911155, 0.8511568369811288
109, 0.8962535683184334, 0.13164129753293374
110, 0.5849306251847975, 0.6841143076162356
111, 0.014579453270368137, 0.53382939083706
112, 0.5180979690504113, 0.14096656096414917
113, 0.5068288232185745, 0.3945988308682432
114, 0.23172503728972582, 0.9268282650877304
115, 0.013000217454170127, 0.4950533336118238
116, 0.19495658387268366, 0.957643694666985
117, 0.06486952890854603, 0.31784583902195185
118, 0.13861462930679314, 0.5634241976143238
119, 0.7562960363745642, 0.8961107208416003
120, 0.8062382302337823, 0.43556228620203874
121, 0.8453073807634138, 0.5323567114963926
122, 0.12958622143248044, 0.9612762882211929
123, 0.5245291090074686, 0.7252113578278784
124, 0.39785681502834447, 0.6727807027556612
125, 0.8074204953274855, 0.3484689981403406
126, 0.8453394181395185, 0.6891312453020988
127, 0.958916901158063, 0.9572123060416965
128, 0.4453564911380822, 0.9318473982715225
129, 0.35635392082117534, 0.760169929334958
130, 0.6382657546547347, 0.628441810439006
131, 0.9793711898287518, 0.9503277622003158
132, 0.5565066939700154, 0.4495807371536086
133, 0.16849967449530945, 0.4261920718988509
134, 0.2076094961511522, 0.2122941040584132
135, 0.3133066472859932, 0.5460019425801275
136, 0.40734110613547614, 0.41747358161930237
137, 0.679486801513379, 0.3903573919672285
138, 0.4470324378538544, 0.8448610978628248
139, 0.35836374429513607, 0.761975449163352
140, 0.5773167764861356, 0.7670098371621165
141, 0.11205939488604422, 0.7624691837261452
142, 0.9696266018521894, 0.8775981845288315
143, 0.7237066613521644, 0.6710118828126319
144, 0.3409065191800261, 0.1930506969651773
145, 0.5327115988673715, 0.41960414241788546
146, 0.11678178442176534, 0.2825930126545625
147, 0.1380900499721468, 0.7857661872180204
148, 0.5495628201031297, 0.34471130013108464
149, 0.014848926145924035, 0.9378155748806476
150, 0.29254922351774904, 0.5170493199823353
151, 0.8192148653954887, 0.7452746994029154
152, 0.8930205936470138, 0.42215036971538367
153, 0.3289965267915176, 0.8232082940930081
154, 0.32176884231828184, 0.01141590513947377
155, 0.49411289259850144, 0.325632846018173
156, 0.2572990245162593, 0.47499829268242577
157, 0.18672611352228197, 0.3719727522698547
158, 0.6897892474061589, 0.5921989577004169
159, 0.720736868206936, 0.3341855060410599
160, 0.5302777329284467, 0.8986423702507197
161, 0.6356541669894056, 0.3233063404192533
162, 0.8995224032899777, 0.5692802323824564
163, 0.7574673387182459, 0.4365894659294409
164, 0.6023825704847663, 0.21738268715819176
165, 0.7376992439528376, 0.6313968719710689
166, 0.7451412149026028, 0.6115250683537027
167, 0.806876647301232, 0.1549215627052727
168, 0.5573960346471443, 0.41740609434510234
169, 0.5670722297226891, 0.0723909047602116
170, 0.7317573319847145, 0.38953215165956545
171, 0.12146674084830522, 0.3338213463819152
172, 0.29771236290056646, 0.044014367473775406
173, 0.9139002228047033, 0.28613473409932066
174, 0.61905572127046, 0.31033736287997604
175, 0.4126267524932463, 0.0537361434643433
176, 0.25344307830258317, 0.47343833164986937
177, 0.9135187421574242, 0.1110299558122656
178, 0.47571444703032006, 0.614945420411419
179, 0.33789588934739956, 0.18466177589081967
180, 0.24486581582741818, 0.8974582340497083
181, 0.3271771296399353, 0.5938107287350763
182, 0.49397376117639424, 0.2737142279101523
183, 0.0003898142977855068, 0.18407890914921354
184, 0.11180761253207905, 0.5238377221334402
185, 0.6155664349448903, 0.22387103974299738
186, 0.17305364359514552, 0.3287617263517125
187, 0.9584068839060295, 0.13940197327736592
188, 0.9140010843667673, 0.7891782618478277
189, 0.6548522166135375, 0.8607605535228205
190, 0.05446138297759795, 0.4691055774891276
191, 0.8119391907275183, 0.5833577607526028
192, 0.5248570323630156, 0.614151548807392
193, 0.24626198757452933, 0.42187179642600703
194, 0.6934397846907042, 0.7933495513667344
195, 0.4804133332556353, 0.8220866872726801
196, 0.5680990167226851, 0.8935439301542998
197, 0.02135708512752077, 0.32280493550227374
198, 0.4961599791043625, 0.7014123518627604
199, 0.06506241879839836, 0.4349863895228647
200, 0.6441602804195227, 0.2971872589686517
201, 0.21428096290617116, 0.11505254823247812
202, 0.85552828734281, 0.29161496833075806
203, 0.9966946832632527, 0.020586916857552207
204, 0.42607015965691475, 0.5296652752945686
205, 0.7093123904753524, 0.8545151650251438
206, 0.8930593277067875, 0.009780755237121297
207, 0.706379791060192, 0.8994332730744777
208, 0.8423925718640863, 0.5362823521207128
209, 0.961985114523162, 0.513026378463427
210, 0.20742454007705513, 0.8678006105127449
211, 0.9758068625692845, 0.5573713145650079
212, 0.9171701964340555, 0.08855045197247446
213, 0.291077699230338, 0.7392185029794882
214, 0.4171877674634995, 0.5045725775540395
215, 0.9891359950202985, 0.7810561683703119
216, 0.43319630062277026, 0.05405738104805369
217, 0.40989436746637364, 0.3793319933625644
218, 0.031953996012680674, 0.5567786384849838
219, 0.31965020151126333, 0.4558952585663292
220, 0.6674655878894444, 0.1375278382576851
221, 0.17364461505002793, 0.2855773126656658
222, 0.9029466551210634, 0.25171438628807674
223, 0.43597649925975335, 0.8150601173552511
224, 0.3696855050999648, 0.7291903804968068
225, 0.3016008280665554, 0.28638004986221044
226, 0.9940479525303162, 0.5533163191054159
227, 0.640971589389713, 0.14531042677623196
228, 0.6155365114354548, 0.1282109385670409
229, 0.5708228616404588, 0.8172787779312993
230, 0.9796340022229167, 0.3236601898585799
231, 0.12248085283584198, 0.43310612446005403
232, 0.8217319558401488, 0.4436133705300299
233, 0.4132057503057067, 0.9424603097938239
234, 0.7400611704325382, 0.8565574469759497
235, 0.07008891210110557, 0.05518631498011839
236, 0.8225487518129239, 0.819194819946879
237, 0.34763163938279906, 0.9558938418574966
238, 0.6260508412231105, 0.7123050002598545
239, 0.9496143294919628, 0.40240785804032864
240, 0.518516819790118, 0.5605617518254289
241, 0.8095671940274037, 0.528781697460857
242, 0.15099258504986623, 0.4858703393062652
243, 0.2911370053948439, 0.5569004024418759
244, 0.5379294762845921, 0.6102683463221477
245, 0.6832624769519114, 0.4772122723307519
246, 0.7615326920439999, 0.7633239090569978
247, 0.10861737310753006, 0.223923352094052
248, 0.17456121745464415, 0.5756487760424518
249, 0.6876905283408881, 0.6645394963874507
250, 0.37400952198847104, 0.36310783902755983
251, 0.5043086697117876, 0.02258260957080671
252, 0.6598910448293883, 0.27082652367521554
253, 0.9038953188879906, 0.5879633923782719
254, 0.38407423712517275, 0.1695519784673457
255, 0.7987066599964452, 0.11483902878925922
256, 0.33699749079537356, 0.09915926707674261
257, 0.5127612613382972, 0.8200701299902042
258, 0.6985761962828416, 0.6616978937732267
259, 0.6920178967580815, 0.6696738911368624
end_nodes
0, 1
0, 2
0, 3
0, 4
0, 5
0, 6
0, 7
0, 8
0, 9
0, 10
0, 11
0, 12
0, 13
0, 14
0, 15
0, 16
17, 1
17, 2
17, 3
17, 4
17, 5
17, 6
17, 7
17, 8
17, 9
17, 10
17, 11
17, 12
17, 13
17, 14
17, 15
17, 16
31, 1
31, 2
31, 3
31, 4
31, 5
31, 6
31, 7
31, 8
31, 9
31, 10
31, 11
31, 12
31, 13
31, 14
31, 15
31, 16
34, 1
34, 2
34, 3
34, 4
34, 5
34, 6
34, 7
34, 8
34, 9
34, 10
34, 11
34, 12
34, 13
34, 14
34, 15
34, 16
40, 1
40, 2
40, 3
40, 4
40, 5
40, 6
40, 7
40, 8
40, 9
40, 10
40, 11
40, 12
40, 13
40, 14
40, 15
40, 16
111, 1
111, 2
111, 3
111, 4
111, 5
111, 6
111, 7
111, 8
111, 9
111, 10
111, 11
111, 12
111, 13
111, 14
111, 15
111, 16
115, 1
115, 2
115, 3
115, 4
115, 5
115, 6
115, 7
115, 8
115, 9
115, 10
115, 11
115, 12
115, 13
115, 14
115, 15
115, 16
149, 1
149, 2
149, 3
149, 4
149, 5
149, 6
149, 7
149, 8
149, 9
149, 10
149, 11
149, 12
149, 13
149, 14
149, 15
149, 16
183, 1
183, 2
183, 3
183, 4
183, 5
183, 6
183, 7
183, 8
183, 9
183, 10
183, 11
183, 12
183, 13
183, 14
183, 15
183, 16
197, 1
197, 2
197, 3
197, 4
197, 5
197, 6
197, 7
197, 8
197, 9
197, 10
197, 11
197, 12
197, 13
197, 14
197, 15
197, 16
end