480
4
0, 0.34804735014739496, 0.9593940743960312
1, 0.7007261453068612, 0.2927440911294379
2, 0.436661299375693, 0.4826035923913703
3, 0.24049507944313875, 0.21020525963921344
4, 0.45802418378590026, 0.7872055805185434
5, 0.5933909816115419, 0.1372320558156831
6, 0.8119176270484324, 0.17468029416701425
7, 0.15254864148251646, 0.02727378279873749
8, 0.28296919108113217, 0.6193771467535498
9, 0.9402823074796424, 0.9143669374504934
10, 0.000581179036144297, 0.9271735184135911
11, 0.34192687371627906, 0.8428689824105765
12, 0.525461928694102, 0.5547978167314814
13, 0.3476193901082596, 0.5907587327950926
14, 0.19394924376182965, 0.04816803826655891
15, 0.9595903769925276, 0.8802096930014304
16, 0.9828561316128024, 0.4095651688752252
17, 0.9083115032023301, 0.7485284163543318
18, 0.1513196790811766, 0.8437199724399701
19, 0.9835288617948033, 0.44114982684402315
20, 0.8025438701001397, 0.014159041943201056
21, 0.7561931301140891, 0.6807462616243769
22, 0.34257258565106163, 0.993859699025858
23, 0.9151717304379351, 0.15218158577579077
24, 0.134480750159088, 0.5174533402417918
25, 0.17454242371368256, 0.37809963190973417
26, 0.6299511077744748, 0.003179370316803709
27, 0.024782213351796534, 0.059900436726860184
28, 0.3820687681200743, 0.410957329030346
29, 0.521405601747416, 0.8786994456867899
30, 0.2999776797880662, 0.16251304551145485
31, 0.3352141797975199, 0.03455836304850857
32, 0.6637033247442434, 0.6568804527139177
33, 0.6721145077611437, 0.1456142676421862
34, 0.29387541559657226, 0.996416035860962
35, 0.10461703088432373, 0.6395152012798185
36, 0.2428115497125034, 0.7029804948163183
37, 0.2131119367447729, 0.09100716450135782
38, 0.6953831220113582, 0.5996915437183118
39, 0.9130071757433087, 0.09530545575125571
40, 0.8376940480996584, 0.03888945409541722
41, 0.7459927749847801, 0.5468448171061089
42, 0.5905114111226809, 0.082364546410306
43, 0.16982928732876001, 0.5571713855950271
44, 0.2732270661406858, 0.09416495018902904
45, 0.5345730541041919, 0.561230849245071
46, 0.35704723119027837, 0.8094370311062047
47, 0.8251675629347617, 0.8797631931816641
48, 0.06765541838444222, 0.8219504441602504
49, 0.7223296934850982, 0.9749361102338079
50, 0.5049286322346112, 0.08025794336103587
51, 0.7459532306480613, 0.20730573668448182
52, 0.14746632873728838, 0.568242948477695
53, 0.9245318855629633, 0.5435445866657724
54, 0.6177229513825165, 0.4134432810025471
55, 0.4838651450557755, 0.1716308002959528
56, 0.7034709866733556, 0.7592387993930686
57, 0.25124452088824356, 0.1562883460412675
58, 0.6879947618353944, 0.9291594635963847
59, 0.7241028341474888, 0.14157552247038097
60, 0.732112547831558, 0.29475296638221105
61, 0.6774941220322405, 0.9327956217563028
62, 0.5489480561310093, 0.7546976579441997
63, 0.3769755245685762, 0.4090577470264196
64, 0.058011119095288555, 0.4019919035774915
65, 0.07619367052100878, 0.15520254982788229
66, 0.6281945499649902, 0.08644185579116748
67, 0.7885593308544686, 0.25169142996671745
68, 0.4506093129392542, 0.9129690357622793
69, 0.04702072332620544, 0.8528336341065982
70, 0.5285299059884668, 0.36121199866178677
71, 0.3282186714679275, 0.8987045286231141
72, 0.635297264623697, 0.5289238289078833
73, 0.12702669139456624, 0.7036484358726005
74, 0.5078535729420441, 0.7022990949692146
75, 0.35770325090909494, 0.9519282550542347
76, 0.5538044597541645, 0.9293416620638989
77, 0.9828514708336493, 0.25865990138146033
78, 0.24099969082322992, 0.5649418422540248
79, 0.5994766352638496, 0.18661422578431175
80, 0.6888086761697247, 0.8216618613351236
81, 0.8515116633547879, 0.8131632193784284
82, 0.3752714391060481, 0.6684735069140031
83, 0.7988339459934289, 0.2785049871624069
84, 0.7283384601049816, 0.8704951462444541
85, 0.0902463198132113, 0.057254976118382594
86, 0.7963024992079831, 0.2731435806024338
87, 0.8004894794340018, 0.7607462833500999
88, 0.16401103742412415, 0.6956647824209831
89, 0.4978579620642285, 0.4677473977279556
90, 0.9824491951335906, 0.9094911753838446
91, 0.9063834246633755, 0.30906655247638215
92, 0.003775902431964795, 0.7360101180093993
93, 0.37617814940814776, 0.32944415500907875
94, 0.4661995286905882, 0.6698148910992151
95, 0.7641400001541818, 0.9323791566784636
96, 0.7082587850266633, 0.04813924641171197
97, 0.26587707483165457, 0.22562725018238972
98, 0.5291021562224271, 0.5690082304120219
99, 0.5494871602802939, 0.004434647186558727
100, 0.4197100651462302, 0.7534546887207464
101, 0.6958481403271753, 0.8130698189957359
102, 0.5886686586662938, 0.13543656549163374
103, 0.3832269753527203, 0.3522239077615086
104, 0.5168258569460138, 0.005968944307354729
105, 0.7516162930315402, 0.8257785364449903
106, 0.18353485837391115, 0.8624234442267581
107, 0.771577137980734, 0.5103709598334534
108, 0.21475182453750497, 0.12443849068809809
109, 0.9538253004724101, 0.8698961602418989
110, 0.5404220238650669, 0.05911984771370227
111, 0.7278375619121606, 0.4103097184295932
112, 0.5978973219608609, 0.7412048886124919
113, 0.6869396498972843, 0.376344040821715
114, 0.4619882959321886, 0.6197859562547547
115, 0.40086533236369704, 0.2996781151542184
116, 0.5321426420792297, 0.3098286622654518
117, 0.18472185039781042, 0.2623910188263954
118, 0.05758404955648644, 0.8188382935743758
119, 0.1641709413760547, 0.1424326928240066
120, 0.6260811328863883, 0.8906536935692352
121, 0.9593679524648665, 0.8104107550660751
122, 0.2937235644068118, 0.6521808516269576
123, 0.28037012034976516, 0.5098460064017855
124, 0.7304464932117964, 0.6843455854655153
125, 0.8322876654584059, 0.3838492138131854
126, 0.4875906516058097, 0.14677040665022523
127, 0.7475737181246529, 0.6074199637550853
128, 0.25748415094306076, 0.41825818773616696
129, 0.5145528259234923, 0.9436924099760533
130, 0.49135292723466606, 0.09830963412246307
131, 0.9202138455722481, 0.6364743086371965
132, 0.13422696654829125, 0.721468710176192
133, 0.022990276580804436, 0.6604129507563338
134, 0.48532739081129095, 0.9867164239624971
135, 0.8999179120802827, 0.6403360663522449
136, 0.28011052781811097, 0.43540803151157836
137, 0.7480863452652677, 0.3166002308845779
138, 0.991243883034717, 0.31822245814366423
139, 0.1887629910340639, 0.45079509984509114
140, 0.1553151125090635, 0.8048330462695886
141, 0.7069731684695439, 0.8362797598893422
142, 0.9180047129873956, 0.8084751442609868
143, 0.9107710228069497, 0.8926906600545143
144, 0.07087855375231888, 0.9652694238885846
145, 0.3595159119684693, 0.9227048891073841
146, 0.6697393494809734, 0.6511019875189553
147, 0.1401834782583603, 0.5140905595453436
148, 0.7612149960471586, 0.2971615006779199
149, 0.04447204914013536, 0.3054971504409457
150, 0.279624074819662, 0.8099383022692536
151, 0.23574314587669631, 0.34085350224806754
152, 0.43659269031060666, 0.05592827688522628
153, 0.4397097093908131, 0.908173336661549
154, 0.6937670192087474, 0.9537752965567634
155, 0.5644808855571138, 0.24742174947227735
156, 0.7059758547967686, 0.1812040496264623
157, 0.15207413456210583, 0.01426440142996066
158, 0.9234717542737643, 0.6493382089835751
159, 0.2729712044396315, 0.8939628076798072
160, 0.6361379983615658, 0.70971925814036
161, 0.1413126697999022, 0.2575602306102601
162, 0.15787740372741244, 0.8627158857389643
163, 0.1875823466408606, 0.15208911240383727
164, 0.508619374061694, 0.9065620751911507
165, 0.20511733811016464, 0.3518112461492673
166, 0.10977300926635691, 0.31940378825932725
167, 0.6436547986468187, 0.030393622940051213
168, 0.4075510706992248, 0.8307208264199668
169, 0.5847487116646151, 0.942834381229532
170, 0.6482466168153715, 0.6945480500990199
171, 0.8884389690140068, 0.20500202560250114
172, 0.6653720518371918, 0.30983169750095363
173, 0.5332236678936402, 0.8563013173176104
174, 0.4446751273126509, 0.3696548457027585
175, 0.7027855611526674, 0.46186263102255853
176, 0.7456875408665612, 0.39912488134469026
177, 0.9062785217196897, 0.0709978714471674
178, 0.14209085495945928, 0.41800135206577493
179, 0.9263571643004783, 0.19358711824043817
180, 0.0839596251638467, 0.9388845738929152
181, 0.5409008815066352, 0.3296362128271999
182, 0.5430230183664062, 0.6406166981660175
183, 0.03530780716559845, 0.056247213851698064
184, 0.9605677279125217, 0.420735706174203
185, 0.7277868209632729, 0.8599163931303792
186, 0.9600489345712268, 0.26336541788404033
187, 0.7944538426505793, 0.6128498190068724
188, 0.3364294455019705, 0.8879298315415702
189, 0.9356126210983704, 0.9882110454379351
190, 0.34479308857245516, 0.4594945937962446
191, 0.7719367166357832, 0.6595188932941919
192, 0.179244976897745, 0.3058033700079519
193, 0.4027776673707759, 0.14524954061166506
194, 0.9362737076296723, 0.9189346969972836
195, 0.6073926887451213, 0.16605001286912657
196, 0.863692296737189, 0.7233233838605942
197, 0.6916329899009955, 0.7239528946794046
198, 0.010072798557222762, 0.2281722276414445
199, 0.2090705163435821, 0.7990083765088878
200, 0.9859902975852812, 0.4934205108804389
201, 0.2072911303860564, 0.8020633661433865
202, 0.5165371210380094, 0.7449368412885734
203, 0.21935574537885327, 0.1984744586755407
204, 0.31244145560345216, 0.6849678666796045
205, 0.6928627743963899, 0.25519665481224807
206, 0.37929983201316564, 0.6029874576170977
207, 0.04791319361971247, 0.9386925682475596
208, 0.6166298877448346, 0.6638534633196564
209, 0.5974028498602936, 0.9168194220954491
210, 0.6724585629524292, 0.7226767523602513
211, 0.004197946381745865, 0.9355634505054511
212, 0.6988018779087403, 0.0962411999890358
213, 0.026305912602811787, 0.1098180095372493
214, 0.8474135360474377, 0.4930758735728762
215, 0.6689503576180879, 0.02894964552278212
216, 0.03961938188115932, 0.8865246273326294
217, 0.04491636290779655, 0.44614014304586325
218, 0.5116487237753654, 0.6369937527417078
219, 0.9220205837574261, 0.9059281899863764
220, 0.4726540574303397, 0.45131732728588003
221, 0.781161930415417, 0.039339936346269866
222, 0.796565944827296, 0.42124972057100085
223, 0.5775605785242431, 0.20027832968951031
224, 0.996668088787032, 0.828778943608978
225, 0.23039729803686793, 0.5100833311326421
226, 0.4745934103645636, 0.5561517910778658
227, 0.25160870228369303, 0.37022482357546416
228, 0.7535454744802377, 0.49243051988689746
229, 0.36317422360979335, 0.06721344975888455
230, 0.6436235726998737, 0.7512932155224146
231, 0.6897340419544753, 0.4353493911870453
232, 0.5879571743056449, 0.8443839043422016
233, 0.07261458943329324, 0.2748856892403597
234, 0.21750148394338842, 0.11679191363171837
235, 0.42418251308752775, 0.5634341648787716
236, 0.8857217962353393, 0.21097153066220198
237, 0.4016617195509101, 0.641624182991328
238, 0.13136342617560026, 0.13889887418786095
239, 0.37933879054444386, 0.22449085150349668
240, 0.426958415701471, 0.2838733113336892
241, 0.16762146036850434, 0.6705397004203174
242, 0.29356251401811195, 0.9022694719093568
243, 0.8604981409239352, 0.775002514000908
244, 0.2331943052797696, 0.47936523025118727
245, 0.6200169170887847, 0.690578375799831
246, 0.3758028518047034, 0.4236508710347422
247, 0.08702555858130023, 0.7244215992440413
248, 0.547790805463469, 0.5854984336113238
249, 0.5125451440629858, 0.47059305300222654
250, 0.6226014889206325, 0.1400189888983524
251, 0.5811011692022843, 0.44081085737474746
252, 0.5780161496787108, 0.7155053950398936
253, 0.13453974997920692, 0.5627450738269896
254, 0.7986204900314658, 0.21347132491484688
255, 0.05757972900250874, 0.13031302039014903
256, 0.9640957401319394, 0.47434980553094475
257, 0.35269751631822954, 0.5081822088548421
258, 0.36754963714227473, 0.7674124918625244
259, 0.60410960949656, 0.08758195170162308
260, 0.2116846071253894, 0.5847990081478828
261, 0.40909650869126957, 0.04523028665854911
262, 0.4132544121463564, 0.4768579701440586
263, 0.35358229255425055, 0.8479231044582264
264, 0.7848430925326458, 0.47147608708275757
265, 0.5156986380037005, 0.2771170285387413
266, 0.16128979423241374, 0.22335636079409116
267, 0.24766662045083832, 0.6897869981357874
268, 0.9480451774614519, 0.33501233005089026
269, 0.6987407437336599, 0.04215547729390123
270, 0.40403148088118435, 0.536723708204607
271, 0.0009109342443526236, 0.6996366764571049
272, 0.8741615724090884, 0.7482219385430894
273, 0.7952228989510549, 0.5940342551034478
274, 0.1116751853708503, 0.6771505693059984
275, 0.5223549261686017, 0.03239659982546317
276, 0.6179838269313189, 0.02821971485314001
277, 0.04008271752599191, 0.32333611008560614
278, 0.8578877598369669, 0.2847989642012969
279, 0.5879493489422183, 0.7810021279613736
280, 0.7757977840845807, 0.6731607101581641
281, 0.2922368413164371, 0.63764726787645
282, 0.22392377209528924, 0.012668115346353037
283, 0.25385216185025905, 0.2874423788761187
284, 0.8118356367757399, 0.5850163444571387
285, 0.5285682101212501, 0.9218080195523962
286, 0.3402127548898757, 0.7205626091442909
287, 0.3671230997936439, 0.167675034743072
288, 0.5966729876059563, 0.00414592602266306
289, 0.8765843209818273, 0.7897073318122851
290, 0.07231983997008518, 0.9845904991590828
291, 0.4292310720556556, 0.4630476870105563
292, 0.5863479079698908, 0.1810818987697449
293, 0.702429431763733, 0.6153249316558685
294, 0.40745817275501883, 0.9154204851930561
295, 0.8293919834685225, 0.5400349755488156
296, 0.01979795382080829, 0.5434074088075223
297, 0.8236588330915168, 0.3712511644220652
298, 0.936562136433268, 0.5420681263545053
299, 0.5631903178936994, 0.691314705590239
300, 0.021730744244287226, 0.675690837085012
301, 0.018128625289647093, 0.9983485473149911
302, 0.7481171094606586, 0.5711881142390429
303, 0.9926962412077014, 0.053488084397396496
304, 0.6603217143971669, 0.016670513086069705
305, 0.619671035803256, 0.40349981892104547
306, 0.7540463115170859, 0.3897237849266585
307, 0.3159088879750769, 0.054007865745884676
308, 0.1987128527892883, 0.04304199036308387
309, 0.9292200776988699, 0.6826974345401752
310, 0.028404990106058348, 0.1489432652133199
311, 0.564175343059462, 0.7707812172310398
312, 0.21448195456681796, 0.6921881118583405
313, 0.7664164813990377, 0.08550543521700926
314, 0.9962962213377645, 0.6234008892507452
315, 0.6173558745111608, 0.42953481858407694
316, 0.6383357406225484, 0.8066840032461559
317, 0.6085507532740623, 0.4774492422921772
318, 0.7232544021521845, 0.5234935424282453
319, 0.775313106537509, 0.2359342684734943
320, 0.12812032554030794, 0.6756243522827461
321, 0.4257956595782981, 0.792308023112382
322, 0.676968955466936, 0.4995454479207858
323, 0.070329038455758, 0.8298912626373254
324, 0.9533781752899619, 0.7461642748866215
325, 0.4613543131883391, 0.7495937123527665
326, 0.07153897582514479, 0.8941263860850686
327, 0.4558612223369398, 0.8584143675809917
328, 0.6879202082060494, 0.5171668971640212
329, 0.7727995368145566, 0.19292901978775823
330, 0.08475045544133819, 0.8053351011103345
331, 0.20335310919756389, 0.3649634368883018
332, 0.7233882638969393, 0.959365450955934
333, 0.5327601905156807, 0.8238831984802426
334, 0.39832289567356904, 0.6904644054922146
335, 0.6680415990555486, 0.08351635092167409
336, 0.24832881427530884, 0.06942801779787422
337, 0.9051176455765466, 0.7749158261521834
338, 0.2780716007425025, 0.4784206731159292
339, 0.5562116287642321, 0.3662597690991809
340, 0.31127718306528485, 0.5649859234153679
341, 0.3854372515080552, 0.1270201257228174
342, 0.4848136663486555, 0.391794181185646
343, 0.09310718436030485, 0.21719238988794576
344, 0.6086547121162125, 0.7494285484952449
345, 0.43676669044821614, 0.25205052871966405
346, 0.8034724964003819, 0.1735093070057453
347, 0.8631942730822936, 0.0474448936025198
348, 0.9374049000062048, 0.5643309503726411
349, 0.2117930319348793, 0.48169275553197566
350, 0.4233015434962032, 0.2874556823376061
351, 0.5225487269885789, 0.380468200954755
352, 0.40048220711838955, 0.8320372864234207
353, 0.4182535678514675, 0.1645941771888545
354, 0.2157798051399782, 0.5216784958096573
355, 0.48986340442111465, 0.05142467276065821
356, 0.47902745608212116, 0.5878165137652115
357, 0.8005555834324221, 0.25208066506249227
358, 0.4143746039242655, 0.3980764615785465
359, 0.8968067233158582, 0.8437733800271292
360, 0.15486361811947613, 0.3697241435784808
361, 0.5720349096833841, 0.34147202105150387
362, 0.2023766647145372, 0.020725189214001127
363, 0.3442718271399635, 0.7283984435370872
364, 0.7571400851450559, 0.37457943209332045
365, 0.9728460686559189, 0.7261887493463274
366, 0.3890641193980027, 0.8976054076177299
367, 0.18161179406432315, 0.6828326895349044
368, 0.1891573297429947, 0.023948381693977616
369, 0.7958474451120477, 0.4278084565738184
370, 0.36699107762481453, 0.20234454846485617
371, 0.08696135649528525, 0.10747912003242255
372, 0.6302887006953626, 0.496522323690619
373, 0.520902383194692, 0.6241411403913149
374, 0.31669840235195557, 0.4697314916271923
375, 0.7193114659053628, 0.533398116789646
376, 0.2717702878839924, 0.2514581188110202
377, 0.8406816320538738, 0.887252260736552
378, 0.38400238574063217, 0.9124454338082894
379, 0.5183589111207378, 0.2963808929602062
380, 0.9846807462470678, 0.9214757651096063
381, 0.3570988070743083, 0.08732718457385957
382, 0.2726939350432198, 0.5787162205992389
383, 0.9439905795448943, 0.6748214943316926
384, 0.09532440219014726, 0.8424148057991235
385, 0.6978513656922012, 0.9084192821464196
386, 0.9590165600903533, 0.5560594482136165
387, 0.8043676171309562, 0.8662048634508459
388, 0.23539106825063927, 0.06807220800071867
389, 0.949569665114499, 0.5558087860292896
390, 0.38513774999742345, 0.42976034763934334
391, 0.3469176465637426, 0.9403516423471731
392, 0.4064869011181096, 0.1068552774981748
393, 0.7720010863781344, 0.7062686781217236
394, 0.4431827708728667, 0.1269663141453684
395, 0.15115568043810468, 0.5911048130780895
396, 0.7001227002350972, 0.643491437808379
397, 0.7149604903914395, 0.00638726956354474
398, 0.3180561806648493, 0.2576618507989137
399, 0.8665519802251013, 0.8571838955629116
400, 0.5178622765384703, 0.5761681812087529
401, 0.4071597279158349, 0.43314826795824124
402, 0.48442057973160557, 0.805347378330502
403, 0.9500417142583535, 0.11225244143281932
404, 0.7366272195790716, 0.3469554587779661
405, 0.23087433184808004, 0.8376361860419694
406, 0.8481901443287616, 0.6922047313519265
407, 0.8578070990910025, 0.32139487830968416
408, 0.3198921007470268, 0.07370184950904901
409, 0.09740734759385361, 0.36335975227529804
410, 0.4625351248533599, 0.8866243775068392
411, 0.122290698462729, 0.7885716351099423
412, 0.3605054101631302, 0.15562890299459564
413, 0.36441762881120854, 0.8201666499896986
414, 0.8740499769165931, 0.567366404910477
415, 0.2981282271747985, 0.7771182943108882
416, 0.8989208488288647, 0.9795513404995521
417, 0.16724594853517105, 0.8867386591197713
418, 0.17088615301619314, 0.7930301545687595
419, 0.7819918332181806, 0.5987597517533427
420, 0.049121126191029596, 0.029923441409287377
421, 0.1514400983409504, 0.775850931801075
422, 0.3086670118572341, 0.4276021559141274
423, 0.148665441176264, 0.00890688877526713
424, 0.03730908899772145, 0.8186455174661631
425, 0.383422998616583, 0.022344807041801085
426, 0.9617227780529618, 0.4227826057870916
427, 0.8105391759970462, 0.9563976408358611
428, 0.5462238692985758, 0.2090394119013096
429, 0.36228505465109806, 0.3710734821081495
430, 0.6425590599780577, 0.5900407052858219
431, 0.2887090034084796, 0.8390404322161118
432, 0.04410365338006106, 0.07374278899555797
433, 0.010131477201615002, 0.3975518599081299
434, 0.9501570956068952, 0.7811778195902894
435, 0.24884488373609004, 0.3380860180116996
436, 0.07144100478775173, 0.8479743919508731
437, 0.699366450237911, 0.5505887291164859
438, 0.08991328769631612, 0.8780062125914274
439, 0.05323172319870928, 0.18180013950787888
440, 0.6366168228921759, 0.5263033261415928
441, 0.6654721671160723, 0.5269901271385488
442, 0.4300386861855654, 0.23077184137821838
443, 0.5464519003063033, 0.8640248979263173
444, 0.8025855550322417, 0.37477165686952696
445, 0.2816371187655049, 0.9592240013562815
446, 0.47936043855673005, 0.5625678813632949
447, 0.7965932588550589, 0.2994525041127879
448, 0.368714622109231, 0.01285296753501286
449, 0.9143149256995073, 0.2527004344444762
450, 0.8626585451318187, 0.3981018769217909
451, 0.17254641941776028, 0.9297554902689209
452, 0.6508875443996367, 0.16972741473482578
453, 0.5764244196947899, 0.2871072680269462
454, 0.002114672820749841, 0.5149335762619048
455, 0.09629049164654335, 0.9863143959112705
456, 0.17979252093944154, 0.6879766779145996
457, 0.4333678516337832, 0.934738609654628
458, 0.9042652018987796, 0.1585265117086686
459, 0.0026117944989523245, 0.2716958426260102
460, 0.20697323575720283, 0.624385772264449
461, 0.3856436137444711, 0.5777523661568362
462, 0.9287139844330116, 0.31240453617386743
463, 0.9626252289514221, 0.39289214739236167
464, 0.07874919679746628, 0.5721123851615082
465, 0.18364039666678367, 0.36150980089304596
466, 0.6789518233460317, 0.6968099715527254
467, 0.4222530708590898, 0.4054740197419806
468, 0.6685435402688216, 0.991693294544884
469, 0.531904479548105, 0.8630680468786155
470, 0.9380176324147179, 0.009369888811579297
471, 0.5341801571962996, 0.28571034466722045
472, 0.35361242898984835, 0.9266418843511502
473, 0.34107195817904, 0.3673633480532955
474, 0.016472659491349795, 0.11359924124875587
475, 0.9751258832829668, 0.6102474172107114
476, 0.23305073357180883, 0.5265572726674054
477, 0.3424322774290586, 0.4938092949413023
478, 0.21813891554178888, 0.31353632194518577
479, 0.09227402093561421, 0.9459917675580227
end_nodes
0, 1
0, 2
0, 3
0, 4
0, 5
0, 6
0, 7
0, 8
0, 9
0, 10
0, 11
0, 12
0, 13
0, 14
0, 15
0, 16
0, 17
0, 18
0, 19
0, 20
0, 21
22, 1
22, 2
22, 3
22, 4
22, 5
22, 6
22, 7
22, 8
22, 9
22, 10
22, 11
22, 12
22, 13
22, 14
22, 15
22, 16
22, 17
22, 18
22, 19
22, 20
22, 21
24, 27
24, 65
24, 85
24, 149
24, 166
24, 183
24, 198
24, 213
24, 233
24, 255
24, 277
24, 310
24, 343
24, 371
24, 409
24, 420
24, 432
24, 439
24, 459
24, 474
25, 7
25, 85
25, 119
25, 157
25, 161
25, 238
25, 266
25, 368
25, 371
25, 423
28, 31
28, 93
28, 103
28, 193
28, 229
28, 239
28, 261
28, 287
28, 307
28, 341
28, 370
28, 381
28, 392
28, 408
28, 412
28, 425
28, 448
29, 1
29, 2
29, 3
29, 5
29, 6
29, 7
29, 12
29, 13
29, 14
29, 16
29, 17
29, 18
29, 19
29, 20
29, 21
29, 23
29, 26
29, 27
29, 30
29, 31
29, 32
34, 1
34, 2
34, 3
34, 4
34, 5
34, 6
34, 7
34, 8
34, 9
34, 10
34, 12
34, 13
34, 14
34, 15
34, 16
34, 17
34, 18
34, 19
34, 20
34, 21
34, 23
35, 198
35, 217
35, 296
35, 433
35, 454
35, 459
35, 464
36, 3
36, 5
36, 7
36, 14
36, 26
36, 27
36, 30
36, 31
36, 37
36, 42
36, 44
36, 50
36, 55
36, 57
36, 63
36, 64
36, 65
36, 66
36, 78
36, 85
36, 93
38, 41
38, 77
38, 91
38, 107
38, 125
38, 138
38, 179
38, 186
38, 222
38, 264
38, 268
38, 297
38, 369
38, 407
38, 449
38, 450
38, 462
43, 7
43, 14
43, 27
43, 65
43, 85
43, 117
43, 119
43, 149
43, 157
43, 161
43, 163
43, 166
43, 178
43, 183
43, 192
43, 198
43, 213
43, 233
43, 238
43, 255
43, 266
45, 1
45, 20
45, 40
45, 51
45, 54
45, 59
45, 156
45, 172
45, 205
45, 212
45, 221
45, 251
45, 305
45, 313
45, 315
45, 329
45, 347
46, 2
46, 3
46, 5
46, 7
46, 8
46, 13
46, 14
46, 26
46, 27
46, 30
46, 31
46, 37
46, 42
46, 44
46, 50
46, 55
46, 57
46, 63
46, 64
46, 65
46, 66
47, 1
47, 3
47, 5
47, 6
47, 7
47, 12
47, 14
47, 16
47, 17
47, 19
47, 20
47, 21
47, 23
47, 26
47, 27
47, 30
47, 31
47, 33
47, 37
47, 39
47, 40
49, 1
49, 2
49, 3
49, 5
49, 6
49, 7
49, 9
49, 10
49, 12
49, 14
49, 15
49, 16
49, 17
49, 18
49, 19
49, 20
49, 21
49, 23
49, 26
49, 27
49, 30
52, 27
52, 64
52, 65
52, 85
52, 147
52, 149
52, 161
52, 166
52, 178
52, 183
52, 198
52, 213
52, 233
52, 238
52, 255
52, 277
52, 310
52, 343
52, 371
52, 409
52, 420
56, 1
56, 3
56, 5
56, 6
56, 7
56, 12
56, 14
56, 16
56, 19
56, 20
56, 21
56, 23
56, 26
56, 27
56, 30
56, 31
56, 33
56, 37
56, 39
56, 40
56, 41
58, 1
58, 2
58, 3
58, 5
58, 6
58, 7
58, 9
58, 10
58, 12
58, 14
58, 15
58, 16
58, 17
58, 18
58, 19
58, 20
58, 21
58, 23
58, 26
58, 27
58, 30
61, 1
61, 2
61, 3
61, 5
61, 6
61, 7
61, 9
61, 10
61, 12
61, 14
61, 15
61, 16
61, 17
61, 18
61, 19
61, 20
61, 21
61, 23
61, 26
61, 27
61, 30
62, 1
62, 2
62, 3
62, 5
62, 6
62, 7
62, 12
62, 14
62, 16
62, 19
62, 20
62, 23
62, 26
62, 27
62, 30
62, 31
62, 32
62, 33
62, 37
62, 39
62, 40
68, 1
68, 2
68, 3
68, 5
68, 6
68, 7
68, 12
68, 13
68, 14
68, 15
68, 16
68, 17
68, 18
68, 19
68, 20
68, 21
68, 23
68, 26
68, 27
68, 30
68, 31
69, 3
69, 7
69, 14
69, 27
69, 30
69, 31
69, 37
69, 44
69, 50
69, 57
69, 64
69, 65
69, 85
69, 92
69, 97
69, 99
69, 104
69, 108
69, 110
69, 117
69, 119
71, 1
71, 2
71, 3
71, 4
71, 5
71, 6
71, 7
71, 8
71, 12
71, 13
71, 14
71, 16
71, 17
71, 18
71, 19
71, 20
71, 21
71, 23
71, 26
71, 27
71, 30
73, 64
73, 149
73, 198
73, 217
73, 274
73, 277
73, 296
73, 310
73, 433
73, 454
73, 459
73, 464
73, 474
75, 1
75, 2
75, 3
75, 4
75, 5
75, 6
75, 7
75, 8
75, 9
75, 10
75, 11
75, 12
75, 13
75, 14
75, 15
75, 16
75, 17
75, 18
75, 19
75, 20
75, 21
76, 1
76, 2
76, 3
76, 5
76, 6
76, 7
76, 9
76, 10
76, 12
76, 13
76, 14
76, 15
76, 16
76, 17
76, 18
76, 19
76, 20
76, 21
76, 23
76, 26
76, 27
80, 1
80, 2
80, 3
80, 5
80, 6
80, 7
80, 12
80, 14
80, 16
80, 17
80, 19
80, 20
80, 21
80, 23
80, 26
80, 27
80, 30
80, 31
80, 33
80, 37
80, 39
81, 1
81, 5
81, 6
81, 14
81, 16
81, 17
81, 19
81, 20
81, 21
81, 23
81, 26
81, 30
81, 31
81, 33
81, 39
81, 40
81, 41
81, 42
81, 44
81, 50
81, 51
82, 3
82, 7
82, 13
82, 14
82, 27
82, 30
82, 31
82, 37
82, 44
82, 57
82, 63
82, 65
82, 85
82, 93
82, 97
82, 103
82, 108
82, 115
82, 117
82, 119
82, 123
84, 1
84, 2
84, 3
84, 5
84, 6
84, 12
84, 16
84, 17
84, 19
84, 20
84, 21
84, 23
84, 26
84, 27
84, 30
84, 31
84, 33
84, 37
84, 39
84, 40
84, 41
87, 1
87, 5
87, 6
87, 16
87, 19
87, 20
87, 21
87, 23
87, 26
87, 30
87, 31
87, 33
87, 37
87, 39
87, 40
87, 41
87, 42
87, 44
87, 50
87, 51
87, 53
88, 27
88, 37
88, 64
88, 65
88, 85
88, 117
88, 119
88, 147
88, 149
88, 157
88, 161
88, 163
88, 166
88, 178
88, 183
88, 192
88, 198
88, 213
88, 217
88, 233
88, 238
94, 1
94, 5
94, 6
94, 12
94, 20
94, 26
94, 33
94, 40
94, 42
94, 51
94, 54
94, 59
94, 60
94, 66
94, 70
94, 79
94, 89
94, 96
94, 98
94, 99
94, 102
95, 1
95, 2
95, 3
95, 6
95, 9
95, 10
95, 12
95, 15
95, 16
95, 17
95, 18
95, 19
95, 20
95, 21
95, 23
95, 26
95, 27
95, 30
95, 31
95, 33
95, 37
100, 2
100, 6
100, 12
100, 13
100, 23
100, 26
100, 30
100, 31
100, 33
100, 37
100, 39
100, 40
100, 42
100, 44
100, 50
100, 51
100, 54
100, 55
100, 57
100, 59
100, 60
101, 12
101, 16
101, 17
101, 19
101, 21
101, 23
101, 26
101, 30
101, 31
101, 33
101, 37
101, 39
101, 40
101, 41
101, 42
101, 44
101, 50
101, 51
101, 53
101, 54
101, 55
105, 12
105, 16
105, 17
105, 19
105, 21
105, 23
105, 26
105, 30
105, 31
105, 33
105, 37
105, 39
105, 40
105, 41
105, 42
105, 44
105, 50
105, 51
105, 53
105, 54
105, 55
106, 2
106, 8
106, 18
106, 23
106, 31
106, 32
106, 33
106, 37
106, 39
106, 40
106, 41
106, 42
106, 44
106, 48
106, 50
106, 51
106, 53
106, 54
106, 55
106, 57
106, 59
109, 224
112, 2
112, 23
112, 31
112, 32
112, 33
112, 37
112, 39
112, 40
112, 41
112, 42
112, 44
112, 50
112, 51
112, 53
112, 54
112, 55
112, 57
112, 59
112, 60
112, 63
112, 64
114, 33
114, 42
114, 50
114, 55
114, 66
114, 70
114, 79
114, 89
114, 96
114, 99
114, 102
114, 104
114, 110
114, 116
114, 126
114, 130
114, 155
114, 167
114, 181
114, 195
114, 212
120, 2
120, 17
120, 18
120, 21
120, 31
120, 33
120, 37
120, 39
120, 40
120, 41
120, 42
120, 44
120, 48
120, 50
120, 51
120, 53
120, 54
120, 55
120, 57
120, 59
120, 60
121, 314
122, 37
122, 42
122, 44
122, 50
122, 55
122, 57
122, 63
122, 66
122, 79
122, 93
122, 96
122, 97
122, 99
122, 102
122, 103
122, 104
122, 108
122, 110
122, 115
122, 116
122, 123
124, 33
124, 37
124, 39
124, 40
124, 41
124, 42
124, 44
124, 50
124, 51
124, 53
124, 54
124, 55
124, 57
124, 59
124, 60
124, 66
124, 67
124, 70
124, 72
124, 77
124, 79
129, 2
129, 9
129, 10
129, 13
129, 15
129, 17
129, 18
129, 33
129, 37
129, 39
129, 40
129, 41
129, 42
129, 44
129, 48
129, 50
129, 51
129, 53
129, 54
129, 55
129, 57
131, 77
131, 138
131, 184
131, 186
131, 200
131, 256
131, 298
131, 303
131, 348
131, 386
131, 389
131, 426
131, 463
131, 475
132, 64
132, 149
132, 183
132, 198
132, 213
132, 217
132, 274
132, 277
132, 296
132, 310
132, 433
132, 439
132, 454
132, 459
132, 464
132, 474
134, 9
134, 10
134, 13
134, 15
134, 17
134, 18
134, 33
134, 39
134, 40
134, 41
134, 42
134, 44
134, 48
134, 50
134, 51
134, 53
134, 54
134, 55
134, 57
134, 59
134, 60
135, 39
135, 53
135, 77
135, 91
135, 138
135, 171
135, 177
135, 179
135, 184
135, 186
135, 200
135, 236
135, 256
135, 268
135, 298
135, 303
135, 347
135, 348
135, 386
135, 389
135, 403
139, 65
139, 85
139, 108
139, 117
139, 119
139, 157
139, 161
139, 163
139, 183
139, 192
139, 234
139, 238
139, 266
139, 282
139, 308
139, 362
139, 368
139, 371
139, 420
139, 423
139, 432
140, 64
140, 65
140, 85
140, 92
140, 108
140, 117
140, 119
140, 133
140, 147
140, 149
140, 157
140, 161
140, 163
140, 166
140, 178
140, 183
140, 192
140, 198
140, 213
140, 217
140, 233
141, 33
141, 39
141, 40
141, 41
141, 42
141, 44
141, 50
141, 51
141, 53
141, 54
141, 55
141, 57
141, 59
141, 60
141, 63
141, 64
141, 65
141, 66
141, 67
141, 70
141, 72
142, 39
142, 40
142, 53
142, 77
142, 91
142, 125
142, 138
142, 158
142, 171
142, 177
142, 179
142, 184
142, 186
142, 200
142, 221
142, 236
142, 254
142, 256
142, 268
142, 278
142, 298
143, 15
143, 33
143, 39
143, 40
143, 41
143, 42
143, 44
143, 50
143, 51
143, 53
143, 54
143, 55
143, 57
143, 59
143, 60
143, 63
143, 65
143, 66
143, 67
143, 70
143, 72
144, 9
144, 10
144, 15
144, 32
144, 39
144, 40
144, 41
144, 42
144, 44
144, 48
144, 50
144, 51
144, 53
144, 54
144, 55
144, 57
144, 59
144, 60
144, 63
144, 64
144, 65
145, 4
145, 8
145, 9
145, 10
145, 11
145, 13
145, 15
145, 18
145, 32
145, 41
145, 42
145, 44
145, 48
145, 50
145, 51
145, 53
145, 54
145, 55
145, 57
145, 59
145, 60
150, 8
150, 41
150, 42
150, 44
150, 50
150, 51
150, 54
150, 55
150, 57
150, 59
150, 60
150, 63
150, 64
150, 65
150, 66
150, 67
150, 70
150, 72
150, 77
150, 78
150, 79
153, 13
153, 15
153, 18
153, 32
153, 41
153, 48
153, 51
153, 53
153, 54
153, 55
153, 57
153, 59
153, 60
153, 63
153, 64
153, 65
153, 66
153, 67
153, 70
153, 72
153, 74
154, 9
154, 10
154, 15
154, 18
154, 41
154, 48
154, 51
154, 53
154, 54
154, 55
154, 57
154, 59
154, 60
154, 63
154, 64
154, 65
154, 66
154, 67
154, 70
154, 72
154, 77
159, 8
159, 18
159, 32
159, 41
159, 48
159, 51
159, 53
159, 54
159, 55
159, 57
159, 59
159, 60
159, 63
159, 64
159, 65
159, 66
159, 67
159, 70
159, 72
159, 74
159, 77
160, 53
160, 54
160, 57
160, 59
160, 60
160, 63
160, 65
160, 66
160, 67
160, 70
160, 72
160, 77
160, 79
160, 83
160, 85
160, 86
160, 89
160, 91
160, 93
160, 96
160, 97
162, 18
162, 48
162, 53
162, 54
162, 59
162, 60
162, 63
162, 64
162, 65
162, 66
162, 67
162, 70
162, 72
162, 77
162, 78
162, 79
162, 83
162, 85
162, 86
162, 89
162, 91
164, 13
164, 15
164, 32
164, 48
164, 53
164, 59
164, 60
164, 63
164, 64
164, 65
164, 66
164, 67
164, 70
164, 72
164, 77
164, 79
164, 83
164, 85
164, 86
164, 89
164, 91
168, 4
168, 13
168, 32
168, 59
168, 60
168, 63
168, 64
168, 65
168, 66
168, 67
168, 70
168, 72
168, 74
168, 77
168, 79
168, 83
168, 85
168, 86
168, 89
168, 91
168, 92
169, 9
169, 10
169, 13
169, 15
169, 48
169, 59
169, 60
169, 63
169, 64
169, 66
169, 67
169, 70
169, 72
169, 77
169, 79
169, 83
169, 85
169, 86
169, 89
169, 90
169, 91
170, 60
170, 63
170, 66
170, 67
170, 70
170, 72
170, 77
170, 79
170, 83
170, 85
170, 86
170, 89
170, 91
170, 93
170, 96
170, 97
170, 99
170, 102
170, 103
170, 104
170, 107
173, 13
173, 32
173, 60
173, 63
173, 64
173, 66
173, 67
173, 70
173, 72
173, 77
173, 79
173, 83
173, 85
173, 86
173, 89
173, 91
173, 92
173, 93
173, 96
173, 97
173, 98
180, 9
180, 10
180, 15
180, 32
180, 48
180, 63
180, 64
180, 66
180, 67
180, 70
180, 72
180, 74
180, 77
180, 78
180, 79
180, 83
180, 85
180, 86
180, 89
180, 90
180, 91
185, 63
185, 66
185, 67
185, 70
185, 72
185, 77
185, 79
185, 83
185, 85
185, 86
185, 89
185, 91
185, 93
185, 96
185, 97
185, 98
185, 99
185, 102
185, 103
185, 104
185, 107
188, 4
188, 8
188, 13
188, 32
188, 48
188, 67
188, 70
188, 72
188, 74
188, 77
188, 78
188, 79
188, 83
188, 85
188, 86
188, 89
188, 91
188, 92
188, 93
188, 96
188, 97
189, 10
189, 15
189, 48
189, 67
189, 70
189, 72
189, 77
189, 79
189, 83
189, 85
189, 86
189, 89
189, 90
189, 91
189, 92
189, 93
189, 96
189, 97
189, 99
189, 102
189, 103
194, 9
194, 10
194, 48
194, 67
194, 70
194, 72
194, 77
194, 79
194, 83
194, 86
194, 89
194, 90
194, 91
194, 92
194, 93
194, 96
194, 97
194, 99
194, 102
194, 103
194, 104
196, 67
196, 77
196, 83
196, 86
196, 91
196, 96
196, 125
196, 137
196, 138
196, 148
196, 156
196, 158
196, 167
196, 171
196, 176
196, 177
196, 179
196, 184
196, 186
196, 200
196, 205
197, 67
197, 72
197, 79
197, 83
197, 86
197, 89
197, 91
197, 93
197, 96
197, 97
197, 99
197, 102
197, 103
197, 104
197, 107
197, 108
197, 110
197, 111
197, 113
197, 115
197, 116
199, 8
199, 78
199, 79
199, 83
199, 86
199, 89
199, 93
199, 96
199, 97
199, 99
199, 102
199, 103
199, 104
199, 108
199, 110
199, 113
199, 115
199, 116
199, 117
199, 119
199, 123
201, 8
201, 78
201, 79
201, 83
201, 86
201, 89
201, 92
201, 93
201, 96
201, 97
201, 99
201, 102
201, 103
201, 104
201, 108
201, 110
201, 111
201, 113
201, 115
201, 116
201, 117
202, 72
202, 79
202, 83
202, 86
202, 89
202, 91
202, 93
202, 96
202, 97
202, 98
202, 99
202, 102
202, 103
202, 104
202, 107
202, 108
202, 110
202, 111
202, 113
202, 115
202, 116
206, 93
206, 97
206, 103
206, 108
206, 115
206, 152
206, 157
206, 163
206, 190
206, 193
206, 203
206, 229
206, 234
206, 239
206, 240
206, 246
206, 257
206, 261
206, 282
206, 283
206, 287
207, 9
207, 10
207, 32
207, 48
207, 78
207, 83
207, 86
207, 89
207, 90
207, 91
207, 92
207, 93
207, 96
207, 97
207, 99
207, 102
207, 103
207, 104
207, 107
207, 108
207, 110
208, 83
208, 86
208, 89
208, 91
208, 93
208, 96
208, 97
208, 98
208, 99
208, 102
208, 103
208, 104
208, 107
208, 108
208, 110
208, 111
208, 113
208, 115
208, 116
208, 117
208, 119
209, 13
209, 48
209, 83
209, 86
209, 89
209, 90
209, 91
209, 92
209, 93
209, 96
209, 97
209, 98
209, 99
209, 102
209, 103
209, 104
209, 107
209, 108
209, 110
209, 111
209, 113
210, 83
210, 86
210, 93
210, 96
210, 97
210, 99
210, 102
210, 103
210, 104
210, 107
210, 108
210, 110
210, 111
210, 113
210, 115
210, 116
210, 117
210, 119
210, 125
210, 126
210, 127
211, 9
211, 10
211, 32
211, 78
211, 90
211, 92
211, 93
211, 96
211, 97
211, 99
211, 102
211, 103
211, 104
211, 107
211, 108
211, 110
211, 111
211, 113
211, 115
211, 116
211, 117
216, 78
216, 92
216, 96
216, 97
216, 99
216, 102
216, 103
216, 104
216, 108
216, 110
216, 115
216, 116
216, 117
216, 119
216, 123
216, 126
216, 128
216, 130
216, 133
216, 136
216, 149
218, 113
218, 137
218, 148
218, 156
218, 172
218, 177
218, 205
218, 221
218, 248
218, 254
218, 305
218, 313
218, 315
218, 317
218, 319
218, 329
218, 346
218, 347
218, 357
218, 373
218, 404
219, 99
219, 102
219, 103
219, 104
219, 107
219, 108
219, 110
219, 111
219, 113
219, 115
219, 116
219, 117
219, 119
219, 125
219, 126
219, 127
219, 128
219, 130
219, 136
219, 137
219, 138
226, 99
226, 102
226, 104
226, 110
226, 116
226, 155
226, 167
226, 181
226, 195
226, 215
226, 223
226, 249
226, 250
226, 259
226, 265
226, 269
226, 275
226, 276
226, 288
226, 292
226, 304
230, 98
230, 99
230, 102
230, 103
230, 104
230, 107
230, 108
230, 110
230, 111
230, 113
230, 115
230, 116
230, 117
230, 119
230, 125
230, 126
230, 127
230, 128
230, 130
230, 136
230, 137
232, 98
232, 102
232, 103
232, 104
232, 107
232, 108
232, 110
232, 111
232, 113
232, 115
232, 116
232, 117
232, 119
232, 125
232, 126
232, 127
232, 128
232, 130
232, 133
232, 136
232, 137
235, 104
235, 110
235, 115
235, 126
235, 130
235, 152
235, 174
235, 193
235, 229
235, 239
235, 240
235, 261
235, 262
235, 275
235, 287
235, 291
235, 341
235, 345
235, 350
235, 353
235, 355
237, 108
237, 110
237, 115
237, 126
237, 130
237, 152
237, 174
237, 190
237, 193
237, 229
237, 234
237, 239
237, 240
237, 246
237, 257
237, 261
237, 262
237, 275
237, 282
237, 287
237, 291
241, 108
241, 117
241, 119
241, 147
241, 149
241, 157
241, 161
241, 163
241, 166
241, 178
241, 183
241, 192
241, 198
241, 213
241, 217
241, 233
241, 234
241, 238
241, 253
241, 255
241, 266
242, 8
242, 32
242, 48
242, 74
242, 78
242, 92
242, 107
242, 110
242, 111
242, 113
242, 115
242, 116
242, 117
242, 118
242, 119
242, 123
242, 125
242, 126
242, 127
242, 128
242, 130
243, 107
243, 110
243, 111
243, 113
243, 125
243, 130
243, 137
243, 138
243, 148
243, 155
243, 156
243, 158
243, 167
243, 171
243, 172
243, 175
243, 176
243, 177
243, 179
243, 184
243, 186
245, 32
245, 98
245, 107
245, 111
245, 113
245, 115
245, 116
245, 117
245, 119
245, 125
245, 126
245, 127
245, 128
245, 130
245, 136
245, 137
245, 138
245, 146
245, 148
245, 151
245, 152
252, 32
252, 98
252, 107
252, 111
252, 113
252, 115
252, 116
252, 117
252, 119
252, 125
252, 126
252, 127
252, 128
252, 130
252, 136
252, 137
252, 138
252, 146
252, 148
252, 149
252, 151
258, 115
258, 117
258, 119
258, 123
258, 126
258, 128
258, 130
258, 133
258, 136
258, 147
258, 149
258, 151
258, 152
258, 157
258, 161
258, 163
258, 165
258, 166
258, 174
258, 178
258, 183
260, 117
260, 119
260, 151
260, 157
260, 161
260, 163
260, 165
260, 166
260, 178
260, 183
260, 192
260, 203
260, 213
260, 227
260, 233
260, 234
260, 238
260, 244
260, 255
260, 266
260, 282
263, 8
263, 32
263, 74
263, 92
263, 98
263, 107
263, 111
263, 113
263, 115
263, 116
263, 119
263, 123
263, 125
263, 126
263, 127
263, 128
263, 130
263, 133
263, 136
263, 137
263, 138
267, 78
267, 123
267, 126
267, 128
267, 130
267, 136
267, 147
267, 149
267, 151
267, 152
267, 157
267, 161
267, 163
267, 165
267, 166
267, 167
267, 174
267, 178
267, 183
267, 190
267, 192
270, 130
270, 152
270, 193
270, 229
270, 239
270, 240
270, 261
270, 262
270, 287
270, 307
270, 341
270, 345
270, 350
270, 353
270, 355
270, 358
270, 370
270, 381
270, 392
270, 394
270, 401
272, 125
272, 137
272, 138
272, 148
272, 156
272, 158
272, 167
272, 171
272, 176
272, 177
272, 179
272, 184
272, 186
272, 200
272, 205
272, 212
272, 214
272, 215
272, 221
272, 222
272, 236
279, 32
279, 98
279, 107
279, 111
279, 113
279, 116
279, 125
279, 126
279, 127
279, 128
279, 130
279, 136
279, 137
279, 138
279, 146
279, 147
279, 148
279, 149
279, 151
279, 152
279, 155
280, 107
280, 111
280, 113
280, 116
280, 125
280, 126
280, 127
280, 130
280, 137
280, 138
280, 148
280, 152
280, 155
280, 156
280, 167
280, 171
280, 172
280, 175
280, 176
280, 177
280, 179
281, 123
281, 126
281, 128
281, 130
281, 136
281, 151
281, 152
281, 157
281, 163
281, 167
281, 174
281, 190
281, 193
281, 195
281, 203
281, 215
281, 223
281, 227
281, 229
281, 234
281, 239
285, 9
285, 10
285, 48
285, 90
285, 92
285, 98
285, 107
285, 111
285, 113
285, 116
285, 118
285, 123
285, 125
285, 126
285, 127
285, 128
285, 130
285, 133
285, 136
285, 137
285, 138
289, 111
289, 113
289, 125
289, 137
289, 138
289, 148
289, 156
289, 158
289, 167
289, 171
289, 172
289, 176
289, 177
289, 179
289, 184
289, 186
289, 187
289, 195
289, 200
289, 205
289, 212
290, 9
290, 32
290, 48
290, 74
290, 78
290, 90
290, 92
290, 111
290, 118
290, 123
290, 125
290, 126
290, 127
290, 128
290, 130
290, 133
290, 136
290, 137
290, 138
290, 146
290, 147
294, 4
294, 8
294, 74
294, 92
294, 98
294, 111
294, 118
294, 123
294, 125
294, 126
294, 127
294, 128
294, 130
294, 133
294, 136
294, 137
294, 138
294, 146
294, 147
294, 148
294, 149
301, 74
301, 78
301, 90
301, 92
301, 118
301, 123
301, 125
301, 126
301, 127
301, 128
301, 133
301, 136
301, 137
301, 138
301, 146
301, 147
301, 148
301, 149
301, 151
301, 152
301, 155
309, 314
309, 383
309, 475
311, 98
311, 125
311, 127
311, 128
311, 136
311, 137
311, 138
311, 146
311, 147
311, 148
311, 149
311, 151
311, 152
311, 155
311, 156
311, 157
311, 158
311, 161
311, 163
311, 165
311, 166
312, 78
312, 123
312, 128
312, 136
312, 147
312, 149
312, 151
312, 152
312, 157
312, 161
312, 163
312, 165
312, 166
312, 178
312, 183
312, 192
312, 193
312, 198
312, 203
312, 213
312, 217
316, 98
316, 127
316, 128
316, 136
316, 137
316, 138
316, 147
316, 148
316, 149
316, 151
316, 152
316, 155
316, 156
316, 157
316, 158
316, 161
316, 163
316, 165
316, 166
316, 167
316, 171
320, 149
320, 183
320, 198
320, 213
320, 217
320, 233
320, 277
320, 296
320, 310
320, 432
320, 433
320, 439
320, 454
320, 459
320, 464
320, 474
321, 74
321, 98
321, 123
321, 128
321, 133
321, 136
321, 137
321, 138
321, 147
321, 148
321, 149
321, 151
321, 152
321, 155
321, 156
321, 157
321, 161
321, 163
321, 165
321, 166
321, 167
324, 200
324, 314
324, 365
324, 475
325, 74
325, 98
325, 137
325, 148
325, 155
325, 156
325, 167
325, 171
325, 172
325, 175
325, 176
325, 177
325, 179
325, 181
325, 182
325, 186
325, 195
325, 205
325, 212
325, 215
325, 221
326, 78
326, 92
326, 118
326, 123
326, 128
326, 133
326, 136
326, 147
326, 148
326, 149
326, 151
326, 152
326, 155
326, 156
326, 157
326, 161
326, 163
326, 165
326, 166
326, 167
326, 171
327, 74
327, 92
327, 98
327, 123
327, 127
327, 133
327, 136
327, 146
327, 147
327, 148
327, 151
327, 152
327, 155
327, 156
327, 157
327, 158
327, 161
327, 163
327, 165
327, 166
327, 167
332, 90
332, 92
332, 98
332, 118
332, 127
332, 133
332, 147
332, 148
332, 151
332, 152
332, 155
332, 156
332, 157
332, 158
332, 161
332, 163
332, 165
332, 166
332, 167
332, 171
332, 172
333, 98
333, 127
333, 133
333, 146
333, 147
333, 148
333, 151
333, 152
333, 155
333, 156
333, 157
333, 158
333, 161
333, 163
333, 165
333, 166
333, 167
333, 171
333, 172
333, 174
333, 175
334, 151
334, 152
334, 157
334, 161
334, 163
334, 165
334, 174
334, 183
334, 190
334, 192
334, 193
334, 203
334, 220
334, 223
334, 227
334, 229
334, 234
334, 238
334, 239
334, 240
334, 246
337, 158
337, 171
337, 177
337, 179
337, 184
337, 186
337, 200
337, 214
337, 221
337, 236
337, 254
337, 256
337, 268
337, 278
337, 297
337, 298
337, 303
337, 313
337, 314
337, 319
337, 329
344, 127
344, 146
344, 147
344, 148
344, 151
344, 152
344, 155
344, 156
344, 157
344, 161
344, 163
344, 165
344, 166
344, 167
344, 171
344, 172
344, 174
344, 175
344, 176
344, 177
344, 178
349, 161
349, 163
349, 165
349, 192
349, 203
349, 234
349, 238
349, 266
349, 282
349, 308
349, 331
349, 336
349, 362
349, 368
349, 371
349, 388
349, 423
349, 465
349, 478
352, 74
352, 123
352, 127
352, 133
352, 146
352, 147
352, 148
352, 151
352, 155
352, 156
352, 158
352, 165
352, 166
352, 167
352, 171
352, 172
352, 174
352, 175
352, 176
352, 177
352, 178
354, 151
354, 165
354, 183
354, 192
354, 203
354, 234
354, 238
354, 266
354, 282
354, 283
354, 308
354, 331
354, 336
354, 362
354, 368
354, 371
354, 388
354, 420
354, 423
354, 432
354, 435
356, 155
356, 167
356, 181
356, 195
356, 212
356, 215
356, 223
356, 249
356, 250
356, 259
356, 265
356, 269
356, 276
356, 288
356, 292
356, 304
356, 335
356, 339
356, 351
356, 361
356, 379
359, 155
359, 156
359, 158
359, 167
359, 171
359, 172
359, 175
359, 176
359, 177
359, 179
359, 184
359, 186
359, 187
359, 195
359, 200
359, 205
359, 212
359, 214
359, 215
359, 221
359, 222
363, 123
363, 147
363, 151
363, 165
363, 166
363, 178
363, 183
363, 190
363, 192
363, 198
363, 203
363, 213
363, 217
363, 227
363, 233
363, 234
363, 238
363, 244
363, 253
363, 255
363, 266
366, 4
366, 8
366, 74
366, 118
366, 123
366, 133
366, 146
366, 155
366, 156
366, 158
366, 165
366, 166
366, 167
366, 171
366, 172
366, 174
366, 175
366, 176
366, 177
366, 178
366, 179
367, 165
367, 178
367, 183
367, 192
367, 198
367, 203
367, 213
367, 217
367, 233
367, 234
367, 238
367, 253
367, 255
367, 266
367, 277
367, 282
367, 283
367, 308
367, 310
367, 331
367, 336
377, 133
377, 155
377, 156
377, 158
377, 165
377, 171
377, 172
377, 174
377, 175
377, 176
377, 177
377, 178
377, 179
377, 181
377, 183
377, 184
377, 186
377, 187
377, 190
377, 191
377, 192
378, 4
378, 8
378, 74
378, 118
378, 123
378, 133
378, 146
378, 155
378, 156
378, 158
378, 165
378, 171
378, 172
378, 174
378, 175
378, 176
378, 177
378, 178
378, 179
378, 181
378, 182
380, 118
380, 133
380, 158
380, 171
380, 172
380, 174
380, 175
380, 176
380, 177
380, 178
380, 179
380, 181
380, 183
380, 184
380, 186
380, 187
380, 190
380, 191
380, 192
380, 193
380, 195
384, 78
384, 118
384, 133
384, 172
384, 174
384, 177
384, 178
384, 181
384, 183
384, 190
384, 192
384, 193
384, 195
384, 198
384, 203
384, 205
384, 212
384, 213
384, 215
384, 217
384, 220
385, 118
385, 133
385, 158
385, 171
385, 172
385, 174
385, 175
385, 176
385, 177
385, 178
385, 179
385, 181
385, 183
385, 184
385, 186
385, 187
385, 190
385, 191
385, 192
385, 193
385, 195
387, 158
387, 172
387, 174
387, 175
387, 176
387, 177
387, 178
387, 179
387, 181
387, 184
387, 186
387, 187
387, 190
387, 191
387, 192
387, 193
387, 195
387, 198
387, 200
387, 203
387, 205
390, 193
390, 229
390, 239
390, 261
390, 287
390, 307
390, 341
390, 370
390, 381
390, 392
390, 408
390, 412
390, 425
390, 448
391, 4
391, 8
391, 11
391, 74
391, 78
391, 90
391, 118
391, 146
391, 158
391, 172
391, 174
391, 175
391, 176
391, 177
391, 178
391, 179
391, 181
391, 182
391, 184
391, 186
391, 187
393, 158
393, 172
393, 175
393, 176
393, 179
393, 181
393, 184
393, 186
393, 187
393, 191
393, 193
393, 195
393, 200
393, 205
393, 212
393, 214
393, 215
393, 221
393, 222
393, 223
393, 228
395, 198
395, 213
395, 217
395, 233
395, 238
395, 253
395, 255
395, 277
395, 310
395, 343
395, 371
395, 409
395, 420
395, 423
395, 432
395, 433
395, 439
395, 459
395, 474
396, 172
396, 175
396, 176
396, 179
396, 181
396, 184
396, 186
396, 193
396, 195
396, 205
396, 212
396, 214
396, 215
396, 221
396, 222
396, 223
396, 228
396, 229
396, 231
396, 236
396, 239
399, 174
399, 175
399, 176
399, 179
399, 181
399, 184
399, 186
399, 187
399, 191
399, 192
399, 193
399, 195
399, 200
399, 203
399, 205
399, 212
399, 213
399, 214
399, 215
399, 220
399, 221
400, 205
400, 212
400, 221
400, 251
400, 269
400, 305
400, 313
400, 335
400, 347
400, 397
400, 452
402, 74
402, 146
402, 174
402, 175
402, 176
402, 181
402, 182
402, 184
402, 186
402, 187
402, 190
402, 191
402, 192
402, 193
402, 195
402, 198
402, 200
402, 203
402, 205
402, 212
402, 213
405, 8
405, 78
405, 118
405, 146
405, 174
405, 175
405, 176
405, 181
405, 182
405, 184
405, 186
405, 187
405, 190
405, 192
405, 193
405, 195
405, 198
405, 200
405, 203
405, 205
405, 212
406, 184
406, 200
406, 205
406, 212
406, 214
406, 215
406, 221
406, 222
406, 236
406, 250
406, 254
406, 256
406, 259
406, 264
406, 268
406, 269
406, 276
406, 278
406, 284
406, 288
406, 295
410, 74
410, 118
410, 146
410, 174
410, 175
410, 181
410, 182
410, 184
410, 187
410, 190
410, 191
410, 193
410, 195
410, 198
410, 200
410, 203
410, 205
410, 212
410, 213
410, 214
410, 215
413, 8
413, 175
413, 181
413, 190
413, 193
413, 195
413, 198
413, 203
413, 204
413, 205
413, 212
413, 213
413, 215
413, 217
413, 220
413, 221
413, 223
413, 227
413, 229
413, 231
413, 233
415, 78
415, 181
415, 182
415, 190
415, 193
415, 195
415, 198
415, 203
415, 204
415, 205
415, 212
415, 213
415, 214
415, 215
415, 220
415, 221
415, 222
415, 223
415, 225
415, 227
415, 228
416, 90
416, 118
416, 181
416, 187
416, 190
416, 191
416, 195
416, 200
416, 203
416, 205
416, 212
416, 213
416, 214
416, 215
416, 217
416, 220
416, 221
416, 222
416, 223
416, 224
416, 227
417, 78
417, 118
417, 146
417, 181
417, 182
417, 187
417, 190
417, 191
417, 195
417, 200
417, 203
417, 205
417, 212
417, 213
417, 214
417, 215
417, 217
417, 220
417, 221
417, 222
417, 223
418, 203
418, 217
418, 225
418, 227
418, 229
418, 233
418, 234
418, 238
418, 239
418, 244
418, 247
418, 253
418, 255
418, 261
418, 266
418, 271
418, 274
418, 277
418, 282
418, 283
418, 287
421, 217
421, 233
421, 238
421, 247
421, 253
421, 255
421, 271
421, 274
421, 277
421, 296
421, 300
421, 310
421, 343
421, 371
421, 409
421, 420
421, 423
421, 432
421, 433
421, 439
421, 454
427, 90
427, 118
427, 187
427, 190
427, 191
427, 200
427, 203
427, 212
427, 214
427, 215
427, 217
427, 220
427, 221
427, 222
427, 223
427, 224
427, 227
427, 228
427, 229
427, 231
427, 233
431, 74
431, 146
431, 182
431, 187
431, 190
431, 191
431, 200
431, 204
431, 214
431, 215
431, 217
431, 220
431, 221
431, 222
431, 223
431, 225
431, 227
431, 228
431, 229
431, 231
431, 233
434, 200
434, 314
434, 365
434, 475
436, 118
436, 190
436, 215
436, 217
436, 221
436, 223
436, 225
436, 227
436, 229
436, 233
436, 234
436, 238
436, 239
436, 240
436, 244
436, 247
436, 250
436, 255
436, 259
436, 261
436, 265
438, 118
438, 215
438, 217
438, 220
438, 221
438, 222
438, 223
438, 225
438, 227
438, 228
438, 229
438, 231
438, 233
438, 234
438, 236
438, 238
438, 239
438, 240
438, 244
438, 247
438, 248
443, 146
443, 182
443, 187
443, 191
443, 214
443, 215
443, 220
443, 221
443, 222
443, 223
443, 227
443, 228
443, 229
443, 231
443, 233
443, 234
443, 236
443, 238
443, 239
443, 240
443, 246
445, 4
445, 74
445, 90
445, 118
445, 146
445, 182
445, 187
445, 191
445, 204
445, 214
445, 220
445, 222
445, 223
445, 224
445, 225
445, 227
445, 228
445, 229
445, 231
445, 233
445, 234
446, 223
446, 249
446, 250
446, 259
446, 265
446, 269
446, 276
446, 288
446, 292
446, 304
446, 335
446, 339
446, 351
446, 361
446, 379
446, 397
446, 428
446, 452
446, 453
446, 471
451, 90
451, 182
451, 187
451, 191
451, 214
451, 220
451, 222
451, 223
451, 224
451, 225
451, 227
451, 228
451, 229
451, 231
451, 233
451, 234
451, 236
451, 238
451, 239
451, 240
451, 244
455, 90
455, 182
455, 187
455, 191
455, 214
455, 220
455, 222
455, 223
455, 224
455, 225
455, 227
455, 228
455, 229
455, 231
455, 234
455, 236
455, 238
455, 239
455, 240
455, 244
455, 247
456, 234
456, 238
456, 253
456, 255
456, 266
456, 277
456, 282
456, 308
456, 310
456, 331
456, 336
456, 343
456, 360
456, 362
456, 368
456, 371
456, 388
456, 409
456, 420
456, 423
456, 432
457, 90
457, 182
457, 187
457, 191
457, 214
457, 220
457, 222
457, 223
457, 224
457, 227
457, 228
457, 229
457, 231
457, 234
457, 236
457, 239
457, 240
457, 244
457, 246
457, 247
457, 248
460, 225
460, 227
460, 234
460, 244
460, 255
460, 266
460, 277
460, 282
460, 283
460, 307
460, 308
460, 310
460, 331
460, 336
460, 343
460, 360
460, 362
460, 368
460, 371
460, 376
460, 388
461, 229
461, 239
461, 240
461, 246
461, 261
461, 282
461, 287
461, 307
461, 336
461, 341
461, 345
461, 350
461, 353
461, 358
461, 362
461, 370
461, 381
461, 388
461, 392
461, 394
461, 398
466, 214
466, 220
466, 222
466, 223
466, 228
466, 231
466, 236
466, 239
466, 240
466, 246
466, 249
466, 250
466, 251
466, 254
466, 255
466, 256
466, 259
466, 261
466, 264
466, 265
466, 266
468, 90
468, 191
468, 214
468, 220
468, 222
468, 224
468, 227
468, 228
468, 231
468, 236
468, 239
468, 240
468, 246
468, 247
468, 248
468, 249
468, 250
468, 251
468, 253
468, 254
468, 255
469, 182
469, 191
469, 214
469, 220
469, 222
469, 227
469, 228
469, 231
469, 236
469, 239
469, 240
469, 246
469, 247
469, 248
469, 249
469, 250
469, 251
469, 253
469, 254
469, 255
469, 256
472, 4
472, 11
472, 90
472, 182
472, 191
472, 204
472, 220
472, 222
472, 224
472, 225
472, 227
472, 228
472, 231
472, 236
472, 239
472, 240
472, 244
472, 246
472, 247
472, 248
472, 249
479, 90
479, 182
479, 191
479, 220
479, 224
479, 225
479, 228
479, 231
479, 236
479, 240
479, 244
479, 247
479, 248
479, 249
479, 250
479, 251
479, 254
479, 255
479, 256
479, 259
479, 261
end