260
4
0, 0.9197445562967359, 0.25440189380482614
1, 0.7904837319164792, 0.3288518608917843
2, 0.29044532968779657, 0.6867882871249837
3, 0.4503507438671742, 0.5845277921694653
4, 0.7973495416102687, 0.06931548237796747
5, 0.21064457147333038, 0.3449759286415537
6, 0.9151439651303575, 0.18626403953476778
7, 0.18218227981494217, 0.7099144134605961
8, 0.7160141349422092, 0.5447039002660344
9, 0.7501361418808571, 0.061576352143364654
10, 0.04666137845826546, 0.8308496150855863
11, 0.5475770799662724, 0.09171704199504516
12, 0.2854969922817242, 0.25419614574593374
13, 0.5059444424057294, 0.7570921583877982
14, 0.8966958467699262, 0.5360754191489784
15, 0.03900701886339142, 0.08798322845501516
16, 0.7189835203465917, 0.7365038402853228
17, 0.18095158713292125, 0.9846198843496046
18, 0.49553613892195003, 0.1918404153503599
19, 0.19198638002111468, 0.4669662967519943
20, 0.5373138123943583, 0.16122146999870957
21, 0.3797703669521376, 0.554712204811933
22, 0.02757390246704139, 0.10508340951207595
23, 0.5907433523093214, 0.2848569076535037
24, 0.06738630165673376, 0.07413001004827979
25, 0.11768949997930334, 0.32833240146244935
26, 0.3004143913934002, 0.07985499167320576
27, 0.9075999659964747, 0.8615180237135837
28, 0.8952230493883038, 0.5324567069461585
29, 0.6301236681438405, 0.44186943870177975
30, 0.7847976662473896, 0.28335825655260405
31, 0.35606718269089976, 0.2752013948614205
32, 0.30920295953804233, 0.8520945251408009
33, 0.9738515209315568, 0.13461326750732938
34, 0.9112144060914679, 0.94964096551625
35, 0.9860046717991073, 0.9125073866868514
36, 0.8263698097042009, 0.2300663101569982
37, 0.8358036078751409, 0.7693116785464691
38, 0.10263032481170975, 0.21004122131803227
39, 0.8600769293863362, 0.9228065088105727
40, 0.3151994761507384, 0.8540108908210021
41, 0.032220981365699175, 0.9252867915406303
42, 0.13367985961859352, 0.9066303339319739
43, 0.08764174598224728, 0.12655199326704825
44, 0.36537123338361144, 0.18401434178866893
45, 0.5531872190119166, 0.8805679224491907
46, 0.39279386412593886, 0.4330724343012009
47, 0.42924536742905794, 0.9314547340817627
48, 0.8007073892439351, 0.4323090822737581
49, 0.12269060166409784, 0.8662635874518467
50, 0.6060761014820474, 0.7848725711356046
51, 0.9016255814709532, 0.3360359917700514
52, 0.010210170234572602, 0.8064980048467083
53, 0.6757407654554752, 0.5569755211859551
54, 0.7628454463686805, 0.35445366660773725
55, 0.9630831638149644, 0.18429021456230965
56, 0.997544273232174, 0.6699508607837787
57, 0.8143475127251255, 0.9495260470567954
58, 0.6743321048793636, 0.16340462333595362
59, 0.0021231721021927052, 0.8601954950575565
60, 0.6823413123648912, 0.8681554881358199
61, 0.6599440318697797, 0.8896362058920998
62, 0.9780793332829242, 0.9116252425253045
63, 0.24937660751198176, 0.9183548263823761
64, 0.4787408920641497, 0.27336456559195055
65, 0.14403387325216466, 0.037264514830945616
66, 0.2124005218444266, 0.14662321404827927
67, 0.6279596223871954, 0.5306156585924946
68, 0.9982100073586221, 0.20913257544285135
69, 0.9918527724012091, 0.5224525248524683
70, 0.7887378843353782, 0.6450397551989252
71, 0.1632556829409776, 0.8649929636212964
72, 0.5368491303102145, 0.391435395483095
73, 0.5314961263439364, 0.6273905430539455
74, 0.12725348522950786, 0.4571279854539967
75, 0.8006059970988656, 0.12709340977722028
76, 0.676638379326681, 0.4666062612863482
77, 0.5544095275054327, 0.04438283267608223
78, 0.6384871335332849, 0.34363676161435086
79, 0.24970582541527375, 0.38423713310187113
80, 0.5626374949042032, 0.7832912806633598
81, 0.8089292240182616, 0.07558428680195373
82, 0.45478612493420856, 0.6726360688312226
83, 0.8281053173401912, 0.47656203220817916
84, 0.7781832044524674, 0.16579764135363073
85, 0.48527980968994255, 0.449543610080231
86, 0.35111403457646495, 0.2673859764775096
87, 0.3447672501910277, 0.4910355323032083
88, 0.29137855676476376, 0.2104245028273113
89, 0.1418429258814885, 0.5169642736747513
90, 0.5161169120623681, 0.5992996654628692
91, 0.7822672917342733, 0.7772893286538911
92, 0.6895761487025204, 0.9455979644452505
93, 0.6385876680556261, 0.3101307691764018
94, 0.9372550464841591, 0.752405439384594
95, 0.054691926151417936, 0.1693019885188558
96, 0.6778720005044186, 0.26070796463251056
97, 0.28762918408852023, 0.20684597549557882
98, 0.69111460398797, 0.46233156322478586
99, 0.4760290053304336, 0.2365710428779313
100, 0.6665803732078895, 0.0604678566208543
101, 0.2984222636947468, 0.38945596286174755
102, 0.49905171755100786, 0.455213763861291
103, 0.22985613495050006, 0.8252558604666894
104, 0.625413494968698, 0.285391047213566
105, 0.15287445597397353, 0.05976810402490795
106, 0.13008674680277577, 0.9652671665117363
107, 0.34600498102730737, 0.3929504065438242
108, 0.8266442947358063, 0.7488150434322082
109, 0.6736760252814225, 0.16039783783428752
110, 0.18963344156483142, 0.498671569586037
111, 0.9734243247808948, 0.5502138271726793
112, 0.36443594833834303, 0.6143426923212668
113, 0.7709889142137801, 0.7018381221412165
114, 0.650441112302407, 0.9060282390830341
115, 0.5447094220826819, 0.9638302220840167
116, 0.19148778424835067, 0.0882795060205589
117, 0.698021149563569, 0.41854948809942116
118, 0.43197049236299934, 0.4585094202159068
119, 0.38516013714821384, 0.9450366675154601
120, 0.6254121005526266, 0.6709950343886172
121, 0.023566214642296912, 0.5244697301795374
122, 0.21652967588711103, 0.3222066647942273
123, 0.6269230273644278, 0.9910650891460021
124, 0.5971542432785019, 0.47921350532515883
125, 0.1025854678020568, 0.41154418399111126
126, 0.25511093306014654, 0.09774640325766704
127, 0.3174563341513421, 0.207441827500785
128, 0.5235249477454927, 0.29168754332733593
129, 0.46987656823455426, 0.23721377337741922
130, 0.6454022508963521, 0.44784287766877007
131, 0.6142134193276199, 0.858182779740529
132, 0.48889392729445524, 0.7272090602866744
133, 0.7970805380436063, 0.8432701022713627
134, 0.3769885383785352, 0.5947360242059917
135, 0.45225142240200056, 0.6287066444409793
136, 0.025931847223387483, 0.4365479467623167
137, 0.9298960404235043, 0.08594237906547286
138, 0.45098086276838834, 0.9428281759702153
139, 0.6142694268314702, 0.3290431811065916
140, 0.07059829982155352, 0.935136109388767
141, 0.8244535221314889, 0.19522905359545417
142, 0.5695869437385644, 0.9580857353333606
143, 0.025095015942781185, 0.20327697060606487
144, 0.6759503512367678, 0.7685357054912041
145, 0.8740012419968279, 0.7041128298683417
146, 0.785551743996049, 0.17127618225809238
147, 0.01654438361365229, 0.9662620030149462
148, 0.38579287104506443, 0.8333090402304385
149, 0.19347550589430673, 0.6493459952986019
150, 0.2880443813624559, 0.7342765011245286
151, 0.02462326504391199, 0.3689831410862665
152, 0.31675996760988767, 0.12179247400496929
153, 0.30924002279987783, 0.770965141873258
154, 0.5119420434693732, 0.46678200049546004
155, 0.6457129552317027, 0.968165900305901
156, 0.8036856929093734, 0.5734323302671894
157, 0.8427409278133827, 0.6683414287721209
158, 0.009538895806129655, 0.9386457264335376
159, 0.09098100666380282, 0.353662650116526
160, 0.9366037287780515, 0.37658503666335796
161, 0.0602716145087675, 0.6562182302770875
162, 0.08820749722949472, 0.40276500911362345
163, 0.9510173854469068, 0.6989871779460798
164, 0.20338094581035515, 0.6622099065928604
165, 0.2614615908990776, 0.04226435643012705
166, 0.8069862126483817, 0.3196135498282595
167, 0.2537734611604594, 0.6668383521693461
168, 0.4971673354773448, 0.7544427010763276
169, 0.5977056105966958, 0.626417746702078
170, 0.21339739780253375, 0.5895708841096886
171, 0.2755210759043514, 0.018748974101639226
172, 0.806631633881456, 0.19520097095947875
173, 0.469175509711811, 0.8838634198338811
174, 0.4102975046452164, 0.3692823490405961
175, 0.3624750115204528, 0.6962476464874353
176, 0.45545366409844146, 0.9189036750890164
177, 0.4899385302363962, 0.2178298147159502
178, 0.5814202192773704, 0.5801048002980785
179, 0.3541798162810377, 0.5052887418043068
180, 0.8894880107732008, 0.13103800645613095
181, 0.4559931308808004, 0.41403648224808076
182, 0.19215421566004842, 0.8809986756974945
183, 0.8531237207197111, 0.7953899360897024
184, 0.5395387303911097, 0.9299078151489931
185, 0.5285072770621633, 0.214348902200025
186, 0.9041717463711727, 0.7900939890856304
187, 0.05229331791884584, 0.7735908923731786
188, 0.44715878562600997, 0.5085027640845263
189, 0.18954378690441498, 0.6071430489320168
190, 0.7070966810425885, 0.09384847890341086
191, 0.49615088361937876, 0.8873527399452091
192, 0.6033852172493172, 0.17693904307771546
193, 0.7835620011707931, 0.33234392369879395
194, 0.36540528013820905, 0.21301737055591086
195, 0.8194222567699528, 0.2966147597053366
196, 0.07751748234537725, 0.7845301055545427
197, 0.01854336871306983, 0.12475196826442436
198, 0.4214586694415584, 0.5168562279682454
199, 0.2613305355213098, 0.10716748164991108
200, 0.43559651319336057, 0.6034080298404769
201, 0.19894875208258256, 0.99937763649499
202, 0.1453215756285674, 0.03390804302465833
203, 0.47331306927550265, 0.5113419298912244
204, 0.24530611367634536, 0.5811965622786364
205, 0.8637331909689134, 0.7233906018657428
206, 0.11322608462651784, 0.5786287119080862
207, 0.35534668738605757, 0.5601559683237615
208, 0.9754814263537916, 0.2782728117165516
209, 0.13986204140729763, 0.3184636987612547
210, 0.5885322081163831, 0.7594202015389478
211, 0.23355115555220352, 0.6624331657568608
212, 0.13568529758966608, 0.8593254370807817
213, 0.3098264167377881, 0.44881216255345036
214, 0.7278697048368289, 0.3132780629259271
215, 0.6730155932689155, 0.9318045513987631
216, 0.47831756681072823, 0.03257486546837829
217, 0.07687047179642059, 0.6445775358208049
218, 0.11825818454194836, 0.7841653920424189
219, 0.17320387614408073, 0.22887484241006995
220, 0.6503229061425024, 0.4625553179110591
221, 0.6062577704563326, 0.2647244162976691
222, 0.45525607357153475, 0.7325502680623263
223, 0.1345233889635169, 0.6865616392985212
224, 0.9634092927095214, 0.8810603055604936
225, 0.076737976670046, 0.6280070663266534
226, 0.05129510290900352, 0.9706739855818214
227, 0.857070310214448, 0.951515229003532
228, 0.32438910437694124, 0.24034467992023756
229, 0.7333362917983967, 0.9546241907653034
230, 0.23403339626844444, 0.9118660391662997
231, 0.25391725867490167, 0.6331900014795877
232, 0.41508550302512126, 0.4389512918446823
233, 0.2342398342537768, 0.47156130072544644
234, 0.11443236805354973, 0.9434504194604432
235, 0.09088232815149677, 0.4697247966330296
236, 0.3924910079845292, 0.20679795477893936
237, 0.8021949322713569, 0.8400016031858344
238, 0.8419315861217395, 0.15523516507416435
239, 0.7984423461416567, 0.9673007634036315
240, 0.9174425913970112, 0.8283242209605802
241, 0.09954360984454558, 0.8371560924858533
242, 0.6452778321020847, 0.34175921229580397
243, 0.0006590802564900855, 0.6214004701837583
244, 0.5533103333795222, 0.2738409408449526
245, 0.6819802729554475, 0.6435347830170488
246, 0.7147153339983391, 0.8158982085588741
247, 0.907941438793618, 0.8761421279744829
248, 0.7532659966089654, 0.5959685777542183
249, 0.06695842965110421, 0.40094777598167575
250, 0.44145423098445646, 0.14699997971576684
251, 0.6545005865583329, 0.1622823497370467
252, 0.35902947066692636, 0.4603153981635246
253, 0.1650717946082495, 0.43856463937400547
254, 0.824100970208217, 0.47178741071793884
255, 0.795725528555444, 0.6006371627348887
256, 0.9472894395249479, 0.8738335762775976
257, 0.7945182569279328, 0.927619360576524
258, 0.34934012552169225, 0.946269693503368
259, 0.7904669492614285, 0.8178428619479429
end_nodes
0, 1
0, 2
0, 3
0, 4
0, 5
0, 6
0, 7
0, 8
0, 9
0, 10
0, 11
0, 12
0, 13
0, 14
0, 15
0, 16
18, 15
18, 22
18, 24
18, 43
18, 44
18, 65
18, 66
18, 95
18, 105
18, 116
18, 126
18, 152
18, 197
18, 199
18, 202
19, 121
20, 15
20, 22
20, 24
20, 26
20, 43
20, 65
20, 105
20, 116
20, 126
20, 152
20, 165
20, 171
20, 197
20, 199
20, 202
20, 250
21, 52
21, 164
21, 187
21, 231
23, 5
23, 12
23, 25
23, 31
23, 38
23, 64
23, 79
23, 86
23, 95
23, 122
23, 125
23, 128
23, 136
23, 143
23, 151
23, 159
27, 2
27, 4
27, 5
27, 6
27, 7
27, 9
27, 10
27, 11
27, 12
27, 13
27, 15
27, 17
27, 22
27, 24
27, 25
27, 26
28, 2
28, 3
28, 5
28, 7
28, 8
28, 10
28, 11
28, 12
28, 13
28, 15
28, 16
28, 17
28, 22
28, 24
28, 25
28, 26
29, 5
29, 7
29, 10
29, 25
29, 52
29, 59
29, 74
29, 79
29, 87
29, 89
29, 101
29, 102
29, 107
29, 110
29, 112
29, 118
30, 5
30, 7
30, 10
30, 11
30, 12
30, 15
30, 22
30, 24
30, 25
30, 26
30, 31
30, 38
30, 43
30, 44
30, 46
30, 52
33, 2
33, 3
33, 4
33, 5
33, 7
33, 8
33, 9
33, 10
33, 11
33, 12
33, 13
33, 14
33, 15
33, 16
33, 17
33, 22
34, 2
34, 4
34, 5
34, 6
34, 7
34, 9
34, 10
34, 11
34, 12
34, 13
34, 15
34, 17
34, 22
34, 24
34, 25
34, 26
35, 2
35, 4
35, 5
35, 6
35, 7
35, 9
35, 10
35, 11
35, 12
35, 13
35, 15
35, 17
35, 22
35, 24
35, 25
35, 26
36, 5
36, 9
36, 11
36, 12
36, 15
36, 22
36, 24
36, 25
36, 26
36, 31
36, 38
36, 43
36, 44
36, 46
36, 58
36, 64
37, 239
37, 257
48, 2
48, 3
48, 5
48, 7
48, 8
48, 10
48, 12
48, 13
48, 15
48, 17
48, 22
48, 24
48, 25
48, 26
48, 31
48, 32
50, 45
50, 138
50, 176
50, 191
51, 2
51, 3
51, 4
51, 5
51, 7
51, 8
51, 9
51, 10
51, 11
51, 12
51, 13
51, 15
51, 16
51, 17
51, 22
51, 24
54, 2
54, 3
54, 5
54, 7
54, 10
54, 11
54, 12
54, 15
54, 22
54, 24
54, 25
54, 26
54, 31
54, 38
54, 41
54, 42
55, 2
55, 3
55, 4
55, 5
55, 7
55, 8
55, 9
55, 10
55, 11
55, 12
55, 13
55, 14
55, 15
55, 16
55, 17
55, 22
56, 2
56, 3
56, 4
56, 5
56, 6
56, 7
56, 9
56, 10
56, 11
56, 12
56, 13
56, 15
56, 17
56, 22
56, 24
56, 25
60, 123
60, 155
61, 114
62, 2
62, 4
62, 5
62, 6
62, 7
62, 9
62, 10
62, 11
62, 12
62, 13
62, 15
62, 17
62, 22
62, 24
62, 25
62, 26
67, 2
67, 3
67, 7
67, 10
67, 17
67, 32
67, 40
67, 41
67, 42
67, 49
67, 52
67, 59
67, 63
67, 71
67, 73
67, 82
68, 1
68, 2
68, 3
68, 4
68, 6
68, 7
68, 8
68, 9
68, 10
68, 11
68, 12
68, 13
68, 16
68, 17
68, 22
68, 24
69, 2
69, 3
69, 4
69, 6
69, 8
69, 9
69, 11
69, 13
69, 16
69, 17
69, 24
69, 25
69, 26
69, 31
69, 32
69, 38
70, 16
70, 92
70, 113
70, 114
70, 115
70, 123
70, 131
70, 142
70, 144
70, 155
70, 184
70, 215
70, 246
72, 46
72, 87
72, 89
72, 110
72, 121
72, 181
72, 206
72, 213
72, 225
72, 232
72, 233
72, 243
72, 252
76, 2
76, 3
76, 17
76, 25
76, 32
76, 40
76, 41
76, 42
76, 49
76, 52
76, 59
76, 63
76, 71
76, 73
76, 74
76, 79
78, 46
78, 74
78, 79
78, 87
78, 89
78, 101
78, 107
78, 110
78, 118
78, 121
78, 125
78, 136
78, 161
78, 162
78, 174
78, 179
83, 3
83, 8
83, 13
83, 16
83, 17
83, 24
83, 25
83, 26
83, 31
83, 32
83, 38
83, 40
83, 41
83, 42
83, 43
83, 44
84, 11
84, 26
84, 65
84, 77
84, 100
84, 105
84, 165
84, 171
84, 190
84, 202
84, 216
85, 161
85, 170
85, 179
85, 189
85, 204
85, 217
85, 225
88, 38
88, 95
88, 143
91, 229
93, 25
93, 74
93, 79
93, 89
93, 101
93, 107
93, 110
93, 121
93, 122
93, 125
93, 136
93, 151
93, 159
93, 162
93, 174
93, 209
94, 3
94, 4
94, 6
94, 9
94, 13
94, 17
94, 26
94, 31
94, 32
94, 38
94, 39
94, 40
94, 41
94, 42
94, 43
94, 44
96, 26
96, 31
96, 38
96, 43
96, 44
96, 64
96, 65
96, 66
96, 79
96, 86
96, 95
96, 97
96, 105
96, 116
96, 122
96, 125
98, 3
98, 32
98, 40
98, 41
98, 42
98, 49
98, 52
98, 59
98, 63
98, 71
98, 73
98, 74
98, 79
98, 82
98, 87
98, 89
99, 38
99, 43
99, 95
99, 97
99, 127
99, 143
99, 197
99, 219
99, 228
104, 31
104, 38
104, 64
104, 79
104, 86
104, 95
104, 97
104, 101
104, 122
104, 125
104, 127
104, 128
104, 136
104, 143
104, 151
104, 159
108, 133
108, 237
108, 257
109, 26
109, 65
109, 77
109, 105
109, 116
109, 126
109, 152
109, 165
109, 171
109, 199
109, 202
109, 216
111, 3
111, 4
111, 6
111, 9
111, 13
111, 16
111, 31
111, 32
111, 38
111, 39
111, 40
111, 41
111, 42
111, 43
111, 44
111, 45
117, 31
117, 38
117, 41
117, 42
117, 43
117, 49
117, 52
117, 59
117, 66
117, 71
117, 74
117, 79
117, 86
117, 87
117, 89
117, 95
124, 52
124, 59
124, 74
124, 87
124, 89
124, 110
124, 112
124, 121
124, 125
124, 134
124, 136
124, 149
124, 161
124, 162
124, 164
124, 167
129, 38
129, 95
129, 97
129, 127
129, 143
129, 197
129, 219
129, 228
130, 41
130, 49
130, 52
130, 59
130, 74
130, 79
130, 87
130, 89
130, 101
130, 102
130, 107
130, 110
130, 112
130, 118
130, 121
130, 122
137, 4
137, 8
137, 9
137, 14
137, 31
137, 32
137, 38
137, 39
137, 40
137, 41
137, 42
137, 43
137, 44
137, 45
137, 46
137, 47
139, 46
139, 74
139, 79
139, 89
139, 101
139, 107
139, 110
139, 121
139, 125
139, 136
139, 151
139, 159
139, 162
139, 174
139, 213
139, 233
141, 4
141, 9
141, 38
141, 43
141, 44
141, 58
141, 65
141, 66
141, 75
141, 77
141, 95
141, 97
141, 100
141, 105
141, 116
141, 126
146, 65
146, 77
146, 100
146, 105
146, 116
146, 126
146, 165
146, 171
146, 190
146, 199
146, 202
146, 216
154, 52
154, 149
154, 164
154, 187
154, 188
154, 198
154, 207
154, 223
154, 231
156, 16
156, 32
156, 40
156, 41
156, 42
156, 45
156, 47
156, 49
156, 63
156, 71
156, 80
156, 92
156, 103
156, 106
156, 114
156, 115
157, 133
157, 229
157, 237
157, 257
157, 259
160, 4
160, 6
160, 8
160, 14
160, 16
160, 31
160, 32
160, 39
160, 40
160, 41
160, 42
160, 43
160, 44
160, 45
160, 47
160, 49
163, 6
163, 31
163, 32
163, 39
163, 40
163, 41
163, 42
163, 43
163, 44
163, 45
163, 47
163, 49
163, 52
163, 57
163, 58
163, 59
166, 1
166, 31
166, 32
166, 40
166, 41
166, 42
166, 43
166, 44
166, 46
166, 49
166, 52
166, 58
166, 59
166, 63
166, 64
166, 65
172, 43
172, 44
172, 58
172, 65
172, 66
172, 77
172, 95
172, 97
172, 100
172, 105
172, 116
172, 126
172, 127
172, 143
172, 152
172, 165
177, 44
177, 66
177, 95
177, 97
177, 127
177, 143
177, 197
177, 219
177, 236
185, 44
185, 66
185, 95
185, 97
185, 105
185, 116
185, 126
185, 127
185, 143
185, 197
185, 199
185, 219
185, 236
186, 6
186, 32
186, 39
186, 40
186, 41
186, 42
186, 44
186, 45
186, 47
186, 49
186, 52
186, 57
186, 58
186, 59
186, 63
186, 65
192, 65
192, 66
192, 105
192, 116
192, 126
192, 152
192, 165
192, 171
192, 197
192, 199
192, 202
192, 250
193, 32
193, 41
193, 42
193, 49
193, 52
193, 59
193, 63
193, 71
193, 82
193, 90
193, 103
193, 106
193, 112
193, 134
193, 135
193, 140
194, 95
194, 97
194, 127
194, 143
194, 197
195, 32
195, 40
195, 42
195, 46
195, 49
195, 52
195, 58
195, 59
195, 63
195, 64
195, 65
195, 66
195, 71
195, 73
195, 74
195, 77
208, 6
208, 8
208, 16
208, 39
208, 40
208, 45
208, 46
208, 47
208, 49
208, 52
208, 53
208, 57
208, 58
208, 59
208, 63
208, 64
214, 46
214, 64
214, 74
214, 79
214, 86
214, 87
214, 89
214, 95
214, 97
214, 101
214, 102
214, 107
214, 110
214, 118
214, 121
214, 122
220, 49
220, 59
220, 71
220, 74
220, 79
220, 87
220, 89
220, 101
220, 103
220, 107
220, 110
220, 112
220, 121
220, 125
220, 134
220, 135
221, 64
221, 66
221, 86
221, 95
221, 97
221, 122
221, 127
221, 143
221, 151
221, 159
221, 197
221, 209
221, 219
221, 228
221, 236
221, 244
224, 6
224, 39
224, 40
224, 45
224, 47
224, 49
224, 57
224, 58
224, 59
224, 63
224, 65
224, 66
224, 71
224, 74
224, 75
224, 77
240, 6
240, 39
240, 40
240, 45
240, 47
240, 49
240, 57
240, 58
240, 59
240, 63
240, 65
240, 66
240, 71
240, 74
240, 75
240, 77
242, 46
242, 74
242, 79
242, 87
242, 89
242, 101
242, 107
242, 110
242, 118
242, 121
242, 125
242, 136
242, 161
242, 162
242, 170
242, 174
245, 45
245, 47
245, 63
245, 80
245, 106
245, 119
245, 138
245, 148
245, 168
245, 173
245, 176
245, 191
245, 201
245, 210
245, 226
245, 230
247, 39
247, 45
247, 47
247, 57
247, 58
247, 63
247, 65
247, 66
247, 71
247, 74
247, 75
247, 77
247, 79
247, 80
247, 81
247, 82
248, 45
248, 47
248, 63
248, 71
248, 80
248, 103
248, 106
248, 115
248, 119
248, 120
248, 131
248, 132
248, 138
248, 140
248, 142
248, 144
251, 65
251, 77
251, 105
251, 116
251, 126
251, 152
251, 165
251, 171
251, 199
251, 202
251, 216
254, 8
254, 16
254, 45
254, 47
254, 53
254, 63
254, 66
254, 71
254, 73
254, 79
254, 80
254, 82
254, 86
254, 87
254, 89
254, 90
255, 16
255, 45
255, 47
255, 80
255, 92
255, 114
255, 115
255, 119
255, 123
255, 131
255, 138
255, 142
255, 144
255, 155
255, 173
255, 176
256, 39
256, 45
256, 47
256, 57
256, 58
256, 63
256, 66
256, 71
256, 75
256, 77
256, 80
256, 81
256, 82
256, 89
256, 92
256, 95
end