220
4
0, 0.9105508419030109, 0.47350157333763765
1, 0.032265789661566124, 0.7755176202795954
2, 0.7508658089340116, 0.4144403603978424
3, 0.40795112547294976, 0.9835638310214019
4, 0.7874068107667329, 0.42455346391447446
5, 0.9753384204520128, 0.5765282136335521
6, 0.1941698937010945, 0.1417759354261645
7, 0.2110836996354668, 0.5865000963237614
8, 0.4907826985520528, 0.3563647785293417
9, 0.12571884230353902, 0.7510143838362225
10, 0.6743443649577753, 0.4018242224666987
11, 0.8825124269166102, 0.6358734854824266
12, 0.25368212500923604, 0.40613800692581215
13, 0.47576260274881443, 0.8061555481594447
14, 0.015963758440392883, 0.5768444694808142
15, 0.30021697818342974, 0.3846369173223314
16, 0.9597740424219361, 0.007349603234304114
17, 0.8858910925219656, 0.9107102522223217
18, 0.616577574105638, 0.9012215155946817
19, 0.9631603793799058, 0.5744375842661693
20, 0.08298471981311506, 0.9628658087455898
21, 0.8356273146813177, 0.6671376311682681
22, 0.019461037096944134, 0.9608116880788216
23, 0.9717629459736092, 0.10745515921984028
24, 0.3559387586415065, 0.7021384020945075
25, 0.38117805730530196, 0.9628364741073732
26, 0.19617740603401512, 0.3905640232237326
27, 0.5654945231557577, 0.28281570873293294
28, 0.4825825394745551, 0.6903505851687866
29, 0.503358052880067, 0.8089542403251553
30, 0.1901331176779465, 0.33358829865229944
31, 0.518033612420821, 0.4441704241924752
32, 0.8227968898176772, 0.4359323045411858
33, 0.17488725064516464, 0.43886469493264924
34, 0.932741572118629, 0.25880930717807227
35, 0.6198080595147704, 0.4424142122959611
36, 0.4573816546839492, 0.9188238969862931
37, 0.9021073309151607, 0.8169679099660717
38, 0.0015532830325285518, 0.525629895322639
39, 0.10567410810232192, 0.007956538496871945
40, 0.6962911738596732, 0.6239126082152067
41, 0.43700250260742934, 0.12867820160419974
42, 0.913545512793617, 0.3605159869608644
43, 0.5069313465181843, 0.16671156870236636
44, 0.9843952480374809, 0.6411193629366789
45, 0.025328407605718972, 0.9349638376393167
46, 0.184906065287753, 0.593065229730468
47, 0.4169225232722783, 0.0775356884632804
48, 0.5403887519884314, 0.9262467732864943
49, 0.8279914208376847, 0.3155318958327584
50, 0.24039041957701923, 0.6837353625519574
51, 0.5016705716698489, 0.5867129513644747
52, 0.7674760795522656, 0.5593144620108642
53, 0.14062399037233542, 0.7701814909600456
54, 0.5609747886715712, 0.9661876037530229
55, 0.12466690290437255, 0.4359029617788326
56, 0.04841553908801455, 0.699733888794882
57, 0.25659904201246886, 0.17312710689332023
58, 0.6001339075616342, 0.8443786515522321
59, 0.3581437501814334, 0.28529357741298944
60, 0.547333088297683, 0.41223755694051334
61, 0.5960019505296792, 0.06512578326130514
62, 0.8949146610506244, 0.47516295478160264
63, 0.8921881939822542, 0.0973533442021558
64, 0.19415471167994858, 0.06197469385773702
65, 0.5187650773206265, 0.13280480967188035
66, 0.6654661846820662, 0.6105179113611177
67, 0.025775405649550165, 0.07502921801194729
68, 0.6423298023267875, 0.5135207103969934
69, 0.08493996706873208, 0.39751131133829587
70, 0.7562372391558523, 0.8889241037011651
71, 0.680790913285338, 0.4663411662022613
72, 0.3785450528676033, 0.6217130468617016
73, 0.4431070461040836, 0.031080113186477187
74, 0.25439732789243696, 0.9942370119077905
75, 0.13864726428960372, 0.2791705110682072
76, 0.0060438988474793565, 0.6094935779734096
77, 0.7425635468540236, 0.548133256020128
78, 0.6906771702930099, 0.20713754575775956
79, 0.28214052536299206, 0.4894252822241234
80, 0.35756397969292886, 0.26188975878027154
81, 0.7102667501455289, 0.20250615494210933
82, 0.7362604429920813, 0.5102422738073525
83, 0.006753575880288021, 0.9331936152613111
84, 0.21339589092668154, 0.04039074649204677
85, 0.6352899453076918, 0.4336832382864476
86, 0.5954086473084631, 0.8978024974471883
87, 0.18657119736440886, 0.35195856522507274
88, 0.9503211329536029, 0.02911408536557536
89, 0.4390620827516306, 0.07293616845728079
90, 0.5285803756431988, 0.42676450676204025
91, 0.6664620175415042, 0.9951387702743777
92, 0.07030614539969382, 0.6118101333083246
93, 0.07053569755445577, 0.2912205073908922
94, 0.11961658044276935, 0.8320087142458
95, 0.3992939579193441, 0.24378090462655566
96, 0.09793706611664754, 0.27897860012431264
97, 0.09656887080568521, 0.783510991331498
98, 0.5512881609908183, 0.6280514686360807
99, 0.8914802149582672, 0.18003994684204438
100, 0.6866633929901512, 0.6618030449067548
101, 0.5220568671538053, 0.42604307780748285
102, 0.769570716872173, 0.2219691229912234
103, 0.9187452783472958, 0.23779802198399347
104, 0.9604459452293017, 0.48362834060004456
105, 0.6232874899806191, 0.7634773668401407
106, 0.3989753831817703, 0.480909280854925
107, 0.6615419377538938, 0.46940250265712014
108, 0.6445697081725591, 0.7195306341723156
109, 0.8342983305580247, 0.619512525444006
110, 0.2839546683383336, 0.18258820222652272
111, 0.03960048896924617, 0.3755259429513581
112, 0.249328483159989, 0.5507148117893063
113, 0.8099257792139067, 0.8523416752874398
114, 0.1464512464610288, 0.2666918419709602
115, 0.46465738772170395, 0.45550456400554196
116, 0.22860573302070442, 0.813682495715279
117, 0.3515380759478284, 0.9172360843764857
118, 0.7492190330436866, 0.42414884218329707
119, 0.6967271368768514, 0.1667604708950372
120, 0.9547702852086379, 0.9561749156916254
121, 0.7205382717316157, 0.36727371308779555
122, 0.22743696207987685, 0.4038675628213698
123, 0.3094370258566175, 0.010658872167729427
124, 0.223043862519948, 0.6719327173910646
125, 0.10476783137419277, 0.29353766045460494
126, 0.9353028526575472, 0.45131855912371743
127, 0.7167001219398659, 0.8445679776596723
128, 0.5427830732404922, 0.25644032206500744
129, 0.14583589434291622, 0.1118251261097658
130, 0.6605493276880102, 0.8063960900163556
131, 0.3321504714612503, 0.2404389273268287
132, 0.1232277954251243, 0.2748342017859573
133, 0.2563708035826946, 0.07193375618894315
134, 0.2745954661977159, 0.505762072801883
135, 0.27757144553363655, 0.4387886705832851
136, 0.14528084603432667, 0.9442680649452107
137, 0.2844894129618841, 0.5966132918271179
138, 0.5764323971359466, 0.2533181412407388
139, 0.5686126890655533, 0.6704238498289701
140, 0.396445251179823, 0.2002194224820225
141, 0.7792946904522299, 0.45503988989823463
142, 0.7508583143242269, 0.4345066404633804
143, 0.8815500315275199, 0.744095719265738
144, 0.6647976467996184, 0.6867570987958012
145, 0.18249101956221037, 0.029542247856029435
146, 0.7952104769152429, 0.7687287305586936
147, 0.4756966460530271, 0.30502533080881766
148, 0.342926275003237, 0.2578201434088615
149, 0.7009093948648702, 0.766951588880032
150, 0.337741149513779, 0.533049940353092
151, 0.25110498811981574, 0.7748067095555266
152, 0.732233217164019, 0.0035432543956724905
153, 0.4668450703819954, 0.04672318129856978
154, 0.22074516868847394, 0.722898262082761
155, 0.8873414069272844, 0.2293054182233396
156, 0.23930067959085088, 0.17933334759714414
157, 0.1044878079983087, 0.9723181117918378
158, 0.4820842969526018, 0.9952123164545145
159, 0.3467842996111262, 0.06032321655769601
160, 0.288111870775685, 0.8578480485412653
161, 0.5062555521047488, 0.08927544047370273
162, 0.7899004618770864, 0.12223361758083717
163, 0.3784232457739847, 0.03428216308237664
164, 0.4667522040632247, 0.7084317241856523
165, 0.17428995135926384, 0.9169246192360049
166, 0.08686706479083983, 0.9987682703718116
167, 0.1297048877210698, 0.60094231245347
168, 0.3561653928711901, 0.8856364961896572
169, 0.6538397498042757, 0.7455630715073029
170, 0.893225506261068, 0.6449428400391783
171, 0.12761109968777684, 0.8117744964342358
172, 0.9765513136563141, 0.9493566030284932
173, 0.1870149199355957, 0.22028719087509852
174, 0.06938156321817923, 0.3655602166295382
175, 0.34323903319825266, 0.3621809304787518
176, 0.4648852042314553, 0.6322672507334264
177, 0.7222591836978163, 0.4189189145993222
178, 0.669169344757697, 0.7967987425484132
179, 0.017180220895282705, 0.30139013392844494
180, 0.06633786236299122, 0.3351339395847954
181, 0.7657686823382626, 0.7084843977465551
182, 0.4401516164527295, 0.675649928372137
183, 0.3035379089517314, 0.6045938476977883
184, 0.8824612349821886, 0.061525632064098446
185, 0.5123890013688581, 0.8328853600307697
186, 0.8857786214718801, 0.3222574734860575
187, 0.6497199503541002, 0.8601494995171864
188, 0.6487148541383907, 0.568316658882688
189, 0.4029521201190762, 0.4600839525086212
190, 0.20655888437721182, 0.26154675749799283
191, 0.011933175952815733, 0.9052824745164273
192, 0.9854096457056916, 0.9079260916010435
193, 0.3635894482144507, 0.4836972749974454
194, 0.5480756864178773, 0.6505144552629373
195, 0.7284971166161447, 0.0852054050372848
196, 0.033408826625393795, 0.24177199557448226
197, 0.4213514100274134, 0.7922946126420937
198, 0.048998616128337, 0.9102393121203937
199, 0.8541457330147229, 0.8090236515937527
200, 0.8172576288322511, 0.32503709062786446
201, 0.32272884352095554, 0.2857860770988273
202, 0.7802874017761053, 0.7335638111748182
203, 0.09796309464957853, 0.9079002325049957
204, 0.3216160003625118, 0.12196473458428236
205, 0.8399134191040784, 0.5282554716471811
206, 0.617562007531939, 0.9677676642013731
207, 0.09714859604235981, 0.62065218540554
208, 0.6491818219605887, 0.04101843313581088
209, 0.1706066477493624, 0.1122110086866126
210, 0.9798835473687444, 0.3480275616815417
211, 0.3583020539274413, 0.7692041010547486
212, 0.26426846310734486, 0.14340159865188318
213, 0.998973185704658, 0.15436029028028475
214, 0.9301243224026379, 0.8674072716112426
215, 0.8640547789844947, 0.5770360930054228
216, 0.8008105045539975, 0.07356862631923822
217, 0.5356786251662117, 0.9251884709636934
218, 0.5165367538333715, 0.3154509134492902
219, 0.4422315131418224, 0.915270788655919
end_nodes
0, 1
0, 2
0, 3
0, 4
0, 5
0, 6
0, 7
0, 8
0, 9
0, 10
0, 11
0, 12
0, 13
0, 14
15, 104
15, 174
15, 180
16, 1
16, 3
16, 5
16, 7
16, 9
16, 11
16, 12
16, 13
16, 14
16, 17
16, 18
16, 19
16, 20
16, 21
23, 1
23, 3
23, 5
23, 7
23, 9
23, 11
23, 12
23, 13
23, 14
23, 17
23, 18
23, 19
23, 20
23, 21
24, 94
24, 171
24, 191
26, 111
27, 1
27, 3
27, 5
27, 7
27, 9
27, 11
27, 12
27, 13
27, 14
27, 17
27, 18
27, 19
27, 20
27, 21
28, 20
28, 22
28, 45
28, 83
28, 116
28, 136
28, 157
28, 160
28, 165
28, 166
28, 191
28, 198
28, 203
28, 211
29, 25
29, 74
29, 117
31, 33
31, 55
31, 87
31, 135
31, 179
31, 180
32, 1
32, 3
32, 5
32, 6
32, 7
32, 9
32, 11
32, 12
32, 13
32, 14
32, 17
32, 18
32, 19
32, 20
34, 1
34, 3
34, 5
34, 7
34, 9
34, 11
34, 12
34, 13
34, 14
34, 17
34, 18
34, 19
34, 20
34, 21
35, 12
35, 30
35, 33
35, 55
35, 69
35, 75
35, 87
35, 93
35, 96
35, 111
35, 114
35, 115
35, 122
35, 125
36, 3
39, 1
39, 3
39, 5
39, 7
39, 9
39, 11
39, 14
39, 17
39, 18
39, 19
39, 20
39, 21
39, 22
39, 25
40, 3
40, 13
40, 20
40, 25
40, 48
40, 74
40, 105
40, 108
40, 117
40, 136
40, 157
40, 158
40, 160
40, 165
41, 1
41, 3
41, 5
41, 7
41, 9
41, 11
41, 12
41, 14
41, 17
41, 18
41, 19
41, 20
41, 21
41, 22
42, 1
42, 3
42, 5
42, 7
42, 9
42, 11
42, 12
42, 13
42, 14
42, 17
42, 18
42, 19
42, 20
42, 21
43, 1
43, 3
43, 5
43, 7
43, 9
43, 11
43, 12
43, 14
43, 17
43, 18
43, 19
43, 20
43, 21
43, 22
47, 1
47, 3
47, 5
47, 7
47, 9
47, 11
47, 12
47, 14
47, 17
47, 18
47, 19
47, 20
47, 21
47, 22
49, 1
49, 3
49, 5
49, 7
49, 9
49, 11
49, 12
49, 13
49, 14
49, 17
49, 18
49, 19
49, 20
49, 21
50, 1
51, 1
51, 9
51, 53
51, 56
51, 72
51, 97
51, 124
51, 154
52, 13
52, 18
52, 20
52, 22
52, 25
52, 45
52, 48
52, 54
52, 58
52, 74
52, 83
52, 86
52, 91
52, 94
57, 5
57, 7
57, 9
57, 11
57, 14
57, 17
57, 18
57, 19
57, 21
57, 22
57, 25
57, 33
57, 37
57, 38
60, 30
60, 75
60, 93
60, 96
60, 111
60, 114
60, 125
60, 132
60, 174
60, 175
60, 179
60, 196
61, 5
61, 7
61, 11
61, 12
61, 14
61, 17
61, 18
61, 19
61, 21
61, 22
61, 25
61, 33
61, 37
61, 38
62, 2
62, 4
62, 6
62, 8
62, 10
62, 12
62, 13
62, 17
62, 19
62, 21
62, 22
62, 25
62, 30
62, 33
63, 13
63, 21
63, 22
63, 25
63, 33
63, 37
63, 38
63, 44
63, 45
63, 46
63, 48
63, 53
63, 54
63, 55
64, 22
64, 25
64, 33
64, 37
64, 38
64, 44
64, 45
64, 46
64, 48
64, 53
64, 54
64, 55
64, 56
64, 58
65, 22
65, 25
65, 33
65, 37
65, 38
65, 44
65, 45
65, 46
65, 48
65, 53
65, 54
65, 55
65, 56
65, 58
66, 13
66, 22
66, 25
66, 45
66, 74
66, 83
66, 116
66, 117
66, 136
66, 139
66, 157
66, 160
66, 164
66, 165
68, 46
68, 53
68, 56
68, 72
68, 76
68, 92
68, 94
68, 97
68, 112
68, 124
68, 137
68, 154
68, 167
68, 171
71, 30
71, 33
71, 38
71, 46
71, 55
71, 56
71, 75
71, 76
71, 79
71, 87
71, 92
71, 93
71, 96
71, 106
73, 22
73, 25
73, 33
73, 37
73, 38
73, 44
73, 45
73, 46
73, 48
73, 53
73, 54
73, 55
73, 56
73, 58
77, 13
77, 25
77, 45
77, 48
77, 53
77, 54
77, 58
77, 74
77, 83
77, 86
77, 94
77, 97
77, 98
77, 105
78, 25
78, 33
78, 37
78, 38
78, 44
78, 45
78, 46
78, 48
78, 53
78, 54
78, 55
78, 56
78, 58
78, 69
81, 33
81, 37
81, 38
81, 44
81, 45
81, 46
81, 48
81, 53
81, 54
81, 55
81, 56
81, 58
81, 69
81, 70
82, 45
82, 46
82, 53
82, 56
82, 72
82, 74
82, 76
82, 83
82, 92
82, 94
82, 97
82, 98
82, 116
82, 117
84, 33
84, 37
84, 38
84, 44
84, 45
84, 46
84, 48
84, 53
84, 54
84, 55
84, 56
84, 58
84, 69
84, 70
85, 30
85, 33
85, 55
85, 69
85, 75
85, 87
85, 93
85, 96
85, 104
85, 111
85, 114
85, 122
85, 125
85, 132
88, 37
88, 38
88, 44
88, 45
88, 46
88, 48
88, 53
88, 54
88, 55
88, 56
88, 58
88, 69
88, 70
88, 74
89, 37
89, 38
89, 44
89, 45
89, 46
89, 48
89, 53
89, 54
89, 55
89, 56
89, 58
89, 69
89, 70
89, 74
90, 30
90, 69
90, 87
90, 93
90, 111
90, 122
90, 125
90, 179
90, 180
99, 37
99, 38
99, 44
99, 46
99, 48
99, 53
99, 54
99, 55
99, 56
99, 58
99, 69
99, 70
99, 74
99, 76
100, 48
100, 58
100, 74
100, 105
100, 108
100, 117
100, 158
100, 168
100, 185
100, 217
100, 219
101, 30
101, 69
101, 87
101, 93
101, 111
101, 122
101, 125
101, 179
101, 180
102, 37
102, 38
102, 44
102, 46
102, 54
102, 56
102, 58
102, 69
102, 70
102, 74
102, 76
102, 79
102, 83
102, 86
103, 37
103, 44
103, 54
103, 58
103, 69
103, 70
103, 74
103, 76
103, 79
103, 83
103, 86
103, 91
103, 92
103, 94
107, 30
107, 76
107, 79
107, 87
107, 92
107, 93
107, 96
107, 106
107, 112
107, 125
107, 134
107, 137
107, 150
107, 167
109, 70
109, 86
109, 91
109, 113
109, 127
109, 146
109, 149
109, 181
109, 187
109, 199
109, 202
109, 206
110, 6
110, 44
110, 69
110, 70
110, 74
110, 76
110, 83
110, 86
110, 91
110, 92
110, 94
110, 97
110, 105
110, 108
118, 6
118, 10
118, 59
118, 67
118, 69
118, 80
118, 111
118, 122
118, 129
118, 131
118, 147
118, 148
118, 156
118, 173
119, 44
119, 70
119, 74
119, 76
119, 79
119, 83
119, 86
119, 91
119, 92
119, 94
119, 97
119, 105
119, 106
119, 108
121, 70
121, 76
121, 79
121, 83
121, 86
121, 91
121, 92
121, 94
121, 97
121, 105
121, 106
121, 108
121, 111
121, 112
123, 70
123, 76
123, 83
123, 86
123, 91
123, 92
123, 94
123, 97
123, 105
123, 108
123, 111
123, 112
123, 113
123, 116
126, 70
126, 72
126, 76
126, 79
126, 83
126, 86
126, 91
126, 92
126, 94
126, 97
126, 98
126, 105
126, 106
126, 111
128, 70
128, 76
128, 79
128, 83
128, 86
128, 91
128, 92
128, 94
128, 97
128, 105
128, 108
128, 111
128, 112
128, 113
133, 76
133, 83
133, 86
133, 91
133, 92
133, 94
133, 97
133, 105
133, 108
133, 111
133, 113
133, 116
133, 117
133, 120
138, 79
138, 86
138, 91
138, 92
138, 94
138, 97
138, 105
138, 108
138, 111
138, 112
138, 113
138, 116
138, 117
138, 120
140, 79
140, 86
140, 91
140, 92
140, 97
140, 105
140, 108
140, 111
140, 112
140, 113
140, 116
140, 117
140, 120
140, 122
141, 6
141, 8
141, 10
141, 30
141, 59
141, 67
141, 72
141, 75
141, 79
141, 80
141, 87
141, 93
141, 96
141, 97
142, 6
142, 8
142, 10
142, 59
142, 67
142, 75
142, 79
142, 80
142, 96
142, 106
142, 112
142, 114
142, 115
142, 122
144, 105
144, 108
144, 117
144, 158
144, 185
144, 217
144, 219
145, 91
145, 105
145, 108
145, 113
145, 116
145, 117
145, 120
145, 124
145, 127
145, 130
145, 136
145, 143
145, 146
145, 149
152, 79
152, 91
152, 108
152, 112
152, 113
152, 116
152, 117
152, 120
152, 122
152, 124
152, 127
152, 130
152, 134
152, 135
153, 79
153, 108
153, 112
153, 113
153, 116
153, 117
153, 120
153, 122
153, 124
153, 127
153, 130
153, 134
153, 135
153, 136
155, 106
155, 112
155, 113
155, 115
155, 116
155, 117
155, 120
155, 122
155, 124
155, 127
155, 130
155, 134
155, 135
155, 136
159, 112
159, 113
159, 116
159, 117
159, 120
159, 122
159, 124
159, 127
159, 130
159, 135
159, 136
159, 143
159, 146
159, 149
161, 112
161, 113
161, 116
161, 120
161, 122
161, 124
161, 127
161, 130
161, 134
161, 135
161, 136
161, 143
161, 146
161, 149
162, 106
162, 112
162, 113
162, 116
162, 120
162, 122
162, 124
162, 127
162, 130
162, 134
162, 135
162, 136
162, 137
162, 143
163, 113
163, 120
163, 122
163, 124
163, 127
163, 130
163, 134
163, 135
163, 136
163, 143
163, 146
163, 149
163, 151
163, 154
176, 154
176, 171
176, 191
177, 6
177, 10
177, 59
177, 67
177, 80
177, 129
177, 131
177, 147
177, 148
177, 156
177, 173
177, 190
177, 201
177, 218
184, 106
184, 115
184, 120
184, 124
184, 127
184, 130
184, 134
184, 135
184, 136
184, 137
184, 139
184, 143
184, 146
184, 149
186, 106
186, 115
186, 120
186, 124
186, 127
186, 130
186, 134
186, 135
186, 136
186, 137
186, 139
186, 143
186, 146
186, 149
188, 98
188, 136
188, 151
188, 154
188, 157
188, 160
188, 164
188, 165
188, 166
188, 171
188, 182
188, 191
188, 197
188, 198
194, 136
194, 151
194, 157
194, 160
194, 164
194, 165
194, 166
194, 191
194, 198
194, 203
194, 211
195, 106
195, 120
195, 124
195, 127
195, 130
195, 134
195, 135
195, 137
195, 143
195, 146
195, 149
195, 150
195, 151
195, 154
200, 106
200, 115
200, 124
200, 127
200, 130
200, 134
200, 135
200, 137
200, 139
200, 143
200, 146
200, 149
200, 150
200, 151
204, 127
204, 130
204, 143
204, 146
204, 149
204, 151
204, 154
204, 157
204, 158
204, 160
204, 165
204, 166
204, 167
204, 168
205, 30
205, 75
205, 87
205, 93
205, 96
205, 125
205, 130
205, 132
205, 139
205, 143
205, 146
205, 149
205, 151
205, 157
208, 134
208, 135
208, 137
208, 143
208, 146
208, 149
208, 151
208, 154
208, 157
208, 158
208, 160
208, 164
208, 165
208, 166
209, 143
209, 146
209, 149
209, 151
209, 154
209, 157
209, 158
209, 160
209, 165
209, 166
209, 167
209, 168
209, 169
209, 170
210, 98
210, 106
210, 115
210, 134
210, 135
210, 137
210, 139
210, 143
210, 146
210, 149
210, 150
210, 151
210, 154
210, 157
212, 151
212, 154
212, 157
212, 158
212, 160
212, 165
212, 166
212, 167
212, 168
212, 169
212, 170
212, 171
212, 172
212, 174
213, 106
213, 115
213, 134
213, 137
213, 139
213, 150
213, 151
213, 154
213, 157
213, 158
213, 160
213, 164
213, 165
213, 166
215, 158
215, 170
215, 172
215, 178
215, 181
215, 187
215, 192
215, 199
215, 202
215, 206
215, 214
215, 217
216, 137
216, 150
216, 151
216, 154
216, 157
216, 158
216, 160
216, 164
216, 165
216, 166
216, 167
216, 168
216, 169
216, 170
end