280
4
0, 0.3964827474054795, 0.374348571147625
1, 0.2984665427069293, 0.5674879448445898
2, 0.8086723821703485, 0.5138416435799306
3, 0.9104977308622215, 0.14210142902401646
4, 0.9611622055126654, 0.6444645022740249
5, 0.7527327332636127, 0.8467835094220213
6, 0.9298510583936915, 0.4327123721404412
7, 0.41640710756177346, 0.042531121015954576
8, 0.6570950794195074, 0.6833537050707962
9, 0.5275711608524062, 0.34763792370212554
10, 0.4637492497609559, 0.9137022689611594
11, 0.6940413926455362, 0.06542026435492998
12, 0.38721894912440336, 0.42093899171292704
13, 0.7351263741043641, 0.18917870318790808
14, 0.7045820036141665, 0.6929830076983204
15, 0.5321151379563569, 0.45267532044302694
16, 0.6563671041686107, 0.7025465392732949
17, 0.003540408314388621, 0.6590193333602008
18, 0.544753901721346, 0.04964637601791244
19, 0.13085545105455676, 0.5068583489813783
20, 0.4866448805456308, 0.11445567795619283
21, 0.6354868109955462, 0.3405780180507826
22, 0.9981591384146846, 0.7902168713756187
23, 0.8864979949455731, 0.9547136583006576
24, 0.35941324486778503, 0.7376672699950917
25, 0.5957988760747422, 0.707499919806915
26, 0.18797835366787352, 0.3369159662207655
27, 0.1463083362324722, 0.3556917993052958
28, 0.5488853295415079, 0.5476392997052467
29, 0.9219576284989905, 0.11511066488038213
30, 0.3752829762724922, 0.9146773781554374
31, 0.5121648918462794, 0.7714458640687581
32, 0.440867206183865, 0.33645168830092653
33, 0.28003952208728344, 0.9790513731697462
34, 0.19997564563114623, 0.8109371085474582
35, 0.2998874740843005, 0.6328227136286562
36, 0.28412359534969955, 0.6284589028948225
37, 0.10765163555410806, 0.6631214143190491
38, 0.8053225348827362, 0.09572968174633634
39, 0.1793231870772456, 0.8581704845888362
40, 0.5315997620637037, 0.2565405872703945
41, 0.49033250511140103, 0.7512030957128417
42, 0.7983696038523413, 0.5803048660171414
43, 0.6912594071000908, 0.7541275290750665
44, 0.0788073022896153, 0.8975117687970318
45, 0.9117375922255544, 0.5570566153795834
46, 0.6561997197114302, 0.2419370216089889
47, 0.5382081603776313, 0.8929209073167099
48, 0.535016181202125, 0.23272344680985302
49, 0.06268901477722577, 0.4489028303592817
50, 0.04743100598615424, 0.7297703329459004
51, 0.7403118375824587, 0.5545435607690135
52, 0.30073094356525454, 0.8124933305589582
53, 0.13162818767900364, 0.2889856131491826
54, 0.1990833636415874, 0.8583854520293286
55, 0.8140998047890745, 0.6354610805024581
56, 0.5011829305542885, 0.15327505224711058
57, 0.2922096466553231, 0.15464480801066094
58, 0.9580148413004109, 0.09038470440558222
59, 0.5167558720091736, 0.72340589509138
60, 0.8413776066568999, 0.5937134675984181
61, 0.2895506955450695, 0.48478853268622135
62, 0.6727386742280301, 0.4923632906633888
63, 0.03213135484419716, 0.543967130352575
64, 0.4731551303464857, 0.4445325952468757
65, 0.46578643376612283, 0.22500356255212972
66, 0.2856756864404828, 0.1660709207063319
67, 0.1482468866347778, 0.6075593145819252
68, 0.6841642846350848, 0.5124176512787578
69, 0.5512302708839949, 0.44579491972159346
70, 0.5576622327553932, 0.07229763581638271
71, 0.08120447637891726, 0.218531890368729
72, 0.2125084855482211, 0.2058407653305553
73, 0.21429092080823187, 0.8121970240488368
74, 0.005597322835122709, 0.05784484676922774
75, 0.5650613161908767, 0.6090143857122907
76, 0.3951215933317108, 0.4255771157282179
77, 0.4840640333454308, 0.6960970874558384
78, 0.7726244610976211, 0.5730812405619204
79, 0.5436583979142228, 0.27220575773877187
80, 0.5719170846628869, 0.9750163942476157
81, 0.2674460157047709, 0.8667547171100156
82, 0.5120139517957432, 0.22537410355036247
83, 0.009151357299470475, 0.48057948888419977
84, 0.7254960256521022, 0.8404071242211947
85, 0.7066256714402296, 0.7865384455817703
86, 0.09917316286426092, 0.49322479279305564
87, 0.8437264584468063, 0.6588602617288603
88, 0.5983410657643347, 0.5528400300326759
89, 0.19482515382941412, 0.006044856796850406
90, 0.9745340421310507, 0.1737249804918264
91, 0.34917772559441584, 0.9471098791537029
92, 0.33516178283339426, 0.8673845331859859
93, 0.9424029647576713, 0.18061816462391533
94, 0.19122803744392258, 0.030264589421406862
95, 0.19690344473336863, 0.3679138960256748
96, 0.6328887273985135, 0.6426262010424922
97, 0.5372193969108986, 0.4386814842566864
98, 0.34105832906873557, 0.17360406613355273
99, 0.8555925311508266, 0.8337755457748875
100, 0.8668414127667738, 0.650743132066236
101, 0.19814537441412028, 0.4217468761352057
102, 0.5713098955111526, 0.6645638465557487
103, 0.995472825275984, 0.14911453080208004
104, 0.9206522552770233, 0.21952448670940283
105, 0.365957032666266, 0.6869755078486239
106, 0.18422769286789642, 0.23564424009889662
107, 0.8337925156270196, 0.2646132628617949
108, 0.45702843879634303, 0.8904665018331034
109, 0.736308662882602, 0.8777432005707966
110, 0.09972960848508283, 0.8651637619478817
111, 0.46320810883703656, 0.5706924945532942
112, 0.11852338440719679, 0.28277428825829376
113, 0.9891696479224357, 0.6724365086636501
114, 0.5187132451070173, 0.18665477862623003
115, 0.10463094220655378, 0.04392699609484518
116, 0.71881730658113, 0.9443431883659685
117, 0.4712983007815713, 0.5516246901356464
118, 0.8304965976658715, 0.7655623894091308
119, 0.33872990191022756, 0.9222249377468018
120, 0.15714935183560885, 0.1623462084534053
121, 0.0179334257160505, 0.862688762245443
122, 0.3819449566733426, 0.49770160911399797
123, 0.3391442471337903, 0.8445044543191448
124, 0.3666815965549344, 0.7294608060688855
125, 0.9040010159634387, 0.5478678802304867
126, 0.7331692897041135, 0.7265557051334619
127, 0.6400355529459661, 0.2924818418773566
128, 0.8535665699960264, 0.01067341647456943
129, 0.19194941268571786, 0.13075752774453875
130, 0.7294994673680181, 0.3538033580528771
131, 0.6577885221454053, 0.8492830052189049
132, 0.48106500199637814, 0.10176933778288588
133, 0.028314048940129455, 0.2921348208167761
134, 0.7552898186718141, 0.8893295292197898
135, 0.5595674048361127, 0.5282879496581953
136, 0.775607759921605, 0.05620858037550158
137, 0.6052313982172808, 0.9363163310306596
138, 0.43334664202314865, 0.4453251400448247
139, 0.7260478588566136, 0.9476293759156366
140, 0.8607542907516335, 0.05325760542178626
141, 0.3713116346605352, 0.3774678707101098
142, 0.20088150093481694, 0.9796781673311872
143, 0.3832580292806155, 0.24462592776103043
144, 0.5372072134171825, 0.5389592191911052
145, 0.760165705659361, 0.5766039953279924
146, 0.34742236932390524, 0.13416395145017634
147, 0.42106252120766186, 0.14732284930297335
148, 0.7469439287699181, 0.06355093425383163
149, 0.5284658649030481, 0.6479685338278169
150, 0.7622090024123259, 0.06142477680819103
151, 0.3309637889420415, 0.9963244152411539
152, 0.044980753833725906, 0.6808529126742443
153, 0.7566000404257037, 0.424789660785606
154, 0.32876512832452687, 0.8982926797478044
155, 0.9585705174989907, 0.7603970477624037
156, 0.32733504563776994, 0.7138003999910437
157, 0.5032824937584367, 0.15157779537084715
158, 0.17889040492027986, 0.5010693866574896
159, 0.9000061167427298, 0.058106377283809074
160, 0.07138726850065447, 0.4832657261741753
161, 0.36121848329809214, 0.3278693415170775
162, 0.227155964302593, 0.15473559860620412
163, 0.28232282337253856, 0.18494926820676372
164, 0.2965484504558388, 0.790858367128025
165, 0.47711399457612547, 0.7404672636550566
166, 0.12064527279599291, 0.8929391967217818
167, 0.568594716877156, 0.3474350008881153
168, 0.7813350831031088, 0.21678770635139322
169, 0.5309906862297228, 0.36591160441084525
170, 0.7105388548921185, 0.9635123374048634
171, 0.38927922155137995, 0.7775525460752021
172, 0.2358554511077139, 0.4976471339870512
173, 0.7675497626749725, 0.3741556025903421
174, 0.35942699813263146, 0.5758093160792732
175, 0.41362588890619945, 0.7139376314843519
176, 0.22353082744511288, 0.34492036963719797
177, 0.3074731946043361, 0.20098032660260068
178, 0.19196971584878142, 0.6601225523672996
179, 0.6993009082004159, 0.6781305702556206
180, 0.3124520260577973, 0.7860796433312628
181, 0.7056166572126421, 0.86872546361674
182, 0.07387642212108658, 0.12824512555361445
183, 0.223579415596888, 0.9840007428940015
184, 0.12796098016721602, 0.918534248546544
185, 0.07764922739225488, 0.2508775550213065
186, 0.7608324710596516, 0.0031664631673322674
187, 0.6452321740610494, 0.08440929088753568
188, 0.930981169507714, 0.2088039341706115
189, 0.15351088186432216, 0.5557929041540853
190, 0.09215016498766082, 0.5493862157611218
191, 0.8291588123576036, 0.9975418012578318
192, 0.33326407791419976, 0.7475235408299647
193, 0.11752930088743296, 0.25888057820701327
194, 0.059919589021532715, 0.9137920924669236
195, 0.49671542095277377, 0.5371539096155153
196, 0.048722433159317236, 0.7888971425505965
197, 0.925983201453861, 0.3987239361696624
198, 0.35947134972326766, 0.22174369989193898
199, 0.8542458849517989, 0.5601929101151567
200, 0.9629369355904002, 0.4657233063327769
201, 0.6340218167757256, 0.16535844700069224
202, 0.38580553058689204, 0.3490861347499228
203, 0.5540248471290575, 0.9895915880796728
204, 0.11885308478854073, 0.9901312008336302
205, 0.6382881929089409, 0.9233892912252428
206, 0.7175312327344224, 0.38847796765438813
207, 0.8980796234094216, 0.8843252736067545
208, 0.18459466097336752, 0.4741316634820183
209, 0.25147527612250264, 0.36677707001275983
210, 0.21968351763753735, 0.918171100490378
211, 0.7317857437326233, 0.9646607965544437
212, 0.33791698523981384, 0.7361702520877406
213, 0.21262065964846233, 0.489365916211688
214, 0.026053117457357056, 0.9933289137701737
215, 0.5145290851616746, 0.10302989437111598
216, 0.3436563967077272, 0.7348018301966834
217, 0.32201715070128434, 0.46676878892347295
218, 0.8778590221328147, 0.889409603663908
219, 0.2683083565435188, 0.21541668818866966
220, 0.08716795413172074, 0.06674247351740681
221, 0.27054419285914566, 0.9862911328748448
222, 0.9272353132008557, 0.007361432893932984
223, 0.6742465311285077, 0.038515721195254926
224, 0.2592582837899976, 0.44801653434856115
225, 0.7392412467837878, 0.47590502907186394
226, 0.5821957673854423, 0.6056592352666905
227, 0.19702694661065734, 0.9244936956347468
228, 0.44128988288152693, 0.7692341528700132
229, 0.12178358560137392, 0.05274675485711422
230, 0.8819907285212627, 0.2157081921053412
231, 0.8645357530119459, 0.5159106816573304
232, 0.19459270188289957, 0.3958331881147278
233, 0.3585583970021089, 0.17433494900389424
234, 0.1232653019611375, 0.2981569236683662
235, 0.8674441730361133, 0.955043073368279
236, 0.13749474055286381, 0.9539816398652953
237, 0.4270830640375136, 0.5196470290077521
238, 0.3513603225786799, 0.9432591584486122
239, 0.22970616755826134, 0.2042940607223126
240, 0.898194093325305, 0.7837140443099975
241, 0.9806727111409841, 0.3657795223310999
242, 0.15092820582444966, 0.17585711964252226
243, 0.03051136599649884, 0.9874900812361717
244, 0.10339225828283483, 0.651258074644547
245, 0.03842162867939036, 0.7297414911368187
246, 0.9271599543296588, 0.46325026892328547
247, 0.9068471718236601, 0.4490528741226497
248, 0.13473740413468926, 0.7176997667740527
249, 0.530981393508562, 0.37004867931597707
250, 0.2483648242662796, 0.4588104092460623
251, 0.3924421617631598, 0.8533239703571129
252, 0.2873958187110359, 0.7007882168641363
253, 0.2725333496223059, 0.4993414843095114
254, 0.6809623505129201, 0.05531520432345993
255, 0.1416307072777625, 0.3808225292739612
256, 0.4188788225380886, 0.02026250376815053
257, 0.34368098150488446, 0.370677180776689
258, 0.2342452989060907, 0.19571471994016698
259, 0.42051579596806443, 0.3891459390281544
260, 0.0730881987633587, 0.3107634096373616
261, 0.399805507035204, 0.4283791393206632
262, 0.5086855462171758, 0.9085910177845697
263, 0.5710172182154903, 0.7734799860045389
264, 0.019386034180349454, 0.9815506202802355
265, 0.3893448730552549, 0.7764200624616097
266, 0.45985778806066346, 0.9731063700638645
267, 0.36869286535768075, 0.2779795370066954
268, 0.4149749970791098, 0.3686458218870944
269, 0.06404482573230519, 0.5686668089346087
270, 0.060437570932026397, 0.6387565287387125
271, 0.22345829869932943, 0.6300546569443345
272, 0.9916468868954699, 0.3095528425677444
273, 0.1631941617656697, 0.4609569000536198
274, 0.9937043303986508, 0.35099535937223736
275, 0.38193498360936584, 0.3360875334982917
276, 0.5455246008812993, 0.047189017640146824
277, 0.8089916894335061, 0.6451552586558691
278, 0.6489434516519161, 0.8257834324786278
279, 0.24463202397753903, 0.6911415261285531
end_nodes
0, 1
0, 2
0, 3
0, 4
0, 5
0, 6
0, 7
0, 8
0, 9
0, 10
0, 11
0, 12
0, 13
0, 14
0, 15
0, 16
17, 2
17, 3
17, 4
17, 5
17, 6
17, 8
17, 9
17, 10
17, 11
17, 13
17, 14
17, 15
17, 16
17, 21
17, 22
17, 23
18, 1
18, 12
18, 24
18, 33
18, 34
18, 35
18, 36
18, 39
18, 44
18, 52
18, 54
18, 73
18, 81
18, 91
18, 92
18, 105
19, 2
19, 3
19, 4
19, 5
19, 6
19, 8
19, 9
19, 10
19, 11
19, 13
19, 14
19, 15
19, 16
19, 21
19, 22
19, 23
20, 1
20, 3
20, 6
20, 11
20, 12
20, 13
20, 24
20, 29
20, 33
20, 34
20, 35
20, 36
20, 38
20, 39
20, 44
20, 46
25, 116
25, 131
25, 139
25, 170
25, 181
25, 211
25, 278
26, 2
26, 3
26, 4
26, 5
26, 6
26, 8
26, 9
26, 10
26, 11
26, 13
26, 14
26, 15
26, 16
26, 21
26, 22
26, 23
27, 2
27, 3
27, 4
27, 5
27, 6
27, 8
27, 9
27, 10
27, 11
27, 13
27, 14
27, 15
27, 16
27, 21
27, 22
27, 23
28, 5
28, 8
28, 14
28, 16
28, 23
28, 43
28, 84
28, 85
28, 96
28, 99
28, 109
28, 116
28, 126
28, 131
28, 134
28, 139
30, 7
30, 256
31, 47
31, 80
31, 203
32, 1
32, 2
32, 3
32, 4
32, 5
32, 6
32, 8
32, 9
32, 11
32, 12
32, 13
32, 14
32, 15
32, 16
32, 21
32, 22
37, 2
37, 3
37, 4
37, 5
37, 6
37, 8
37, 9
37, 10
37, 11
37, 13
37, 14
37, 15
37, 16
37, 21
37, 22
37, 23
40, 1
40, 2
40, 3
40, 4
40, 6
40, 13
40, 21
40, 22
40, 24
40, 29
40, 33
40, 34
40, 35
40, 36
40, 38
40, 39
41, 203
41, 262
48, 1
48, 2
48, 3
48, 4
48, 6
48, 11
48, 12
48, 13
48, 21
48, 22
48, 24
48, 29
48, 33
48, 34
48, 35
48, 36
49, 2
49, 3
49, 4
49, 5
49, 6
49, 8
49, 9
49, 10
49, 11
49, 13
49, 14
49, 15
49, 16
49, 21
49, 22
49, 23
50, 2
50, 3
50, 4
50, 5
50, 6
50, 8
50, 9
50, 10
50, 11
50, 13
50, 14
50, 15
50, 16
50, 21
50, 22
50, 23
53, 2
53, 3
53, 4
53, 5
53, 6
53, 8
53, 9
53, 10
53, 11
53, 13
53, 14
53, 15
53, 16
53, 21
53, 22
53, 23
56, 1
56, 2
56, 3
56, 4
56, 6
56, 11
56, 12
56, 13
56, 22
56, 24
56, 29
56, 33
56, 34
56, 35
56, 36
56, 38
57, 2
57, 3
57, 4
57, 5
57, 6
57, 8
57, 9
57, 10
57, 11
57, 13
57, 14
57, 15
57, 16
57, 21
57, 22
57, 23
59, 80
59, 137
61, 2
61, 3
61, 4
61, 5
61, 6
61, 8
61, 9
61, 10
61, 11
61, 13
61, 14
61, 15
61, 16
61, 21
61, 22
61, 23
63, 2
63, 4
63, 5
63, 8
63, 9
63, 10
63, 11
63, 14
63, 15
63, 16
63, 21
63, 22
63, 23
63, 29
63, 38
63, 42
64, 5
64, 8
64, 14
64, 16
64, 22
64, 23
64, 24
64, 33
64, 42
64, 43
64, 47
64, 51
64, 52
64, 55
64, 60
64, 68
65, 1
65, 5
65, 8
65, 9
65, 12
65, 14
65, 15
65, 16
65, 21
65, 23
65, 24
65, 29
65, 33
65, 34
65, 35
65, 36
66, 9
66, 10
66, 15
66, 21
66, 23
66, 29
66, 38
66, 42
66, 43
66, 45
66, 46
66, 47
66, 51
66, 55
66, 58
66, 60
67, 9
67, 10
67, 15
67, 23
67, 29
67, 38
67, 42
67, 43
67, 45
67, 46
67, 47
67, 51
67, 55
67, 58
67, 60
67, 62
70, 1
70, 12
70, 24
70, 29
70, 33
70, 34
70, 35
70, 36
70, 38
70, 39
70, 44
70, 52
70, 54
70, 58
70, 73
70, 81
71, 10
71, 29
71, 38
71, 42
71, 43
71, 45
71, 46
71, 47
71, 51
71, 55
71, 58
71, 60
71, 62
71, 68
71, 69
71, 75
72, 10
72, 29
72, 38
72, 42
72, 43
72, 45
72, 46
72, 47
72, 51
72, 55
72, 58
72, 60
72, 62
72, 68
72, 69
72, 75
74, 29
74, 38
74, 42
74, 43
74, 45
74, 46
74, 47
74, 51
74, 55
74, 58
74, 60
74, 62
74, 68
74, 69
74, 75
74, 78
76, 1
76, 7
76, 24
76, 33
76, 34
76, 35
76, 36
76, 39
76, 43
76, 44
76, 47
76, 52
76, 54
76, 73
76, 75
76, 77
79, 24
79, 29
79, 33
79, 34
79, 35
79, 38
79, 39
79, 42
79, 45
79, 46
79, 51
79, 52
79, 54
79, 55
79, 58
79, 60
82, 1
82, 12
82, 24
82, 29
82, 33
82, 34
82, 35
82, 36
82, 38
82, 39
82, 42
82, 44
82, 45
82, 46
82, 51
82, 52
83, 29
83, 38
83, 42
83, 43
83, 45
83, 46
83, 47
83, 51
83, 55
83, 58
83, 60
83, 62
83, 68
83, 69
83, 75
83, 78
86, 29
86, 38
86, 42
86, 43
86, 45
86, 46
86, 47
86, 51
86, 55
86, 58
86, 60
86, 62
86, 68
86, 69
86, 75
86, 78
89, 38
89, 42
89, 43
89, 45
89, 46
89, 47
89, 51
89, 55
89, 58
89, 60
89, 62
89, 68
89, 69
89, 75
89, 78
89, 80
94, 38
94, 42
94, 43
94, 45
94, 46
94, 47
94, 51
94, 55
94, 58
94, 60
94, 62
94, 68
94, 69
94, 75
94, 78
94, 80
95, 42
95, 43
95, 45
95, 46
95, 47
95, 51
95, 55
95, 58
95, 60
95, 62
95, 68
95, 69
95, 75
95, 78
95, 80
95, 84
97, 42
97, 43
97, 45
97, 51
97, 55
97, 60
97, 62
97, 68
97, 69
97, 78
97, 84
97, 85
97, 87
97, 88
97, 96
97, 99
98, 42
98, 43
98, 45
98, 46
98, 47
98, 51
98, 55
98, 58
98, 60
98, 62
98, 68
98, 69
98, 75
98, 77
98, 78
98, 80
101, 43
101, 45
101, 46
101, 47
101, 51
101, 55
101, 58
101, 60
101, 62
101, 68
101, 69
101, 75
101, 78
101, 80
101, 84
101, 85
102, 116
102, 131
102, 139
102, 170
102, 181
102, 205
102, 211
102, 278
106, 45
106, 46
106, 47
106, 55
106, 58
106, 60
106, 62
106, 68
106, 69
106, 75
106, 78
106, 80
106, 84
106, 85
106, 87
106, 88
108, 7
108, 256
111, 77
111, 80
111, 137
111, 203
111, 205
111, 262
112, 58
112, 62
112, 68
112, 69
112, 75
112, 78
112, 80
112, 84
112, 85
112, 87
112, 88
112, 90
112, 93
112, 96
112, 99
112, 100
114, 1
114, 12
114, 24
114, 33
114, 34
114, 35
114, 36
114, 39
114, 44
114, 52
114, 54
114, 73
114, 81
114, 90
114, 91
114, 92
115, 62
115, 68
115, 69
115, 75
115, 78
115, 80
115, 84
115, 85
115, 87
115, 88
115, 90
115, 93
115, 96
115, 99
115, 100
115, 103
117, 80
117, 116
117, 131
117, 137
117, 139
117, 149
117, 170
117, 203
117, 205
117, 211
117, 263
120, 62
120, 68
120, 69
120, 75
120, 78
120, 80
120, 84
120, 85
120, 87
120, 88
120, 90
120, 93
120, 96
120, 99
120, 100
120, 103
121, 69
121, 75
121, 78
121, 80
121, 84
121, 85
121, 87
121, 88
121, 90
121, 93
121, 96
121, 99
121, 100
121, 103
121, 104
121, 107
122, 24
122, 33
122, 34
122, 35
122, 39
122, 52
122, 54
122, 73
122, 81
122, 92
122, 105
122, 119
122, 123
122, 142
122, 151
122, 154
124, 7
124, 33
124, 91
124, 92
124, 119
124, 123
124, 151
124, 154
124, 221
124, 256
129, 78
129, 80
129, 84
129, 85
129, 87
129, 88
129, 90
129, 93
129, 96
129, 99
129, 100
129, 103
129, 104
129, 107
129, 109
129, 113
132, 1
132, 12
132, 24
132, 33
132, 34
132, 35
132, 36
132, 39
132, 44
132, 52
132, 54
132, 73
132, 81
132, 90
132, 91
132, 92
133, 78
133, 80
133, 84
133, 85
133, 87
133, 88
133, 90
133, 93
133, 96
133, 99
133, 100
133, 103
133, 104
133, 107
133, 109
133, 113
136, 128
136, 222
138, 7
138, 24
138, 33
138, 34
138, 39
138, 52
138, 54
138, 73
138, 77
138, 81
138, 84
138, 85
138, 88
138, 91
138, 92
138, 96
141, 1
141, 34
141, 35
141, 36
141, 39
141, 44
141, 52
141, 54
141, 73
141, 77
141, 81
141, 84
141, 85
141, 87
141, 88
141, 90
143, 1
143, 34
143, 35
143, 36
143, 39
143, 44
143, 54
143, 73
143, 77
143, 81
143, 84
143, 85
143, 87
143, 88
143, 90
143, 93
144, 84
144, 85
144, 96
144, 99
144, 109
144, 116
144, 126
144, 131
144, 134
144, 139
144, 170
144, 179
144, 181
144, 191
144, 205
144, 207
146, 77
146, 84
146, 85
146, 87
146, 88
146, 90
146, 93
146, 96
146, 99
146, 100
146, 103
146, 104
146, 107
146, 109
146, 113
146, 116
147, 1
147, 7
147, 12
147, 24
147, 35
147, 36
147, 39
147, 44
147, 52
147, 54
147, 73
147, 77
147, 81
147, 85
147, 87
147, 88
148, 128
148, 140
148, 159
148, 222
150, 128
150, 140
150, 222
152, 87
152, 88
152, 90
152, 93
152, 96
152, 99
152, 100
152, 103
152, 104
152, 107
152, 109
152, 113
152, 116
152, 118
152, 125
152, 126
157, 12
157, 36
157, 39
157, 44
157, 52
157, 54
157, 73
157, 81
157, 90
157, 91
157, 92
157, 93
157, 103
157, 104
157, 105
157, 107
158, 87
158, 88
158, 90
158, 93
158, 96
158, 99
158, 100
158, 103
158, 104
158, 107
158, 109
158, 113
158, 116
158, 118
158, 125
158, 126
160, 87
160, 88
160, 90
160, 93
160, 96
160, 99
160, 100
160, 103
160, 104
160, 107
160, 109
160, 113
160, 116
160, 118
160, 125
160, 126
161, 36
161, 39
161, 44
161, 54
161, 73
161, 77
161, 87
161, 90
161, 93
161, 96
161, 99
161, 100
161, 103
161, 104
161, 107
161, 109
162, 93
162, 96
162, 99
162, 100
162, 103
162, 104
162, 107
162, 109
162, 113
162, 116
162, 118
162, 125
162, 126
162, 127
162, 128
162, 130
163, 93
163, 99
163, 100
163, 103
163, 104
163, 107
163, 109
163, 113
163, 116
163, 118
163, 125
163, 126
163, 127
163, 128
163, 130
163, 131
165, 262
169, 100
169, 104
169, 107
169, 109
169, 113
169, 118
169, 125
169, 126
169, 130
169, 134
169, 145
169, 153
169, 155
169, 173
169, 179
169, 191
171, 7
171, 91
171, 151
171, 256
172, 93
172, 100
172, 103
172, 104
172, 107
172, 109
172, 113
172, 116
172, 118
172, 125
172, 126
172, 127
172, 128
172, 130
172, 131
172, 134
175, 7
175, 91
175, 151
175, 256
176, 100
176, 103
176, 104
176, 107
176, 109
176, 113
176, 116
176, 118
176, 125
176, 126
176, 127
176, 128
176, 130
176, 131
176, 134
176, 135
177, 77
177, 103
177, 104
177, 107
177, 109
177, 113
177, 116
177, 118
177, 125
177, 126
177, 127
177, 128
177, 130
177, 131
177, 134
177, 135
178, 44
178, 104
178, 107
178, 109
178, 110
178, 113
178, 116
178, 118
178, 125
178, 126
178, 127
178, 128
178, 130
178, 131
178, 134
178, 135
182, 113
182, 116
182, 118
182, 125
182, 126
182, 127
182, 128
182, 130
182, 131
182, 134
182, 135
182, 137
182, 139
182, 140
182, 145
182, 149
185, 113
185, 118
185, 125
185, 126
185, 127
185, 128
185, 130
185, 131
185, 134
185, 135
185, 137
185, 139
185, 140
185, 145
185, 153
185, 155
187, 12
187, 44
187, 52
187, 54
187, 73
187, 81
187, 91
187, 92
187, 105
187, 110
187, 119
187, 123
187, 128
187, 140
187, 142
187, 151
189, 113
189, 118
189, 125
189, 126
189, 127
189, 128
189, 130
189, 131
189, 134
189, 135
189, 137
189, 139
189, 140
189, 145
189, 153
189, 155
190, 118
190, 125
190, 126
190, 127
190, 128
190, 130
190, 131
190, 134
190, 135
190, 137
190, 139
190, 140
190, 145
190, 153
190, 155
190, 159
193, 118
193, 125
193, 127
193, 128
193, 130
193, 131
193, 134
193, 135
193, 137
193, 139
193, 140
193, 145
193, 149
193, 153
193, 155
193, 159
195, 131
195, 134
195, 137
195, 139
195, 149
195, 170
195, 181
195, 191
195, 205
195, 211
195, 235
195, 263
195, 278
196, 118
196, 125
196, 127
196, 128
196, 130
196, 134
196, 135
196, 137
196, 139
196, 140
196, 145
196, 153
196, 155
196, 159
196, 167
196, 168
198, 44
198, 77
198, 110
198, 127
198, 130
198, 134
198, 135
198, 137
198, 139
198, 140
198, 145
198, 149
198, 153
198, 155
198, 159
198, 166
201, 52
201, 81
201, 91
201, 92
201, 105
201, 119
201, 123
201, 140
201, 142
201, 151
201, 154
201, 156
201, 159
201, 164
201, 168
201, 180
202, 44
202, 52
202, 54
202, 73
202, 77
202, 81
202, 110
202, 127
202, 130
202, 134
202, 135
202, 137
202, 139
202, 140
202, 142
202, 145
208, 127
208, 130
208, 135
208, 137
208, 139
208, 140
208, 145
208, 153
208, 155
208, 159
208, 167
208, 168
208, 170
208, 173
208, 179
208, 181
209, 127
209, 135
209, 137
209, 139
209, 140
209, 145
209, 149
209, 153
209, 155
209, 159
209, 167
209, 168
209, 170
209, 173
209, 179
209, 181
213, 135
213, 137
213, 140
213, 145
213, 153
213, 155
213, 159
213, 167
213, 168
213, 170
213, 173
213, 179
213, 181
213, 186
213, 188
213, 191
215, 12
215, 54
215, 73
215, 81
215, 91
215, 92
215, 105
215, 110
215, 119
215, 123
215, 140
215, 142
215, 151
215, 154
215, 156
215, 159
217, 73
217, 110
217, 135
217, 137
217, 142
217, 145
217, 153
217, 155
217, 159
217, 166
217, 167
217, 168
217, 170
217, 173
217, 179
217, 181
219, 135
219, 145
219, 149
219, 153
219, 155
219, 159
219, 167
219, 168
219, 170
219, 173
219, 179
219, 181
219, 186
219, 188
219, 191
219, 197
220, 145
220, 149
220, 153
220, 155
220, 159
220, 167
220, 168
220, 170
220, 173
220, 179
220, 181
220, 186
220, 188
220, 191
220, 197
220, 199
223, 12
223, 81
223, 91
223, 92
223, 105
223, 110
223, 119
223, 123
223, 142
223, 151
223, 154
223, 156
223, 164
223, 166
223, 174
223, 180
224, 145
224, 153
224, 155
224, 159
224, 167
224, 168
224, 170
224, 173
224, 179
224, 181
224, 186
224, 188
224, 191
224, 194
224, 197
224, 199
228, 7
228, 256
229, 149
229, 153
229, 155
229, 159
229, 167
229, 168
229, 170
229, 173
229, 179
229, 181
229, 186
229, 188
229, 191
229, 197
229, 199
229, 200
232, 153
232, 155
232, 159
232, 167
232, 168
232, 170
232, 173
232, 179
232, 181
232, 186
232, 188
232, 191
232, 197
232, 199
232, 200
232, 203
233, 77
233, 149
233, 167
233, 168
233, 170
233, 173
233, 179
233, 181
233, 186
233, 188
233, 191
233, 197
233, 199
233, 200
233, 203
233, 205
234, 167
234, 168
234, 170
234, 173
234, 179
234, 181
234, 186
234, 188
234, 191
234, 197
234, 199
234, 200
234, 203
234, 205
234, 206
234, 207
237, 7
237, 77
237, 81
237, 91
237, 92
237, 105
237, 119
237, 123
237, 142
237, 151
237, 154
237, 156
237, 164
237, 180
237, 183
237, 192
238, 7
238, 256
239, 149
239, 167
239, 168
239, 173
239, 179
239, 181
239, 186
239, 188
239, 191
239, 197
239, 199
239, 200
239, 203
239, 205
239, 206
239, 207
242, 149
242, 167
242, 168
242, 173
242, 179
242, 186
242, 188
242, 191
242, 197
242, 199
242, 200
242, 203
242, 205
242, 206
242, 207
242, 211
244, 167
244, 168
244, 173
244, 179
244, 186
244, 188
244, 191
244, 197
244, 199
244, 200
244, 203
244, 205
244, 206
244, 207
244, 211
244, 218
245, 167
245, 173
245, 186
245, 188
245, 191
245, 197
245, 199
245, 200
245, 203
245, 205
245, 206
245, 207
245, 211
245, 218
245, 222
245, 225
248, 186
248, 188
248, 191
248, 197
248, 199
248, 200
248, 203
248, 205
248, 206
248, 207
248, 211
248, 218
248, 222
248, 225
248, 226
248, 230
249, 197
249, 199
249, 200
249, 206
249, 207
249, 218
249, 225
249, 231
249, 235
249, 240
249, 241
249, 246
249, 247
249, 272
249, 274
249, 277
250, 186
250, 188
250, 194
250, 197
250, 199
250, 200
250, 203
250, 205
250, 206
250, 207
250, 211
250, 214
250, 218
250, 222
250, 225
250, 226
251, 7
251, 256
253, 110
253, 166
253, 184
253, 186
253, 188
253, 194
253, 197
253, 199
253, 200
253, 203
253, 205
253, 206
253, 207
253, 211
253, 214
253, 218
254, 91
254, 92
254, 105
254, 110
254, 119
254, 123
254, 142
254, 151
254, 154
254, 156
254, 164
254, 166
254, 174
254, 180
254, 183
254, 184
255, 186
255, 188
255, 197
255, 199
255, 200
255, 203
255, 205
255, 206
255, 207
255, 211
255, 218
255, 222
255, 225
255, 226
255, 230
255, 231
257, 110
257, 142
257, 149
257, 166
257, 184
257, 194
257, 199
257, 200
257, 203
257, 204
257, 205
257, 206
257, 207
257, 210
257, 211
257, 214
258, 149
258, 200
258, 206
258, 207
258, 211
258, 218
258, 222
258, 225
258, 226
258, 230
258, 231
258, 235
258, 240
258, 241
258, 246
258, 247
259, 7
259, 77
259, 91
259, 92
259, 105
259, 110
259, 119
259, 123
259, 142
259, 149
259, 151
259, 154
259, 156
259, 164
259, 166
259, 174
260, 200
260, 206
260, 207
260, 211
260, 218
260, 222
260, 225
260, 226
260, 230
260, 231
260, 235
260, 240
260, 241
260, 246
260, 247
260, 262
261, 7
261, 77
261, 91
261, 92
261, 105
261, 110
261, 119
261, 123
261, 142
261, 149
261, 151
261, 154
261, 156
261, 164
261, 166
261, 174
265, 7
265, 151
265, 256
266, 256
267, 110
267, 142
267, 166
267, 183
267, 184
267, 194
267, 204
267, 206
267, 207
267, 210
267, 211
267, 214
267, 218
267, 222
267, 225
267, 226
268, 92
268, 105
268, 110
268, 119
268, 123
268, 142
268, 151
268, 154
268, 156
268, 164
268, 166
268, 174
268, 180
268, 183
268, 184
268, 192
269, 206
269, 207
269, 211
269, 218
269, 222
269, 225
269, 226
269, 230
269, 231
269, 235
269, 240
269, 241
269, 246
269, 247
269, 262
269, 263
270, 206
270, 218
270, 222
270, 225
270, 226
270, 230
270, 231
270, 235
270, 240
270, 241
270, 246
270, 247
270, 262
270, 263
270, 272
270, 274
273, 218
273, 222
273, 225
273, 226
273, 230
273, 231
273, 235
273, 240
273, 241
273, 246
273, 247
273, 262
273, 263
273, 272
273, 274
273, 277
275, 110
275, 142
275, 156
275, 164
275, 166
275, 180
275, 183
275, 184
275, 192
275, 194
275, 204
275, 210
275, 214
275, 218
275, 221
275, 222
276, 105
276, 110
276, 119
276, 123
276, 142
276, 151
276, 154
276, 156
276, 164
276, 166
276, 174
276, 180
276, 183
276, 184
276, 192
276, 194
end