220
4
0, 0.8759124580600814, 0.9029882463766336
1, 0.14097515687277262, 0.8376633409124099
2, 0.22112708308678075, 0.7401591399461123
3, 0.7926220783744657, 0.5276151569312719
4, 0.9626269895668907, 0.005653988880723215
5, 0.35799009733847487, 0.9556045935257641
6, 0.8792298371195516, 0.8141832823002817
7, 0.8345242327391209, 0.5376283890462021
8, 0.01712385383130466, 0.1810665056767934
9, 0.5153780317737229, 0.44433384485467897
10, 0.373234622608699, 0.9027048100625454
11, 0.7785615800604361, 0.899682695327148
12, 0.6988036361216015, 0.07155576344409231
13, 0.05488141491629739, 0.600286696552302
14, 0.647507214922215, 0.1646434695765876
15, 0.26388140217775735, 0.7820600449819743
16, 0.9547136258414577, 0.021372392475745516
17, 0.6623786093494035, 0.876994521022509
18, 0.9766338489472023, 0.25634196504021745
19, 0.10312048587375222, 0.4263736348689927
20, 0.2828069045721674, 0.6511980482753811
21, 0.8038578680011609, 0.28937087483305457
22, 0.43265168330795734, 0.18307306081504682
23, 0.31826367901192254, 0.5067044545418277
24, 0.5628274236820698, 0.3250902668269322
25, 0.006219150662200912, 0.9475910761908223
26, 0.12929621607389796, 0.19735640247889885
27, 0.5220856602846127, 0.8438504878727211
28, 0.8117716453159493, 0.9868353121822295
29, 0.014635063211667299, 0.030827750666976517
30, 0.9674084434222664, 0.8961555025388109
31, 0.1412314674245334, 0.31355354772483046
32, 0.45670997091840926, 0.2939841388952109
33, 0.87316782002679, 0.08600668072297135
34, 0.31032546398541383, 0.48394934064348194
35, 0.8545241081665806, 0.5456799757423425
36, 0.15159161677330613, 0.9608337226064889
37, 0.44810135201736057, 0.8892443765289044
38, 0.9558298067733485, 0.5096306775990955
39, 0.028488029255112957, 0.5807457272956629
40, 0.8282267843651467, 0.43719933890614804
41, 0.6608754904511448, 0.6807000212322838
42, 0.34308014167797163, 0.6123525650979511
43, 0.853905611902496, 0.10846422993673366
44, 0.6430188185023842, 0.6908935907446142
45, 0.8556918540101196, 0.6797651936110084
46, 0.6851859628978813, 0.0045737084945313145
47, 0.4383429347533814, 0.07612052022719518
48, 0.8020156673887877, 0.725595251978111
49, 0.33568238022886254, 0.5364108691935214
50, 0.8726528473306141, 0.11931803545929831
51, 0.303365380898859, 0.09790436834137806
52, 0.17300012594287661, 0.4135583714710267
53, 0.035415937699365574, 0.35332319482380714
54, 0.2637857366787679, 0.5819500853124879
55, 0.2527832189838096, 0.20102808713011588
56, 0.9393889944822518, 0.6904255753292593
57, 0.24349646930893987, 0.9924654590661033
58, 0.6402789682226333, 0.24533374631071014
59, 0.008250033600157858, 0.18381811889058453
60, 0.22362160064793746, 0.27517318669455904
61, 0.7845237291753107, 0.20573632988861257
62, 0.5726664290087914, 0.3271129938112546
63, 0.5411452405844915, 0.8915723203260347
64, 0.3495612312021097, 0.29481500370178537
65, 0.15466646975760445, 0.15978995816888464
66, 0.15245901776551352, 0.4334108389933735
67, 0.5766535540565336, 0.783336296560098
68, 0.7285235567774434, 0.6195665706980352
69, 0.5349448872897866, 0.9152111096866665
70, 0.3943762557284768, 0.5978922029070334
71, 0.4621969662111397, 0.7902397023811412
72, 0.22607806656688412, 0.308491973611841
73, 0.20919372961195293, 0.607460427792615
74, 0.11887502067563438, 0.045307144765003304
75, 0.5916978802036327, 0.35917648857343387
76, 0.983843564452411, 0.8993816327476768
77, 0.11244546672843392, 0.2254518477945261
78, 0.7077163341021936, 0.06852619553950412
79, 0.548794957998784, 0.6351944786898471
80, 0.5492119480146008, 0.6218675865042657
81, 0.6027102999626426, 0.16980434370806674
82, 0.9703037331240528, 0.27718385637300846
83, 0.21565841309239298, 0.6312277785476742
84, 0.005245527108480474, 0.5414564994806852
85, 0.1336360045763625, 0.5834866913522413
86, 0.3854584711625614, 0.3144183902633
87, 0.7316900018844402, 0.5553707422984535
88, 0.2636950788138779, 0.416022603107023
89, 0.07274332766799907, 0.9983163473816671
90, 0.3440194946658165, 0.5846024726984388
91, 0.533912754146336, 0.7894869443517364
92, 0.9779080352754653, 0.03802500865334901
93, 0.20483197608604498, 0.6398337946351793
94, 0.6444174348883045, 0.016927299190477862
95, 0.7205852305815639, 0.23844927287747952
96, 0.6005023218231252, 0.4130740896465842
97, 0.4996896344215279, 0.9688111571648274
98, 0.7841050513391294, 0.9931148074477868
99, 0.08247687531643966, 0.8546229562874499
100, 0.969213910959513, 0.8874545438754122
101, 0.5676899523116723, 0.7898255387269439
102, 0.965558759721038, 0.7826799986196541
103, 0.6463472503848845, 0.977576900555657
104, 0.6317618943106328, 0.6260070946592083
105, 0.8452229501148093, 0.8437901725106239
106, 0.4632264518064404, 0.2174463523935526
107, 0.5426452694743183, 0.12070227507569742
108, 0.4117714142523521, 0.47381908184757293
109, 0.3329170967704741, 0.3013804751837271
110, 0.6177123441964895, 0.4792862757525791
111, 0.26655917906822135, 0.06337226589627287
112, 0.9460386080490842, 0.24647351790127237
113, 0.3274557559676453, 0.2244585319487965
114, 0.8300205133584729, 0.9003982488510878
115, 0.6884657734787619, 0.5171383075989112
116, 0.1740843158582689, 0.5282106403204977
117, 0.0573779880900932, 0.6879537308782804
118, 0.18941811916983764, 0.059703956028945404
119, 0.6755015101970704, 0.2915908823904738
120, 0.5011360056960367, 0.011013413915190617
121, 0.515966836774849, 0.14441160795533836
122, 0.25025891581240434, 0.9202435535755976
123, 0.8770740270742758, 0.3259322127660582
124, 0.6596268481018698, 0.2778991755472907
125, 0.7280291307837299, 0.8581114855024622
126, 0.8025730961972843, 0.8633641641281582
127, 0.19972065458991917, 0.7506124251790418
128, 0.31766513520755346, 0.9971543055240139
129, 0.6563813258051532, 0.8108241656902553
130, 0.2417609892275251, 0.574694602159274
131, 0.34054113822472154, 0.8093186225555022
132, 0.8609695914671288, 0.6867128483494896
133, 0.326867424549351, 0.5276266762627441
134, 0.8935326502212048, 0.6762047545484424
135, 0.8407884469629375, 0.7203155967444773
136, 0.4209379076009714, 0.7912413809629749
137, 0.9849933467947162, 0.03757021156647533
138, 0.29851109680637733, 0.7750335935753357
139, 0.32032636161581574, 0.8902864070824048
140, 0.4668302169642091, 0.8822607052508408
141, 0.8826429742691926, 0.20935390416346333
142, 0.8802819925411794, 0.8844999691425705
143, 0.7330735451573048, 0.7806053959652873
144, 0.7258889195263813, 0.7936332276024087
145, 0.3410988165988029, 0.1033642148315278
146, 0.3170668186943746, 0.8733341329965468
147, 0.505529629942737, 0.09004019859877
148, 0.4649623828435603, 0.867300278634373
149, 0.9959564585717844, 0.6519007284625143
150, 0.4000004549149607, 0.11598170303156985
151, 0.15622881707877723, 0.5175102059899045
152, 0.924959980702218, 0.7948250252411566
153, 0.19735840525798454, 0.6882740971440269
154, 0.25944885166001064, 0.183139230377387
155, 0.6744216841839958, 0.12436208628308731
156, 0.9884208437977305, 0.6126692762149274
157, 0.5372096355803164, 0.38335234291413
158, 0.6057528283973564, 0.897353049653357
159, 0.32038427322796104, 0.1263307213371324
160, 0.1167825992771514, 0.34378444790038654
161, 0.928278804975446, 0.32893879131235104
162, 0.5047359642147112, 0.34898853454311074
163, 0.36162556154462966, 0.16132052339409553
164, 0.8564874193621853, 0.12711240041901717
165, 0.5479854625668827, 0.16299287847423805
166, 0.7414327782186884, 0.33737617699790756
167, 0.2860718071426659, 0.2334623172038116
168, 0.22852774482184157, 0.7617076758221852
169, 0.28379355265390427, 0.559176316583377
170, 0.812238372057516, 0.2637258856969199
171, 0.8102262950005941, 0.2855951275617017
172, 0.783383798516001, 0.9132697966976486
173, 0.5196749502334139, 0.693092845153909
174, 0.36088358228388795, 0.11511291888764685
175, 0.5438617566574938, 0.9597133841884065
176, 0.8560946375849386, 0.7001592833572957
177, 0.8123111952917954, 0.1268061970599721
178, 0.641627533551939, 0.18487678985708023
179, 0.06695741202153704, 0.6144252619160359
180, 0.5888556887580845, 0.9584809068463328
181, 0.09299803668658524, 0.3534265156392695
182, 0.6380170318009447, 0.37897537249558255
183, 0.519247496574082, 0.24546075169572845
184, 0.008140230753662103, 0.884908402173826
185, 0.17458286698780456, 0.2572523834727296
186, 0.9460017282243218, 0.689625012490935
187, 0.9752710562347418, 0.2587106768342191
188, 0.807145625710483, 0.16339886180291507
189, 0.8675981647169834, 0.0967113009143945
190, 0.7124270058761113, 0.3624977019212522
191, 0.8575317240230543, 0.7189676222571585
192, 0.8142005734324022, 0.3762859276486533
193, 0.021159930587686282, 0.29957392530184457
194, 0.9413700723087183, 0.6224722991676754
195, 0.8356063003848374, 0.3265149132733278
196, 0.5511665112526469, 0.9807840031100178
197, 0.37267583149878003, 0.3070658617973393
198, 0.33224032705519213, 0.10992717036935973
199, 0.5633474827655196, 0.39701912498718717
200, 0.361302463531884, 0.9425729784278446
201, 0.030806418263289115, 0.2841375034953493
202, 0.21834258432828046, 0.5059565779073608
203, 0.8509680135461447, 0.30874876151009534
204, 0.35996251856184613, 0.07095791059151346
205, 0.24295105704063769, 0.8239343618301063
206, 0.781023300388434, 0.42541920645070264
207, 0.22760859036599612, 0.7591371257057218
208, 0.22865338214431163, 0.12696604819589896
209, 0.01875184816920361, 0.6488019833332864
210, 0.5320981292864249, 0.42069054442286913
211, 0.984327014934826, 0.636994334642965
212, 0.038304674509807124, 0.8797618562902797
213, 0.8331056852383788, 0.7868521351594081
214, 0.6460011284478147, 0.962513107329997
215, 0.41530953121198466, 0.19561829469507952
216, 0.19564238885621255, 0.5880713845372345
217, 0.3007706531180433, 0.5821106535324069
218, 0.5743939148158073, 0.1868003761175333
219, 0.43062027419701476, 0.045079414079946756
end_nodes
0, 1
0, 2
0, 3
0, 4
0, 5
0, 6
0, 7
0, 8
0, 9
0, 10
0, 11
0, 12
0, 13
0, 14
16, 1
16, 2
16, 5
16, 8
16, 9
16, 10
16, 12
16, 13
16, 14
16, 15
16, 19
16, 20
16, 21
16, 22
17, 1
17, 5
17, 10
17, 25
17, 36
17, 37
17, 57
17, 63
17, 89
17, 99
17, 122
17, 139
17, 140
17, 146
18, 1
18, 2
18, 3
18, 4
18, 5
18, 8
18, 9
18, 10
18, 11
18, 12
18, 13
18, 14
18, 15
18, 19
28, 1
28, 2
28, 3
28, 4
28, 5
28, 7
28, 8
28, 9
28, 10
28, 12
28, 13
28, 14
28, 15
28, 19
30, 1
30, 2
30, 3
30, 4
30, 5
30, 6
30, 7
30, 8
30, 9
30, 10
30, 11
30, 12
30, 13
30, 14
38, 1
38, 2
38, 3
38, 4
38, 5
38, 7
38, 8
38, 9
38, 10
38, 11
38, 12
38, 13
38, 14
38, 15
56, 1
56, 2
56, 3
56, 4
56, 5
56, 7
56, 8
56, 9
56, 10
56, 11
56, 12
56, 13
56, 14
56, 15
76, 1
76, 2
76, 3
76, 4
76, 5
76, 6
76, 7
76, 8
76, 9
76, 10
76, 11
76, 12
76, 13
76, 14
82, 1
82, 2
82, 3
82, 4
82, 5
82, 7
82, 8
82, 9
82, 10
82, 11
82, 12
82, 13
82, 14
82, 15
92, 1
92, 2
92, 3
92, 4
92, 5
92, 8
92, 9
92, 10
92, 11
92, 12
92, 13
92, 14
92, 15
92, 19
98, 1
98, 2
98, 3
98, 4
98, 5
98, 7
98, 8
98, 9
98, 10
98, 12
98, 13
98, 14
98, 15
98, 19
100, 1
100, 2
100, 3
100, 4
100, 5
100, 6
100, 7
100, 8
100, 9
100, 10
100, 11
100, 12
100, 13
100, 14
102, 1
102, 2
102, 3
102, 4
102, 5
102, 7
102, 8
102, 9
102, 10
102, 11
102, 12
102, 13
102, 14
102, 15
105, 2
105, 3
105, 4
105, 7
105, 8
105, 9
105, 11
105, 12
105, 13
105, 14
105, 15
105, 19
105, 20
105, 21
112, 3
112, 4
112, 11
112, 15
112, 19
112, 20
112, 21
112, 22
112, 23
112, 24
112, 25
112, 26
112, 27
112, 29
114, 7
114, 11
114, 15
114, 19
114, 20
114, 21
114, 22
114, 23
114, 24
114, 25
114, 26
114, 27
114, 29
114, 31
125, 15
125, 19
125, 20
125, 25
125, 27
125, 36
125, 37
125, 39
125, 42
125, 49
125, 52
125, 53
125, 54
125, 57
126, 7
126, 15
126, 19
126, 20
126, 21
126, 22
126, 23
126, 24
126, 25
126, 26
126, 27
126, 29
126, 31
126, 32
134, 7
134, 11
134, 19
134, 20
134, 21
134, 22
134, 23
134, 24
134, 25
134, 26
134, 27
134, 29
134, 31
134, 32
137, 19
137, 20
137, 21
137, 22
137, 23
137, 24
137, 25
137, 26
137, 27
137, 29
137, 31
137, 32
137, 33
137, 34
142, 6
142, 19
142, 20
142, 21
142, 22
142, 23
142, 24
142, 25
142, 26
142, 27
142, 29
142, 31
142, 32
142, 33
143, 19
143, 20
143, 22
143, 23
143, 26
143, 29
143, 31
143, 32
143, 34
143, 39
143, 41
143, 42
143, 44
143, 47
144, 20
144, 23
144, 26
144, 29
144, 31
144, 32
144, 34
144, 39
144, 41
144, 42
144, 44
144, 49
144, 51
144, 52
149, 20
149, 21
149, 22
149, 23
149, 24
149, 25
149, 26
149, 27
149, 29
149, 31
149, 32
149, 33
149, 34
149, 35
152, 20
152, 21
152, 22
152, 23
152, 24
152, 25
152, 26
152, 27
152, 29
152, 31
152, 32
152, 33
152, 34
152, 35
156, 20
156, 21
156, 22
156, 23
156, 24
156, 25
156, 26
156, 27
156, 29
156, 31
156, 32
156, 33
156, 34
156, 35
161, 21
161, 22
161, 23
161, 24
161, 25
161, 26
161, 27
161, 29
161, 31
161, 32
161, 33
161, 34
161, 36
161, 37
172, 21
172, 22
172, 23
172, 24
172, 25
172, 26
172, 27
172, 29
172, 31
172, 32
172, 33
172, 34
172, 36
172, 37
186, 21
186, 22
186, 23
186, 24
186, 25
186, 26
186, 27
186, 29
186, 31
186, 32
186, 33
186, 34
186, 35
186, 36
187, 24
187, 27
187, 31
187, 32
187, 33
187, 34
187, 36
187, 37
187, 39
187, 40
187, 41
187, 42
187, 43
187, 44
194, 24
194, 32
194, 33
194, 34
194, 35
194, 36
194, 37
194, 39
194, 40
194, 41
194, 42
194, 43
194, 44
194, 45
211, 33
211, 34
211, 35
211, 36
211, 37
211, 39
211, 40
211, 41
211, 42
211, 43
211, 44
211, 45
211, 46
211, 47
213, 33
213, 35
213, 40
213, 41
213, 43
213, 46
213, 47
213, 48
213, 50
213, 51
213, 55
213, 58
213, 59
213, 60
end