380
4
0, 0.6994581918608288, 0.6099258854903027
1, 0.8426846158149108, 0.8265534140345923
2, 0.2907785261395752, 0.2377730869771678
3, 0.6912462821625944, 0.02946929265034226
4, 0.8614786994896969, 0.02088403041885123
5, 0.6708717333189304, 0.9733762259836262
6, 0.8754236142560402, 0.7940737260987333
7, 0.2950585727059075, 0.2911407557243241
8, 0.13225041768378654, 0.1431770524277165
9, 0.5866251193577534, 0.5815155771088245
10, 0.4501135081021961, 0.7609388078520735
11, 0.368157370612881, 0.248095558639587
12, 0.11501277395292231, 0.72517376281758
13, 0.7897751300692315, 0.5139456122998928
14, 0.8554173017813682, 0.2402663209235264
15, 0.20142127836979407, 0.3986029075284524
16, 0.0018693872146886559, 0.2163814642714318
17, 0.16321586853670889, 0.2487304585210648
18, 0.6348683443395299, 0.44867646379601234
19, 0.7727254789169042, 0.5044958262154529
20, 0.10910398952340461, 0.6800636600050886
21, 0.48725764572036456, 0.06833362587935288
22, 0.9565059198775322, 0.860317189299888
23, 0.5328982078024497, 0.5118401262044382
24, 0.600047316467305, 0.889479228107291
25, 0.6995513001104365, 0.2802059986315356
26, 0.1706243645216825, 0.09478323725152549
27, 0.7537006959459277, 0.9816121654368086
28, 0.5485597961623487, 0.27955521536300576
29, 0.2851263311287616, 0.6754969753431139
30, 0.24243589931400666, 0.8592634261636675
31, 0.3269413567818442, 0.702446450808859
32, 0.49937593494606813, 0.6875707937786496
33, 0.09685907001725513, 0.5726843911725616
34, 0.3145510148758569, 0.42559141365894493
35, 0.7516957384938183, 0.9648501440611775
36, 0.5167106225912322, 0.32588664720647054
37, 0.11528797619104358, 0.8693967647796719
38, 0.7016856636425487, 0.34070525075118396
39, 0.45786621289953566, 0.9098374730651865
40, 0.765680230132935, 0.14239191704614584
41, 0.5465057785251648, 0.41154060647522894
42, 0.5791629530359804, 0.14545268444174253
43, 0.39329913720432685, 0.6192332149236971
44, 0.96937997760503, 0.6484364626027619
45, 0.3060701465269332, 0.7085029896240722
46, 0.2759196074339487, 0.4138833877192263
47, 0.4482244499389729, 0.5607683803939641
48, 0.4617733364303923, 0.6628972819602663
49, 0.33614285487054174, 0.7109765555872216
50, 0.8081837186297169, 0.951951244430933
51, 0.39725781230722834, 0.6808180762850774
52, 0.009260459170688407, 0.3506495438000994
53, 0.24326687528533542, 0.1498406702030155
54, 0.718717814148451, 0.5835168275665895
55, 0.45512135176028146, 0.877409394103605
56, 0.021714124806058055, 0.15395367003424565
57, 0.670159104357852, 0.4919142213242771
58, 0.05261582939519216, 0.6560545576751269
59, 0.7608201499379896, 0.9956104632585737
60, 0.34508746385650846, 0.5547236980693158
61, 0.8652502235746943, 0.668519109210063
62, 0.7764580924904061, 0.08608419161806058
63, 0.11227239259005795, 0.9135025344490199
64, 0.8668497778056213, 0.8561290788306126
65, 0.7149922831508081, 0.8574624615410917
66, 0.7277142721761489, 0.2662210981431624
67, 0.5586243241573096, 0.30905185986988126
68, 0.37406595897539974, 0.5439914710889538
69, 0.9818486503626975, 0.986692908950289
70, 0.7889269240160607, 0.7915881227688674
71, 0.9408716697074272, 0.8757715608476693
72, 0.5923212482328877, 0.23726957033207785
73, 0.5931614308081639, 0.24467501785939294
74, 0.8357145186775924, 0.17679858378135072
75, 0.16208082006892643, 0.1590732437781892
76, 0.6976226224403876, 0.4191215551274988
77, 0.7080146233826841, 0.4570920670149634
78, 0.974799906598292, 0.373986608818038
79, 0.07031922177387051, 0.6508667406792551
80, 0.3923963698322559, 0.27154438339099907
81, 0.48884638703153405, 0.7947004463625141
82, 0.6066990798952033, 0.850386268715764
83, 0.17051506625832025, 0.7101752985564093
84, 0.09549255842510307, 0.337169605964049
85, 0.839747416200615, 0.822812647331428
86, 0.7553491994275935, 0.7028178170013599
87, 0.8744955341342366, 0.09194735003860022
88, 0.5672195430820651, 0.12316571900672257
89, 0.254350838307163, 0.6359566149566703
90, 0.3439544801578003, 0.07842632729725141
91, 0.36915456376497824, 0.8648704117722555
92, 0.7588600009985289, 0.1997895183990207
93, 0.7230693237453014, 0.9102171264075958
94, 0.537700464586065, 0.7615206706850671
95, 0.17987236388735672, 0.27476649855558477
96, 0.42867900285301686, 0.055312063059210326
97, 0.049600845101597346, 0.5366801286961678
98, 0.22968456088520672, 0.13036101333130834
99, 0.5851042308981236, 0.1365712703111498
100, 0.5938369987263075, 0.3198494744320094
101, 0.7300911273276084, 0.4259625265304696
102, 0.12885845429039655, 0.7322899975775646
103, 0.9652988303818199, 0.8896375355830884
104, 0.5999640578161927, 0.4798374831215999
105, 0.3508572600345319, 0.6709071771766439
106, 0.06520718077587206, 0.690045758437074
107, 0.5030188163710144, 0.5880530423538445
108, 0.8749856187129721, 0.7144900944270015
109, 0.3375467561293942, 0.6805300325777452
110, 0.810647561766692, 0.48179023558905776
111, 0.5346819340376338, 0.5540243758809322
112, 0.9021663810206466, 0.5449469438359928
113, 0.42352705522097633, 0.7004162964866032
114, 0.729123727983282, 0.3392096205376264
115, 0.15837487130197414, 0.8661789524424597
116, 0.6786988337758605, 0.8671407139702173
117, 0.4576267113036293, 0.8512820299871788
118, 0.005325060280784277, 0.6387791980079457
119, 0.8210627457764896, 0.9348697061930306
120, 0.8556360002944371, 0.615007498038897
121, 0.5824848693394475, 0.9783897885110585
122, 0.8600544745385843, 0.32620806523466195
123, 0.5679617704682075, 0.39531870802869806
124, 0.24984507742950068, 0.4419982379787569
125, 0.6777247676028898, 0.3966595493536541
126, 0.5932344478181791, 0.7391613646717099
127, 0.4345841498063078, 0.9433888882181327
128, 0.3970231066959099, 0.7407219095067383
129, 0.9428139625457647, 0.571604069580092
130, 0.8154554865830911, 0.7704896114894587
131, 0.9479129969172052, 0.4049505106950023
132, 0.9362049140966237, 0.7599422231790349
133, 0.41690461849837346, 0.6280695440714467
134, 0.9318187323457312, 0.9769081431219663
135, 0.578192150295965, 0.6752110011487727
136, 0.6847103481202782, 0.5118975779915594
137, 0.5145967549241601, 0.4330497766272168
138, 0.4735493415227219, 0.841352505732132
139, 0.3257405679095394, 0.38616637457647107
140, 0.8352216924516379, 0.6874038177420356
141, 0.5238658244732795, 0.5165907797439647
142, 0.4586128225877535, 0.19262982102032533
143, 0.10726621266437575, 0.07525957811047512
144, 0.06898629643925047, 0.3601653665384269
145, 0.741001745790028, 0.27543470645338564
146, 0.27181123613803615, 0.306970952820652
147, 0.5363180848072512, 0.7346157925530292
148, 0.054820136590904234, 0.023873750628924384
149, 0.06419034839725302, 0.9101241271500349
150, 0.36557286572119874, 0.22434608892162522
151, 0.08337671389469681, 0.3739323170655522
152, 0.4173682635817795, 0.6936983488875996
153, 0.7010421663839858, 0.7040087662100181
154, 0.023684127566779622, 0.9838501987420774
155, 0.6516545489023879, 0.500339642467909
156, 0.5953324042621849, 0.39818055767050875
157, 0.8913311869628511, 0.9301178755120478
158, 0.07896824172453798, 0.16092412281114377
159, 0.6001545732861696, 0.7688581971513485
160, 0.20341836151168646, 0.16683209568959367
161, 0.9742578460213425, 0.1192257938089053
162, 0.6669055549678494, 0.8593556538662261
163, 0.6325292521223983, 0.4348958730285184
164, 0.37673698761051944, 0.5663182482247898
165, 0.9770838152572157, 0.06304123228670788
166, 0.11707557143968883, 0.7779008661643222
167, 0.1492240070591101, 0.1708842188970704
168, 0.3030159814255633, 0.10951651021631426
169, 0.6489308872971135, 0.9968308834619108
170, 0.22185479669073427, 0.08406596906072428
171, 0.2484513979093419, 0.764337484921805
172, 0.059387888249829546, 0.7872961599888616
173, 0.44954150715418106, 0.6728319517978616
174, 0.5624037348853709, 0.9065838571386876
175, 0.6494010890964963, 0.4113849925024209
176, 0.7650648648167717, 0.13105230014516167
177, 0.6290635289857127, 0.5988538031260964
178, 0.5790178357161614, 0.01685543017853064
179, 0.07428172548887835, 0.43183554906877863
180, 0.31887761497608913, 0.9285992939155147
181, 0.4283749649641334, 0.5308367003572181
182, 0.816546222711201, 0.2599437015335566
183, 0.7642049469310056, 0.6948325544623996
184, 0.5216534793290886, 0.4866984649149413
185, 0.14904798323628332, 0.6717111178141496
186, 0.8732079719042117, 0.5526082886813247
187, 0.9912526075999757, 0.9014841865530222
188, 0.3374867406372206, 0.34811084775851264
189, 0.40618387425201397, 0.3950865740616002
190, 0.6505847611711908, 0.6551681301504388
191, 0.9703831059353575, 0.8548717411649548
192, 0.4775919881129894, 0.27854161417532197
193, 0.9530999555075871, 0.32565710318216723
194, 0.8191943983132046, 0.2858982340851035
195, 0.12100538603783273, 0.058056049331765
196, 0.10673314195864825, 0.7825797138776379
197, 0.8432353885148441, 0.4899498992107326
198, 0.005520233830405341, 0.7500873587661695
199, 0.9879257853086577, 0.75609603385113
200, 0.2805040011360813, 0.9898273178447228
201, 0.2774328038201256, 0.25681637772793575
202, 0.41337166634319855, 0.747023312084936
203, 0.9301540515902696, 0.20055143011525878
204, 0.5534304976625872, 0.20833176281964627
205, 0.3243540040592876, 0.5249703939275678
206, 0.6039967130779945, 0.7100748685108096
207, 0.20092956722627142, 0.4951797304623117
208, 0.47776948681341225, 0.6060695444184081
209, 0.32903059987099315, 0.5203990018144632
210, 0.972907154776832, 0.24519479890178375
211, 0.3671166149759635, 0.05228214980685186
212, 0.8689357767001916, 0.28316816219424834
213, 0.26319881175982174, 0.834020953861302
214, 0.4769799228967354, 0.6749559790285401
215, 0.9851098295933465, 0.15381412543733775
216, 0.9117583670447397, 0.4553511888858063
217, 0.5166299978252323, 0.43315296830577565
218, 0.9413533079523978, 0.2575192853130548
219, 0.12482840562342801, 0.9254871183087123
220, 0.30538944557222836, 0.1147342941071563
221, 0.044758960642811374, 0.7609101143256021
222, 0.7465673215731885, 0.9363709944875505
223, 0.8087494066983846, 0.6064758420994627
224, 0.25565898322752023, 0.6759387569035672
225, 0.8419267957562199, 0.2378766741784868
226, 0.20815651045409844, 0.5124975359597597
227, 0.7704620773007421, 0.20222950435736198
228, 0.8518832947136075, 0.25273541664287924
229, 0.8912219355773567, 0.29591471009257686
230, 0.37202646743074386, 0.3575309435372296
231, 0.2947007624771616, 0.45529503424357376
232, 0.3242866642545318, 0.8804771972768527
233, 0.2052548669154397, 0.9926584239202966
234, 0.21330030606829464, 0.18075972074979585
235, 0.30218834150704865, 0.1532707605603597
236, 0.1091717228710648, 0.6328258209531864
237, 0.6088860802685193, 0.7718649215660017
238, 0.03564798988675055, 0.9266380967848515
239, 0.6926859496436281, 0.4741935430301464
240, 0.7732782021412327, 0.13365688574028778
241, 0.818724054324192, 0.4261959473030562
242, 0.9716667724513184, 0.4996103627759726
243, 0.3152937719369382, 0.7513227036026752
244, 0.4638827145136766, 0.10965772857333023
245, 0.3704965529623695, 0.7465527893814332
246, 0.8213499176514873, 0.3787399148171623
247, 0.3738664947076056, 0.07857026806930278
248, 0.21545482977684338, 0.3275225619241585
249, 0.7632067146175583, 0.09015192738999966
250, 0.4232097406126287, 0.969577305047723
251, 0.5151523712516303, 0.7335004237343753
252, 0.9830090204859706, 0.006086993633271698
253, 0.5533463024576992, 0.04977183486773884
254, 0.6448957864411147, 0.5410496472255801
255, 0.8813109643058421, 0.577040354012077
256, 0.4036380366857091, 0.06261283106647086
257, 0.7262624173603832, 0.49866591710001895
258, 0.6706905263610394, 0.09378747335698634
259, 0.25953392810676756, 0.36517931346007393
260, 0.5236526269428121, 0.7865624830955447
261, 0.30960075326894687, 0.3228174233649136
262, 0.7327187687696878, 0.957046257232055
263, 0.8759389488885083, 0.8201688999401134
264, 0.9047711413879775, 0.8658055424449477
265, 0.030922094899190844, 0.40492283832716214
266, 0.8240621802879424, 0.9494720172767802
267, 0.19974887285648735, 0.6711457531851995
268, 0.3831556512829257, 0.12808227117013993
269, 0.9527061851386178, 0.9090358305528805
270, 0.5856276184510242, 0.5898808346855139
271, 0.7637026073765693, 0.1517201374765611
272, 0.6821611858657443, 0.9152203947796541
273, 0.6997223328452206, 0.8937631022629233
274, 0.6130215657225687, 0.8379999580096514
275, 0.92898892648968, 0.9338806940075008
276, 0.1516752013745888, 0.8957681946010935
277, 0.8510460675265696, 0.7772241345204657
278, 0.3657515181007872, 0.8267132235487853
279, 0.05167083702780617, 0.29787668618785745
280, 0.6018927357453019, 0.6815700600314104
281, 0.3633696980452248, 0.864567626416494
282, 0.8449157702474682, 0.9651880725774314
283, 0.9094844293949383, 0.5758897175836873
284, 0.5892739610536193, 0.9918621140572741
285, 0.8013309234638527, 0.1355732903198087
286, 0.3998966368917546, 0.04963941852697584
287, 0.8905939699943555, 0.921996241613594
288, 0.7714953149093118, 0.6197654269002923
289, 0.8312308570772928, 0.7501817852254169
290, 0.9955571315343267, 0.61175772281097
291, 0.2529360535380347, 0.8502740365075395
292, 0.16553834820365743, 0.98876452751122
293, 0.4379817501953893, 0.04445841073437973
294, 0.46213926730743404, 0.8983931831600557
295, 0.24464984716156035, 0.467604318473846
296, 0.03406814998936314, 0.7016793711189692
297, 0.766290163806848, 0.06574470667063936
298, 0.6026702195881549, 0.5518912215370848
299, 0.11566044788044338, 0.0519384133663201
300, 0.9282821443608836, 0.25845576392914005
301, 0.5970702350573343, 0.15384626055987916
302, 0.7722944699487426, 0.49001633954149737
303, 0.753283046236357, 0.1994905468080933
304, 0.07202766631470836, 0.2575825894443663
305, 0.3161986226435747, 0.817601902966314
306, 0.26648889649967544, 0.26850337494264986
307, 0.3814270571545021, 0.2920004673340074
308, 0.6809827372447625, 0.46374682328669914
309, 0.15699660264761806, 0.6102148780691018
310, 0.7176882803839305, 0.6973226951999419
311, 0.09264968036087584, 0.7709088675427954
312, 0.1722871273837704, 0.1089222090198727
313, 0.49487519096489896, 0.03750633345556387
314, 0.7002202265961979, 0.5041740886733465
315, 0.3674272905128684, 0.6920301135938214
316, 0.9640977465662234, 0.9041222745229961
317, 0.09937678030697428, 0.03551175239649085
318, 0.4731704862162033, 0.9058230120433851
319, 0.9014115540699504, 0.41965318029077825
320, 0.346695398807902, 0.046127701568618895
321, 0.4176306519281252, 0.9934899564014679
322, 0.5982918149921879, 0.1656521772434194
323, 0.18356148399383798, 0.733160977749202
324, 0.9049150100620588, 0.19436577959306434
325, 0.5829140945259265, 0.8514018627656336
326, 0.36786920183255134, 0.9194877619550376
327, 0.19376254465905185, 0.930955133005587
328, 0.5359126327793317, 0.7771304593333789
329, 0.15426989249056322, 0.2647016623575782
330, 0.11080846111567288, 0.7273221869621935
331, 0.5634698299004104, 0.0863786586720201
332, 0.2848006108778989, 0.9982509355289573
333, 0.8997873130511379, 0.8253493583667424
334, 0.9729611267653493, 0.3951836222454681
335, 0.7501026070796685, 0.5468669879700814
336, 0.3396729917547249, 0.46834808993204136
337, 0.7590558330250349, 0.04489223617137017
338, 0.7295514115300009, 0.648550358371095
339, 0.14956370001875574, 0.6669317515515278
340, 0.08740043301547529, 0.20198008441980975
341, 0.5977132984270387, 0.7291312090922092
342, 0.8152252290321363, 0.05113532031190127
343, 0.5089420228520534, 0.5007822109025832
344, 0.3932132514612412, 0.9876535720617088
345, 0.912407619976162, 0.7985895455430043
346, 0.5455301313111682, 0.8146767785955812
347, 0.9407403902663531, 0.9293209903399167
348, 0.05045023887072042, 0.18902997685928724
349, 0.11781177280463684, 0.3642660176770115
350, 0.6950470424072581, 0.9801111221314642
351, 0.5175842751470849, 0.33185622802409764
352, 0.3280316805228777, 0.5993152474401122
353, 0.017182533056574134, 0.7509045093958685
354, 0.8360213210617184, 0.01766375754520011
355, 0.160610164455379, 0.5532828276508576
356, 0.6059404239506677, 0.3435283445125312
357, 0.6974822982724396, 0.8398553204428169
358, 0.4540450220346153, 0.4078199687183295
359, 0.6028271136901603, 0.04656133994284506
360, 0.8685813117568604, 0.9024163999771088
361, 0.0074402334071267395, 0.9453571295301835
362, 0.6781106278707459, 0.17933757562632424
363, 0.8054928503811897, 0.05206007023220871
364, 0.6373126801291141, 0.38116180429713864
365, 0.016722095862496178, 0.4794523835644776
366, 0.6213472176368857, 0.7085416756446593
367, 0.6322257315784879, 0.4489784634444598
368, 0.9828927716829468, 0.6505605694104499
369, 0.6916105188754188, 0.9402536108692392
370, 0.08290381013880721, 0.394968540476591
371, 0.4852268691649734, 0.20610442551167374
372, 0.6720095734569853, 0.6991417408375095
373, 0.18373437835163087, 0.4621061739819611
374, 0.4394832350428509, 0.9972677318605736
375, 0.11400087028260575, 0.21117363408399692
376, 0.5641351849847661, 0.9019033469797497
377, 0.15025468311979406, 0.1821120222244309
378, 0.6827125266564807, 0.8156356034381076
379, 0.46652259218400016, 0.8526400812003301
end_nodes
0, 1
0, 2
0, 3
0, 4
0, 5
0, 6
0, 7
0, 8
0, 9
0, 10
0, 11
0, 12
0, 13
0, 14
0, 15
0, 16
0, 17
0, 18
0, 19
20, 44
20, 120
20, 129
20, 223
20, 255
20, 283
20, 288
20, 290
20, 368
21, 27
21, 35
21, 50
21, 59
21, 65
21, 93
21, 119
21, 153
21, 222
21, 262
21, 266
21, 310
22, 2
22, 7
22, 8
22, 9
22, 15
22, 16
22, 17
22, 23
22, 26
22, 29
22, 31
22, 32
22, 33
22, 34
22, 43
22, 45
22, 46
22, 47
22, 48
24, 4
24, 13
24, 14
24, 19
24, 40
24, 54
24, 62
24, 66
24, 74
24, 78
24, 87
24, 92
24, 101
24, 110
24, 114
24, 122
24, 131
24, 145
24, 161
25, 5
25, 27
25, 35
25, 50
25, 59
25, 93
25, 116
25, 119
25, 162
25, 169
25, 222
25, 249
25, 262
25, 266
25, 272
25, 273
25, 297
25, 310
25, 337
28, 1
28, 64
28, 69
28, 70
28, 71
28, 85
28, 86
28, 130
28, 134
28, 157
28, 183
28, 244
28, 263
28, 264
28, 269
28, 275
28, 277
28, 282
28, 287
30, 112
30, 154
30, 186
30, 219
30, 242
36, 1
36, 64
36, 69
36, 71
36, 85
36, 130
36, 134
36, 157
36, 183
36, 263
36, 264
36, 269
36, 275
36, 277
36, 287
36, 316
36, 347
36, 360
37, 112
37, 186
37, 242
38, 5
38, 27
38, 35
38, 40
38, 50
38, 59
38, 62
38, 66
38, 92
38, 93
38, 116
38, 119
38, 162
38, 169
38, 176
38, 222
38, 240
38, 249
38, 262
39, 4
39, 13
39, 14
39, 19
39, 40
39, 54
39, 62
39, 66
39, 74
39, 78
39, 87
39, 92
39, 101
39, 110
39, 114
39, 122
39, 131
39, 145
39, 161
41, 1
41, 64
41, 69
41, 71
41, 85
41, 130
41, 134
41, 157
41, 183
41, 263
41, 264
41, 269
41, 275
41, 277
41, 287
41, 316
41, 347
41, 360
42, 27
42, 35
42, 50
42, 59
42, 65
42, 93
42, 119
42, 153
42, 222
42, 262
42, 266
42, 310
49, 112
49, 186
49, 242
51, 242
53, 6
53, 103
53, 187
53, 289
53, 333
55, 4
55, 13
55, 14
55, 19
55, 40
55, 54
55, 62
55, 66
55, 74
55, 78
55, 87
55, 92
55, 101
55, 110
55, 114
55, 122
55, 131
55, 145
55, 161
57, 4
57, 14
57, 27
57, 35
57, 40
57, 50
57, 59
57, 62
57, 65
57, 66
57, 74
57, 87
57, 92
57, 93
57, 114
57, 119
57, 145
57, 153
57, 161
58, 44
58, 120
58, 129
58, 223
58, 255
58, 283
58, 288
58, 290
58, 368
60, 226
60, 365
61, 2
61, 7
61, 8
61, 9
61, 15
61, 16
61, 17
61, 23
61, 26
61, 33
61, 34
61, 43
61, 46
61, 47
61, 52
61, 56
61, 68
61, 75
61, 79
63, 112
63, 186
63, 242
67, 1
67, 64
67, 69
67, 71
67, 85
67, 130
67, 134
67, 157
67, 183
67, 263
67, 264
67, 269
67, 275
67, 277
67, 282
67, 287
67, 316
67, 347
67, 360
72, 27
72, 35
72, 50
72, 59
72, 65
72, 93
72, 119
72, 153
72, 222
72, 262
72, 266
72, 310
73, 27
73, 35
73, 50
73, 59
73, 65
73, 93
73, 119
73, 153
73, 222
73, 262
73, 266
73, 310
76, 4
76, 5
76, 27
76, 35
76, 40
76, 50
76, 59
76, 62
76, 65
76, 66
76, 74
76, 87
76, 92
76, 93
76, 114
76, 116
76, 119
76, 145
76, 162
77, 4
77, 5
77, 14
77, 27
77, 35
77, 40
77, 50
77, 59
77, 62
77, 74
77, 87
77, 92
77, 101
77, 114
77, 116
77, 119
77, 145
77, 161
77, 162
80, 1
80, 64
80, 69
80, 71
80, 85
80, 130
80, 134
80, 157
80, 170
80, 183
80, 263
80, 264
80, 269
80, 275
80, 277
80, 287
80, 316
80, 347
80, 360
81, 4
81, 13
81, 14
81, 19
81, 40
81, 54
81, 62
81, 66
81, 74
81, 78
81, 87
81, 92
81, 101
81, 110
81, 114
81, 122
81, 131
81, 145
81, 161
82, 4
82, 13
82, 14
82, 19
82, 40
82, 54
82, 62
82, 66
82, 74
82, 78
82, 87
82, 92
82, 101
82, 110
82, 114
82, 122
82, 131
82, 145
82, 161
83, 44
83, 120
83, 129
83, 223
83, 255
83, 283
83, 288
83, 290
83, 368
88, 27
88, 35
88, 50
88, 59
88, 65
88, 93
88, 119
88, 153
88, 222
88, 262
88, 266
88, 310
90, 1
90, 64
90, 69
90, 71
90, 85
90, 130
90, 134
90, 157
90, 183
90, 263
90, 264
90, 269
90, 275
90, 277
90, 287
90, 316
90, 347
90, 360
91, 4
91, 13
91, 14
91, 19
91, 40
91, 54
91, 62
91, 66
91, 74
91, 78
91, 87
91, 92
91, 101
91, 110
91, 114
91, 122
91, 131
91, 145
91, 161
94, 4
94, 13
94, 14
94, 19
94, 40
94, 54
94, 62
94, 66
94, 74
94, 78
94, 87
94, 92
94, 101
94, 110
94, 114
94, 122
94, 131
94, 145
94, 161
96, 1
96, 64
96, 69
96, 71
96, 85
96, 130
96, 134
96, 157
96, 183
96, 263
96, 264
96, 269
96, 275
96, 277
96, 287
96, 316
96, 347
96, 360
98, 6
98, 103
98, 187
98, 289
98, 333
99, 27
99, 35
99, 50
99, 59
99, 65
99, 93
99, 119
99, 153
99, 222
99, 262
99, 266
99, 310
100, 27
100, 35
100, 50
100, 59
100, 65
100, 93
100, 119
100, 153
100, 222
100, 262
100, 266
100, 310
102, 112
102, 186
102, 242
104, 1
104, 26
104, 64
104, 69
104, 71
104, 85
104, 130
104, 134
104, 157
104, 183
104, 195
104, 263
104, 264
104, 269
104, 275
104, 277
104, 287
104, 299
104, 316
106, 44
106, 120
106, 129
106, 223
106, 255
106, 283
106, 288
106, 290
106, 368
107, 68
107, 164
107, 179
107, 205
107, 207
107, 209
107, 226
107, 265
107, 365
107, 373
108, 2
108, 7
108, 8
108, 9
108, 15
108, 16
108, 17
108, 23
108, 26
108, 32
108, 33
108, 34
108, 43
108, 46
108, 47
108, 48
108, 52
108, 56
108, 68
113, 112
113, 186
113, 242
115, 112
115, 186
115, 242
117, 4
117, 13
117, 14
117, 19
117, 40
117, 54
117, 62
117, 66
117, 74
117, 78
117, 87
117, 92
117, 101
117, 110
117, 114
117, 122
117, 131
117, 145
117, 161
121, 4
121, 13
121, 14
121, 19
121, 40
121, 54
121, 62
121, 66
121, 74
121, 78
121, 87
121, 92
121, 101
121, 110
121, 114
121, 122
121, 131
121, 145
121, 161
123, 1
123, 64
123, 69
123, 71
123, 85
123, 130
123, 134
123, 157
123, 183
123, 263
123, 264
123, 269
123, 275
123, 277
123, 287
123, 316
123, 347
123, 360
125, 4
125, 27
125, 35
125, 40
125, 50
125, 59
125, 62
125, 65
125, 66
125, 92
125, 93
125, 119
125, 153
125, 169
125, 176
125, 222
125, 227
125, 240
125, 249
126, 4
126, 13
126, 14
126, 19
126, 40
126, 54
126, 62
126, 66
126, 74
126, 78
126, 87
126, 92
126, 101
126, 110
126, 114
126, 122
126, 131
126, 145
126, 161
127, 4
127, 13
127, 14
127, 19
127, 40
127, 54
127, 62
127, 66
127, 74
127, 78
127, 87
127, 92
127, 101
127, 110
127, 114
127, 122
127, 131
127, 145
127, 161
128, 112
128, 186
128, 242
132, 2
132, 7
132, 8
132, 9
132, 15
132, 16
132, 17
132, 23
132, 26
132, 29
132, 32
132, 33
132, 34
132, 43
132, 46
132, 47
132, 48
132, 52
132, 56
133, 33
133, 309
135, 4
135, 13
135, 14
135, 19
135, 40
135, 62
135, 66
135, 74
135, 78
135, 79
135, 87
135, 92
135, 101
135, 110
135, 112
135, 114
135, 118
135, 122
135, 131
136, 4
136, 5
136, 14
136, 27
136, 35
136, 40
136, 50
136, 59
136, 62
136, 65
136, 66
136, 74
136, 87
136, 92
136, 93
136, 101
136, 114
136, 116
136, 119
137, 2
137, 6
137, 8
137, 75
137, 103
137, 134
137, 143
137, 148
137, 157
137, 160
137, 195
137, 201
137, 234
137, 287
137, 289
137, 299
137, 312
137, 317
137, 333
138, 4
138, 13
138, 14
138, 19
138, 40
138, 54
138, 62
138, 66
138, 74
138, 78
138, 87
138, 92
138, 101
138, 110
138, 114
138, 122
138, 131
138, 145
138, 161
140, 2
140, 7
140, 8
140, 9
140, 15
140, 16
140, 17
140, 23
140, 26
140, 33
140, 34
140, 43
140, 46
140, 47
140, 48
140, 52
140, 56
140, 68
140, 75
141, 16
141, 34
141, 56
141, 84
141, 95
141, 139
141, 248
141, 259
141, 279
141, 304
141, 329
141, 340
141, 348
142, 1
142, 64
142, 69
142, 71
142, 85
142, 130
142, 134
142, 157
142, 183
142, 263
142, 264
142, 269
142, 275
142, 277
142, 287
142, 316
142, 347
142, 360
147, 13
147, 14
147, 19
147, 54
147, 66
147, 74
147, 78
147, 87
147, 101
147, 110
147, 114
147, 122
147, 131
147, 145
147, 161
147, 165
147, 176
147, 182
147, 193
149, 112
149, 186
149, 242
150, 1
150, 64
150, 69
150, 71
150, 85
150, 130
150, 134
150, 157
150, 183
150, 263
150, 264
150, 269
150, 275
150, 277
150, 287
150, 316
150, 347
150, 360
152, 112
152, 186
152, 242
155, 1
155, 27
155, 35
155, 59
155, 64
155, 65
155, 69
155, 70
155, 71
155, 74
155, 85
155, 87
155, 93
155, 114
155, 130
155, 134
155, 145
155, 153
155, 157
156, 1
156, 64
156, 69
156, 71
156, 85
156, 130
156, 134
156, 157
156, 183
156, 263
156, 264
156, 269
156, 275
156, 277
156, 282
156, 287
156, 316
156, 347
156, 360
159, 13
159, 14
159, 19
159, 54
159, 78
159, 101
159, 110
159, 122
159, 131
159, 145
159, 161
159, 165
159, 176
159, 182
159, 193
159, 194
159, 197
159, 203
159, 210
163, 27
163, 35
163, 50
163, 59
163, 65
163, 93
163, 119
163, 153
163, 222
163, 262
163, 266
163, 310
166, 112
166, 186
166, 242
168, 1
168, 64
168, 69
168, 71
168, 85
168, 130
168, 134
168, 157
168, 183
168, 263
168, 264
168, 269
168, 275
168, 277
168, 287
168, 316
168, 347
168, 360
171, 112
171, 186
171, 242
172, 112
172, 186
172, 242
174, 13
174, 19
174, 54
174, 78
174, 101
174, 110
174, 122
174, 131
174, 145
174, 161
174, 165
174, 176
174, 182
174, 193
174, 194
174, 197
174, 203
174, 210
174, 212
175, 27
175, 35
175, 50
175, 59
175, 65
175, 93
175, 119
175, 153
175, 222
175, 249
175, 262
175, 266
175, 297
175, 310
175, 337
177, 9
177, 15
177, 16
177, 34
177, 46
177, 47
177, 52
177, 68
177, 84
177, 101
177, 111
177, 122
177, 124
177, 139
177, 144
177, 151
177, 161
177, 165
177, 176
178, 27
178, 35
178, 50
178, 59
178, 65
178, 93
178, 119
178, 153
178, 222
178, 262
178, 266
178, 310
180, 13
180, 19
180, 54
180, 78
180, 110
180, 122
180, 131
180, 161
180, 165
180, 176
180, 182
180, 193
180, 194
180, 197
180, 203
180, 210
180, 212
180, 215
180, 216
184, 17
184, 56
184, 95
184, 146
184, 158
184, 167
184, 188
184, 189
184, 261
184, 329
184, 340
184, 348
184, 375
184, 377
190, 10
190, 13
190, 19
190, 33
190, 43
190, 54
190, 78
190, 79
190, 89
190, 97
190, 110
190, 112
190, 118
190, 122
190, 131
190, 154
190, 164
190, 165
190, 176
191, 2
191, 7
191, 8
191, 9
191, 15
191, 16
191, 17
191, 23
191, 26
191, 29
191, 31
191, 32
191, 33
191, 34
191, 43
191, 45
191, 46
191, 47
191, 48
192, 1
192, 64
192, 69
192, 71
192, 85
192, 130
192, 134
192, 157
192, 183
192, 263
192, 264
192, 269
192, 275
192, 277
192, 287
192, 316
192, 347
192, 360
196, 112
196, 186
196, 242
198, 112
198, 186
198, 242
199, 2
199, 7
199, 8
199, 9
199, 15
199, 16
199, 17
199, 23
199, 26
199, 29
199, 32
199, 33
199, 34
199, 43
199, 46
199, 47
199, 48
199, 52
199, 56
200, 54
200, 78
200, 110
200, 131
200, 165
200, 176
200, 182
200, 193
200, 194
200, 197
200, 203
200, 210
200, 212
200, 215
200, 216
200, 218
200, 225
200, 227
200, 228
202, 112
202, 186
202, 242
204, 27
204, 35
204, 50
204, 59
204, 65
204, 93
204, 119
204, 153
204, 222
204, 262
204, 266
204, 310
206, 54
206, 165
206, 176
206, 182
206, 193
206, 194
206, 197
206, 203
206, 210
206, 212
206, 215
206, 216
206, 218
206, 225
206, 227
206, 228
206, 229
206, 240
206, 241
208, 97
208, 355
208, 365
211, 1
211, 64
211, 69
211, 71
211, 85
211, 130
211, 134
211, 157
211, 183
211, 263
211, 264
211, 269
211, 275
211, 277
211, 287
211, 316
211, 347
211, 360
213, 112
213, 186
213, 242
214, 79
217, 2
217, 6
217, 8
217, 26
217, 75
217, 103
217, 134
217, 143
217, 148
217, 157
217, 160
217, 187
217, 195
217, 234
217, 287
217, 289
217, 299
217, 312
217, 317
220, 1
220, 64
220, 69
220, 71
220, 85
220, 130
220, 134
220, 157
220, 183
220, 263
220, 264
220, 269
220, 275
220, 277
220, 287
220, 316
220, 347
220, 360
221, 186
221, 242
230, 158
230, 167
230, 306
230, 377
232, 165
232, 176
232, 182
232, 193
232, 194
232, 197
232, 203
232, 210
232, 212
232, 215
232, 216
232, 218
232, 225
232, 227
232, 228
232, 229
232, 240
232, 241
232, 246
233, 165
233, 176
233, 182
233, 193
233, 194
233, 197
233, 203
233, 210
233, 212
233, 215
233, 216
233, 218
233, 225
233, 227
233, 228
233, 229
233, 240
233, 241
233, 246
235, 1
235, 64
235, 69
235, 71
235, 85
235, 130
235, 183
235, 263
235, 264
235, 269
235, 275
235, 277
235, 287
235, 316
235, 347
235, 360
237, 165
237, 176
237, 182
237, 193
237, 194
237, 197
237, 203
237, 210
237, 212
237, 215
237, 216
237, 218
237, 225
237, 227
237, 228
237, 229
237, 240
237, 241
237, 246
238, 186
239, 5
239, 50
239, 65
239, 93
239, 116
239, 119
239, 153
239, 162
239, 165
239, 169
239, 176
239, 182
239, 194
239, 222
239, 225
239, 227
239, 228
239, 240
239, 249
247, 64
247, 69
247, 71
247, 85
247, 130
247, 183
247, 263
247, 264
247, 269
247, 275
247, 277
247, 316
247, 347
247, 360
250, 165
250, 176
250, 182
250, 193
250, 194
250, 197
250, 203
250, 210
250, 212
250, 215
250, 216
250, 218
250, 225
250, 227
250, 228
250, 229
250, 240
250, 241
250, 246
251, 165
251, 176
251, 182
251, 193
251, 194
251, 197
251, 203
251, 210
251, 212
251, 215
251, 216
251, 218
251, 225
251, 227
251, 228
251, 229
251, 240
251, 241
251, 246
253, 65
253, 153
253, 222
253, 262
253, 266
253, 310
254, 2
254, 7
254, 8
254, 26
254, 75
254, 143
254, 146
254, 148
254, 158
254, 160
254, 165
254, 167
254, 176
254, 182
254, 183
254, 187
254, 188
254, 194
254, 195
256, 263
256, 264
256, 269
256, 275
256, 277
256, 316
256, 347
256, 360
257, 165
257, 182
257, 194
257, 203
257, 210
257, 212
257, 215
257, 218
257, 225
257, 228
257, 229
257, 246
257, 252
257, 266
257, 285
257, 300
257, 324
257, 342
257, 354
258, 65
258, 153
258, 222
258, 262
258, 266
258, 310
260, 165
260, 176
260, 182
260, 193
260, 194
260, 197
260, 203
260, 210
260, 212
260, 215
260, 216
260, 218
260, 225
260, 227
260, 228
260, 229
260, 240
260, 241
260, 246
268, 316
268, 347
268, 360
270, 15
270, 46
270, 47
270, 52
270, 68
270, 84
270, 124
270, 144
270, 151
270, 165
270, 176
270, 179
270, 181
270, 182
270, 194
270, 205
270, 207
270, 209
270, 225
274, 165
274, 182
274, 193
274, 194
274, 197
274, 203
274, 210
274, 212
274, 215
274, 216
274, 218
274, 225
274, 227
274, 228
274, 229
274, 240
274, 241
274, 246
274, 249
278, 182
278, 193
278, 194
278, 197
278, 203
278, 210
278, 212
278, 215
278, 216
278, 218
278, 225
278, 227
278, 228
278, 229
278, 240
278, 241
278, 246
278, 249
278, 252
280, 10
280, 79
280, 118
280, 154
280, 173
280, 182
280, 193
280, 194
280, 197
280, 203
280, 210
280, 212
280, 215
280, 216
280, 218
280, 219
280, 225
280, 227
280, 228
281, 193
281, 194
281, 197
281, 203
281, 210
281, 212
281, 215
281, 216
281, 218
281, 225
281, 227
281, 228
281, 229
281, 240
281, 241
281, 246
281, 249
281, 252
281, 271
284, 193
284, 197
284, 203
284, 210
284, 212
284, 215
284, 216
284, 218
284, 225
284, 227
284, 228
284, 229
284, 240
284, 241
284, 246
284, 249
284, 252
284, 271
284, 285
286, 347
286, 360
292, 193
292, 197
292, 203
292, 210
292, 212
292, 215
292, 216
292, 218
292, 225
292, 227
292, 228
292, 229
292, 240
292, 241
292, 246
292, 249
292, 252
292, 271
292, 285
293, 70
293, 86
293, 282
294, 193
294, 197
294, 203
294, 210
294, 212
294, 215
294, 216
294, 218
294, 225
294, 227
294, 228
294, 229
294, 240
294, 241
294, 246
294, 249
294, 252
294, 271
294, 285
296, 44
296, 120
296, 129
296, 223
296, 255
296, 283
296, 288
296, 290
296, 368
298, 7
298, 16
298, 17
298, 23
298, 34
298, 46
298, 56
298, 84
298, 95
298, 139
298, 146
298, 158
298, 167
298, 188
298, 189
298, 227
298, 240
298, 248
298, 249
301, 153
301, 222
301, 262
301, 266
301, 310
305, 154
305, 219
307, 6
307, 26
307, 103
307, 187
307, 195
307, 289
307, 299
307, 312
307, 317
307, 333
308, 153
308, 162
308, 169
308, 222
308, 225
308, 227
308, 240
308, 249
308, 252
308, 262
308, 266
308, 271
308, 285
308, 297
308, 303
308, 310
308, 337
308, 342
308, 354
313, 262
313, 266
313, 310
314, 5
314, 116
314, 162
314, 169
314, 212
314, 215
314, 228
314, 229
314, 240
314, 246
314, 249
314, 252
314, 262
314, 266
314, 271
314, 272
314, 273
314, 285
314, 297
318, 197
318, 215
318, 216
318, 218
318, 228
318, 229
318, 241
318, 246
318, 249
318, 252
318, 271
318, 285
318, 297
318, 300
318, 302
318, 303
318, 319
318, 324
318, 334
321, 216
321, 218
321, 229
321, 241
321, 246
321, 249
321, 252
321, 271
321, 285
321, 297
321, 300
321, 302
321, 303
321, 319
321, 324
321, 334
321, 335
321, 337
321, 342
322, 310
325, 216
325, 218
325, 229
325, 241
325, 246
325, 249
325, 252
325, 271
325, 285
325, 297
325, 300
325, 302
325, 303
325, 319
325, 324
325, 334
325, 335
325, 337
325, 342
326, 229
326, 241
326, 246
326, 249
326, 252
326, 271
326, 285
326, 297
326, 300
326, 302
326, 303
326, 319
326, 324
326, 334
326, 335
326, 337
326, 342
326, 354
326, 363
327, 241
327, 246
327, 249
327, 252
327, 271
327, 285
327, 297
327, 300
327, 302
327, 303
327, 319
327, 324
327, 334
327, 335
327, 337
327, 342
327, 354
327, 363
328, 241
328, 252
328, 271
328, 285
328, 297
328, 300
328, 302
328, 303
328, 319
328, 324
328, 334
328, 335
328, 337
328, 342
328, 354
328, 363
331, 310
332, 252
332, 271
332, 285
332, 297
332, 300
332, 302
332, 303
332, 319
332, 324
332, 334
332, 335
332, 337
332, 342
332, 354
332, 363
338, 2
338, 6
338, 7
338, 8
338, 9
338, 15
338, 16
338, 17
338, 23
338, 33
338, 34
338, 43
338, 46
338, 47
338, 52
338, 56
338, 68
338, 75
338, 84
341, 252
341, 271
341, 285
341, 297
341, 300
341, 302
341, 303
341, 319
341, 324
341, 334
341, 335
341, 337
341, 342
341, 354
341, 363
343, 16
343, 17
343, 56
343, 95
343, 139
343, 248
343, 259
343, 304
343, 329
343, 340
343, 348
343, 375
344, 252
344, 271
344, 285
344, 297
344, 300
344, 302
344, 303
344, 319
344, 324
344, 334
344, 335
344, 337
344, 342
344, 354
344, 363
345, 2
345, 7
345, 8
345, 9
345, 15
345, 16
345, 17
345, 23
345, 26
345, 29
345, 32
345, 33
345, 34
345, 43
345, 46
345, 47
345, 48
345, 52
345, 56
346, 252
346, 271
346, 285
346, 297
346, 300
346, 302
346, 303
346, 319
346, 324
346, 334
346, 335
346, 337
346, 342
346, 354
346, 363
357, 350
358, 7
358, 8
358, 75
358, 167
358, 201
358, 306
358, 377
366, 252
366, 271
366, 285
366, 297
366, 300
366, 302
366, 303
366, 319
366, 324
366, 334
366, 335
366, 337
366, 342
366, 354
366, 363
367, 70
367, 86
367, 244
367, 282
367, 337
372, 162
372, 169
372, 271
372, 285
372, 297
372, 300
372, 302
372, 303
372, 319
372, 324
372, 334
372, 335
372, 337
372, 342
372, 354
372, 363
374, 271
374, 285
374, 297
374, 300
374, 302
374, 303
374, 319
374, 324
374, 334
374, 335
374, 337
374, 342
374, 354
374, 363
376, 297
376, 300
376, 302
376, 303
376, 319
376, 324
376, 334
376, 335
376, 337
376, 342
376, 354
376, 363
378, 5
378, 116
378, 300
378, 319
378, 334
379, 297
379, 300
379, 302
379, 303
379, 319
379, 324
379, 334
379, 335
379, 337
379, 342
379, 354
379, 363
end