400
4
0, 0.20758838179797157, 0.9571739977003785
1, 0.07612127245529698, 0.5457216791021121
2, 0.17313905297997634, 0.2809146887297088
3, 0.6025847801350743, 0.6195094987230146
4, 0.25702048202056027, 0.805076719473372
5, 0.09579688433415545, 0.6798093501260342
6, 0.1201009361420472, 0.4561927508840483
7, 0.16190565294115766, 0.5792040181695767
8, 0.8672734765451477, 0.8210140446348548
9, 0.8583180333247425, 0.6365477929851331
10, 0.11691966947090837, 0.27197142060472523
11, 0.9994989788198176, 0.7698075880950733
12, 0.8775842119140614, 0.4040725753753095
13, 0.9626013628413767, 0.4210094616528157
14, 0.44533501965539457, 0.7836767699361573
15, 0.07256671368845946, 0.26766736931758683
16, 0.6965600916142807, 0.2906188596914281
17, 0.4337910927111732, 0.9365529195865909
18, 0.9504701828377606, 0.8351726833360753
19, 0.7280788742239345, 0.6168299171214676
20, 0.8055655055893192, 0.3971731388494366
21, 0.12852545387683267, 0.8134238959232554
22, 0.024190377678814157, 0.5619518702695881
23, 0.14276288255023106, 0.8974025504268324
24, 0.2043185680136007, 0.7352935764659159
25, 0.683610739443978, 0.0031927180589709225
26, 0.7351484230780121, 0.21741952283739618
27, 0.082561492289973, 0.33278216203478106
28, 0.6491532904196275, 0.845865856734091
29, 0.641141282823087, 0.5738797053465915
30, 0.8593796446257322, 0.4456670622231198
31, 0.21394810910838513, 0.5346167266158393
32, 0.16279743073620023, 0.12167244732840643
33, 0.8228265013837175, 0.8074551624946719
34, 0.9126389769355303, 0.10392360305987502
35, 0.32793347902095915, 0.9412956241662042
36, 0.23004102010266847, 0.7271870635208708
37, 0.8836705908162074, 0.9674100608003398
38, 0.9215868951878984, 0.38684142343333716
39, 0.7373067862659216, 0.2850433047664409
40, 0.3520179466913055, 0.27430860349120245
41, 0.2839417662425173, 0.24909399935441134
42, 0.7361773888951473, 0.32419904708046543
43, 0.9960623314077435, 0.5106037896207785
44, 0.9257475847271889, 0.7070106311786972
45, 0.8503761873486336, 0.5333175362317876
46, 0.9517488235160653, 0.17361869649656514
47, 0.9417356267594273, 0.5955381051637364
48, 0.420989610062646, 0.013423626353720852
49, 0.5187877962308264, 0.5799636560200404
50, 0.06442542648459515, 0.0811909655110935
51, 0.4716084455830216, 0.5286603654786831
52, 0.36186634733210077, 0.3696206701737268
53, 0.8850039368637389, 0.30830221007014924
54, 0.4569380740874228, 0.5515794385097748
55, 0.40964670627734034, 0.22003265892719237
56, 0.81766200257452, 0.046168284322257724
57, 0.1928085373804177, 0.9070261821601622
58, 0.5837884238965926, 0.6173954201533272
59, 0.9808088719737063, 0.210278967147428
60, 0.40857523394568496, 0.7568695133072542
61, 0.21311660913435693, 0.43591654052880724
62, 0.6831761753383555, 0.9183565992546394
63, 0.9087886935201608, 0.0329872715910845
64, 0.033664038434162546, 0.6401519717048141
65, 0.8184141985837288, 0.04730768476725644
66, 0.10338367348213218, 0.07645701733403332
67, 0.2488478811061331, 0.5841895552027518
68, 0.03214919043043907, 0.7039977649061092
69, 0.2276613527302227, 0.18502663449363022
70, 0.3103357665016795, 0.01861204037594255
71, 0.6773286557978717, 0.659089165846292
72, 0.8762994800145629, 0.960917937893768
73, 0.9633007491532228, 0.30715783803308805
74, 0.865555361566189, 0.7782098012612235
75, 0.860825520708373, 0.7464427577308426
76, 0.537619044177738, 0.5429485222464925
77, 0.7608238834262105, 0.05346709034221708
78, 0.2748427326098477, 0.7519096995749228
79, 0.22556843207204125, 0.8174694737913959
80, 0.4363566618054179, 0.46638939369159493
81, 0.3082622745090686, 0.6239640050953439
82, 0.2651084537063173, 0.8137747997989416
83, 0.29305249004103406, 0.328242866163026
84, 0.7586402123961228, 0.3516812909881335
85, 0.6388004465576094, 0.6321175546446012
86, 0.3835869157674464, 0.0787291362485334
87, 0.4594771364647039, 0.1027804000329755
88, 0.14340540015796577, 0.9157773935575931
89, 0.6530480688132481, 0.5881336978272597
90, 0.6515743621565815, 0.2210054132661291
91, 0.6919328339472387, 0.46998646934306865
92, 0.5963292662356274, 0.16004558293055493
93, 0.9654963607346051, 0.8426679971116989
94, 0.22596790719545068, 0.6265372120848712
95, 0.7776509367125229, 0.9248117525599145
96, 0.20323998733922055, 0.11574562990343584
97, 0.7170435982200722, 0.6614940245101568
98, 0.33571075963499786, 0.21356648705258485
99, 0.5166776231370558, 0.2574644419123634
100, 0.8193141507625542, 0.33244970752293046
101, 0.08209829335470631, 0.7199546306486336
102, 0.5679606058402477, 0.4489824386256278
103, 0.9607828698642116, 0.16333749216067162
104, 0.982638477643362, 0.011192213903926995
105, 0.7726235543573284, 0.0013102221652644408
106, 0.8014419196604575, 0.2686053188849048
107, 0.09866216200448108, 0.6647716474164113
108, 0.5407340948941871, 0.9750035902959303
109, 0.37454963067088054, 0.697699368300728
110, 0.32636265188666336, 0.06743764273206465
111, 0.22545083392190923, 0.2892986847863467
112, 0.05113980807151752, 0.8747592017386215
113, 0.3275480080140287, 0.47190685058799453
114, 0.7524824177922907, 0.31805188962524444
115, 0.7065655714775744, 0.9171392967937552
116, 0.2426611313176864, 0.9466218501345675
117, 0.17911832712998632, 0.6526729791293354
118, 0.3193671812803047, 0.8317992095460754
119, 0.909497336764449, 0.7775230284492514
120, 0.7608567153331179, 0.6146757411792443
121, 0.02760856313748561, 0.8140401781440697
122, 0.8755097810177108, 0.9833876143077733
123, 0.5067326842787405, 0.2193118429785369
124, 0.8931495763315499, 0.12369544252445808
125, 0.6158546707884281, 0.43254061865426674
126, 0.8243325459200199, 0.4014016591751698
127, 0.7325654672813314, 0.24094876788554054
128, 0.10071580252345058, 0.5349877388653829
129, 0.311300520973847, 0.874618051333802
130, 0.42878749800297555, 0.9400733077425161
131, 0.4958505909473244, 0.6305401891393337
132, 0.941748863766755, 0.8142838429351112
133, 0.6216624958221315, 0.2659090964659049
134, 0.2888440857897667, 0.6432422091679748
135, 0.3278621680733811, 0.014671034438766384
136, 0.856932960111741, 0.8611481448725776
137, 0.4188352681735005, 0.5640213845462066
138, 0.8032562952874897, 0.09727818789086229
139, 0.6353256078632231, 0.5783512942038915
140, 0.4409154605533051, 0.9701393311134638
141, 0.49190942729077414, 0.8791626127229416
142, 0.4320968438261087, 0.5819574686170372
143, 0.5668063564767015, 0.3518339491505462
144, 0.09736824193095239, 0.38433216311825213
145, 0.5841260211509772, 0.2159066322304033
146, 0.16416486660810314, 0.9754707592802284
147, 0.3289776180573504, 0.6175587079737569
148, 0.8291644210458237, 0.5606542873890333
149, 0.23746207495843596, 0.21727386356374878
150, 0.5634490468841397, 0.8638560904885326
151, 0.17060134171785057, 0.22561287736629365
152, 0.3076216378770005, 0.6821017526990508
153, 0.0704957477351027, 0.530667702162641
154, 0.03961602688420329, 0.5514661297666469
155, 0.9002814511199678, 0.698256701867725
156, 0.31289731457434533, 0.38439905437730115
157, 0.760789735756053, 0.3884692915049486
158, 0.7631727883506995, 0.4949158567210433
159, 0.41867533985125593, 0.002726023568263236
160, 0.5162052926423529, 0.4649267986320006
161, 0.14853849086057613, 0.4821387626028312
162, 0.039065560511982955, 0.3801059764650878
163, 0.7766553841574374, 0.19817399638877264
164, 0.6680038685390299, 0.2717207621433896
165, 0.06657770862589518, 0.8909727957288636
166, 0.4867709878291847, 0.5091080985028361
167, 0.008777621480714037, 0.16614789577184086
168, 0.8697008240410976, 0.36344882842949255
169, 0.5352456278937188, 0.7633966571676254
170, 0.1870301283085627, 0.37496019364196
171, 0.28058784518383306, 0.7520160512535577
172, 0.7778653652752325, 0.29572092969918273
173, 0.47767866541339454, 0.8392479783708273
174, 0.7658052168328359, 0.4220172001561825
175, 0.9003541502193934, 0.7723444627505078
176, 0.6661996569428972, 0.9580475134902827
177, 0.532962685879953, 0.6702662669773491
178, 0.184497085962135, 0.7508345422539527
179, 0.06900665780801762, 0.0951309858542877
180, 0.7685926157392745, 0.010805535138939226
181, 0.8325974504737063, 0.4353465949371792
182, 0.7027219490465938, 0.3911242706399187
183, 0.6286340256073959, 0.3169349073397716
184, 0.9064059095140358, 0.3231502283340022
185, 0.6012238607913262, 0.4094852424339376
186, 0.26244724118126794, 0.6548261292455748
187, 0.2252971516637825, 0.30494862732646566
188, 0.9857661718579516, 0.8568797142503938
189, 0.8923850740378001, 0.014088256468129612
190, 0.48697078800395954, 0.9954761912963519
191, 0.6325036841207283, 0.5400621468633751
192, 0.8465968569234803, 0.9493621163019497
193, 0.3711572594009894, 0.43785447678947054
194, 0.9134922289313591, 0.582236742377046
195, 0.42494807926401756, 0.8117735826140426
196, 0.9829315556514494, 0.7179049978151499
197, 0.9501228726303119, 0.30423765432428884
198, 0.7530984202380653, 0.8403162917117374
199, 0.22155778234909207, 0.6135449161234797
200, 0.14469920056637064, 0.42388456131582697
201, 0.9682211467156101, 0.9321354747343019
202, 0.5696914770861716, 0.9140941880175858
203, 0.7936598356475731, 0.4334961848135743
204, 0.07777960240254889, 0.13293509279934368
205, 0.0838549057670881, 0.4922444168392862
206, 0.979956059805623, 0.7630558784889477
207, 0.8848947842983959, 0.7045756749003168
208, 0.7006552571430972, 0.5878386190747407
209, 0.7924256647620426, 0.7479730668898691
210, 0.308538802915687, 0.6059860605228676
211, 0.7129551383800944, 0.18325339783769656
212, 0.15296787096704934, 0.4783470109979242
213, 0.4329136475944766, 0.14023169710550676
214, 0.09762957003070039, 0.4921507559673318
215, 0.5206132997637152, 0.7473776964996778
216, 0.11874417519040115, 0.31533648569797323
217, 0.42797086975102683, 0.39855482173110457
218, 0.5463215439190816, 0.20347749311895147
219, 0.4888344236061909, 0.7177626597038208
220, 0.28687244272185075, 0.8852331375241963
221, 0.005172048957399644, 0.15962426590107825
222, 0.3109316826281401, 0.5853143042502845
223, 0.15139184528402183, 0.3608473995239728
224, 0.3989816047440434, 0.8237823188764852
225, 0.44235280158660584, 0.7474347895572085
226, 0.3247443240887409, 0.07975632743470373
227, 0.5901440498920191, 0.947917978599947
228, 0.9888691343068658, 0.6230078316674281
229, 0.8086395592527796, 0.2862064439499745
230, 0.7244864429224337, 0.7145534838135045
231, 0.4394379501924134, 0.3068658511656295
232, 0.8756675620583058, 0.25067112794846724
233, 0.6717640145202302, 0.5728159281428867
234, 0.4860480890411363, 0.4571027148294451
235, 0.43720908866386454, 0.5449179157408361
236, 0.0243847021232535, 0.2774788566744931
237, 0.35604096659648765, 0.709113889886412
238, 0.6607682232743671, 0.48233403966604727
239, 0.9525026602021317, 0.8089377337784018
240, 0.886212893740387, 0.01237922585895912
241, 0.5328113052205476, 0.7081368099059727
242, 0.6099444630308614, 0.9398431638449659
243, 0.5279134911815726, 0.8669335083372948
244, 0.004530112829402633, 0.7188471814965495
245, 0.4310698040310321, 0.12755947832889192
246, 0.948561316240876, 0.9451666757939422
247, 0.18472322813032216, 0.5083486306758997
248, 0.32697750868230613, 0.8031356792505772
249, 0.12358196225922691, 0.2923996603346509
250, 0.13718972870599444, 0.8369886186585211
251, 0.9743212996638436, 0.7970944433812656
252, 0.5679773016217239, 0.46178635991312167
253, 0.12234754686796045, 0.03496530718845858
254, 0.895681971160943, 0.9142485399889706
255, 0.7751388293127915, 0.7607257933344148
256, 0.9877864209325182, 0.25585940127170337
257, 0.32346599348465865, 0.2769544439422774
258, 0.007857654450228346, 0.5692565440892383
259, 0.43979021507108984, 0.8178551247110308
260, 0.530283165648153, 0.6465847100885762
261, 0.002490886268527448, 0.11799200261582343
262, 0.5944070374734115, 0.8960094822760564
263, 0.06467678877616345, 0.5484975836545283
264, 0.7668509530360031, 0.6105643205830072
265, 0.9953703762515431, 0.6759941050902679
266, 0.7694716242117862, 0.08801160182162127
267, 0.22339752987777572, 0.678811023423632
268, 0.2816156870233967, 0.5084419400811088
269, 0.8093823467103203, 0.47360795219528395
270, 0.6134133276611481, 0.5942448713698139
271, 0.9232684406558352, 0.6534482402458973
272, 0.06377637418159554, 0.7094905495623348
273, 0.24348819985696535, 0.7168323147455621
274, 0.6892259156027413, 0.15724817010126513
275, 0.46104849179868823, 0.8879993315675675
276, 0.49763065113028193, 0.77402843163696
277, 0.07656788411847149, 0.6160379906130292
278, 0.8222693901611273, 0.42230526389052336
279, 0.6901294112879449, 0.49193339825627
280, 0.8810526315636295, 0.694185721730414
281, 0.22542578819932002, 0.15917059064840033
282, 0.3925638047085731, 0.2097981638098253
283, 0.7407622298916654, 0.6354725219330121
284, 0.7774892343540497, 0.606113645962438
285, 0.7562294208153422, 0.6826231847567451
286, 0.851228422747627, 0.6834588392197646
287, 0.4688127082910778, 0.07059826191006202
288, 0.8402047798433506, 0.07338898097576241
289, 0.7008209456645171, 0.10935041176001192
290, 0.6636701802650621, 0.32446327436853395
291, 0.6581763625398867, 0.8384386502300867
292, 0.9716305259670717, 0.4170872141788964
293, 0.010798848763433844, 0.12189661807430296
294, 0.08426126257819067, 0.20332500126112063
295, 0.7646534152049893, 0.8460144117251176
296, 0.5133866476951041, 0.647712598372178
297, 0.34075017251071493, 0.38777637164898515
298, 0.5242850785055673, 0.29307430955947844
299, 0.4322044598331646, 0.5081435213433025
300, 0.6781647454837343, 0.0373329776893071
301, 0.8355352095230959, 0.3083763342294108
302, 0.38057804508198456, 0.3605729716537789
303, 0.14678769686491078, 0.592549805290849
304, 0.42054441613721694, 0.3566713740992379
305, 0.10088370228473342, 0.18412099488991585
306, 0.2570451588541023, 0.47329270929764355
307, 0.2737890185731545, 0.20618821486623184
308, 0.2871384184304622, 0.77772798220451
309, 0.3635790410028238, 0.7564011033206417
310, 0.47465792275220653, 0.7105887411588903
311, 0.14289804613135382, 0.4843788896866036
312, 0.929495696622491, 0.8576900819310292
313, 0.5211841301547835, 0.8152629737512509
314, 0.7197494534959403, 0.8342848593245167
315, 0.29501898970296947, 0.986557870583986
316, 0.5356738389583054, 0.8249598084443702
317, 0.675938115965654, 0.4975470432122342
318, 0.800344483729188, 0.11912514889998482
319, 0.14096111124836264, 0.24835438351785866
320, 0.5760287597953492, 0.7933939627882597
321, 0.8887747093889008, 0.05619973957114799
322, 0.6246642438007272, 0.7993580791112986
323, 0.8456556070531117, 0.2476992770979911
324, 0.6486044909440837, 0.925330144756376
325, 0.6983764978501155, 0.3116491855184468
326, 0.021631985165264322, 0.8126328144213071
327, 0.3371133169447186, 0.5741324506948636
328, 0.8339926224976135, 0.49622636012931054
329, 0.27529116919094165, 0.9015980393846804
330, 0.6951132212322918, 0.1930570217543024
331, 0.33315762154898554, 0.5526177190994132
332, 0.44010332736148106, 0.8621894667914245
333, 0.8187430687791446, 0.5138338666066309
334, 0.746324605593638, 0.8183612208812769
335, 0.08982395263686183, 0.21234058038236236
336, 0.8996413958249587, 0.882665691897394
337, 0.166117951104357, 0.2156045950223251
338, 0.9718981515268598, 0.5871821901802364
339, 0.6379086657910371, 0.9810858462176629
340, 0.9916746123560574, 0.24166424275375287
341, 0.56409725503264, 0.6560065799818324
342, 0.8802093560393811, 0.5074775522896886
343, 0.5002915497949466, 0.7330769613062426
344, 0.3331052016088091, 0.4322233100505365
345, 0.9535092625012062, 0.93039511096701
346, 0.9768246890843857, 0.37652687275903474
347, 0.10408783305793823, 0.6824678759455216
348, 0.848193729674792, 0.3500286969041576
349, 0.2389580030438887, 0.42573934136533476
350, 0.5869017048172277, 0.2889879532160984
351, 0.7770584469876279, 0.7040279259951387
352, 0.2229264882381623, 0.5883318719410094
353, 0.7881768522268624, 0.7231229930681562
354, 0.24585305074856056, 0.5870009230165364
355, 0.8733943066091227, 0.9655590439454461
356, 0.2628822905684314, 0.8160829733253085
357, 0.8412217135815139, 0.7832516468041374
358, 0.963112835457144, 0.7271783821806883
359, 0.5235345077862209, 0.32001073031539495
360, 0.31379199240444644, 0.30810963624547205
361, 0.25000185355560123, 0.7157814020035189
362, 0.7948375424771095, 0.6224362267466569
363, 0.6570823868619743, 0.05275735992447361
364, 0.659929895770307, 0.4459726164120875
365, 0.5954022278948164, 0.9811865557278298
366, 0.284244275583748, 0.023387995647081827
367, 0.9704146419235049, 0.49701360838666375
368, 0.377890383777561, 0.04510314478329036
369, 0.1868623148567654, 0.6015437675700146
370, 0.8050385870376486, 0.7222672556743224
371, 0.8271276244584794, 0.974706398691041
372, 0.6574649587836152, 0.08115602456602766
373, 0.7797917997281568, 0.8472260475683343
374, 0.002398332427853922, 0.9431816630413777
375, 0.19456218937743297, 0.018455340427067757
376, 0.19364890897655462, 0.3446209134161722
377, 0.46518248432728426, 0.5174158844879958
378, 0.41409153236417207, 0.952488531270895
379, 0.08637270938707631, 0.924465155171173
380, 0.3948359319931285, 0.563730888002628
381, 0.9009277639255369, 0.03298440321766816
382, 0.5231703422192088, 0.4234743022424504
383, 0.06173712787826535, 0.6785032241147622
384, 0.9024746285578777, 0.8886641512072384
385, 0.36464513850073155, 0.6705329296112493
386, 0.8021775225917275, 0.9576582036898938
387, 0.10019371169959324, 0.06277326193429111
388, 0.731550412227207, 0.48077946596123766
389, 0.8314927767682151, 0.256762795737151
390, 0.5709761733458505, 0.8568713715503139
391, 0.8374181699643652, 0.4802139591857352
392, 0.26313211514909485, 0.17028005655642042
393, 0.3449062790752786, 0.354314039536356
394, 0.2253378852537007, 0.9217981571472328
395, 0.4615605706428412, 0.5361438853619559
396, 0.8368416787994908, 0.6150292456931812
397, 0.6360140186487693, 0.28430361203728516
398, 0.11588335838261332, 0.5925000919765214
399, 0.20548531149473503, 0.6403247061844761
end_nodes
0, 1
0, 2
0, 3
0, 4
0, 5
0, 6
0, 7
0, 8
0, 9
0, 10
0, 11
0, 12
0, 13
0, 14
0, 15
0, 16
0, 17
0, 18
0, 19
0, 20
21, 1
21, 2
21, 3
21, 4
21, 5
21, 6
21, 7
21, 8
21, 9
21, 10
21, 11
21, 12
21, 13
21, 14
21, 15
21, 16
21, 17
21, 18
21, 19
21, 20
22, 1
22, 2
22, 3
22, 4
22, 5
22, 6
22, 7
22, 8
22, 9
22, 10
22, 11
22, 12
22, 13
22, 14
22, 15
22, 16
22, 17
22, 18
22, 19
22, 20
23, 1
23, 2
23, 3
23, 4
23, 5
23, 6
23, 7
23, 8
23, 9
23, 10
23, 11
23, 12
23, 13
23, 14
23, 15
23, 16
23, 17
23, 18
23, 19
23, 20
57, 1
57, 2
57, 3
57, 4
57, 5
57, 6
57, 7
57, 8
57, 9
57, 10
57, 11
57, 12
57, 13
57, 14
57, 15
57, 16
57, 17
57, 18
57, 19
57, 20
64, 1
64, 2
64, 3
64, 4
64, 5
64, 6
64, 7
64, 8
64, 9
64, 10
64, 11
64, 12
64, 13
64, 14
64, 15
64, 16
64, 17
64, 18
64, 19
64, 20
68, 1
68, 2
68, 3
68, 4
68, 5
68, 6
68, 7
68, 8
68, 9
68, 10
68, 11
68, 12
68, 13
68, 14
68, 15
68, 16
68, 17
68, 18
68, 19
68, 20
88, 1
88, 2
88, 3
88, 4
88, 5
88, 6
88, 7
88, 8
88, 9
88, 10
88, 11
88, 12
88, 13
88, 14
88, 15
88, 16
88, 17
88, 18
88, 19
88, 20
101, 1
101, 2
101, 3
101, 4
101, 5
101, 6
101, 7
101, 8
101, 9
101, 10
101, 11
101, 12
101, 13
101, 14
101, 15
101, 16
101, 17
101, 18
101, 19
101, 20
112, 1
112, 2
112, 3
112, 4
112, 5
112, 6
112, 7
112, 8
112, 9
112, 10
112, 11
112, 12
112, 13
112, 14
112, 15
112, 16
112, 17
112, 18
112, 19
112, 20
116, 1
116, 2
116, 3
116, 4
116, 5
116, 6
116, 7
116, 8
116, 9
116, 10
116, 11
116, 12
116, 13
116, 14
116, 15
116, 16
116, 17
116, 18
116, 19
116, 20
121, 1
121, 2
121, 3
121, 4
121, 5
121, 6
121, 7
121, 8
121, 9
121, 10
121, 11
121, 12
121, 13
121, 14
121, 15
121, 16
121, 17
121, 18
121, 19
121, 20
146, 1
146, 2
146, 3
146, 4
146, 5
146, 6
146, 7
146, 8
146, 9
146, 10
146, 11
146, 12
146, 13
146, 14
146, 15
146, 16
146, 17
146, 18
146, 19
146, 20
165, 1
165, 2
165, 3
165, 4
165, 5
165, 6
165, 7
165, 8
165, 9
165, 10
165, 11
165, 12
165, 13
165, 14
165, 15
165, 16
165, 17
165, 18
165, 19
165, 20
244, 1
244, 2
244, 3
244, 4
244, 5
244, 6
244, 7
244, 8
244, 9
244, 10
244, 11
244, 12
244, 13
244, 14
244, 15
244, 16
244, 17
244, 18
244, 19
244, 20
250, 1
250, 2
250, 3
250, 4
250, 5
250, 6
250, 7
250, 8
250, 9
250, 10
250, 11
250, 12
250, 13
250, 14
250, 15
250, 16
250, 17
250, 18
250, 19
250, 20
258, 1
258, 2
258, 3
258, 4
258, 5
258, 6
258, 7
258, 8
258, 9
258, 10
258, 11
258, 12
258, 13
258, 14
258, 15
258, 16
258, 17
258, 18
258, 19
258, 20
272, 1
272, 2
272, 3
272, 4
272, 5
272, 6
272, 7
272, 8
272, 9
272, 10
272, 11
272, 12
272, 13
272, 14
272, 15
272, 16
272, 17
272, 18
272, 19
272, 20
326, 1
326, 2
326, 3
326, 4
326, 5
326, 6
326, 7
326, 8
326, 9
326, 10
326, 11
326, 12
326, 13
326, 14
326, 15
326, 16
326, 17
326, 18
326, 19
326, 20
374, 1
374, 2
374, 3
374, 4
374, 5
374, 6
374, 7
374, 8
374, 9
374, 10
374, 11
374, 12
374, 13
374, 14
374, 15
374, 16
374, 17
374, 18
374, 19
374, 20
379, 24
379, 25
379, 26
379, 27
379, 28
379, 29
379, 30
379, 31
379, 32
379, 33
379, 34
379, 35
379, 36
379, 37
379, 38
379, 39
379, 40
379, 41
379, 42
379, 43
383, 24
383, 25
383, 26
383, 27
383, 28
383, 29
383, 30
383, 31
383, 32
383, 33
383, 34
383, 35
383, 36
383, 37
383, 38
383, 39
383, 40
383, 41
383, 42
383, 43
394, 24
394, 25
394, 26
394, 27
394, 28
394, 29
394, 30
394, 31
394, 32
394, 33
394, 34
394, 35
394, 36
394, 37
394, 38
394, 39
394, 40
394, 41
394, 42
394, 43
end