220
4
0, 0.13968327823225557, 0.26453479263486535
1, 0.28410422882479325, 0.06131874174567031
2, 0.673719963205071, 0.9180431462742533
3, 0.5171899174705046, 0.8471610353916714
4, 0.24098392706974203, 0.9880911203805633
5, 0.6335620785847261, 0.7953437467675647
6, 0.12982402733327592, 0.8382672836846345
7, 0.09549908506158333, 0.6533852184677549
8, 0.6320251123657694, 0.6269124195626985
9, 0.576725759232054, 0.703822318244893
10, 0.9041323480068656, 0.31153365607850747
11, 0.755342767374365, 0.517930751703233
12, 0.46420962681153577, 0.09623532145157399
13, 0.8438160208347985, 0.1807197623945913
14, 0.07934828589752974, 0.984190672847958
15, 0.6143567182082375, 0.19284421840840404
16, 0.3792521239104898, 0.16420166989924778
17, 0.9467532404672093, 0.7040064235598791
18, 0.887503286890276, 0.5004990977266054
19, 0.32939410331216457, 0.09126001307210818
20, 0.196884072925115, 0.22744809486085904
21, 0.4367049163393951, 0.6601669734115732
22, 0.0016105766848638625, 0.067544625081146
23, 0.5516103608984121, 0.44021439398978457
24, 0.26545310112142473, 0.4141047002858562
25, 0.7791631668207276, 0.48609932790345944
26, 0.9964012070092692, 0.40466612356312437
27, 0.8590078390573637, 0.20287622266775318
28, 0.5376705235341854, 0.8819437343696475
29, 0.09189704762322137, 0.2994265037920095
30, 0.19676393554507654, 0.28217604601062407
31, 0.488613496534395, 0.1201976675746278
32, 0.21495390239981527, 0.1851440142473414
33, 0.9324515623736344, 0.7669601217968657
34, 0.8709215153576685, 0.2402280710850454
35, 0.916429965529354, 0.924352527620969
36, 0.08247507720037706, 0.59505483026962
37, 0.5272494666511944, 0.7738082745060638
38, 0.9035715066682072, 0.23594403924682272
39, 0.9053745458884257, 0.3886306076589525
40, 0.06330833793685653, 0.78818634173593
41, 0.26786631981116904, 0.4052436724149353
42, 0.4472175193608112, 0.41869475755168317
43, 0.15912437999064089, 0.3514250497411564
44, 0.014996897455264224, 0.8751133366299678
45, 0.30775511777888265, 0.6883081447520363
46, 0.8641818642609667, 0.0874929843227118
47, 0.6970496572148082, 0.667567394771174
48, 0.7239730405258904, 0.55553048307245
49, 0.9652124801998883, 0.817004900338564
50, 0.9858275382832209, 0.9475937712305865
51, 0.06623862418596116, 0.46121544001113823
52, 0.7566944072964656, 0.6524994500888073
53, 0.7681918512195649, 0.043830262003049514
54, 0.1338929122691388, 0.43585967459184194
55, 0.7588287994095494, 0.41469105930911054
56, 0.2527235250623948, 0.6685257412368103
57, 0.060508544930818475, 0.2747500291970528
58, 0.21672447251414184, 0.3452911878204088
59, 0.5686355352855371, 0.09724796622325893
60, 0.3578046705517286, 0.8073288938332448
61, 0.02322277646521209, 0.15405842439903872
62, 0.3267997506992312, 0.31454525685188583
63, 0.2311013320754317, 0.863311218720983
64, 0.19037428762571973, 0.8416415542495825
65, 0.8917458764806683, 0.790147125750775
66, 0.1553185908962319, 0.9805073551166315
67, 0.6479613333642756, 0.7478197587682964
68, 0.9307569491225725, 0.9753813339335761
69, 0.134128834922289, 0.14030583964023213
70, 0.44417804228371816, 0.2519690243554489
71, 0.6303415683042115, 0.9090973550079029
72, 0.7731498681141559, 0.09080391379355202
73, 0.446956995254431, 0.9661201999447404
74, 0.11713256989858034, 0.34147008333514073
75, 0.05922187199276252, 0.4987098532850066
76, 0.619720595336386, 0.47385323231722265
77, 0.03356148547785076, 0.206977673267269
78, 0.7925601957889126, 0.08422433447260158
79, 0.1162515082102471, 0.24988189771004465
80, 0.771685236080273, 0.6808009838406146
81, 0.5127977730145169, 0.07423443082304726
82, 0.13065651906372833, 0.39181181884952443
83, 0.02534544678647843, 0.5438266497305106
84, 0.8690871363735602, 0.9108284079473964
85, 0.5145986808270645, 0.19142839515664511
86, 0.9324353225489167, 0.6032278124759822
87, 0.9891326857925105, 0.024043903433343283
88, 0.1778387334131718, 0.6389677134094769
89, 0.22347917057445776, 0.037665275641231566
90, 0.5372986716972319, 0.4795262745073222
91, 0.10956979479579165, 0.4452958660828934
92, 0.7762817534223169, 0.917128443993942
93, 0.25821897417438533, 0.8323161519249576
94, 0.22862572328000963, 0.2347043880066222
95, 0.9359326699983511, 0.930832083590639
96, 0.1831749137252935, 0.6276733552135602
97, 0.6946042636006137, 0.16335394495075162
98, 0.43475859199595623, 0.016563643710183373
99, 0.040906494351295786, 0.9079880841136506
100, 0.2154182241546212, 0.5501142389296152
101, 0.4652203578004518, 0.16306694426107804
102, 0.8681423706966658, 0.4516353670339963
103, 0.2039148465376277, 0.12063448810700417
104, 0.29886695328474855, 0.5112951920801443
105, 0.2586469663612133, 0.11616529687246036
106, 0.5839678153116988, 0.2932480965684007
107, 0.7749733578287632, 0.753499757507017
108, 0.302009071676824, 0.7742183903843641
109, 0.6866385520686417, 0.6380830674333012
110, 0.012550577689132258, 0.38600686747821544
111, 0.14254092099244664, 0.7968356814917715
112, 0.9438542786589171, 0.5437069055685615
113, 0.875060422725637, 0.0902864005719951
114, 0.5608851088598514, 0.746121873216519
115, 0.6725860956494333, 0.39630176162632347
116, 0.770393506197239, 0.7115328297062479
117, 0.816626846182108, 0.49554382032639277
118, 0.7826657297706419, 0.1466726746636905
119, 0.5890817825196136, 0.36668825713971076
120, 0.5214137874250265, 0.4934987434456317
121, 0.7994955025621059, 0.6907026850242343
122, 0.7126683558167549, 0.6895525280461942
123, 0.838645355784219, 0.7447061301864683
124, 0.09565586783567814, 0.0460925185472123
125, 0.8393347391177315, 0.5807107459364977
126, 0.9686235963468827, 0.09384213527490415
127, 0.32328593454609644, 0.0542350277748207
128, 0.4123811987543502, 0.12364029546632216
129, 0.26154963985617796, 0.03930337500348613
130, 0.7412197094054302, 0.429025434521205
131, 0.9160595923326692, 0.1683534235216645
132, 0.5488236266129826, 0.11332708843454098
133, 0.7396287723752509, 0.5078782812429248
134, 0.20341847733131513, 0.7503880705459255
135, 0.6791009250946523, 0.7277489765161826
136, 0.18136095008853625, 0.386155732636434
137, 0.28800961493077837, 0.09448181555336621
138, 0.8411781842589303, 0.716117467939169
139, 0.20621583261862086, 0.6156435934479096
140, 0.8075026390246647, 0.45280943893852155
141, 0.5004253894940026, 0.3488282741846017
142, 0.38883640659277685, 0.6151263469337619
143, 0.33253311852343004, 0.35414601006741797
144, 0.48014009149426196, 0.15103155732214935
145, 0.4830427407156759, 0.34067766686175327
146, 0.6179484885908992, 0.4584601707917063
147, 0.32005837910860224, 0.13339668800855575
148, 0.879099768421488, 0.8944091706690072
149, 0.6832592201812048, 0.7859830614086216
150, 0.8123994104364727, 0.23836946003584725
151, 0.11989244344717909, 0.4764392480045302
152, 0.5335127601871037, 0.8789515216614844
153, 0.27063680078572716, 0.6260984239603615
154, 0.9710946666456652, 0.5047970429673175
155, 0.937913197180906, 0.39216743534407683
156, 0.346608094687759, 0.5602846978696272
157, 0.37815625195513514, 0.15439013829827808
158, 0.22154661318195457, 0.7414922306494977
159, 0.36414764601781713, 0.9552329729537692
160, 0.8926334577171845, 0.20769857239273504
161, 0.4322250783672664, 0.5409309425769177
162, 0.40961078507635995, 0.7244188720961025
163, 0.03501303828343694, 0.7546169339531023
164, 0.6435267178972778, 0.7484041682193254
165, 0.5047788683185408, 0.24415012806148462
166, 0.16125529414397233, 0.9343078331924628
167, 0.7407153637193812, 0.21256074891204046
168, 0.6546659153882507, 0.14483488495513153
169, 0.4019192662763148, 0.6137197556128928
170, 0.6985661889641854, 0.01559516438090025
171, 0.9171507724660581, 0.11126098577121868
172, 0.5926504469303604, 0.44784860405570526
173, 0.11682500378790617, 0.3337703615153751
174, 0.3200701219807185, 0.1636750297532238
175, 0.454802066438148, 0.8666458761675275
176, 0.8200464057530423, 0.06668307570897725
177, 0.9004854662931888, 0.5330831612626025
178, 0.7896685989894134, 0.8901737256661497
179, 0.3677044348182654, 0.5887765434469209
180, 0.21640906710427676, 0.23259114280698168
181, 0.8389637234055168, 0.0092241383296372
182, 0.7619756754421502, 0.3612704556668832
183, 0.18701396134531978, 0.9734469218691818
184, 0.6863964777116929, 0.45817423462619145
185, 0.17814525446687735, 0.4262312501125709
186, 0.5755378515957846, 0.46638643925429635
187, 0.9717382570624137, 0.8297595845478917
188, 0.2742084268670839, 0.6154190328034885
189, 0.3553048713981156, 0.32000856103657505
190, 0.39615228480604114, 0.7867247165235358
191, 0.29951229659706236, 0.5275477547000336
192, 0.8721399885860657, 0.16666764818594615
193, 0.4076000583916779, 0.25213127997013307
194, 0.29970762777203364, 0.010698057507004921
195, 0.16453493898378269, 0.8714966557335604
196, 0.7284199909968931, 0.6190492154352351
197, 0.27666915151895943, 0.24243912989329497
198, 0.6499727687204109, 0.37729139197686246
199, 0.8547397737160143, 0.5223847828107705
200, 0.4038629612026271, 0.5375923550929783
201, 0.7865641537609284, 0.4172098547165908
202, 0.13851726951954502, 0.9847632866776495
203, 0.31369223757570797, 0.35300030412469063
204, 0.5535385363956984, 0.7635586013171805
205, 0.24476877644585737, 0.07077494869412937
206, 0.6130125390092511, 0.4133720126844035
207, 0.9622650418456428, 0.4333913641816596
208, 0.9159543061480588, 0.01664757820833629
209, 0.4461846416455192, 0.4844451047217867
210, 0.30621669847798416, 0.8089709391594085
211, 0.799360981169623, 0.41523045348771404
212, 0.0035229270959690195, 0.43497392120112877
213, 0.04726586571969382, 0.9161932828801185
214, 0.3511041944959432, 0.07392150037515988
215, 0.21424339463316788, 0.3242397053784962
216, 0.503104893066557, 0.37246279819130934
217, 0.34889631935144994, 0.1963667540134051
218, 0.566503524265265, 0.9641382446946968
219, 0.6553378462683428, 0.46424826105266503
end_nodes
0, 1
0, 2
0, 3
0, 4
0, 5
0, 6
0, 7
0, 8
0, 9
0, 10
0, 11
0, 12
0, 13
0, 14
15, 13
15, 27
15, 34
15, 38
15, 46
15, 57
15, 72
15, 78
15, 87
15, 97
15, 113
15, 118
15, 126
15, 131
16, 10
16, 11
16, 12
16, 13
16, 17
16, 18
16, 25
16, 26
16, 27
16, 31
16, 34
16, 38
16, 39
16, 55
19, 10
19, 13
19, 26
19, 27
19, 34
19, 38
19, 39
19, 98
19, 131
19, 150
19, 154
19, 155
19, 160
19, 167
20, 1
20, 2
20, 3
20, 4
20, 5
20, 6
20, 7
20, 8
20, 9
20, 10
20, 11
20, 12
20, 13
20, 14
21, 2
21, 3
21, 28
21, 37
21, 71
21, 152
21, 218
22, 2
22, 3
22, 4
22, 5
22, 6
22, 7
22, 8
22, 9
22, 10
22, 11
22, 13
22, 14
22, 17
22, 18
23, 11
23, 17
23, 33
23, 35
23, 48
23, 49
23, 50
23, 52
23, 65
23, 68
23, 76
23, 80
23, 86
23, 95
24, 2
24, 3
24, 4
24, 5
24, 9
24, 28
24, 31
24, 35
24, 37
24, 45
24, 46
24, 50
24, 53
24, 56
29, 1
29, 2
29, 3
29, 4
29, 5
29, 6
29, 7
29, 9
29, 12
29, 14
29, 28
29, 31
29, 37
29, 40
30, 1
30, 2
30, 3
30, 4
30, 5
30, 6
30, 7
30, 8
30, 9
30, 11
30, 12
30, 14
30, 17
30, 18
32, 1
32, 2
32, 3
32, 4
32, 5
32, 6
32, 7
32, 8
32, 9
32, 10
32, 11
32, 13
32, 14
32, 17
36, 1
36, 12
36, 14
36, 31
36, 40
36, 44
36, 46
36, 53
36, 59
36, 72
36, 78
36, 81
36, 87
36, 97
41, 2
41, 3
41, 4
41, 5
41, 9
41, 28
41, 31
41, 35
41, 37
41, 45
41, 46
41, 50
41, 53
41, 59
42, 5
42, 8
42, 17
42, 33
42, 35
42, 47
42, 48
42, 49
42, 50
42, 52
42, 65
42, 67
42, 68
42, 80
43, 1
43, 2
43, 3
43, 4
43, 5
43, 6
43, 7
43, 9
43, 12
43, 14
43, 28
43, 31
43, 37
43, 40
51, 1
51, 12
51, 14
51, 31
51, 40
51, 44
51, 46
51, 53
51, 59
51, 72
51, 78
51, 81
51, 87
51, 97
54, 1
54, 4
54, 6
54, 7
54, 12
54, 14
54, 31
54, 40
54, 44
54, 46
54, 53
54, 59
54, 63
54, 64
58, 2
58, 3
58, 4
58, 5
58, 6
58, 8
58, 9
58, 12
58, 14
58, 17
58, 28
58, 31
58, 33
58, 35
61, 2
61, 3
61, 4
61, 5
61, 6
61, 7
61, 8
61, 9
61, 10
61, 11
61, 13
61, 14
61, 17
61, 18
62, 2
62, 3
62, 5
62, 8
62, 9
62, 11
62, 17
62, 18
62, 25
62, 28
62, 31
62, 33
62, 35
62, 37
69, 2
69, 3
69, 4
69, 5
69, 6
69, 7
69, 8
69, 9
69, 10
69, 11
69, 13
69, 14
69, 17
69, 18
70, 10
70, 11
70, 17
70, 18
70, 25
70, 26
70, 33
70, 34
70, 38
70, 39
70, 46
70, 48
70, 49
70, 53
74, 1
74, 4
74, 6
74, 7
74, 12
74, 14
74, 28
74, 31
74, 40
74, 44
74, 45
74, 46
74, 53
74, 56
75, 1
75, 12
75, 31
75, 44
75, 46
75, 53
75, 59
75, 72
75, 78
75, 81
75, 87
75, 97
75, 98
75, 99
77, 6
77, 7
77, 8
77, 9
77, 10
77, 11
77, 13
77, 17
77, 18
77, 25
77, 26
77, 27
77, 28
77, 33
79, 1
79, 6
79, 7
79, 8
79, 10
79, 11
79, 13
79, 17
79, 18
79, 25
79, 26
79, 27
79, 28
79, 33
82, 1
82, 7
82, 12
82, 31
82, 40
82, 44
82, 45
82, 46
82, 53
82, 56
82, 59
82, 60
82, 63
82, 64
83, 1
83, 12
83, 31
83, 46
83, 53
83, 59
83, 72
83, 78
83, 81
83, 87
83, 97
83, 98
83, 101
83, 113
84, 68
85, 10
85, 13
85, 26
85, 27
85, 34
85, 38
85, 39
85, 46
85, 53
85, 72
85, 78
85, 87
85, 113
85, 126
88, 63
88, 64
88, 66
88, 134
88, 166
88, 183
88, 195
88, 202
89, 10
89, 11
89, 13
89, 17
89, 18
89, 25
89, 26
89, 27
89, 28
89, 33
89, 34
89, 35
89, 37
89, 38
90, 33
90, 35
90, 47
90, 49
90, 50
90, 52
90, 65
90, 68
90, 80
90, 95
90, 107
90, 109
90, 116
90, 121
91, 40
91, 44
91, 46
91, 53
91, 59
91, 64
91, 66
91, 72
91, 78
91, 81
91, 87
91, 97
91, 98
91, 99
94, 8
94, 10
94, 13
94, 18
94, 25
94, 26
94, 27
94, 28
94, 33
94, 34
94, 35
94, 37
94, 38
94, 39
96, 63
96, 64
96, 66
96, 134
96, 158
96, 166
96, 183
96, 195
96, 202
100, 46
100, 56
100, 60
100, 63
100, 64
100, 66
100, 72
100, 73
100, 78
100, 87
100, 93
100, 97
100, 108
100, 113
102, 154
103, 8
103, 18
103, 25
103, 26
103, 27
103, 28
103, 33
103, 34
103, 35
103, 37
103, 38
103, 39
103, 40
103, 44
104, 28
104, 37
104, 45
104, 60
104, 71
104, 73
104, 126
104, 142
104, 152
104, 159
104, 162
104, 171
104, 175
104, 179
105, 18
105, 25
105, 26
105, 27
105, 33
105, 34
105, 35
105, 37
105, 38
105, 39
105, 40
105, 44
105, 45
105, 47
106, 18
106, 26
106, 39
106, 55
106, 87
106, 112
106, 113
106, 126
106, 140
106, 154
106, 155
106, 171
106, 177
106, 182
110, 53
110, 59
110, 72
110, 78
110, 81
110, 87
110, 97
110, 98
110, 101
110, 113
110, 118
110, 126
110, 127
110, 128
111, 66
111, 166
111, 202
114, 71
115, 25
115, 86
115, 112
115, 117
115, 130
115, 140
115, 154
115, 177
115, 199
119, 25
119, 86
119, 112
119, 117
119, 125
119, 130
119, 133
119, 140
119, 154
119, 177
119, 184
119, 199
119, 207
119, 211
120, 33
120, 35
120, 47
120, 49
120, 50
120, 52
120, 65
120, 68
120, 80
120, 92
120, 95
120, 107
120, 109
120, 116
124, 25
124, 26
124, 27
124, 33
124, 34
124, 35
124, 37
124, 38
124, 39
124, 40
124, 44
124, 45
124, 47
124, 48
129, 25
129, 26
129, 27
129, 34
129, 35
129, 37
129, 38
129, 39
129, 40
129, 44
129, 45
129, 48
129, 49
129, 50
135, 68
135, 95
135, 148
135, 178
136, 37
136, 40
136, 45
136, 53
136, 56
136, 59
136, 60
136, 63
136, 64
136, 66
136, 71
136, 72
136, 73
136, 78
137, 25
137, 26
137, 27
137, 34
137, 38
137, 39
137, 47
137, 48
137, 49
137, 50
137, 52
137, 55
137, 65
137, 67
139, 63
139, 64
139, 66
139, 93
139, 134
139, 158
139, 183
141, 48
141, 49
141, 50
141, 52
141, 65
141, 76
141, 80
141, 86
141, 87
141, 112
141, 113
141, 117
141, 118
141, 121
143, 47
143, 48
143, 49
143, 50
143, 52
143, 59
143, 65
143, 67
143, 68
143, 71
143, 72
143, 73
143, 76
143, 78
145, 48
145, 49
145, 50
145, 52
145, 65
145, 76
145, 80
145, 86
145, 87
145, 95
145, 112
145, 113
145, 116
145, 117
146, 48
146, 49
146, 86
146, 125
146, 133
146, 138
146, 187
147, 27
147, 34
147, 38
147, 39
147, 48
147, 49
147, 50
147, 52
147, 55
147, 65
147, 67
147, 68
147, 76
147, 80
149, 92
151, 40
151, 44
151, 59
151, 63
151, 64
151, 66
151, 72
151, 78
151, 81
151, 87
151, 97
151, 98
151, 99
151, 101
153, 45
153, 60
153, 73
153, 108
153, 159
153, 210
156, 71
156, 73
156, 142
156, 152
156, 162
156, 175
156, 179
156, 190
156, 218
157, 34
157, 38
157, 39
157, 55
157, 81
157, 86
157, 112
157, 117
157, 125
157, 128
157, 130
157, 131
157, 133
157, 140
161, 50
161, 68
161, 71
161, 92
161, 95
161, 148
161, 164
161, 178
161, 204
161, 218
163, 44
163, 59
163, 72
163, 78
163, 81
163, 87
163, 97
163, 98
163, 101
163, 113
163, 118
163, 126
163, 127
163, 128
165, 39
165, 55
165, 72
165, 78
165, 97
165, 112
165, 113
165, 117
165, 118
165, 126
165, 130
165, 140
165, 150
165, 154
168, 113
168, 176
168, 181
168, 208
169, 71
169, 152
169, 218
172, 48
172, 49
172, 52
172, 65
172, 76
172, 86
172, 121
172, 123
172, 125
172, 133
172, 138
172, 187
173, 44
173, 45
173, 56
173, 59
173, 60
173, 63
173, 64
173, 66
173, 71
173, 73
173, 81
173, 93
173, 97
173, 98
174, 47
174, 48
174, 49
174, 50
174, 52
174, 55
174, 65
174, 67
174, 68
174, 71
174, 76
174, 80
174, 81
174, 86
180, 45
180, 47
180, 48
180, 52
180, 56
180, 60
180, 63
180, 64
180, 65
180, 66
180, 67
180, 68
180, 71
180, 73
185, 45
185, 56
185, 60
185, 63
185, 64
185, 66
185, 73
185, 81
185, 93
185, 97
185, 98
185, 99
185, 101
185, 108
186, 52
186, 65
186, 80
186, 86
186, 95
186, 116
186, 121
186, 123
186, 125
186, 138
186, 187
186, 196
188, 45
188, 60
188, 73
188, 108
188, 159
188, 210
189, 47
189, 52
189, 65
189, 67
189, 68
189, 71
189, 76
189, 80
189, 86
189, 92
189, 95
189, 97
189, 107
189, 109
191, 60
191, 71
191, 73
191, 152
191, 159
191, 162
191, 175
191, 190
191, 218
192, 57
193, 55
193, 68
193, 76
193, 80
193, 86
193, 95
193, 107
193, 109
193, 112
193, 113
193, 116
193, 117
193, 118
193, 121
194, 55
194, 56
194, 60
194, 63
194, 64
194, 66
194, 67
194, 68
194, 71
194, 73
194, 76
194, 80
194, 86
194, 92
197, 47
197, 55
197, 57
197, 60
197, 67
197, 73
197, 76
197, 80
197, 81
197, 86
197, 92
197, 93
197, 95
197, 98
198, 55
198, 112
198, 117
198, 130
198, 140
198, 154
198, 177
198, 199
198, 207
198, 211
200, 92
200, 152
200, 178
200, 204
200, 218
201, 154
203, 47
203, 67
203, 73
203, 76
203, 80
203, 92
203, 95
203, 101
203, 107
203, 109
203, 113
203, 116
203, 118
203, 121
205, 47
205, 55
205, 56
205, 60
205, 63
205, 64
205, 66
205, 67
205, 76
205, 92
205, 93
205, 95
205, 99
205, 107
206, 112
206, 117
206, 125
206, 133
206, 154
206, 177
206, 184
206, 199
209, 47
209, 67
209, 92
209, 95
209, 107
209, 109
209, 116
209, 121
209, 122
209, 123
209, 138
209, 148
209, 164
209, 178
212, 81
212, 98
212, 101
212, 113
212, 118
212, 126
212, 127
212, 128
212, 132
212, 144
212, 170
212, 171
212, 176
212, 181
214, 131
215, 56
215, 60
215, 63
215, 66
215, 76
215, 92
215, 93
215, 95
215, 98
215, 101
215, 107
215, 108
215, 109
215, 116
216, 107
216, 112
216, 116
216, 117
216, 121
216, 123
216, 125
216, 126
216, 130
216, 133
216, 138
216, 140
216, 148
216, 154
217, 55
217, 67
217, 92
217, 101
217, 107
217, 109
217, 112
217, 116
217, 117
217, 121
217, 122
217, 123
217, 125
217, 128
219, 125
219, 133
end