280
4
0, 0.9878042843335222, 0.39193413329249205
1, 0.1726988181107908, 0.2985697613692817
2, 0.11962250927047302, 0.2509346323437933
3, 0.3989926431092149, 0.42246939275040873
4, 0.25133096548863554, 0.36550104948341733
5, 0.1508843336056137, 0.9677856701378198
6, 0.7397599440876158, 0.6339863772276304
7, 0.9851604385548133, 0.5377777700156992
8, 0.5557452246458265, 0.5646267882250531
9, 0.53532063573153, 0.7906184882713778
10, 0.22808951966155777, 0.3721720435460383
11, 0.0579863836235025, 0.10759971562359139
12, 0.3953139668987208, 0.25590774802655725
13, 0.1217383272746757, 0.6760277443605635
14, 0.17558045264354583, 0.05634106322921939
15, 0.5085224033773491, 0.2149646732854552
16, 0.5060933535749831, 0.795751776475707
17, 0.4948441416102114, 0.23849153408926094
18, 0.7815124518018036, 0.6933738036086072
19, 0.5033033340818575, 0.06915457792026869
20, 0.45310941541653904, 0.9290722600179812
21, 0.9453243207962423, 0.12155953229986605
22, 0.16162178598799726, 0.2732066831493889
23, 0.40133015182367515, 0.47658018454486095
24, 0.27875136794322186, 0.178264001854199
25, 0.3665045948502552, 0.03735297027708584
26, 0.14463587245017395, 0.5831118880777181
27, 0.7071810395966458, 0.2590053080116056
28, 0.2291954795796859, 0.6514291227015234
29, 0.27460458593637715, 0.09061794020796488
30, 0.6691528677782905, 0.3112139660740677
31, 0.9496903606026843, 0.9249096816440586
32, 0.14212610152495353, 0.7450310317117177
33, 0.9816563575893611, 0.686819593304574
34, 0.6521645810911033, 0.8045920921842848
35, 0.26771192333419147, 0.15436389439385856
36, 0.7514048101732885, 0.6803641736649068
37, 0.346993748157426, 0.6558180003901168
38, 0.490115743641802, 0.6095592414869131
39, 0.7353244112426988, 0.7931593426224449
40, 0.8089416154853271, 0.7711595608121877
41, 0.8547888658921482, 0.5698717364493114
42, 0.8494574397712161, 0.6017513880099181
43, 0.23577224305074918, 0.6422420386159311
44, 0.5512886641136844, 0.8517799183261386
45, 0.7066252163838346, 0.09590617417705694
46, 0.5751347508799403, 0.7981797051194301
47, 0.7983906589056466, 0.42256227987058015
48, 0.39995714821204564, 0.9843488236483416
49, 0.8951911812244681, 0.6555294617869173
50, 0.5681078036868178, 0.6605631302465328
51, 0.8732581614821148, 0.40298888698083835
52, 0.11636360956533953, 0.5987912079527528
53, 0.24906692181392076, 0.9046664231275899
54, 0.2444166855068508, 0.05370723864034843
55, 0.6548739695835389, 0.8619475861722783
56, 0.6589651398305404, 0.5817645916619127
57, 0.9366869630291306, 0.6660418554259042
58, 0.08829801382549851, 0.02938301347263572
59, 0.8725859314487547, 0.7740485973233021
60, 0.35846278553110456, 0.706535586257073
61, 0.47395350358751387, 0.8254360713073685
62, 0.05138215073303709, 0.4756724335059761
63, 0.7429851057205797, 0.050252075986067846
64, 0.4385520060079282, 0.6579831225850111
65, 0.7144116561715919, 0.40095570605112185
66, 0.8376229504900709, 0.5024629576734787
67, 0.5839292429740967, 0.28616430501475243
68, 0.15974566144892655, 0.33505322977039853
69, 0.17154706640061224, 0.016338988130293552
70, 0.009783450034950847, 0.05652561702169001
71, 0.3093462342011518, 0.3908023711183928
72, 0.6158458799019747, 0.8886519528453002
73, 0.7071839353443543, 0.5943589225818673
74, 0.06402842937479913, 0.6986160489594718
75, 0.6847845868303442, 0.6780682490496172
76, 0.2629364973757572, 0.5509241824295494
77, 0.1677740294397122, 0.20445115629527555
78, 0.6330808666622539, 0.23087287394937406
79, 0.6153737512097832, 0.22795390422316664
80, 0.4557400727310794, 0.6466862640474508
81, 0.6673077115767378, 0.4016254695554812
82, 0.6637503562546254, 0.13989981915833916
83, 0.5006795523607881, 0.3965166847494238
84, 0.3286545009209606, 0.5845449930654194
85, 0.885043727052691, 0.44507094353422927
86, 0.49340673562167736, 0.10579530635038348
87, 0.5341185410196385, 0.09814336498381182
88, 0.22288539618740544, 0.2178920850072562
89, 0.8615365465682939, 0.6467396517700144
90, 0.5789356833090046, 0.49658635345996727
91, 0.6906748696416328, 0.823767675075538
92, 0.28518214653460383, 0.3582102582558332
93, 0.5971585286710839, 0.47393371890006597
94, 0.10446629591998702, 0.5267860416526639
95, 0.050251755325351644, 0.7466471246254063
96, 0.868170521061054, 0.9671856325137131
97, 0.26576381204517285, 0.39471215771842216
98, 0.6048617091369914, 0.9328211713922773
99, 0.8549069355066281, 0.3021755385489202
100, 0.7816227285948666, 0.13380979113709712
101, 0.7175345851777726, 0.7745311657728705
102, 0.0497812740950373, 0.9980720891230181
103, 0.7202151797824546, 0.5503722350103635
104, 0.2953973008021009, 0.7976145420257319
105, 0.955874890607261, 0.3488570949383196
106, 0.5967005624120086, 0.835228245783359
107, 0.1959792513214922, 0.32494679503437784
108, 0.6565272795444164, 0.9866540990791298
109, 0.39724558162524726, 0.9998791993004238
110, 0.07482417011577691, 0.830853789259931
111, 0.12255934023990356, 0.09588628875516603
112, 0.4254649713930849, 0.6831513217554384
113, 0.7197216566580583, 0.9582842036707708
114, 0.08082512151027454, 0.5814894304589467
115, 0.3212705391226097, 0.24675914131163956
116, 0.6081515489056223, 0.6651131166987075
117, 0.36352971718379046, 0.9289192838392057
118, 0.12126364735162554, 0.9639826238264153
119, 0.3033298899790945, 0.3637700512832063
120, 0.0874639491130802, 0.5841021936723068
121, 0.6618225033141159, 0.4837991997930865
122, 0.9954457597615319, 0.7969982859342447
123, 0.7627233396678057, 0.12204438770525128
124, 0.20691838998980483, 0.8533187804492036
125, 0.05024136628693432, 0.37717196906803696
126, 0.013609973735092318, 0.909757824323132
127, 0.6306264466358699, 0.6738620137549138
128, 0.8316922400594209, 0.8268669227468994
129, 0.2831686079208243, 0.2092796422380897
130, 0.34422248659650867, 0.8969177891692195
131, 0.8530984650568958, 0.8370114548606553
132, 0.17337246629904202, 0.7078277637411258
133, 0.21193060412471387, 0.8047634725399281
134, 0.565769686387759, 0.11746239107728829
135, 0.3031503599912646, 0.6084130319788885
136, 0.48135821000919676, 0.9922241851990748
137, 0.655758153878169, 0.4360115152442867
138, 0.6859198658322972, 0.8762604540020241
139, 0.9218081660135734, 0.40572545607245025
140, 0.382010286565757, 0.8632525892181506
141, 0.9654778258561936, 0.2947875528238304
142, 0.3741841643872721, 0.010690257385155277
143, 0.2069139706430292, 0.11002655888611446
144, 0.007793794042753266, 0.9735129294350533
145, 0.04928894376769777, 0.7483331736789984
146, 0.9901563849995058, 0.9287333979156831
147, 0.3713158226727694, 0.7504879514389847
148, 0.4709305928966995, 0.1519340457167977
149, 0.14711861903135737, 0.566181213130999
150, 0.3498600980289699, 0.9500109767468957
151, 0.5995651628073055, 0.928544864517999
152, 0.86722306484606, 0.3140341275018155
153, 0.789371052282841, 0.7532613805257259
154, 0.164067262863706, 0.15543923454330388
155, 0.04345145983870158, 0.2249963569117458
156, 0.9727043299705778, 0.06265337551911043
157, 0.2327363333361232, 0.806101133278974
158, 0.4709030213745239, 0.19335129735290202
159, 0.48305614481654335, 0.7568247916473284
160, 0.8333681685886807, 0.15447374890200494
161, 0.1621513172531288, 0.45824895571920643
162, 0.26480398270759997, 0.909720061237854
163, 0.7133078089249476, 0.015048701119688701
164, 0.6964004523431784, 0.879086807152584
165, 0.9992445609446909, 0.517601038231267
166, 0.3464805607495811, 0.8644963169341562
167, 0.9466079511646159, 0.5978833151762813
168, 0.29233697847517937, 0.6961335675092709
169, 0.6087591668970046, 0.4588443847153685
170, 0.9299216232499994, 0.26006196027813777
171, 0.756877628763022, 0.4277292512283408
172, 0.7072640004636187, 0.17518737192791134
173, 0.23718008999355567, 0.9209787984757022
174, 0.7931623557416482, 0.18995053852629984
175, 0.4160121780313224, 0.1650440129944014
176, 0.21294052955875242, 0.8419808081132156
177, 0.9781136292194196, 0.23838771556316973
178, 0.7912595050712676, 0.9352339445532718
179, 0.6313269920144285, 0.6958956792916249
180, 0.7200971628408144, 0.7284450776492887
181, 0.9838952193652032, 0.72448308983836
182, 0.5857391155083563, 0.8972418063590224
183, 0.9563719293293518, 0.3254785544668466
184, 0.5931533633287148, 0.6594190747037585
185, 0.47868182719700936, 0.05503618082738204
186, 0.23109569489719406, 0.4219116242604328
187, 0.5207692532184129, 0.42497336060600543
188, 0.7608316630006774, 0.39045262958813276
189, 0.7903199533859506, 0.06915562893192773
190, 0.09637137669983964, 0.10725758876669622
191, 0.9437613255276385, 0.7563716112287557
192, 0.8355431329345739, 0.5886827418981352
193, 0.9782051538773899, 0.40491447893341326
194, 0.00962928070947211, 0.5576353043451473
195, 0.5233517773403856, 0.7322484211689176
196, 0.7082122075363123, 0.5327119067820125
197, 0.5798374590243645, 0.9987482795830163
198, 0.22128506843106321, 0.5372076745011769
199, 0.5043202944762363, 0.014175892665281298
200, 0.9781703290206147, 0.7470967359401609
201, 0.7203450291451197, 0.9770886071865248
202, 0.7069086511484133, 0.9738760469227726
203, 0.2788037167623102, 0.5262441456274692
204, 0.7715146434396779, 0.605555525943405
205, 0.014108921156287924, 0.9825783041864093
206, 0.6362619420351842, 0.09543271029380729
207, 0.902915328010183, 0.1916670258145532
208, 0.38937866884560557, 0.8200672869287717
209, 0.6240885973226584, 0.9614246668726029
210, 0.7483907061210393, 0.8531677415263572
211, 0.9684908110656469, 0.9997026194879951
212, 0.7298629671810913, 0.5670873610291353
213, 0.11156653852411291, 0.5898447479116116
214, 0.23552346499755739, 0.8937754857408143
215, 0.36361582037942763, 0.8316899772943223
216, 0.6317373020641496, 0.593257639628741
217, 0.3764615546728939, 0.157936132020017
218, 0.9294576311685513, 0.22911694815750372
219, 0.6762692013196446, 0.7549907450424315
220, 0.6070093654605211, 0.8170662549832541
221, 0.12629914232684814, 0.1577206086469093
222, 0.9390632071936815, 0.1763482029063037
223, 0.8157111821839633, 0.6505849890645576
224, 0.8033105489569999, 0.007499647592569603
225, 0.34914213839986064, 0.45367169826734643
226, 0.1386604269683157, 0.5893629989812653
227, 0.34605165442524444, 0.01581087729785058
228, 0.5439887711954208, 0.5321553683967692
229, 0.18768119579658094, 0.9028540734401268
230, 0.266401275553907, 0.9803388388524081
231, 0.788516789209713, 0.26650767702141864
232, 0.9916397138160252, 0.49456455900524066
233, 0.14432953107618018, 0.7118196505533022
234, 0.7066680185156304, 0.6385833891050444
235, 0.4239658301845858, 0.3488133575056085
236, 0.050289265218987356, 0.0425783071987762
237, 0.01139959977727989, 0.36093006389045224
238, 0.02337956856250878, 0.6192999521070522
239, 0.254178769959163, 0.33399299519981196
240, 0.8331465572658702, 0.079413400609881
241, 0.6483036657711068, 0.3962096975590107
242, 0.2612277088206083, 0.15897772030061752
243, 0.4929285573207757, 0.8432645601284009
244, 0.8134915876241235, 0.7204001314856393
245, 0.4338696154073498, 0.37102137300860594
246, 0.7057305804683341, 0.3770421672759834
247, 0.7172213562275856, 0.23165980638401584
248, 0.5766520714550306, 0.19417235498783858
249, 0.6442424186295836, 0.4201802033409384
250, 0.5484064665257432, 0.5270554606730573
251, 0.9938511472556069, 0.3966790561212177
252, 0.051348482201173606, 0.31949099024330285
253, 0.051423755596172516, 0.6572774959282083
254, 0.7528478707503358, 0.37551032482978997
255, 0.942390153102388, 0.5833112846700368
256, 0.9043850974706095, 0.6137797807791472
257, 0.4773631584916731, 0.7721267703501971
258, 0.7303891339316485, 0.1267412006681391
259, 0.2830239400296304, 0.027378335520007124
260, 0.6272819952851016, 0.294886526190021
261, 0.8813394231677616, 0.81596561721813
262, 0.9359883911294228, 0.7363405611010618
263, 0.6424477991850762, 0.5665009055313687
264, 0.7732540095654606, 0.26762839610389577
265, 0.4361448222765816, 0.5368568203282381
266, 0.014152955642154352, 0.4653028849098695
267, 0.38509033576120333, 0.7751997099890823
268, 0.8762505886695898, 0.8194811282315947
269, 0.7209689358017443, 0.9787272159671015
270, 0.3193846177996641, 0.9534389578287111
271, 0.05035456036042385, 0.0922854461380761
272, 0.7313045182750212, 0.36875363914792014
273, 0.9396064464257622, 0.0744513992973258
274, 0.01553258055073592, 0.8349672855950159
275, 0.6736271952469507, 0.44464202827351507
276, 0.43714766794714166, 0.08286055133387527
277, 0.4012883344354543, 0.7855128526661592
278, 0.9837926054801478, 0.5715867748307991
279, 0.4189604143344954, 0.7271438925156891
end_nodes
0, 1
0, 2
0, 3
0, 4
0, 5
0, 6
0, 7
0, 8
0, 9
0, 10
0, 11
0, 12
0, 13
0, 14
0, 15
0, 16
17, 1
17, 2
17, 4
17, 10
17, 11
17, 12
17, 13
17, 14
17, 22
17, 24
17, 26
17, 28
17, 32
17, 35
17, 43
17, 52
18, 34
18, 39
18, 40
18, 55
18, 72
18, 91
18, 96
18, 98
18, 101
18, 106
18, 108
18, 109
18, 113
18, 128
18, 131
18, 136
19, 1
19, 2
19, 3
19, 4
19, 5
19, 6
19, 7
19, 8
19, 9
19, 10
19, 11
19, 12
19, 13
19, 14
19, 16
19, 20
21, 1
21, 2
21, 3
21, 4
21, 5
21, 6
21, 7
21, 8
21, 9
21, 10
21, 11
21, 12
21, 13
21, 14
21, 15
21, 16
23, 5
23, 13
23, 26
23, 28
23, 32
23, 43
23, 52
23, 62
23, 74
23, 76
23, 84
23, 94
23, 95
23, 102
23, 110
23, 114
25, 1
25, 2
25, 4
25, 5
25, 6
25, 7
25, 8
25, 9
25, 10
25, 11
25, 13
25, 14
25, 16
25, 20
25, 22
25, 24
27, 1
27, 2
27, 3
27, 4
27, 5
27, 6
27, 7
27, 8
27, 9
27, 10
27, 11
27, 12
27, 13
27, 14
27, 15
27, 16
29, 1
29, 2
29, 4
29, 5
29, 7
29, 8
29, 9
29, 10
29, 11
29, 13
29, 14
29, 16
29, 20
29, 22
29, 24
29, 26
30, 1
30, 2
30, 3
30, 4
30, 5
30, 6
30, 7
30, 8
30, 9
30, 10
30, 11
30, 12
30, 13
30, 14
30, 16
30, 20
31, 211
33, 122
33, 146
33, 181
41, 5
41, 6
41, 9
41, 16
41, 20
41, 34
41, 36
41, 39
41, 40
41, 44
41, 46
41, 48
41, 49
41, 50
41, 53
41, 55
42, 5
42, 9
42, 16
42, 20
42, 34
42, 36
42, 39
42, 40
42, 44
42, 46
42, 48
42, 49
42, 53
42, 55
42, 59
42, 61
45, 1
45, 2
45, 3
45, 4
45, 5
45, 6
45, 7
45, 8
45, 9
45, 10
45, 11
45, 12
45, 13
45, 14
45, 15
45, 16
47, 1
47, 2
47, 3
47, 4
47, 5
47, 6
47, 8
47, 9
47, 10
47, 11
47, 12
47, 13
47, 14
47, 16
47, 20
47, 22
51, 1
51, 2
51, 3
51, 4
51, 5
51, 6
51, 7
51, 8
51, 9
51, 10
51, 11
51, 12
51, 13
51, 14
51, 15
51, 16
54, 1
54, 2
54, 4
54, 5
54, 7
54, 8
54, 9
54, 10
54, 11
54, 13
54, 14
54, 16
54, 20
54, 22
54, 24
54, 26
56, 5
56, 9
56, 13
56, 16
56, 20
56, 28
56, 32
56, 34
56, 37
56, 38
56, 39
56, 43
56, 44
56, 46
56, 48
56, 50
57, 96
57, 122
57, 146
57, 181
57, 191
57, 200
57, 211
57, 261
63, 1
63, 2
63, 3
63, 4
63, 5
63, 6
63, 7
63, 8
63, 9
63, 10
63, 11
63, 12
63, 13
63, 14
63, 15
63, 16
65, 1
65, 2
65, 3
65, 4
65, 6
65, 8
65, 9
65, 10
65, 11
65, 12
65, 13
65, 16
65, 20
65, 22
65, 26
65, 28
66, 3
66, 4
66, 6
66, 8
66, 10
66, 20
66, 26
66, 28
66, 32
66, 34
66, 36
66, 37
66, 38
66, 39
66, 40
66, 43
67, 1
67, 2
67, 3
67, 4
67, 6
67, 8
67, 10
67, 11
67, 12
67, 14
67, 20
67, 22
67, 24
67, 26
67, 28
67, 32
69, 1
69, 2
69, 7
69, 8
69, 11
69, 14
69, 20
69, 22
69, 26
69, 28
69, 32
69, 34
69, 37
69, 38
69, 39
69, 40
73, 20
73, 32
73, 34
73, 36
73, 39
73, 44
73, 46
73, 48
73, 50
73, 53
73, 55
73, 60
73, 61
73, 64
73, 72
73, 75
78, 3
78, 6
78, 7
78, 12
78, 14
78, 15
78, 20
78, 22
78, 24
78, 26
78, 28
78, 32
78, 34
78, 35
78, 36
78, 37
79, 3
79, 6
79, 7
79, 12
79, 15
79, 20
79, 22
79, 24
79, 26
79, 28
79, 32
79, 34
79, 35
79, 36
79, 37
79, 38
81, 3
81, 22
81, 26
81, 28
81, 32
81, 34
81, 36
81, 37
81, 38
81, 39
81, 40
81, 43
81, 44
81, 46
81, 48
81, 50
82, 3
82, 7
82, 12
82, 15
82, 22
82, 24
82, 26
82, 28
82, 32
82, 34
82, 35
82, 36
82, 37
82, 38
82, 39
82, 40
83, 26
83, 28
83, 32
83, 37
83, 38
83, 43
83, 48
83, 52
83, 53
83, 60
83, 61
83, 62
83, 64
83, 68
83, 71
83, 74
85, 7
85, 12
85, 22
85, 24
85, 26
85, 28
85, 32
85, 34
85, 35
85, 36
85, 37
85, 38
85, 39
85, 40
85, 43
85, 44
86, 22
86, 24
86, 26
86, 28
86, 32
86, 34
86, 35
86, 36
86, 37
86, 38
86, 39
86, 40
86, 43
86, 44
86, 46
86, 48
87, 22
87, 24
87, 26
87, 28
87, 32
87, 34
87, 35
87, 36
87, 37
87, 38
87, 39
87, 40
87, 43
87, 44
87, 46
87, 48
89, 39
89, 40
89, 55
89, 59
89, 72
89, 91
89, 96
89, 98
89, 101
89, 108
89, 113
89, 128
89, 131
89, 136
89, 138
89, 146
90, 28
90, 32
90, 34
90, 37
90, 38
90, 43
90, 44
90, 46
90, 48
90, 50
90, 52
90, 53
90, 55
90, 60
90, 61
90, 62
93, 34
93, 37
93, 38
93, 43
93, 44
93, 46
93, 48
93, 50
93, 52
93, 53
93, 55
93, 60
93, 61
93, 62
93, 64
93, 72
99, 15
99, 22
99, 24
99, 35
99, 36
99, 37
99, 38
99, 39
99, 40
99, 43
99, 44
99, 46
99, 48
99, 50
99, 52
99, 53
100, 15
100, 24
100, 35
100, 36
100, 37
100, 38
100, 39
100, 40
100, 43
100, 44
100, 46
100, 48
100, 49
100, 50
100, 52
100, 53
103, 36
103, 37
103, 38
103, 39
103, 40
103, 43
103, 44
103, 46
103, 48
103, 50
103, 52
103, 53
103, 55
103, 60
103, 61
103, 64
105, 15
105, 24
105, 35
105, 36
105, 38
105, 40
105, 43
105, 44
105, 46
105, 48
105, 50
105, 52
105, 53
105, 55
105, 58
105, 59
121, 36
121, 40
121, 43
121, 44
121, 46
121, 48
121, 50
121, 52
121, 53
121, 55
121, 60
121, 61
121, 62
121, 64
121, 72
121, 74
123, 15
123, 24
123, 35
123, 44
123, 46
123, 48
123, 49
123, 50
123, 52
123, 53
123, 55
123, 58
123, 59
123, 60
123, 61
123, 62
134, 15
134, 24
134, 35
134, 46
134, 49
134, 50
134, 52
134, 53
134, 55
134, 58
134, 59
134, 60
134, 61
134, 62
134, 64
134, 68
137, 50
137, 52
137, 53
137, 55
137, 60
137, 61
137, 62
137, 64
137, 68
137, 71
137, 72
137, 74
137, 75
137, 76
137, 80
137, 84
139, 15
139, 35
139, 50
139, 52
139, 53
139, 55
139, 58
139, 59
139, 60
139, 61
139, 62
139, 64
139, 68
139, 70
139, 71
139, 72
141, 15
141, 35
141, 50
141, 52
141, 53
141, 55
141, 58
141, 59
141, 60
141, 61
141, 62
141, 64
141, 68
141, 70
141, 71
141, 72
142, 35
142, 49
142, 52
142, 55
142, 58
142, 60
142, 61
142, 62
142, 64
142, 68
142, 70
142, 71
142, 72
142, 74
142, 75
142, 76
148, 35
148, 49
148, 58
148, 60
148, 61
148, 62
148, 64
148, 68
148, 70
148, 71
148, 72
148, 74
148, 75
148, 76
148, 77
148, 80
152, 58
152, 59
152, 60
152, 61
152, 62
152, 64
152, 68
152, 70
152, 71
152, 72
152, 74
152, 75
152, 76
152, 77
152, 80
152, 84
156, 58
156, 59
156, 60
156, 61
156, 62
156, 64
156, 68
156, 70
156, 71
156, 72
156, 74
156, 75
156, 76
156, 77
156, 80
156, 84
158, 49
158, 58
158, 60
158, 62
158, 64
158, 68
158, 70
158, 71
158, 72
158, 74
158, 75
158, 76
158, 77
158, 80
158, 84
158, 88
160, 58
160, 59
160, 62
160, 64
160, 68
160, 70
160, 71
160, 72
160, 74
160, 75
160, 76
160, 77
160, 80
160, 84
160, 88
160, 91
163, 49
163, 58
163, 59
163, 64
163, 68
163, 70
163, 71
163, 72
163, 74
163, 75
163, 76
163, 77
163, 80
163, 84
163, 88
163, 91
165, 58
165, 59
165, 68
165, 70
165, 71
165, 72
165, 74
165, 75
165, 76
165, 77
165, 80
165, 84
165, 88
165, 91
165, 92
165, 94
167, 59
167, 96
167, 113
167, 122
167, 128
167, 131
167, 146
167, 178
167, 181
167, 200
167, 201
167, 202
167, 211
167, 261
167, 268
167, 269
169, 74
169, 75
169, 76
169, 80
169, 84
169, 91
169, 94
169, 95
169, 97
169, 98
169, 101
169, 102
169, 104
169, 106
169, 108
169, 109
170, 58
170, 59
170, 68
170, 70
170, 71
170, 74
170, 75
170, 76
170, 77
170, 80
170, 84
170, 88
170, 91
170, 92
170, 94
170, 95
171, 49
171, 59
171, 68
171, 71
171, 74
171, 75
171, 76
171, 77
171, 80
171, 84
171, 88
171, 91
171, 92
171, 94
171, 95
171, 96
172, 49
172, 58
172, 59
172, 68
172, 70
172, 71
172, 74
172, 75
172, 76
172, 77
172, 80
172, 84
172, 88
172, 91
172, 92
172, 94
174, 49
174, 58
174, 70
174, 71
174, 75
174, 76
174, 77
174, 80
174, 84
174, 88
174, 91
174, 92
174, 94
174, 95
174, 96
174, 97
175, 49
175, 70
175, 75
175, 76
175, 77
175, 80
175, 84
175, 88
175, 91
175, 92
175, 94
175, 95
175, 96
175, 97
175, 98
175, 101
177, 70
177, 77
177, 80
177, 84
177, 88
177, 91
177, 92
177, 94
177, 95
177, 96
177, 97
177, 98
177, 101
177, 102
177, 104
177, 106
183, 70
183, 77
183, 80
183, 84
183, 88
183, 91
183, 92
183, 94
183, 95
183, 96
183, 97
183, 98
183, 101
183, 102
183, 104
183, 106
185, 49
185, 77
185, 88
185, 91
185, 92
185, 94
185, 95
185, 96
185, 97
185, 98
185, 101
185, 102
185, 104
185, 106
185, 107
185, 108
187, 94
187, 95
187, 97
187, 102
187, 104
187, 109
187, 110
187, 112
187, 114
187, 117
187, 118
187, 120
187, 124
187, 125
187, 126
187, 130
188, 49
188, 77
188, 88
188, 91
188, 92
188, 94
188, 95
188, 96
188, 97
188, 98
188, 101
188, 102
188, 104
188, 106
188, 107
188, 108
189, 88
189, 91
189, 92
189, 94
189, 95
189, 96
189, 97
189, 98
189, 101
189, 102
189, 104
189, 106
189, 107
189, 108
189, 109
189, 110
192, 96
192, 98
192, 101
192, 102
192, 104
192, 106
192, 108
192, 109
192, 113
192, 117
192, 118
192, 122
192, 124
192, 126
192, 127
192, 128
193, 88
193, 92
193, 94
193, 95
193, 96
193, 97
193, 98
193, 101
193, 102
193, 104
193, 106
193, 107
193, 108
193, 109
193, 110
193, 111
196, 94
196, 95
196, 96
196, 98
196, 101
196, 102
196, 104
196, 106
196, 108
196, 109
196, 110
196, 112
196, 113
196, 114
196, 116
196, 117
199, 49
199, 88
199, 92
199, 95
199, 96
199, 97
199, 98
199, 101
199, 102
199, 104
199, 106
199, 107
199, 108
199, 109
199, 110
199, 111
204, 98
204, 101
204, 102
204, 104
204, 106
204, 108
204, 109
204, 110
204, 113
204, 116
204, 117
204, 118
204, 124
204, 126
204, 127
204, 128
206, 92
206, 95
206, 97
206, 98
206, 101
206, 102
206, 104
206, 106
206, 107
206, 108
206, 109
206, 110
206, 111
206, 112
206, 113
206, 114
207, 92
207, 97
207, 98
207, 101
207, 102
207, 104
207, 106
207, 107
207, 108
207, 109
207, 110
207, 111
207, 112
207, 113
207, 114
207, 115
212, 102
212, 104
212, 106
212, 108
212, 109
212, 110
212, 112
212, 113
212, 116
212, 117
212, 118
212, 124
212, 126
212, 127
212, 128
212, 130
216, 104
216, 106
216, 108
216, 109
216, 110
216, 112
216, 113
216, 116
216, 117
216, 118
216, 124
216, 126
216, 127
216, 130
216, 132
216, 133
218, 92
218, 97
218, 107
218, 108
218, 109
218, 110
218, 111
218, 112
218, 113
218, 114
218, 115
218, 116
218, 117
218, 118
218, 119
218, 120
222, 97
222, 107
222, 109
222, 110
222, 111
222, 112
222, 113
222, 114
222, 115
222, 116
222, 117
222, 118
222, 119
222, 120
222, 122
222, 124
223, 109
223, 113
223, 128
223, 131
223, 136
223, 138
223, 146
223, 151
223, 153
223, 164
223, 178
223, 180
223, 182
223, 197
223, 201
223, 202
224, 97
224, 107
224, 110
224, 111
224, 112
224, 113
224, 114
224, 115
224, 116
224, 117
224, 118
224, 119
224, 120
224, 122
224, 124
224, 125
227, 107
227, 110
227, 111
227, 112
227, 113
227, 114
227, 115
227, 116
227, 117
227, 118
227, 119
227, 120
227, 122
227, 124
227, 125
227, 126
228, 110
228, 112
228, 114
228, 117
228, 118
228, 120
228, 124
228, 126
228, 130
228, 132
228, 133
228, 135
228, 136
228, 140
228, 144
228, 145
231, 107
231, 111
231, 112
231, 113
231, 114
231, 115
231, 116
231, 117
231, 118
231, 119
231, 120
231, 122
231, 124
231, 125
231, 126
231, 127
232, 107
232, 111
232, 112
232, 114
232, 115
232, 116
232, 117
232, 118
232, 119
232, 120
232, 122
232, 124
232, 125
232, 126
232, 127
232, 128
234, 117
234, 118
234, 124
234, 126
234, 127
234, 130
234, 136
234, 138
234, 140
234, 144
234, 150
234, 151
234, 159
234, 162
234, 164
234, 166
240, 107
240, 111
240, 112
240, 114
240, 115
240, 116
240, 117
240, 118
240, 119
240, 120
240, 122
240, 124
240, 125
240, 126
240, 127
240, 128
241, 107
241, 112
241, 114
241, 116
241, 117
241, 118
241, 119
241, 120
241, 124
241, 125
241, 126
241, 127
241, 128
241, 130
241, 131
241, 132
244, 128
244, 131
244, 138
244, 153
244, 164
244, 178
244, 197
244, 201
244, 202
244, 209
244, 210
244, 211
244, 269
245, 107
245, 114
245, 118
245, 119
245, 120
245, 125
245, 126
245, 132
245, 133
245, 135
245, 144
245, 145
245, 149
245, 161
245, 186
245, 194
246, 111
246, 112
246, 114
246, 115
246, 116
246, 119
246, 120
246, 122
246, 124
246, 125
246, 126
246, 127
246, 128
246, 129
246, 130
246, 131
247, 111
247, 115
247, 116
247, 119
247, 120
247, 122
247, 124
247, 125
247, 126
247, 127
247, 128
247, 129
247, 130
247, 131
247, 132
247, 133
248, 111
248, 115
248, 116
248, 119
248, 120
248, 122
248, 125
248, 126
248, 127
248, 128
248, 129
248, 130
248, 131
248, 132
248, 133
248, 135
249, 116
249, 119
249, 120
249, 125
249, 127
249, 128
249, 130
249, 131
249, 132
249, 133
249, 135
249, 136
249, 138
249, 140
249, 144
249, 145
250, 120
250, 130
250, 132
250, 133
250, 135
250, 136
250, 140
250, 144
250, 145
250, 147
250, 149
250, 150
250, 151
250, 157
250, 159
250, 162
251, 111
251, 115
251, 119
251, 122
251, 125
251, 127
251, 128
251, 129
251, 130
251, 131
251, 132
251, 133
251, 135
251, 136
251, 138
251, 140
254, 111
254, 115
254, 119
254, 122
254, 125
254, 127
254, 129
254, 130
254, 131
254, 132
254, 133
254, 135
254, 136
254, 138
254, 140
254, 143
255, 122
255, 131
255, 138
255, 146
255, 153
255, 164
255, 178
255, 181
255, 197
255, 200
255, 201
255, 202
255, 209
255, 210
255, 211
255, 261
256, 131
256, 138
256, 146
256, 151
256, 153
256, 164
256, 178
256, 181
256, 191
256, 197
256, 200
256, 201
256, 202
256, 209
256, 210
256, 211
258, 115
258, 119
258, 125
258, 127
258, 129
258, 130
258, 131
258, 132
258, 133
258, 135
258, 136
258, 138
258, 140
258, 143
258, 144
258, 145
259, 115
259, 125
259, 129
259, 130
259, 131
259, 132
259, 133
259, 135
259, 136
259, 138
259, 140
259, 143
259, 144
259, 145
259, 146
259, 147
260, 115
260, 129
260, 130
260, 132
260, 133
260, 135
260, 136
260, 138
260, 140
260, 143
260, 144
260, 145
260, 146
260, 147
260, 149
260, 150
263, 132
263, 133
263, 135
263, 136
263, 138
263, 140
263, 144
263, 145
263, 147
263, 150
263, 151
263, 157
263, 159
263, 162
263, 164
263, 166
264, 129
264, 132
264, 133
264, 135
264, 136
264, 138
264, 140
264, 143
264, 144
264, 145
264, 146
264, 147
264, 149
264, 150
264, 151
264, 153
265, 132
265, 133
265, 135
265, 144
265, 145
265, 147
265, 149
265, 157
265, 162
265, 166
265, 168
265, 173
265, 176
265, 194
265, 198
265, 205
272, 129
272, 133
272, 135
272, 136
272, 138
272, 140
272, 143
272, 144
272, 145
272, 146
272, 147
272, 149
272, 150
272, 151
272, 153
272, 154
273, 129
273, 135
273, 136
273, 138
273, 140
273, 143
273, 144
273, 145
273, 146
273, 147
273, 149
273, 150
273, 151
273, 153
273, 154
273, 155
275, 135
275, 140
275, 144
275, 145
275, 146
275, 147
275, 149
275, 150
275, 151
275, 153
275, 157
275, 159
275, 161
275, 162
275, 164
275, 166
276, 129
276, 140
276, 143
276, 144
276, 145
276, 146
276, 147
276, 149
276, 150
276, 151
276, 153
276, 154
276, 155
276, 157
276, 159
276, 161
278, 146
278, 181
278, 200
278, 211
end