560
4
0, 0.6903578635112273, 0.8350538510574664
1, 0.22815140206257223, 0.4227864121844225
2, 0.8764734889594346, 0.07408564095286274
3, 0.33955799493603567, 0.2489083916414513
4, 0.20500623503703386, 0.22724681642284605
5, 0.8236558506067169, 0.9094464246451991
6, 0.07941516444564978, 0.6363224493308065
7, 0.8363839288372161, 0.30582164317734406
8, 0.6076937369713773, 0.3111648216621228
9, 0.3473109447534397, 0.47352550285825656
10, 0.15483741355807534, 0.900035931330214
11, 0.28577822197975444, 0.5928719675570385
12, 0.11281342964900554, 0.48992138135670715
13, 0.7028754702064687, 0.8632930117789579
14, 0.13228413391025162, 0.480457062004219
15, 0.357780410047164, 0.7434037552192229
16, 0.8387197962233482, 0.7015987138111169
17, 0.8917142424916991, 0.6386701025564858
18, 0.2910160710557107, 0.09492191501316483
19, 0.9925391582177553, 0.14384270460213122
20, 0.43368379587389616, 0.8851120483223988
21, 0.2672982385085133, 0.86501830695192
22, 0.37312191349604296, 0.3798471391421461
23, 0.2397643535006697, 0.725034543924623
24, 0.004650572281932441, 0.0138296451713521
25, 0.0018592503023179274, 0.915031968105747
26, 0.24992448617984875, 0.7759641491566833
27, 0.6352901982760342, 0.9766386949765815
28, 0.9514924405759293, 0.22267707454467467
29, 0.3474630083212893, 0.05613565240493357
30, 0.8536830510054414, 0.5686303288774233
31, 0.3328922534338774, 0.10311692393445882
32, 0.5437019628763818, 0.485085428091768
33, 0.14506713069532517, 0.8093461145438252
34, 0.3176625715052668, 0.1839961806182192
35, 0.32173421455746953, 0.4922898257788997
36, 0.6910535345202183, 0.5378279828934194
37, 0.271694296754334, 0.558732722503116
38, 0.43546831555147814, 0.027014406455985962
39, 0.7445254576219785, 0.09003671551416703
40, 0.5010309575360626, 0.45859820428912756
41, 0.9839213340482851, 0.6694496887883085
42, 0.2336101804258368, 0.8547812148569309
43, 0.7036170887888219, 0.9658386892122095
44, 0.23561120199435837, 0.933511162641998
45, 0.8836933998144328, 0.3193521938110082
46, 0.5772855500659142, 0.13046458509587633
47, 0.8908535497556126, 0.005905670298218424
48, 0.18619130059379685, 0.11149534640737846
49, 0.7160823822854645, 0.1390504086403973
50, 0.9860582997414944, 0.7524028003551028
51, 0.45529988248863906, 0.7473093210020998
52, 0.8917681218597341, 0.6279798499689614
53, 0.6285944471117514, 0.29521605055277833
54, 0.137150715134991, 0.8150202915613605
55, 0.14160984806495502, 0.7846249673403725
56, 0.1336810255828459, 0.18277479137771668
57, 0.7395945231941816, 0.5737756691833958
58, 0.7564270717472754, 0.8267486511560568
59, 0.9074228604574075, 0.8555970734553199
60, 0.4030361429853587, 0.33946698348189686
61, 0.4180386120486159, 0.8357915174105304
62, 0.20420045124869235, 0.5003332097804482
63, 0.4795952286166566, 0.9675007123210712
64, 0.48060839415759504, 0.2850397517985339
65, 0.20577807837148931, 0.7705171955970657
66, 0.6810722356757362, 0.7215005217415544
67, 0.9038267604400506, 0.9341026491490149
68, 0.8805955732411799, 0.8319334708487487
69, 0.4843783968552583, 0.30305671267296486
70, 0.5551765067817551, 0.23973174943763553
71, 0.6105997818393322, 0.35747499013048545
72, 0.22364210038314725, 0.7866779352364177
73, 0.952544781615912, 0.9280047141331215
74, 0.037129582860441324, 0.6013513001854535
75, 0.032834012114689615, 0.1638992185008572
76, 0.9192789370203297, 0.19749094657864086
77, 0.8163182046451505, 0.6113259835086784
78, 0.9015310022838786, 0.47613594614298993
79, 0.01834958895795613, 0.19505391760230084
80, 0.3618351672212452, 0.6324897473072965
81, 0.8491165989340014, 0.20708293858728088
82, 0.4222299249441479, 0.5290670562476245
83, 0.6162639424225705, 0.35223648098524973
84, 0.3152771848479442, 0.7524626932417734
85, 0.17458802276186425, 0.8628636412316346
86, 0.7036679331157417, 0.13096795982581155
87, 0.43104950651120433, 0.08432744363042444
88, 0.3219575526246137, 0.6834170390696268
89, 0.9243113455549518, 0.743901811348473
90, 0.009225147376678566, 0.34739544427072777
91, 0.3181008515776689, 0.6064941442548694
92, 0.5750780606611344, 0.4590442673865931
93, 0.7287406828941558, 0.174863064708629
94, 0.0059093256626086, 0.9285586052337682
95, 0.1333489695966401, 0.7325365771828859
96, 0.7064984059800324, 0.8011155390143545
97, 0.6777396545340116, 0.8074252409049587
98, 0.509830873263, 0.1951570696705881
99, 0.44511222239566794, 0.5315867248843053
100, 0.8192355212957078, 0.724613005719505
101, 0.3453137789241445, 0.7801975504728114
102, 0.938101826844306, 0.2861453342601975
103, 0.6805850544134411, 0.47899873523900494
104, 0.6195124597241273, 0.8245069689249488
105, 0.43961760695172647, 0.42182190036406697
106, 0.7731541861488231, 0.7247735587723724
107, 0.9881208524604683, 0.4895175162086842
108, 0.5871549283719076, 0.07355539344122963
109, 0.04940474435106024, 0.08397847529311098
110, 0.9330027840849512, 0.16818801823565033
111, 0.32388849829302047, 0.09265546239257305
112, 0.5360512164855005, 0.24645307671366878
113, 0.06376883962579571, 0.20867156078635096
114, 0.36112228390193657, 0.5652045101816874
115, 0.21056115854168045, 0.3949158379262222
116, 0.27009821690507396, 0.16925189297458354
117, 0.5387084861767923, 0.5054830479621051
118, 0.1663054127908209, 0.3894711853012436
119, 0.4128894558382866, 0.747841627301576
120, 0.23712235659098602, 0.8940379626677804
121, 0.6974613488062638, 0.4786384819240421
122, 0.7869093153062168, 0.030523085935852068
123, 0.4509666013864121, 0.13755430800083535
124, 0.07422066704975205, 0.5815441603064493
125, 0.044909910169444456, 0.8359196405975498
126, 0.5934971898635915, 0.1972050435194156
127, 0.7447632684569077, 0.34436821440655785
128, 0.3898730183168171, 0.8542682643969429
129, 0.18559898441907474, 0.1638084125893946
130, 0.14521274265269324, 0.6488688473269789
131, 0.24274860859082048, 0.9609419893066738
132, 0.12166930394163544, 0.07550529153867158
133, 0.19513342959793645, 0.9611021555440002
134, 0.6817376954590522, 0.04166900083851788
135, 0.9158497597504227, 0.5374056910000973
136, 0.1301159665565118, 0.6263569442282926
137, 0.9806974526960984, 0.6663191965723082
138, 0.3417419589778108, 0.8097343491230061
139, 0.16191479143563792, 0.7259963096611382
140, 0.9680700579804328, 0.6877485628709623
141, 0.9472110482496203, 0.57178274148719
142, 0.367565214883669, 0.4373719912090144
143, 0.027496439491819014, 0.43975627417118923
144, 0.8594075795543884, 0.5631700429867843
145, 0.5104380359418081, 0.3813936251331863
146, 0.20899142014189864, 0.46254238789405033
147, 0.24257420426313026, 0.5838434288215696
148, 0.6993958466282137, 0.7520051559712609
149, 0.9023150135361293, 0.3216526426926284
150, 0.7289834499681773, 0.3960081677506331
151, 0.9701107036129617, 0.06311079061152636
152, 0.24212186603511743, 0.7113056286020905
153, 0.6578842647984451, 0.806135703061048
154, 0.015328534824362583, 0.9344151340492142
155, 0.8037061129397025, 0.2973651376986953
156, 0.8939905032038623, 0.1428532260367784
157, 0.8375412356574966, 0.9831474454534365
158, 0.6652903276998733, 0.48983325315450665
159, 0.050746506424148685, 0.1664589134709814
160, 0.9793576113795407, 0.604095879719693
161, 0.8996595107016626, 0.5989164795553857
162, 0.6666150974390318, 0.10565357674022602
163, 0.8056459030668903, 0.667104758822108
164, 0.904393783411506, 0.5886433596768548
165, 0.7252420134321496, 0.6314149522272361
166, 0.23635315319789985, 0.606220513882374
167, 0.6347018572052215, 0.8633071196404818
168, 0.5318494557484095, 0.8964272185660072
169, 0.06970374432842441, 0.15920935290287508
170, 0.10519846165769309, 0.09840472275610301
171, 0.6503546033003668, 0.6865339528090426
172, 0.5388722712175833, 0.21003647242778156
173, 0.8194481500314355, 0.5580356711873832
174, 0.3891088579823132, 0.3358023639030321
175, 0.10459566599156345, 0.7840405875996798
176, 0.08271750913731979, 0.8621586257847516
177, 0.05512777001888247, 0.4917976362678457
178, 0.6377049740212565, 0.25796650039454283
179, 0.933122724772377, 0.8799538437293067
180, 0.4133143857076389, 0.4103146738639699
181, 0.67042838509586, 0.6888975566107256
182, 0.7698425431046253, 0.6984000661019928
183, 0.7701353785862814, 0.30672957620396135
184, 0.011649578517026749, 0.47103300461041475
185, 0.768812044354844, 0.6450949042314114
186, 0.5734865234321754, 0.35171954815376527
187, 0.618719411048836, 0.24116141185545004
188, 0.5153555717685033, 0.3430682386560554
189, 0.4619042909844716, 0.02365496675942591
190, 0.27951663713190467, 0.116323495203693
191, 0.8458881906726587, 0.11745018693902742
192, 0.46854787924846986, 0.6747652570882665
193, 0.7088535027375822, 0.34377463510695483
194, 0.34750339203179803, 0.553459889928213
195, 0.9402948237915784, 0.37607221573275484
196, 0.8451066029966219, 0.8714093077127871
197, 0.2603148287327014, 0.08121440973791783
198, 0.9722377131696159, 0.7998956450138337
199, 0.07095255545476731, 0.1090584477622325
200, 0.22946643364933472, 0.2442070178243041
201, 0.1442173547614315, 0.823728443206694
202, 0.9665770545246997, 0.9194094278129329
203, 0.5828778600509215, 0.2820575045853174
204, 0.23563932566825618, 0.14554367497404963
205, 0.8069050240881275, 0.14372546458867086
206, 0.8311793996495618, 0.6079709498070883
207, 0.8184680815025853, 0.9748633660018364
208, 0.1822109090186147, 0.4861304561422456
209, 0.06528315833951615, 0.6505616219903323
210, 0.9083143793498267, 0.6896333394746785
211, 0.7952917835338532, 0.5618205126291538
212, 0.6248222825513956, 0.5058366054356076
213, 0.5601750273316702, 0.3905152328144681
214, 0.5197541771156365, 0.4760728571011822
215, 0.862741867100309, 0.8952490328454773
216, 0.08540373539905433, 0.3197295707990724
217, 0.8163386677519285, 0.7486920836661488
218, 0.31092918436292094, 0.2158242879517247
219, 0.13894438435515155, 0.030755760160745993
220, 0.0666013500854209, 0.15111747858108227
221, 0.11990266797397497, 0.30673382306467334
222, 0.9944325935924478, 0.534623017730344
223, 0.8810927641376209, 0.651027828211728
224, 0.5839213336704847, 0.6710285880051293
225, 0.6163579051516332, 0.2945314633968372
226, 0.7590631236513004, 0.8198632136352177
227, 0.3419774833404219, 0.8009913313524603
228, 0.06994437500383566, 0.5563347014174165
229, 0.696496019987431, 0.279657432317727
230, 0.46769890893603827, 0.2501349434415071
231, 0.09612435554726617, 0.03590502149412511
232, 0.3401729938762631, 0.20130868667731572
233, 0.3012611775102587, 0.9800974789438694
234, 0.883793064121611, 0.5168236336871662
235, 0.41369834393290217, 0.153135087008187
236, 0.6004135502535891, 0.6742015633703979
237, 0.1308745845178585, 0.15456772779053018
238, 0.3744420558986937, 0.05154897417014981
239, 0.013332007898132603, 0.004074061485644376
240, 0.5131461796268278, 0.3016462436643077
241, 0.25513482157008827, 0.1789373518427666
242, 0.6606779525979808, 0.8040450290039621
243, 0.0796750213307037, 0.2530407362798065
244, 0.6766561906601989, 0.14648771242406777
245, 0.22308853568411546, 0.43227492642485466
246, 0.972690672265102, 0.0407745532161079
247, 0.6351322013671826, 0.8804103251313861
248, 0.967545589186369, 0.9326251408368935
249, 0.321212828410843, 0.5180493643687026
250, 0.0005741359939304136, 0.1566379841242982
251, 0.6192981317141918, 0.5771292625891233
252, 0.3853633140650764, 0.3452207024496782
253, 0.7078092476959793, 0.16190651712418735
254, 0.8183843136873092, 0.32801069721091125
255, 0.9514465468456932, 0.5910340885383307
256, 0.5952825074360325, 0.3923250388381543
257, 0.998242502612547, 0.0616062046137581
258, 0.8277987967334828, 0.6847245840877391
259, 0.6433030696823414, 0.23138741979651645
260, 0.5366593050647568, 0.9429400591344343
261, 0.9635282622978448, 0.49145499732816145
262, 0.19253266776018862, 0.11799916937447275
263, 0.8525468649459425, 0.8503562548212323
264, 0.8317512154907152, 0.9206681296815303
265, 0.18537875757134537, 0.4609881883491478
266, 0.27231537109994497, 0.13354125248632354
267, 0.34700280443389286, 0.9131144425097261
268, 0.38705251000534646, 0.17645953417812776
269, 0.8341547753553755, 0.02386666831585016
270, 0.9504160354480599, 0.4480199251101259
271, 0.37337258569505716, 0.8549809147762373
272, 0.27430696642288344, 0.1283266172743428
273, 0.17113540766597168, 0.6437587424226506
274, 0.8359098841265822, 0.03429410425928392
275, 0.6990911599577404, 0.7931990826960317
276, 0.7809305509736285, 0.6959211861008948
277, 0.5542561891419348, 0.26834654988659645
278, 0.7034117316671297, 0.2385753433320904
279, 0.14035191851238416, 0.5531457884111732
280, 0.11474045974750935, 0.36264518284449754
281, 0.7288194713506048, 0.600778687597698
282, 0.15445436822837322, 0.2996342123403758
283, 0.8918039221810812, 0.8981731245304595
284, 0.3461168578987862, 0.8830588790245013
285, 0.1877504640534836, 0.30558164568571355
286, 0.08364607284058723, 0.4099822737126393
287, 0.2923023814718384, 0.7075492039399376
288, 0.8777700329844921, 0.3584439926587578
289, 0.9078466655213441, 0.6998305032772238
290, 0.609052140449251, 0.31834056554687895
291, 0.8768868814232006, 0.41039215753676583
292, 0.021875236360755834, 0.5630175504710333
293, 0.23961026330984236, 0.856359971198185
294, 0.33543089626607614, 0.20957692561811425
295, 0.8090664334248283, 0.9806936814991801
296, 0.9786623251369466, 0.26813701996484285
297, 0.30884595436765994, 0.6796130208971574
298, 0.8588488364889187, 0.15846031259366622
299, 0.6163848817094004, 0.47438000296894567
300, 0.8268666395294848, 0.9586479147850631
301, 0.08729178256316195, 0.5351009120742883
302, 0.047842993925312216, 0.17581132220958706
303, 0.30498746806226507, 0.8773169904042466
304, 0.3410585508618188, 0.2602988039759614
305, 0.5394200378580182, 0.016121120922856336
306, 0.571665829371673, 0.7937507681549721
307, 0.7511414342678696, 0.30155530061097235
308, 0.9267869126931816, 0.3913933365915393
309, 0.16292044401012495, 0.057462625302191594
310, 0.4277604831015879, 0.16198343221565403
311, 0.279678659134755, 0.563015278199908
312, 0.26538947995460105, 0.21218334416283835
313, 0.7102020668607101, 0.42061103175359493
314, 0.2703445195464872, 0.07388134638967914
315, 0.6805818977707039, 0.8509903882686343
316, 0.3294403420079113, 0.823125970282318
317, 0.22615417247191005, 0.2201871035806724
318, 0.7833353918559955, 0.6145708417704537
319, 0.2661318019028891, 0.9079722560591603
320, 0.04507181320500164, 0.3238367358375628
321, 0.2167125828994516, 0.8999509465845609
322, 0.8289163529190355, 0.8581334012741848
323, 0.049794986022265064, 0.5711113707159495
324, 0.8813414282668414, 0.35172485609930493
325, 0.32090374268805355, 0.02633513593225323
326, 0.0826447766906756, 0.575660532802118
327, 0.492156367619892, 0.542957749437702
328, 0.92099572204419, 0.2751670068361558
329, 0.8979442421156131, 0.42142146380850154
330, 0.3957862491309402, 0.21604076189459986
331, 0.9463566191752689, 0.9175236637143013
332, 0.8948296194678481, 0.9972878411807784
333, 0.841587695774821, 0.08992319121979786
334, 0.28976062871345076, 0.9651761824252917
335, 0.9272423526114852, 0.8098269309284128
336, 0.35105459828453434, 0.7094825102639772
337, 0.5558226572203279, 0.07683426843511121
338, 0.5126861615027233, 0.8805683056013472
339, 0.33756315343400367, 0.744463989026179
340, 0.06011082928336475, 0.011250595451045231
341, 0.05879750562009267, 0.15191241268664346
342, 0.18922784180021845, 0.5211502365997379
343, 0.7238684513805423, 0.8107868072308985
344, 0.8349319726551945, 0.9666505846934521
345, 0.09281570312877363, 0.30914032115017653
346, 0.6321307185071245, 0.6057176919062999
347, 0.7677963600253015, 0.6404440307944207
348, 0.46498095057339384, 0.06976054423700995
349, 0.5184652444968951, 0.639908042229013
350, 0.37996774536747113, 0.6070061960272346
351, 0.37161909682604544, 0.2042364506924904
352, 0.3236637239628628, 0.7723817278330959
353, 0.685113719356832, 0.1958325547686991
354, 0.912581512026203, 0.22996587550190928
355, 0.3931712108910539, 0.6545218994087708
356, 0.6418850477967994, 0.9762473692312726
357, 0.641708255012556, 0.9236628771756517
358, 0.075495069457168, 0.2472101635876346
359, 0.03439378449117969, 0.5279818218468537
360, 0.6284408333041472, 0.0836211695380148
361, 0.9583122726621365, 0.6063656052783507
362, 0.9108779672784421, 0.8780979197088866
363, 0.5754375166580218, 0.5858484037310706
364, 0.2566592883436969, 0.6610870346671127
365, 0.2074980072976259, 0.21034887560397075
366, 0.16114020274974972, 0.0050684674335370605
367, 0.3413424666328335, 0.44900807577035695
368, 0.2613261080485677, 0.5742771979149343
369, 0.4072131303672789, 0.1350791505092369
370, 0.5796648744042886, 0.04761624498604888
371, 0.773725457183104, 0.2161009160962063
372, 0.9456447007043245, 0.15420173774588308
373, 0.07477177452392436, 0.46639188453459623
374, 0.11228641655583582, 0.6448655562126014
375, 0.4271469101289469, 0.06475996941446938
376, 0.36699521418193015, 0.6634597682832846
377, 0.05949374502883498, 0.1389422151701838
378, 0.4067896214090646, 0.2890773265325811
379, 0.46376589633259435, 0.4808514980316221
380, 0.1900165941402353, 0.3972396709629814
381, 0.6286787106620559, 0.3900582651741392
382, 0.945816624819566, 0.40754351522563637
383, 0.2742346568486297, 0.15359752975515162
384, 0.226582729563382, 0.11446193025443707
385, 0.310462961313577, 0.2541873877354237
386, 0.190851044679754, 0.7690056062021527
387, 0.5258265791959736, 0.21111668362967684
388, 0.9081300262230114, 0.29066576408910416
389, 0.23682927602740467, 0.41848139944884666
390, 0.07462350554538788, 0.6898576848417657
391, 0.9616430009663794, 0.5789394199237954
392, 0.0774367210698188, 0.7346884273184027
393, 0.8735608555559844, 0.6391382161994086
394, 0.39118555857274084, 0.9783191997961692
395, 0.2707836675546226, 0.06843725322068983
396, 0.97202179951683, 0.41457027711876726
397, 0.6566590728784439, 0.760659821394191
398, 0.35966889897491894, 0.18947210842303408
399, 0.20918804790720313, 0.11749164015408808
400, 0.9432977811154285, 0.9093560502318726
401, 0.3832410105273377, 0.047458836464494114
402, 0.12544679587604302, 0.1123519645375759
403, 0.750996884177418, 0.5125746827296946
404, 0.83356111746563, 0.2540537170049225
405, 0.4314095891423636, 0.0392890421874218
406, 0.30286093451296947, 0.7368766863676371
407, 0.35074591457370263, 0.7169514616172971
408, 0.48028780226570245, 0.03195276954233506
409, 0.7567927080310161, 0.6866957640676686
410, 0.8653677935158737, 0.3530920407328092
411, 0.009364595611569104, 0.07672821693329301
412, 0.270016407581668, 0.4942263382208394
413, 0.9425592038337238, 0.21884862572167096
414, 0.6256866462977588, 0.8243116716205592
415, 0.5921651580218809, 0.4993018583933043
416, 0.7482214063777523, 0.18578369695108066
417, 0.7179945697438957, 0.22104050847826517
418, 0.2719312727318024, 0.34325892540778846
419, 0.9201152120371411, 0.5097282581083565
420, 0.1270766469162622, 0.7016812279409617
421, 0.7013149782608469, 0.12088434508033796
422, 0.2918970726911456, 0.6156197448836711
423, 0.0371064763108766, 0.5926207052579302
424, 0.0072678411248569, 0.19410764892636856
425, 0.4042229666121844, 0.946155633178298
426, 0.6447795457489023, 0.2049938904865405
427, 0.8564354329930882, 0.24776904963136226
428, 0.7207658209140346, 0.0859964054505522
429, 0.039798712761411226, 0.5488186398179679
430, 0.16774833608971462, 0.19929384304914466
431, 0.149708717206833, 0.5506497083687574
432, 0.7291630658153111, 0.09830266870409543
433, 0.1415364855722363, 0.5033423097524712
434, 0.8150445243699661, 0.8513320871838611
435, 0.91964780526143, 0.14039981652998101
436, 0.9371715811813208, 0.014890492780553655
437, 0.7237769193458881, 0.5328959909117543
438, 0.289034353971218, 0.6452901340912051
439, 0.8653864727593705, 0.542003089370628
440, 0.0789043192426464, 0.3720879124976342
441, 0.465179187013947, 0.12050947118065225
442, 0.7798642439769962, 0.2293463477711044
443, 0.8735301894211485, 0.32022584657194186
444, 0.3858244717476743, 0.025181665820723453
445, 0.9930796327653981, 0.9395790811569136
446, 0.32251408122752123, 0.994037929047689
447, 0.6738108514175181, 0.08888033097741843
448, 0.490979881462857, 0.7582088403908751
449, 0.7502889607531432, 0.05353024556318309
450, 0.48611678487668264, 0.006588266192843917
451, 0.4820114043717285, 0.5119534974314207
452, 0.9216264817248334, 0.6621891208445772
453, 0.17612624332904836, 0.34787385397522064
454, 0.5799919620164067, 0.6828185360632587
455, 0.11971715499803603, 0.2311383564085333
456, 0.5015436497219654, 0.4408615486571048
457, 0.21728524693858609, 0.8499734521856082
458, 0.40588917773721234, 0.9977061176655434
459, 0.28974898603544474, 0.021141807680921665
460, 0.30105063300150814, 0.640394004951076
461, 0.26348485483559403, 0.8537548147435029
462, 0.8017360816272217, 0.8897423939443976
463, 0.03730992455689708, 0.7640243471263358
464, 0.09340559024413142, 0.029474412809814443
465, 0.9119543733709609, 0.7853764282556907
466, 0.2382781352796438, 0.2547811357122789
467, 0.6249108327295105, 0.16230983274521982
468, 0.6327847456901156, 0.2574175460499576
469, 0.35455908367223543, 0.1900848441166889
470, 0.916312197214669, 0.17264421663590301
471, 0.32063391917347317, 0.8257719167611344
472, 0.953884727712849, 0.353382320097426
473, 0.6687803046915282, 0.48446680188333324
474, 0.5743874030355796, 0.8860071589853861
475, 0.07303429021459562, 0.9939516322184636
476, 0.8471504854069273, 0.7078056915915774
477, 0.5300279704369145, 0.008797608064460727
478, 0.16195104434640306, 0.43860958442878484
479, 0.2776805386097775, 0.26645600008961146
480, 0.5776340616390357, 0.3748503616610245
481, 0.9290644166823447, 0.9769318671075093
482, 0.6106264574666727, 0.49575247268383793
483, 0.5297936798779906, 0.34754099928633386
484, 0.6748619461041885, 0.8871202365905138
485, 0.48018092199730855, 0.08203609548307789
486, 0.8116742840726135, 0.669699618118428
487, 0.40596566305718473, 0.8676688946021921
488, 0.5232575663111757, 0.9625049882311063
489, 0.42918122922601654, 0.7678449111284326
490, 0.30015739949895526, 0.04740883123131112
491, 0.5030741106621158, 0.8268405071677704
492, 0.30445699217859856, 0.5975528469355106
493, 0.8889699452693034, 0.6446309444619593
494, 0.31098921322160433, 0.423027945570686
495, 0.801315528036401, 0.56227140791487
496, 0.046450846521413625, 0.04260782178836575
497, 0.7390277595229582, 0.8472859820232498
498, 0.5406995234193538, 0.4114763624922867
499, 0.8394460494363033, 0.1547137653578784
500, 0.8358586289703738, 0.5020218346447594
501, 0.20511444311210236, 0.8617018900961728
502, 0.0014435785872792817, 0.296910944455852
503, 0.6360649306666364, 0.579175066574368
504, 0.5244836852487633, 0.7267981018273884
505, 0.735385587645494, 0.12632928085007278
506, 0.9314417312213708, 0.47882589108983786
507, 0.9983034088653842, 0.21153329604101934
508, 0.3450656642227271, 0.47424652606159723
509, 0.38041454758597804, 0.7064646603532007
510, 0.12313832997069085, 0.5583638802089191
511, 0.3798595038612739, 0.5788798539980561
512, 0.33540714788960146, 0.4131711204065557
513, 0.32431508408912313, 0.8335953661541776
514, 0.4895056313343067, 0.8205891303861004
515, 0.9394356942763568, 0.2579953683372349
516, 0.7918695840204337, 0.8751645042264362
517, 0.5771871098294579, 0.6771393703443053
518, 0.33700194604566214, 0.9673756130258867
519, 0.09420290923936903, 0.46144541871229827
520, 0.10429861815269592, 0.45047235682428355
521, 0.256726038941709, 0.8662611375402076
522, 0.6850019600972788, 0.32405875810621465
523, 0.8318037044058534, 0.262493675343211
524, 0.02670809464996482, 0.5457225200081822
525, 0.9292206242862748, 0.7285284722215275
526, 0.3563714983926404, 0.8298184666444938
527, 0.4557296945713746, 0.2632161039457981
528, 0.5491135158493108, 0.2833327452348404
529, 0.16622775628515674, 0.8448888734363483
530, 0.4809317661083039, 0.9250453243597118
531, 0.5675447522498752, 0.9839401870243467
532, 0.5690096084711995, 0.7673422018505637
533, 0.24480721929381644, 0.5571730066261851
534, 0.20229400888333848, 0.6162220287803069
535, 0.2892405407609755, 0.37145918932176547
536, 0.9550323356340009, 0.4415511734120452
537, 0.1532518208693816, 0.7674943025355148
538, 0.3018680382051778, 0.8191525303839685
539, 0.910808234828328, 0.3078541163210453
540, 0.031007514209856146, 0.4894720252468483
541, 0.11831104926324743, 0.6630756327643179
542, 0.9394545996693419, 0.872405037008205
543, 0.9645151423958199, 0.8223461381267476
544, 0.15274531625958876, 0.5169096240974055
545, 0.9712690078767315, 0.8414564213145918
546, 0.07608239546670426, 0.9880528781476088
547, 0.5141968693750754, 0.7859517433254329
548, 0.6241219663646738, 0.4611516298302809
549, 0.832251777110642, 0.9338264451437683
550, 0.912061944144046, 0.186229220239588
551, 0.9647171478048957, 0.3765874636492629
552, 0.18374490086808526, 0.16328785854751926
553, 0.9304708244933254, 0.08755618315001701
554, 0.3866504041624478, 0.06618614460445116
555, 0.8659786049088548, 0.21082704851258238
556, 0.8176699368819177, 0.4980937286685141
557, 0.8282029920892773, 0.26702749961664807
558, 0.841147724326238, 0.1985947672036502
559, 0.460770680748129, 0.959513798785527
end_nodes
0, 1
0, 2
0, 3
0, 4
0, 5
0, 6
0, 7
0, 8
0, 9
0, 10
0, 11
0, 12
0, 13
0, 14
0, 15
0, 16
0, 17
0, 18
0, 19
0, 20
0, 21
0, 22
0, 23
24, 207
24, 295
25, 335
26, 59
26, 65
26, 68
26, 179
26, 196
26, 263
26, 322
26, 362
26, 386
26, 434
26, 463
26, 537
26, 542
26, 543
26, 545
27, 2
27, 7
27, 8
27, 16
27, 17
27, 19
27, 28
27, 29
27, 30
27, 32
27, 36
27, 38
27, 39
27, 41
27, 45
27, 46
27, 47
27, 49
27, 50
27, 52
27, 53
27, 57
27, 64
31, 13
31, 459
35, 115
35, 157
35, 221
35, 300
35, 344
35, 389
35, 424
37, 520
37, 549
40, 18
40, 29
40, 38
40, 64
40, 69
40, 87
40, 98
40, 123
40, 145
40, 172
40, 188
40, 189
40, 230
40, 235
40, 238
40, 240
40, 305
40, 310
40, 337
40, 348
40, 351
40, 369
40, 375
42, 176
43, 2
43, 7
43, 8
43, 16
43, 17
43, 19
43, 28
43, 29
43, 30
43, 32
43, 36
43, 38
43, 39
43, 41
43, 45
43, 46
43, 47
43, 49
43, 50
43, 52
43, 53
43, 57
43, 64
44, 2
44, 7
44, 8
44, 16
44, 17
44, 19
44, 28
44, 29
44, 30
44, 32
44, 36
44, 38
44, 39
44, 41
44, 45
44, 46
44, 47
44, 49
44, 50
44, 52
44, 53
44, 57
44, 64
51, 5
51, 29
51, 38
51, 64
51, 67
51, 69
51, 73
51, 74
51, 87
51, 98
51, 123
51, 124
51, 136
51, 145
51, 172
51, 188
51, 189
51, 215
51, 230
51, 235
51, 238
51, 240
51, 248
56, 207
56, 295
58, 10
58, 20
58, 21
58, 50
58, 61
58, 85
58, 89
58, 94
58, 120
58, 128
58, 140
58, 154
58, 176
58, 198
58, 271
58, 284
58, 293
58, 319
58, 321
58, 335
58, 386
58, 457
58, 461
60, 29
60, 238
60, 272
60, 401
60, 554
62, 549
63, 2
63, 7
63, 8
63, 16
63, 17
63, 19
63, 28
63, 29
63, 30
63, 32
63, 36
63, 38
63, 39
63, 41
63, 45
63, 46
63, 47
63, 49
63, 50
63, 52
63, 53
63, 57
63, 64
66, 2
66, 7
66, 19
66, 28
66, 30
66, 36
66, 39
66, 45
66, 47
66, 49
66, 53
66, 57
66, 76
66, 77
66, 78
66, 81
66, 86
66, 93
66, 102
66, 103
66, 107
66, 108
66, 110
75, 157
79, 157
80, 264
80, 492
80, 519
82, 29
82, 207
82, 238
82, 295
82, 369
82, 401
82, 411
82, 444
82, 554
84, 179
84, 196
84, 263
84, 322
84, 362
84, 390
84, 434
84, 542
88, 5
88, 481
90, 549
92, 8
92, 46
92, 53
92, 70
92, 98
92, 108
92, 112
92, 126
92, 134
92, 162
92, 172
92, 178
92, 186
92, 187
92, 189
92, 203
92, 213
92, 225
92, 244
92, 256
92, 259
92, 277
92, 290
95, 179
95, 196
95, 263
95, 322
95, 362
95, 434
95, 542
96, 2
96, 7
96, 16
96, 17
96, 19
96, 28
96, 30
96, 41
96, 45
96, 47
96, 52
96, 57
96, 76
96, 77
96, 78
96, 81
96, 100
96, 102
96, 106
96, 107
96, 110
96, 111
96, 117
97, 1
97, 2
97, 3
97, 7
97, 8
97, 13
97, 16
97, 17
97, 18
97, 19
97, 22
97, 28
97, 29
97, 30
97, 32
97, 34
97, 36
97, 38
97, 39
97, 41
97, 45
97, 46
97, 47
99, 4
99, 29
99, 38
99, 87
99, 123
99, 170
99, 207
99, 235
99, 238
99, 295
99, 310
99, 369
99, 375
99, 401
99, 405
99, 444
99, 554
101, 179
101, 196
101, 263
101, 322
101, 362
101, 434
101, 463
101, 542
104, 2
104, 7
104, 8
104, 16
104, 17
104, 19
104, 23
104, 28
104, 29
104, 30
104, 32
104, 36
104, 38
104, 39
104, 41
104, 45
104, 46
104, 47
104, 49
104, 52
104, 53
104, 57
104, 64
105, 29
105, 38
105, 87
105, 218
105, 235
105, 238
105, 304
105, 310
105, 369
105, 375
105, 383
105, 401
105, 405
105, 444
105, 554
109, 207
109, 295
113, 157
114, 280
114, 549
116, 366
119, 331
119, 541
131, 2
131, 7
131, 8
131, 16
131, 17
131, 19
131, 28
131, 29
131, 30
131, 32
131, 36
131, 38
131, 39
131, 41
131, 45
131, 46
131, 47
131, 49
131, 50
131, 52
131, 53
131, 57
131, 64
133, 2
133, 7
133, 8
133, 16
133, 17
133, 19
133, 28
133, 29
133, 30
133, 32
133, 36
133, 38
133, 39
133, 41
133, 45
133, 46
133, 47
133, 49
133, 50
133, 52
133, 53
133, 57
133, 64
135, 261
138, 33
139, 179
139, 196
139, 263
139, 322
139, 362
139, 434
139, 542
142, 207
142, 295
143, 5
143, 481
146, 549
147, 5
147, 481
148, 2
148, 7
148, 17
148, 19
148, 28
148, 30
148, 39
148, 45
148, 47
148, 49
148, 52
148, 57
148, 76
148, 77
148, 78
148, 81
148, 86
148, 93
148, 102
148, 107
148, 110
148, 121
148, 122
153, 1
153, 2
153, 7
153, 8
153, 16
153, 17
153, 19
153, 28
153, 29
153, 30
153, 32
153, 36
153, 38
153, 39
153, 41
153, 45
153, 46
153, 47
153, 49
153, 52
153, 53
153, 55
153, 57
158, 2
158, 39
158, 47
158, 49
158, 86
158, 93
158, 122
158, 127
158, 134
158, 162
158, 183
158, 191
158, 193
158, 205
158, 229
158, 244
158, 253
158, 259
158, 269
158, 274
158, 278
158, 298
158, 307
159, 157
163, 107
163, 141
163, 161
163, 164
163, 222
163, 261
163, 270
163, 396
163, 419
163, 506
163, 536
165, 2
165, 7
165, 19
165, 28
165, 45
165, 47
165, 57
165, 76
165, 78
165, 81
165, 102
165, 110
165, 122
165, 149
165, 151
165, 155
165, 156
165, 183
165, 191
165, 195
165, 205
165, 211
165, 246
166, 5
166, 481
167, 2
167, 7
167, 8
167, 16
167, 17
167, 19
167, 28
167, 29
167, 30
167, 32
167, 36
167, 38
167, 39
167, 41
167, 45
167, 46
167, 47
167, 49
167, 50
167, 52
167, 53
167, 57
167, 64
168, 2
168, 7
168, 8
168, 16
168, 17
168, 19
168, 28
168, 29
168, 30
168, 32
168, 36
168, 38
168, 39
168, 41
168, 45
168, 46
168, 47
168, 49
168, 50
168, 52
168, 53
168, 57
168, 64
171, 2
171, 7
171, 8
171, 19
171, 28
171, 36
171, 39
171, 45
171, 46
171, 47
171, 49
171, 53
171, 57
171, 70
171, 71
171, 76
171, 81
171, 83
171, 86
171, 93
171, 98
171, 102
171, 103
173, 19
173, 28
173, 78
173, 102
173, 195
173, 291
173, 296
173, 308
173, 329
173, 382
173, 396
173, 472
173, 507
173, 515
173, 536
173, 551
174, 29
174, 304
174, 383
177, 5
177, 481
180, 29
180, 204
180, 238
180, 241
180, 385
180, 401
180, 444
180, 554
181, 2
181, 7
181, 8
181, 19
181, 28
181, 36
181, 39
181, 45
181, 46
181, 47
181, 49
181, 53
181, 57
181, 71
181, 76
181, 78
181, 81
181, 83
181, 86
181, 93
181, 102
181, 103
181, 108
182, 30
182, 52
182, 77
182, 78
182, 102
182, 107
182, 141
182, 144
182, 161
182, 164
182, 195
182, 206
182, 222
182, 234
182, 255
182, 261
182, 270
182, 296
182, 308
182, 329
182, 382
182, 391
182, 393
184, 5
184, 481
185, 19
185, 28
185, 30
185, 45
185, 76
185, 78
185, 102
185, 110
185, 144
185, 149
185, 151
185, 195
185, 211
185, 234
185, 246
185, 257
185, 261
185, 270
185, 288
185, 291
185, 296
185, 308
185, 324
192, 29
192, 38
192, 64
192, 69
192, 87
192, 98
192, 112
192, 123
192, 145
192, 172
192, 188
192, 189
192, 230
192, 235
192, 238
192, 240
192, 305
192, 310
192, 337
192, 348
192, 369
192, 375
192, 387
194, 280
194, 549
199, 207
199, 295
202, 15
202, 23
202, 152
202, 209
202, 339
202, 390
202, 406
202, 420
202, 541
208, 549
212, 8
212, 39
212, 46
212, 49
212, 53
212, 71
212, 83
212, 86
212, 93
212, 108
212, 122
212, 126
212, 134
212, 162
212, 178
212, 187
212, 203
212, 205
212, 225
212, 229
212, 244
212, 253
212, 259
214, 29
214, 38
214, 46
214, 64
214, 69
214, 70
214, 87
214, 98
214, 108
214, 111
214, 112
214, 123
214, 145
214, 172
214, 188
214, 189
214, 230
214, 235
214, 238
214, 240
214, 277
214, 305
214, 310
217, 41
217, 137
217, 140
217, 160
217, 210
217, 289
217, 361
217, 452
224, 2
224, 7
224, 8
224, 22
224, 29
224, 32
224, 38
224, 39
224, 46
224, 47
224, 48
224, 49
224, 53
224, 64
224, 69
224, 70
224, 71
224, 81
224, 83
224, 86
224, 87
224, 93
224, 98
226, 20
226, 41
226, 50
226, 54
226, 61
226, 89
226, 94
226, 120
226, 125
226, 137
226, 140
226, 154
226, 201
226, 284
226, 316
226, 319
226, 321
226, 457
226, 465
226, 471
226, 513
226, 525
226, 526
228, 5
228, 481
232, 314
233, 2
233, 7
233, 8
233, 16
233, 17
233, 19
233, 28
233, 29
233, 30
233, 32
233, 36
233, 38
233, 39
233, 41
233, 45
233, 46
233, 47
233, 49
233, 50
233, 52
233, 53
233, 57
233, 64
236, 2
236, 3
236, 7
236, 8
236, 19
236, 28
236, 32
236, 34
236, 36
236, 38
236, 39
236, 46
236, 47
236, 49
236, 53
236, 64
236, 69
236, 70
236, 71
236, 76
236, 81
236, 83
236, 86
237, 207
237, 295
239, 207
239, 295
242, 1
242, 2
242, 4
242, 7
242, 8
242, 9
242, 16
242, 17
242, 19
242, 28
242, 30
242, 32
242, 36
242, 38
242, 39
242, 41
242, 45
242, 46
242, 47
242, 49
242, 52
242, 53
242, 55
243, 157
247, 7
247, 8
247, 16
247, 17
247, 28
247, 30
247, 32
247, 36
247, 38
247, 39
247, 41
247, 45
247, 46
247, 47
247, 49
247, 50
247, 52
247, 53
247, 57
247, 64
247, 69
247, 70
247, 71
249, 118
249, 216
250, 157
251, 8
251, 39
251, 46
251, 49
251, 53
251, 70
251, 71
251, 83
251, 86
251, 93
251, 98
251, 108
251, 112
251, 122
251, 126
251, 127
251, 134
251, 162
251, 172
251, 178
251, 183
251, 186
251, 187
252, 366
258, 52
258, 107
258, 141
258, 161
258, 164
258, 222
258, 255
258, 261
258, 391
258, 393
260, 8
260, 16
260, 17
260, 30
260, 32
260, 36
260, 38
260, 41
260, 45
260, 46
260, 49
260, 50
260, 52
260, 53
260, 57
260, 64
260, 69
260, 70
260, 71
260, 76
260, 77
260, 78
260, 81
265, 549
267, 16
267, 17
267, 30
267, 32
267, 36
267, 41
267, 45
267, 50
267, 52
267, 53
267, 57
267, 64
267, 69
267, 70
267, 71
267, 76
267, 78
267, 81
267, 83
267, 86
267, 87
267, 89
267, 93
268, 13
273, 73
273, 215
273, 248
273, 423
273, 445
275, 16
275, 17
275, 18
275, 30
275, 36
275, 41
275, 52
275, 57
275, 76
275, 77
275, 78
275, 81
275, 86
275, 93
275, 100
275, 102
275, 106
275, 107
275, 110
275, 111
275, 117
275, 121
275, 122
276, 30
276, 52
276, 78
276, 107
276, 141
276, 144
276, 161
276, 164
276, 195
276, 206
276, 222
276, 234
276, 255
276, 261
276, 270
276, 308
276, 382
276, 391
276, 393
276, 396
276, 419
276, 439
276, 472
279, 5
279, 481
281, 57
281, 76
281, 81
281, 102
281, 110
281, 122
281, 149
281, 151
281, 155
281, 156
281, 183
281, 191
281, 195
281, 205
281, 246
281, 254
281, 257
281, 269
281, 274
281, 288
281, 291
281, 296
281, 298
282, 157
283, 15
283, 23
283, 152
283, 209
283, 339
283, 390
283, 406
283, 420
283, 541
285, 157
286, 549
287, 331
292, 67
292, 462
294, 190
294, 197
297, 5
297, 481
299, 71
299, 83
299, 86
299, 93
299, 108
299, 122
299, 126
299, 134
299, 162
299, 178
299, 187
299, 203
299, 225
299, 229
299, 244
299, 253
299, 259
299, 278
299, 290
299, 305
299, 337
299, 353
299, 360
301, 5
301, 481
302, 157
303, 335
306, 5
306, 32
306, 36
306, 57
306, 64
306, 67
306, 69
306, 70
306, 71
306, 76
306, 77
306, 78
306, 81
306, 83
306, 86
306, 87
306, 93
306, 98
306, 102
306, 103
306, 107
306, 108
306, 110
311, 549
312, 219
315, 16
315, 17
315, 32
315, 36
315, 41
315, 50
315, 52
315, 64
315, 69
315, 70
315, 71
315, 76
315, 77
315, 78
315, 81
315, 83
315, 86
315, 87
315, 89
315, 93
315, 98
315, 100
315, 102
317, 552
318, 76
318, 78
318, 102
318, 110
318, 149
318, 151
318, 195
318, 234
318, 246
318, 257
318, 270
318, 288
318, 291
318, 296
318, 308
318, 324
318, 328
318, 329
318, 354
318, 372
318, 382
318, 388
318, 396
320, 549
323, 67
323, 462
325, 13
326, 5
326, 481
327, 48
327, 64
327, 69
327, 87
327, 98
327, 112
327, 123
327, 145
327, 172
327, 188
327, 189
327, 219
327, 230
327, 235
327, 238
327, 240
327, 262
327, 305
327, 309
327, 310
327, 337
327, 348
327, 369
330, 13
332, 1
332, 115
332, 118
332, 216
332, 221
332, 245
332, 280
332, 345
332, 380
332, 389
332, 511
334, 16
334, 17
334, 32
334, 41
334, 50
334, 52
334, 64
334, 69
334, 70
334, 71
334, 76
334, 78
334, 81
334, 83
334, 86
334, 87
334, 89
334, 93
334, 98
334, 100
334, 102
334, 103
334, 107
336, 67
336, 73
336, 136
336, 215
336, 248
336, 423
336, 445
336, 462
336, 481
338, 16
338, 17
338, 32
338, 41
338, 50
338, 69
338, 70
338, 71
338, 76
338, 77
338, 78
338, 81
338, 83
338, 86
338, 87
338, 89
338, 93
338, 98
338, 100
338, 102
338, 103
338, 107
338, 108
342, 264
342, 519
343, 16
343, 33
343, 55
343, 77
343, 78
343, 89
343, 100
343, 102
343, 107
343, 137
343, 140
343, 141
343, 144
343, 160
343, 161
343, 164
343, 175
343, 195
343, 206
343, 210
343, 222
343, 223
343, 227
346, 70
346, 71
346, 76
346, 81
346, 83
346, 86
346, 93
346, 103
346, 108
346, 110
346, 112
346, 121
346, 122
346, 126
346, 127
346, 134
346, 150
346, 151
346, 155
346, 156
346, 162
346, 172
346, 178
347, 76
347, 78
347, 102
347, 110
347, 144
347, 149
347, 151
347, 195
347, 211
347, 234
347, 246
347, 257
347, 261
347, 270
347, 288
347, 291
347, 296
347, 308
347, 324
347, 328
347, 329
347, 354
347, 372
349, 32
349, 69
349, 70
349, 71
349, 83
349, 87
349, 98
349, 108
349, 112
349, 123
349, 126
349, 134
349, 145
349, 162
349, 172
349, 178
349, 186
349, 187
349, 188
349, 189
349, 203
349, 207
349, 213
350, 549
352, 179
352, 196
352, 263
352, 322
352, 362
352, 434
352, 542
356, 50
356, 69
356, 70
356, 71
356, 76
356, 77
356, 78
356, 81
356, 83
356, 86
356, 87
356, 89
356, 93
356, 98
356, 100
356, 102
356, 103
356, 107
356, 108
356, 110
356, 112
356, 121
356, 122
357, 50
357, 69
357, 70
357, 71
357, 76
357, 77
357, 78
357, 81
357, 83
357, 86
357, 87
357, 89
357, 93
357, 98
357, 100
357, 102
357, 103
357, 107
357, 108
357, 110
357, 112
357, 121
357, 122
358, 157
359, 5
359, 481
363, 18
363, 69
363, 70
363, 71
363, 83
363, 86
363, 87
363, 93
363, 98
363, 108
363, 111
363, 112
363, 122
363, 123
363, 126
363, 134
363, 145
363, 162
363, 172
363, 178
363, 186
363, 187
363, 188
364, 5
364, 67
364, 124
364, 462
364, 481
367, 220
367, 295
367, 377
376, 5
376, 481
378, 238
378, 401
378, 444
378, 469
378, 554
379, 87
379, 123
379, 189
379, 204
379, 230
379, 235
379, 238
379, 310
379, 348
379, 366
379, 369
379, 375
379, 384
379, 385
379, 401
379, 405
379, 408
379, 441
379, 444
379, 450
379, 485
379, 527
379, 554
381, 86
381, 108
381, 134
381, 162
381, 178
381, 187
381, 225
381, 244
381, 253
381, 259
381, 353
381, 360
381, 370
381, 421
381, 426
381, 428
381, 432
381, 447
381, 449
381, 467
381, 468
392, 179
392, 196
392, 263
392, 322
392, 362
392, 434
392, 542
394, 50
394, 69
394, 70
394, 71
394, 76
394, 77
394, 78
394, 81
394, 83
394, 86
394, 87
394, 89
394, 93
394, 98
394, 100
394, 102
394, 103
394, 107
394, 108
394, 110
394, 112
394, 121
394, 122
397, 3
397, 13
397, 18
397, 34
397, 69
397, 70
397, 71
397, 76
397, 77
397, 78
397, 81
397, 83
397, 86
397, 87
397, 93
397, 98
397, 102
397, 103
397, 107
397, 108
397, 110
397, 111
397, 112
400, 15
400, 23
400, 152
400, 209
400, 339
400, 390
400, 406
400, 420
400, 541
409, 77
409, 102
409, 107
409, 110
409, 144
409, 149
409, 151
409, 161
409, 164
409, 195
409, 206
409, 211
409, 222
409, 234
409, 246
409, 257
409, 261
409, 270
409, 288
409, 291
409, 296
409, 308
409, 324
412, 549
414, 23
414, 69
414, 70
414, 71
414, 77
414, 81
414, 83
414, 87
414, 93
414, 98
414, 100
414, 103
414, 107
414, 108
414, 110
414, 112
414, 121
414, 122
414, 123
414, 125
414, 126
414, 127
414, 134
415, 70
415, 71
415, 83
415, 98
415, 108
415, 112
415, 126
415, 134
415, 162
415, 172
415, 178
415, 186
415, 187
415, 189
415, 203
415, 213
415, 225
415, 244
415, 253
415, 256
415, 259
415, 277
415, 290
418, 207
418, 295
422, 5
422, 481
425, 50
425, 69
425, 70
425, 77
425, 81
425, 83
425, 87
425, 89
425, 93
425, 98
425, 100
425, 103
425, 107
425, 108
425, 110
425, 112
425, 121
425, 122
425, 123
425, 126
425, 127
425, 134
425, 137
429, 5
429, 481
430, 207
430, 295
431, 5
431, 481
437, 110
437, 122
437, 127
437, 151
437, 155
437, 156
437, 183
437, 191
437, 205
437, 246
437, 254
437, 257
437, 269
437, 274
437, 298
437, 307
437, 328
437, 333
437, 354
437, 371
437, 372
437, 388
437, 404
438, 5
438, 481
440, 549
446, 50
446, 69
446, 77
446, 83
446, 87
446, 89
446, 98
446, 100
446, 103
446, 107
446, 108
446, 110
446, 112
446, 121
446, 122
446, 123
446, 126
446, 127
446, 134
446, 137
446, 140
446, 141
446, 144
448, 5
448, 108
448, 112
448, 122
448, 123
448, 126
448, 134
448, 145
448, 162
448, 172
448, 178
448, 186
448, 187
448, 188
448, 189
448, 203
448, 213
448, 225
448, 229
448, 230
448, 235
448, 238
448, 240
451, 123
451, 189
451, 204
451, 230
451, 235
451, 238
451, 241
451, 305
451, 310
451, 348
451, 366
451, 369
451, 375
451, 384
451, 385
451, 399
451, 401
451, 405
451, 408
451, 441
451, 444
451, 450
451, 477
453, 157
454, 22
454, 48
454, 103
454, 108
454, 110
454, 112
454, 121
454, 122
454, 123
454, 126
454, 127
454, 129
454, 132
454, 134
454, 145
454, 150
454, 151
454, 155
454, 156
454, 162
454, 172
454, 178
454, 183
456, 111
456, 123
456, 145
456, 188
456, 189
456, 230
456, 235
456, 238
456, 240
456, 305
456, 310
456, 337
456, 348
456, 351
456, 369
456, 375
456, 387
456, 398
456, 401
456, 405
456, 408
456, 441
456, 444
458, 50
458, 77
458, 89
458, 100
458, 103
458, 106
458, 107
458, 110
458, 112
458, 121
458, 122
458, 123
458, 126
458, 127
458, 134
458, 137
458, 140
458, 141
458, 144
458, 145
458, 149
458, 150
458, 151
460, 5
460, 481
473, 122
473, 127
473, 134
473, 162
473, 183
473, 191
473, 193
473, 205
473, 229
473, 244
473, 253
473, 269
473, 274
473, 278
473, 298
473, 307
473, 333
473, 353
473, 371
473, 416
473, 417
473, 421
473, 426
474, 77
474, 89
474, 100
474, 103
474, 106
474, 107
474, 110
474, 112
474, 121
474, 122
474, 123
474, 126
474, 127
474, 134
474, 137
474, 140
474, 141
474, 144
474, 145
474, 149
474, 150
474, 151
474, 155
475, 89
475, 100
475, 103
475, 107
475, 112
475, 121
475, 122
475, 123
475, 126
475, 127
475, 134
475, 137
475, 140
475, 141
475, 144
475, 145
475, 149
475, 150
475, 151
475, 155
475, 156
475, 160
475, 161
478, 549
482, 126
482, 134
482, 162
482, 178
482, 187
482, 203
482, 225
482, 229
482, 244
482, 253
482, 256
482, 259
482, 277
482, 278
482, 290
482, 305
482, 337
482, 353
482, 360
482, 370
482, 416
482, 417
482, 421
484, 77
484, 89
484, 100
484, 103
484, 112
484, 121
484, 123
484, 126
484, 127
484, 134
484, 137
484, 140
484, 141
484, 144
484, 145
484, 149
484, 150
484, 151
484, 155
484, 156
484, 160
484, 161
484, 162
486, 141
486, 161
486, 164
486, 222
486, 261
486, 391
487, 94
487, 120
487, 335
488, 77
488, 89
488, 100
488, 103
488, 106
488, 112
488, 121
488, 123
488, 126
488, 127
488, 134
488, 137
488, 140
488, 141
488, 144
488, 145
488, 149
488, 150
488, 151
488, 155
488, 156
488, 160
488, 161
489, 238
489, 263
489, 339
489, 401
489, 434
489, 444
489, 542
489, 554
491, 103
491, 121
491, 123
491, 125
491, 126
491, 127
491, 134
491, 145
491, 149
491, 150
491, 151
491, 155
491, 156
491, 162
491, 172
491, 178
491, 183
491, 186
491, 187
491, 188
491, 189
491, 191
491, 193
494, 341
495, 149
495, 151
495, 195
495, 246
495, 257
495, 288
495, 291
495, 296
495, 308
495, 324
495, 328
495, 329
495, 354
495, 372
495, 382
495, 388
495, 413
495, 472
495, 500
495, 507
495, 515
495, 539
495, 551
496, 207
496, 295
497, 15
497, 23
497, 74
497, 152
497, 179
497, 196
497, 209
497, 339
497, 362
497, 390
497, 406
497, 420
497, 465
497, 541
502, 549
503, 103
503, 121
503, 126
503, 127
503, 150
503, 151
503, 155
503, 156
503, 162
503, 178
503, 183
503, 187
503, 191
503, 193
503, 203
503, 205
503, 225
503, 229
503, 244
503, 246
503, 253
503, 256
503, 259
504, 123
504, 126
504, 145
504, 162
504, 172
504, 178
504, 186
504, 187
504, 188
504, 189
504, 191
504, 193
504, 203
504, 205
504, 213
504, 225
504, 229
504, 230
504, 235
504, 238
504, 240
504, 244
504, 253
508, 157
509, 481
510, 481
512, 207
512, 295
514, 103
514, 121
514, 126
514, 127
514, 145
514, 149
514, 150
514, 151
514, 155
514, 156
514, 162
514, 172
514, 178
514, 183
514, 186
514, 187
514, 188
514, 189
514, 191
514, 193
514, 201
514, 203
514, 205
516, 23
516, 136
516, 390
516, 420
516, 423
517, 22
517, 48
517, 121
517, 127
517, 129
517, 132
517, 145
517, 150
517, 151
517, 155
517, 156
517, 162
517, 172
517, 178
517, 183
517, 186
517, 187
517, 188
517, 189
517, 191
517, 193
517, 203
517, 205
518, 77
518, 89
518, 100
518, 121
518, 127
518, 137
518, 140
518, 141
518, 144
518, 145
518, 149
518, 150
518, 151
518, 155
518, 156
518, 160
518, 161
518, 162
518, 164
518, 172
518, 178
518, 183
518, 186
521, 335
524, 481
530, 89
530, 100
530, 121
530, 127
530, 137
530, 140
530, 141
530, 144
530, 145
530, 149
530, 150
530, 151
530, 155
530, 156
530, 160
530, 161
530, 162
530, 164
530, 172
530, 178
530, 183
530, 186
530, 187
531, 89
531, 100
531, 106
531, 121
531, 127
531, 137
531, 140
531, 141
531, 144
531, 145
531, 149
531, 150
531, 151
531, 155
531, 156
531, 160
531, 161
531, 162
531, 164
531, 172
531, 178
531, 183
531, 186
532, 121
532, 127
532, 145
532, 149
532, 150
532, 151
532, 155
532, 156
532, 172
532, 178
532, 183
532, 186
532, 187
532, 188
532, 189
532, 191
532, 193
532, 195
532, 203
532, 205
532, 211
532, 213
532, 225
533, 264
533, 519
535, 207
535, 295
546, 89
546, 100
546, 127
546, 137
546, 140
546, 141
546, 144
546, 149
546, 150
546, 155
546, 156
546, 160
546, 161
546, 164
546, 172
546, 178
546, 183
546, 186
546, 187
546, 188
546, 189
546, 191
546, 193
547, 15
547, 150
547, 152
547, 155
547, 156
547, 172
547, 178
547, 183
547, 186
547, 187
547, 188
547, 189
547, 191
547, 193
547, 203
547, 205
547, 209
547, 213
547, 225
547, 229
547, 230
547, 235
547, 238
548, 187
548, 225
548, 229
548, 244
548, 253
548, 259
548, 278
548, 290
548, 305
548, 337
548, 353
548, 360
548, 370
548, 417
548, 421
548, 426
548, 428
548, 432
548, 447
548, 449
548, 467
548, 468
548, 505
559, 89
559, 100
559, 106
559, 137
559, 140
559, 141
559, 144
559, 149
559, 150
559, 155
559, 156
559, 160
559, 161
559, 164
559, 183
559, 186
559, 187
559, 188
559, 189
559, 191
559, 193
559, 195
559, 203
end