460
4
0, 0.9775866086664009, 0.5282074443532417
1, 0.41069246115957636, 0.5184778615035821
2, 0.8887855665361976, 0.9186060511371985
3, 0.7553056891352504, 0.6657770877256921
4, 0.40124795791315016, 0.6486700321695809
5, 0.7583447312156126, 0.5629896769670215
6, 0.15970426435757246, 0.0033997429834811133
7, 0.21617999997739645, 0.40589394087715247
8, 0.03988407208024247, 0.8782950080969152
9, 0.9481734001952036, 0.5961681138230487
10, 0.2808095842567133, 0.04707746611786734
11, 0.1522890131312088, 0.06871454139672828
12, 0.7842563163843372, 0.8672906810167107
13, 0.4723242482163018, 0.47984303101854564
14, 0.11796820471942893, 0.30524877118024185
15, 0.8367303099951274, 0.24882040074344713
16, 0.8903031159171257, 0.48211872016160207
17, 0.9677096421858872, 0.3520346126096636
18, 0.1886491514761247, 0.06870099180602929
19, 0.09820643425213038, 0.9823474512965565
20, 0.8549040352525408, 0.14332402253205534
21, 0.5134391285670178, 0.08753063748077006
22, 0.032707618192092114, 0.5738320751860998
23, 0.8009775311104118, 0.717505623577006
24, 0.688423724986245, 0.2204337979697517
25, 0.9229907520559424, 0.8448222991987551
26, 0.16586167384901096, 0.9201035118721231
27, 0.134797157676522, 0.7453173359799742
28, 0.7335692378871684, 0.15770101300321093
29, 0.1431045442109774, 0.10172801300877676
30, 0.8397487551600581, 0.0026030157410769084
31, 0.1012717041406751, 0.0726430369166321
32, 0.9738490474166961, 0.4196269881278345
33, 0.8653452538930959, 0.9599474445112871
34, 0.38200486424148183, 0.8693201516370535
35, 0.8899848771986296, 0.6688299571645213
36, 0.355984343846392, 0.35666951499293065
37, 0.004101915392590749, 0.18974868009470103
38, 0.4373519901572537, 0.28641374106695294
39, 0.6306513844680106, 0.31327680041952555
40, 0.23127875210046522, 0.7630224759826765
41, 0.3576399892209433, 0.026523907275784464
42, 0.013430382946180153, 0.18533618001855556
43, 0.5661737256000523, 0.0983297425644426
44, 0.8742632060580809, 0.40654423978301224
45, 0.041794256748742376, 0.5250259928164633
46, 0.9768224051583433, 0.2648509193695955
47, 0.9849299797186462, 0.686656133966517
48, 0.269969938061286, 0.4402152006752005
49, 0.3091967060012456, 0.14840077128127627
50, 0.15199490527177917, 0.8313153244792474
51, 0.47499389547287996, 0.8529692554856475
52, 0.6066331466352306, 0.6812006115843647
53, 0.8744518393746652, 0.6727328982406864
54, 0.21018446445643457, 0.4210740835722553
55, 0.567575509882082, 0.4665663344874871
56, 0.9725261280102564, 0.7164940650706327
57, 0.9572946485237912, 0.3013417882776557
58, 0.961115085358933, 0.6728228968833582
59, 0.5530553568720155, 0.8254115721475196
60, 0.8076685178252677, 0.922069364289091
61, 0.2170386275572136, 0.12902172519448518
62, 0.46767275527763663, 0.9325767618364612
63, 0.2053544141455007, 0.7734827373434441
64, 0.8989617107216827, 0.9141780130176692
65, 0.5398208294300592, 0.47183212974581623
66, 0.6641816108244256, 0.3007056710852748
67, 0.5721199762630511, 0.022954604436562387
68, 0.5154664837386357, 0.6931760683307419
69, 0.7083605779726767, 0.947067911589283
70, 0.7915561480532427, 0.4508588888904842
71, 0.03840442556735435, 0.9883857395967237
72, 0.544056575777043, 0.1994447811095852
73, 0.08477738054356909, 0.4854481124139125
74, 0.9798261739541305, 0.7581718651449847
75, 0.9203650547064246, 0.17990060234163985
76, 0.038681078182219886, 0.1973267945150351
77, 0.15754033059914507, 0.1052263729717785
78, 0.8434349974677209, 0.06006773852096181
79, 0.8138783821923465, 0.5560205412529172
80, 0.42695762496453527, 0.01447206361772213
81, 0.080422138013589, 0.27985820226354974
82, 0.1041848546558134, 0.1993176227992327
83, 0.3354365375298691, 0.3501556730537405
84, 0.42644402961210837, 0.2728232706058612
85, 0.015655788908255253, 0.08436447158516769
86, 0.5621048714193304, 0.2503706917796835
87, 0.8327481556513409, 0.684290567256863
88, 0.5855951102470529, 0.7042839469134144
89, 0.4609360579446701, 0.017204012861704476
90, 0.8671389837085457, 0.20570929667760685
91, 0.18373877959500973, 0.5026163719880348
92, 0.22349034217429253, 0.5587373139250981
93, 0.5890179369515214, 0.023692196806815113
94, 0.7723177664286283, 0.03541161352950395
95, 0.270841353159468, 0.3930632695522598
96, 0.7310617667529021, 0.9077692871896809
97, 0.2549486794757906, 0.22143355274692667
98, 0.31393877667837533, 0.07944232005949203
99, 0.771802189638213, 0.9143467053971377
100, 0.8236135405047109, 0.40771993046605404
101, 0.12980645386985112, 0.8719882637163512
102, 0.3165570223833283, 0.9135455836685968
103, 0.8936732863199065, 0.9511519559173814
104, 0.8415597350328485, 0.9462848802739923
105, 0.36748925711359315, 0.7269989928319515
106, 0.7358199250893207, 0.21298502631479355
107, 0.16284331073496794, 0.6014323822338167
108, 0.5764325014988868, 0.9925462256668331
109, 0.7462820743499098, 0.5541738529790361
110, 0.4029570260734857, 0.7634657686353952
111, 0.5944429642517128, 0.8880165213649209
112, 0.2648589596828905, 0.8552046236607785
113, 0.22319210706977122, 0.10975210342012998
114, 0.5138416451429725, 0.303582433452082
115, 0.723096257622092, 0.5975797173672535
116, 0.7769896522038816, 0.4690156736022162
117, 0.9790655823375187, 0.2202066344177367
118, 0.9821307955069163, 0.6592667006984998
119, 0.34919129859977394, 0.9708268747980061
120, 0.48952110274586624, 0.08215531628486417
121, 0.6591259542847525, 0.8194294469055525
122, 0.6980451541255691, 0.21989006840811387
123, 0.8735659409194267, 0.6243006313429289
124, 0.6060598192712088, 0.33161667669998074
125, 0.9443439158752466, 0.11820813800951968
126, 0.2235277739110546, 0.0022349200865635632
127, 0.9718274640761058, 0.03992304827799609
128, 0.9210186990163085, 0.02725945628514892
129, 0.03709274214620062, 0.26926060038221733
130, 0.5826539440551257, 0.657447877623478
131, 0.0706783193731676, 0.4400727691109163
132, 0.8664609378121435, 0.8081544169901818
133, 0.010504826730625916, 0.5826067568373885
134, 0.7075482839977238, 0.4396423398913293
135, 0.07107259236028396, 0.6191943549803085
136, 0.4380564667845921, 0.47342007689652554
137, 0.47677550527817725, 0.22766410471205478
138, 0.1337434491342252, 0.7846044112178269
139, 0.7122436500526551, 0.5622208304567858
140, 0.9166778586913655, 0.12106475599011723
141, 0.9593782552704889, 0.26760587948143755
142, 0.03921810253267832, 0.71075319212947
143, 0.23252844608229173, 0.3242198887148685
144, 0.004756179067218258, 0.646489379080863
145, 0.2307163342992964, 0.5543570883031181
146, 0.378983467131224, 0.8974359519056317
147, 0.8150173798025003, 0.7275912668364056
148, 0.6445689097889159, 0.6748609134621542
149, 0.4008312179926382, 0.4297150945769582
150, 0.5823873750954159, 0.7422257933258413
151, 0.7111413377921428, 0.5958987346646482
152, 0.5951451423032, 0.9792095822685032
153, 0.26473662706205003, 0.542596929987423
154, 0.9386556943082751, 0.9640845188071725
155, 0.8169147138537033, 0.580341553109494
156, 0.817511585922539, 0.8910731386239136
157, 0.7566358858679189, 0.23354233015902992
158, 0.7958752729951282, 0.3712355942915335
159, 0.1601602276574533, 0.377132234122172
160, 0.23406497923407843, 0.1536293859670107
161, 0.16726398730484393, 0.7279856307306868
162, 0.6336902751511304, 0.08559024218609601
163, 0.6794201289783227, 0.8287733185747499
164, 0.375421266708157, 0.0726328915004738
165, 0.8382205571210944, 0.847008711462642
166, 0.9916696967822742, 0.9280063137227931
167, 0.9474947938002581, 0.6930138454834537
168, 0.21008845242698693, 0.649708996390207
169, 0.6869788802297077, 0.8195555250145791
170, 0.6080057176634166, 0.6999647251369776
171, 0.7588911310325626, 0.4374576315267237
172, 0.7028885622874826, 0.7470968694418769
173, 0.12839977027555038, 0.7890642515610528
174, 0.04937469562843089, 0.5720346303653482
175, 0.7372473589359173, 0.9478948438181453
176, 0.3988561867215318, 0.10823906711136588
177, 0.08800660758509415, 0.7206545220553218
178, 0.8751729591928872, 0.14551405400841877
179, 0.032287500298615934, 0.18272661421256287
180, 0.216400164540149, 0.5279964447566019
181, 0.8913473130099704, 0.11130699059058102
182, 0.06869218642607644, 0.9607126627751391
183, 0.33011673726823565, 0.1673400690678406
184, 0.4769957833185937, 0.2049315312438197
185, 0.9030336024182801, 0.8842114893997823
186, 0.7987178345958578, 0.1129616997418239
187, 0.5501052718674039, 0.8083631324999015
188, 0.2940086866630206, 0.2694529386064074
189, 0.6623766876603504, 0.5833625340769488
190, 0.32601615278219864, 0.9709802182655779
191, 0.23513440789583928, 0.8920715453912129
192, 0.9586685959572698, 0.6421904282685846
193, 0.5602600080092478, 0.4337154297596145
194, 0.763639438925288, 0.08389698507394261
195, 0.07109055060592473, 0.4716877842823317
196, 0.8346810317318833, 0.5256220691302532
197, 0.38104089343616976, 0.029190402704572627
198, 0.6895395522759373, 0.06526731640596184
199, 0.7897611209825186, 0.9848050964740837
200, 0.2900538824099329, 0.8678478898452338
201, 0.6935820693564786, 0.4136029338461288
202, 0.14863502098621673, 0.3278344030696859
203, 0.5166491164519892, 0.9752503825279056
204, 0.972937838525674, 0.6954277661418111
205, 0.5926734580200981, 0.21058859706110267
206, 0.48389250490742075, 0.8635880987495413
207, 0.15255578985238694, 0.36548577812393446
208, 0.580166554723911, 0.2556186674123352
209, 0.22881128396663986, 0.4170262901395585
210, 0.554739372336972, 0.3637399765341206
211, 0.5277483052455203, 0.2593508533165151
212, 0.04522854710834212, 0.040842820054094675
213, 0.1551077694368025, 0.9260563897019043
214, 0.12833273130145906, 0.14966584904699154
215, 0.9106658918332715, 0.14353295739602823
216, 0.29380484543202046, 0.5633601455490043
217, 0.063438031200581, 0.37707205801589305
218, 0.4395450268383386, 0.29288873112765357
219, 0.6886333994353968, 0.04132863623580274
220, 0.8399429673178523, 0.2531462562220266
221, 0.9942082682245288, 0.3837375698867016
222, 0.051657493750343564, 0.5853472731399519
223, 0.026620472235504455, 0.012763767346452792
224, 0.4335358965866316, 0.5656057628575926
225, 0.13391176012284356, 0.10595009845298198
226, 0.15722418102725244, 0.0710953285882111
227, 0.7471011682296484, 0.7235486955967385
228, 0.9473722334351303, 0.7775680161217736
229, 0.5340999635039322, 0.4385229078294052
230, 0.16816374167155423, 0.30657696714613236
231, 0.3506706932383744, 0.24768818004536897
232, 0.15909592410345708, 0.5760982122468641
233, 0.22797170368860764, 0.8632502822159647
234, 0.45640938173168843, 0.8799646445600904
235, 0.6041264165165291, 0.45696722120054545
236, 0.45006419124593766, 0.8361129232792295
237, 0.6326510086318576, 0.09518904745563517
238, 0.013344000236691245, 0.26728004161821894
239, 0.4006327117690608, 0.028235309958199006
240, 0.5022590636494102, 0.6055895354861724
241, 0.36273495168114567, 0.820247902734375
242, 0.356351370270908, 0.676423105771473
243, 0.5027051300017473, 0.2113424668977525
244, 0.8638492286276083, 0.37166020950621637
245, 0.06099909931428005, 0.7837905187132662
246, 0.18176238298050096, 0.6737995307231418
247, 0.8262838275803603, 0.15682393443196918
248, 0.0017385396887549254, 0.981973390539984
249, 0.5741252172195945, 0.37178902175703865
250, 0.26304678719868246, 0.9877020719658212
251, 0.41169673747226687, 0.8483023369830375
252, 0.30738380754666395, 0.6381175674617631
253, 0.3596023497535691, 0.07896289305413817
254, 0.8480048175245438, 0.6261137493259598
255, 0.8694432802489104, 0.7877476796463962
256, 0.3006570198627475, 0.19236262201657262
257, 0.32478390206746166, 0.5055529997877006
258, 0.3560660852512757, 0.7205162922103648
259, 0.09559116993332806, 0.7915805728800674
260, 0.03922294883152, 0.2746996592512575
261, 0.6595205808266054, 0.8333222326855587
262, 0.35935662927440437, 0.47494059768950814
263, 0.3531563189496528, 0.6586066378817735
264, 0.8999445525626242, 0.9334079109550988
265, 0.5945210798996249, 0.9747026256731635
266, 0.03731208423584298, 0.3887943079921684
267, 0.5148644711716093, 0.6190995781088585
268, 0.9992685897502046, 0.951999512290247
269, 0.7959418801100898, 0.07701510704891346
270, 0.96265511659061, 0.19774958800396703
271, 0.773259845328377, 0.22289824990832574
272, 0.941149263327212, 0.5873266165051699
273, 0.4346627839129009, 0.7979726271597426
274, 0.22380285993650495, 0.9763723929934253
275, 0.31950173151413397, 0.11934334831184557
276, 0.719337218960777, 0.221583690288239
277, 0.5034316866541587, 0.7811172776751035
278, 0.4803372527587101, 0.8695532690770498
279, 0.5334692514369513, 0.535719425375871
280, 0.3435795560868218, 0.994779136172148
281, 0.8535280863916072, 0.5135015529433418
282, 0.9688961881961428, 0.08956783514958189
283, 0.08057119453474848, 0.7305104278020357
284, 0.5926083752662346, 0.6450024706109276
285, 0.816074817840294, 0.5989503519025794
286, 0.8554236917786867, 0.22405437015611585
287, 0.9140744044893716, 0.6620318075416504
288, 0.07544329871349931, 0.731411046594558
289, 0.31379417587605396, 0.9300893775562
290, 0.82584135382749, 0.485616097214437
291, 0.7054478900399013, 0.1116031707735401
292, 0.10375451777600087, 0.24672210806797557
293, 0.6561986544879589, 0.031017165870506958
294, 0.4046889114671498, 0.8521463425841453
295, 0.8189769805541202, 0.7902377816124643
296, 0.3480268109646373, 0.49978085583886533
297, 0.30650151509679224, 0.4827732429857896
298, 0.06839196296698069, 0.6173750331082721
299, 0.4809304980227196, 0.4404773680149854
300, 0.6541187701432778, 0.16136832023524972
301, 0.7957941522738105, 0.5323947900640629
302, 0.8203524158169386, 0.8536067288097678
303, 0.8652792118473465, 0.8274034505276943
304, 0.5278031777846265, 0.0726537058887371
305, 0.3173567929514143, 0.9106660116318558
306, 0.1839413850448678, 0.12841428216089634
307, 0.5418688660297533, 0.4063170976864291
308, 0.006152376136583038, 0.8702764810944029
309, 0.5453782573695293, 0.6964105934552441
310, 0.6525699399397045, 0.7996326446734089
311, 0.22761280165225284, 0.718696236267853
312, 0.2271216115724194, 0.958046590827526
313, 0.8908474315096307, 0.2546005143473672
314, 0.47198972109375603, 0.951331188765261
315, 0.6299986271244223, 0.16073218307379045
316, 0.17499131180250516, 0.8878936038731347
317, 0.07558258985340482, 0.6375041179261897
318, 0.7362898508437156, 0.6910723199700572
319, 0.7414087241972893, 0.7704953989053963
320, 0.5170664526765668, 0.530602485981138
321, 0.8632634721997043, 0.4182689488005631
322, 0.12787088715055273, 0.09264602930070809
323, 0.4338184957917184, 0.2597091749668019
324, 0.9630932718625174, 0.6505940276609729
325, 0.7572231168047672, 0.17913894112652184
326, 0.8500699276023234, 0.799353989766903
327, 0.6066086719469885, 0.35686245910795256
328, 0.8756102939392796, 0.803623319101876
329, 0.8753625190482419, 0.9077857259194104
330, 0.5920846577296873, 0.2331344056546656
331, 0.5892360191620469, 0.15539869681845186
332, 0.7891362759406463, 0.6790070793817585
333, 0.38236377767623975, 0.9739365366555129
334, 0.17413054124311766, 0.2762215694061251
335, 0.6819476533167143, 0.18411379839485786
336, 0.36501521725381103, 0.4353503839197277
337, 0.6339396438404032, 0.5268315823213386
338, 0.5332522328238046, 0.14006510892240087
339, 0.8221126711737787, 0.18087192103269434
340, 0.5811486160035685, 0.5802210763130798
341, 0.9396947961400586, 0.9580741146591096
342, 0.17765619604438643, 0.41101960132919646
343, 0.8451781984633039, 0.6294155462342479
344, 0.5380871533117114, 0.5420911450208379
345, 0.3664696501386665, 0.3269620373018044
346, 0.6213128997696097, 0.2350477659414314
347, 0.05979667214944484, 0.7561632474870714
348, 0.09241156276091012, 0.7810272374567834
349, 0.8840162883190064, 0.6330538546535313
350, 0.7308483880013077, 0.14914451664438844
351, 0.4251551893335386, 0.39399455175502374
352, 0.24941981691038162, 0.34911388857244785
353, 0.4628863528726962, 0.1109264786231231
354, 0.16055102537665966, 0.6260981943550994
355, 0.8889886086087204, 0.040976482815471504
356, 0.34845165914233955, 0.9243475272122672
357, 0.1523286561029915, 0.4260269126558883
358, 0.5638379146510791, 0.6694620041033488
359, 0.5747307812215281, 0.24862436926252685
360, 0.3138380305670252, 0.8055478021869977
361, 0.7352834793537445, 0.7753998869730174
362, 0.15871429355286693, 0.182899155052487
363, 0.9792273008272268, 0.6696509033784113
364, 0.9830863135246236, 0.9521382516096019
365, 0.8169872210297228, 0.001821200323644856
366, 0.828179629767349, 0.676848955620286
367, 0.2080084601199489, 0.3329465745105863
368, 0.768835316271174, 0.8774165116237326
369, 0.2708785208531964, 0.6789172404031444
370, 0.6545149964733519, 0.6543372247701991
371, 0.7096806063456008, 0.4844846178128367
372, 0.806349217057518, 0.29507866169942676
373, 0.5304780402359017, 0.4373674509302182
374, 0.9299968488455361, 0.9506089986182608
375, 0.3687952324147391, 0.7151514400220327
376, 0.11101585122473989, 0.5634676086923337
377, 0.7612120180376791, 0.4171911686580624
378, 0.918748159197768, 0.621468047351478
379, 0.044973397923914415, 0.24192275965019394
380, 0.23833831082386603, 0.03962388304245801
381, 0.9244007821033734, 0.4380187634370133
382, 0.24215092007305816, 0.21326940257811144
383, 0.9896409505164043, 0.9708028694072806
384, 0.5098293858228975, 0.42631153353564966
385, 0.5976092801838228, 0.8630073598941355
386, 0.7814779541293636, 0.14260663578041466
387, 0.624448610003602, 0.8111725586380036
388, 0.08827052937324387, 0.020808172787405654
389, 0.32209045117134927, 0.3870598191787965
390, 0.9310720891553134, 0.7056121124960266
391, 0.6226963204622212, 0.8851437985066122
392, 0.9227425863795631, 0.6103287364138891
393, 0.1527387147302175, 0.25779332930483345
394, 0.07717349442918964, 0.43883843482647455
395, 0.6031785758463769, 0.059348372678669103
396, 0.4172597201909921, 0.7169636195417795
397, 0.01795093700110706, 0.8870421829177944
398, 0.09881339641812714, 0.3991631407556827
399, 0.6750444246635307, 0.9827646614103183
400, 0.7331219258538828, 0.8301003922175766
401, 0.6057538323144305, 0.5190168192391015
402, 0.27719756763811276, 0.3646048178477638
403, 0.9537478353907666, 0.962828492831101
404, 0.817466423173637, 0.08132371565258689
405, 0.5098122413848035, 0.8909364765251616
406, 0.2060444427897914, 0.003755572560401932
407, 0.278057948948369, 0.6445944842019978
408, 0.19936539271098663, 0.6328183644478905
409, 0.41250384313069566, 0.5620067030147732
410, 0.695553844868231, 0.4644280793490878
411, 0.7443400637423415, 0.3213034357977431
412, 0.15055437176605746, 0.9102876063258053
413, 0.652474668961789, 0.24425232458250024
414, 0.57824772840419, 0.5372549590952844
415, 0.0010077793012071012, 0.005399798880785012
416, 0.8534024059842573, 0.44961890820971395
417, 0.9503142111192302, 0.6223292615606324
418, 0.20622452610038378, 0.40434733488142416
419, 0.8875909534902866, 0.5251331631892935
420, 0.5466963697264822, 0.23407055373911245
421, 0.1307594383019519, 0.2948096177573971
422, 0.5750122026526527, 0.34095384620087577
423, 0.1283268112110253, 0.8095588140099026
424, 0.9663246339923025, 0.044872951439627884
425, 0.7723087517136192, 0.9898263684956766
426, 0.29052025565701567, 0.09864143320548158
427, 0.19207886139242591, 0.04923491235322364
428, 0.5165709511468027, 0.46032921806729543
429, 0.9503709232327833, 0.3456591977237834
430, 0.7649400320974933, 0.9972450846872296
431, 0.29734856085227346, 0.46337221056556477
432, 0.6850185378123808, 0.035619243191947536
433, 0.6036287670863015, 0.40802852324794237
434, 0.8946456152551241, 0.6107868413176432
435, 0.3665802584222453, 0.891573351552013
436, 0.6977066144588491, 0.3833778127189703
437, 0.7049109549438601, 0.014003536103183278
438, 0.9467783541227145, 0.5951330236194895
439, 0.7623364037386638, 0.6022116477564807
440, 0.9269898378346152, 0.04022839520444721
441, 0.32768649198079003, 0.8282177148768602
442, 0.5610981938886866, 0.4328479079750741
443, 0.538846945956983, 0.20539795311149267
444, 0.2756557572061703, 0.19318041519633278
445, 0.9081759290048481, 0.47504994794288247
446, 0.992892589228257, 0.6280978724665333
447, 0.8218210436184034, 0.8377476171372564
448, 0.5315751902358142, 0.8153287545979983
449, 0.7583455373144181, 0.6783418733259696
450, 0.3114770914064462, 0.3121392918533089
451, 0.4583425287531281, 0.4218370229141376
452, 0.7704071364646262, 0.899944313151137
453, 0.32740695240710216, 0.1982919789805495
454, 0.2509510688969804, 0.4412083249493318
455, 0.26195863120546137, 0.6643976312089415
456, 0.6361721553531159, 0.23351499964482259
457, 0.7356713152538551, 0.4838748805528571
458, 0.7604938102046331, 0.143627303296324
459, 0.00014632591547758533, 0.8567404802363339
end_nodes
0, 1
0, 2
0, 3
0, 4
0, 5
0, 6
0, 7
0, 8
0, 9
0, 10
0, 11
0, 12
0, 13
0, 14
0, 15
0, 16
0, 17
0, 18
0, 19
0, 20
0, 21
23, 108
23, 111
23, 152
23, 163
23, 169
23, 203
23, 265
23, 319
23, 361
23, 391
23, 399
23, 400
24, 21
24, 41
24, 43
24, 80
24, 89
24, 120
24, 164
24, 197
24, 239
24, 304
24, 315
24, 331
24, 338
24, 353
25, 1
25, 2
25, 3
25, 4
25, 5
25, 6
25, 7
25, 8
25, 10
25, 11
25, 12
25, 13
25, 14
25, 15
25, 17
25, 18
25, 19
25, 20
25, 21
25, 22
25, 26
28, 93
28, 291
28, 293
32, 1
32, 2
32, 3
32, 4
32, 5
32, 6
32, 7
32, 8
32, 9
32, 10
32, 11
32, 12
32, 13
32, 14
32, 15
32, 16
32, 17
32, 18
32, 19
32, 20
32, 21
35, 12
35, 60
35, 69
35, 96
35, 99
35, 156
35, 165
35, 175
35, 199
35, 295
35, 302
35, 326
35, 368
35, 399
35, 425
35, 430
35, 447
35, 452
39, 11
39, 18
39, 29
39, 31
39, 37
39, 38
39, 42
39, 49
39, 61
39, 76
39, 77
39, 82
39, 84
39, 85
39, 97
39, 113
39, 137
39, 160
39, 179
39, 183
39, 188
44, 1
44, 4
44, 6
44, 7
44, 8
44, 10
44, 11
44, 13
44, 14
44, 18
44, 21
44, 22
44, 27
44, 29
44, 31
44, 36
44, 37
44, 38
44, 40
44, 41
44, 42
46, 1
46, 2
46, 3
46, 4
46, 5
46, 6
46, 7
46, 8
46, 10
46, 11
46, 12
46, 13
46, 14
46, 16
46, 18
46, 19
46, 20
46, 21
46, 22
46, 26
46, 27
47, 1
47, 2
47, 3
47, 4
47, 5
47, 6
47, 7
47, 8
47, 10
47, 11
47, 12
47, 13
47, 14
47, 15
47, 17
47, 18
47, 19
47, 20
47, 21
47, 22
47, 26
53, 12
53, 69
53, 96
53, 99
53, 108
53, 152
53, 175
53, 265
53, 295
53, 302
53, 368
53, 399
53, 400
53, 425
53, 430
53, 447
53, 452
56, 1
56, 2
56, 3
56, 4
56, 5
56, 6
56, 7
56, 8
56, 10
56, 11
56, 12
56, 13
56, 14
56, 15
56, 17
56, 18
56, 19
56, 20
56, 21
56, 22
56, 26
57, 125
57, 128
57, 440
58, 1
58, 2
58, 3
58, 4
58, 5
58, 6
58, 7
58, 8
58, 10
58, 11
58, 12
58, 13
58, 14
58, 15
58, 17
58, 18
58, 19
58, 20
58, 21
58, 22
58, 26
66, 6
66, 10
66, 11
66, 18
66, 29
66, 31
66, 42
66, 49
66, 61
66, 77
66, 82
66, 85
66, 86
66, 97
66, 98
66, 113
66, 126
66, 137
66, 160
66, 164
66, 176
74, 1
74, 2
74, 3
74, 4
74, 5
74, 6
74, 7
74, 8
74, 10
74, 11
74, 12
74, 13
74, 14
74, 15
74, 17
74, 18
74, 19
74, 20
74, 21
74, 22
74, 26
75, 215
75, 355
87, 69
87, 96
87, 108
87, 111
87, 121
87, 147
87, 152
87, 163
87, 169
87, 203
87, 261
87, 265
87, 319
87, 361
87, 391
87, 399
87, 400
90, 94
90, 269
90, 365
90, 404
100, 1
100, 6
100, 7
100, 10
100, 11
100, 13
100, 14
100, 18
100, 21
100, 22
100, 29
100, 31
100, 36
100, 37
100, 38
100, 41
100, 42
100, 45
100, 48
100, 49
100, 54
106, 43
106, 67
106, 80
106, 89
106, 93
106, 162
106, 237
106, 300
106, 304
106, 395
117, 374
118, 1
118, 2
118, 3
118, 4
118, 5
118, 6
118, 7
118, 8
118, 10
118, 11
118, 12
118, 13
118, 14
118, 15
118, 17
118, 18
118, 19
118, 20
118, 21
118, 22
118, 26
122, 21
122, 41
122, 43
122, 80
122, 89
122, 120
122, 197
122, 239
122, 300
122, 304
122, 315
122, 331
123, 12
123, 19
123, 26
123, 34
123, 51
123, 59
123, 62
123, 69
123, 71
123, 96
123, 99
123, 102
123, 108
123, 111
123, 112
123, 119
123, 121
123, 146
123, 147
123, 150
123, 152
141, 424
154, 1
154, 2
154, 3
154, 4
154, 6
154, 7
154, 8
154, 10
154, 11
154, 12
154, 13
154, 14
154, 15
154, 17
154, 18
154, 19
154, 20
154, 21
154, 22
154, 26
154, 27
157, 21
157, 43
157, 67
157, 80
157, 89
157, 93
157, 120
157, 162
157, 237
157, 239
157, 300
157, 304
157, 315
157, 335
157, 395
158, 6
158, 7
158, 10
158, 11
158, 14
158, 18
158, 21
158, 29
158, 31
158, 36
158, 37
158, 38
158, 41
158, 42
158, 49
158, 54
158, 61
158, 72
158, 76
158, 77
158, 80
166, 1
166, 2
166, 3
166, 4
166, 5
166, 6
166, 7
166, 8
166, 10
166, 11
166, 12
166, 13
166, 14
166, 15
166, 17
166, 18
166, 19
166, 20
166, 21
166, 22
166, 26
167, 1
167, 2
167, 3
167, 4
167, 5
167, 6
167, 7
167, 8
167, 10
167, 11
167, 12
167, 13
167, 14
167, 15
167, 17
167, 18
167, 19
167, 20
167, 21
167, 22
167, 26
178, 30
178, 78
178, 365
192, 1
192, 2
192, 3
192, 4
192, 5
192, 6
192, 7
192, 8
192, 10
192, 11
192, 12
192, 13
192, 14
192, 15
192, 17
192, 18
192, 19
192, 20
192, 21
192, 22
192, 26
204, 1
204, 2
204, 3
204, 4
204, 5
204, 6
204, 7
204, 8
204, 10
204, 11
204, 12
204, 13
204, 14
204, 15
204, 17
204, 18
204, 19
204, 20
204, 21
204, 22
204, 26
205, 6
205, 10
205, 41
205, 98
205, 126
205, 164
205, 176
205, 197
205, 253
205, 353
205, 380
205, 406
205, 427
208, 6
208, 10
208, 11
208, 18
208, 29
208, 31
208, 49
208, 61
208, 77
208, 85
208, 86
208, 98
208, 113
208, 126
208, 137
208, 160
208, 183
208, 184
208, 212
208, 223
208, 225
220, 15
220, 67
220, 93
220, 162
220, 194
220, 198
220, 219
220, 291
220, 293
220, 350
220, 386
220, 395
220, 432
220, 437
220, 458
221, 1
221, 2
221, 3
221, 4
221, 5
221, 6
221, 7
221, 8
221, 9
221, 10
221, 11
221, 12
221, 13
221, 14
221, 16
221, 18
221, 19
221, 20
221, 21
221, 22
221, 26
228, 1
228, 2
228, 3
228, 4
228, 5
228, 7
228, 8
228, 12
228, 13
228, 14
228, 15
228, 17
228, 19
228, 20
228, 22
228, 26
228, 27
228, 29
228, 30
228, 31
228, 33
244, 7
244, 14
244, 29
244, 31
244, 36
244, 37
244, 38
244, 41
244, 42
244, 43
244, 45
244, 48
244, 49
244, 54
244, 61
244, 67
244, 72
244, 73
244, 76
244, 77
244, 80
247, 94
247, 186
247, 269
254, 3
254, 8
254, 19
254, 26
254, 34
254, 51
254, 59
254, 62
254, 71
254, 101
254, 102
254, 108
254, 110
254, 111
254, 112
254, 119
254, 121
254, 146
254, 150
254, 152
254, 163
264, 4
264, 8
264, 12
264, 19
264, 22
264, 26
264, 27
264, 33
264, 34
264, 40
264, 45
264, 50
264, 51
264, 59
264, 60
264, 62
264, 63
264, 69
264, 71
264, 73
264, 92
268, 1
268, 2
268, 3
268, 4
268, 5
268, 7
268, 8
268, 12
268, 13
268, 14
268, 15
268, 17
268, 19
268, 20
268, 22
268, 26
268, 27
268, 29
268, 30
268, 31
268, 33
271, 67
271, 93
271, 162
271, 198
271, 237
271, 291
271, 293
271, 350
271, 395
271, 432
272, 1
272, 2
272, 3
272, 4
272, 5
272, 8
272, 13
272, 19
272, 22
272, 26
272, 27
272, 29
272, 31
272, 33
272, 34
272, 36
272, 37
272, 38
272, 40
272, 41
272, 42
276, 41
276, 43
276, 67
276, 80
276, 89
276, 93
276, 120
276, 197
276, 237
276, 239
276, 300
276, 304
276, 315
276, 335
276, 395
286, 94
286, 186
286, 194
286, 269
286, 339
286, 404
286, 437
287, 60
287, 104
287, 132
287, 156
287, 165
287, 199
287, 255
287, 302
287, 303
287, 326
287, 328
287, 425
287, 430
313, 20
313, 30
313, 78
313, 94
313, 186
313, 194
313, 269
313, 365
313, 404
313, 437
321, 1
321, 4
321, 13
321, 22
321, 27
321, 29
321, 31
321, 36
321, 37
321, 38
321, 40
321, 41
321, 42
321, 43
321, 45
321, 48
321, 49
321, 50
321, 54
321, 55
321, 61
324, 2
324, 3
324, 5
324, 15
324, 17
324, 20
324, 22
324, 26
324, 27
324, 29
324, 30
324, 31
324, 33
324, 34
324, 36
324, 37
324, 38
324, 40
324, 41
324, 42
324, 43
325, 93
325, 198
325, 219
325, 291
325, 293
325, 350
325, 432
330, 31
330, 72
330, 98
330, 113
330, 126
330, 164
330, 176
330, 212
330, 223
330, 226
330, 253
330, 275
330, 380
330, 388
330, 406
330, 415
330, 426
330, 427
330, 443
341, 2
341, 3
341, 15
341, 17
341, 20
341, 26
341, 27
341, 29
341, 30
341, 31
341, 33
341, 34
341, 36
341, 37
341, 38
341, 40
341, 41
341, 42
341, 43
341, 45
341, 48
343, 34
343, 51
343, 59
343, 62
343, 71
343, 101
343, 102
343, 108
343, 111
343, 112
343, 119
343, 121
343, 146
343, 150
343, 152
343, 163
343, 169
343, 172
343, 182
343, 187
343, 190
346, 41
346, 72
346, 98
346, 126
346, 164
346, 176
346, 197
346, 223
346, 226
346, 253
346, 275
346, 353
346, 380
346, 388
346, 406
346, 415
346, 426
346, 427
346, 443
349, 59
349, 62
349, 69
349, 96
349, 99
349, 108
349, 111
349, 119
349, 121
349, 147
349, 152
349, 163
349, 169
349, 172
349, 175
349, 190
349, 203
349, 206
349, 227
349, 234
349, 261
359, 29
359, 31
359, 49
359, 61
359, 77
359, 85
359, 98
359, 113
359, 126
359, 160
359, 183
359, 184
359, 212
359, 223
359, 225
359, 226
359, 243
359, 275
359, 306
359, 322
359, 380
363, 2
363, 5
363, 15
363, 17
363, 20
363, 27
363, 29
363, 30
363, 31
363, 33
363, 34
363, 36
363, 37
363, 38
363, 40
363, 41
363, 42
363, 43
363, 45
363, 48
363, 49
364, 15
364, 17
364, 27
364, 29
364, 30
364, 31
364, 33
364, 34
364, 36
364, 37
364, 38
364, 40
364, 41
364, 42
364, 43
364, 45
364, 48
364, 49
364, 50
364, 51
364, 52
366, 62
366, 69
366, 108
366, 111
366, 121
366, 152
366, 163
366, 169
366, 203
366, 261
366, 265
366, 310
366, 314
366, 319
366, 361
366, 385
366, 391
366, 399
366, 400
366, 405
372, 41
372, 43
372, 67
372, 72
372, 80
372, 89
372, 93
372, 98
372, 120
372, 126
372, 162
372, 164
372, 176
372, 197
372, 198
372, 223
372, 237
372, 239
372, 253
372, 275
372, 291
378, 60
378, 69
378, 96
378, 99
378, 104
378, 108
378, 132
378, 147
378, 152
378, 156
378, 163
378, 165
378, 175
378, 199
378, 203
378, 255
378, 265
378, 295
378, 302
378, 303
378, 326
381, 5
381, 15
381, 16
381, 27
381, 29
381, 30
381, 31
381, 34
381, 36
381, 37
381, 38
381, 40
381, 41
381, 42
381, 43
381, 45
381, 48
381, 49
381, 50
381, 51
381, 52
383, 17
383, 27
383, 29
383, 30
383, 31
383, 33
383, 34
383, 36
383, 37
383, 38
383, 40
383, 41
383, 42
383, 43
383, 45
383, 48
383, 49
383, 50
383, 51
383, 52
383, 54
392, 59
392, 60
392, 62
392, 69
392, 96
392, 99
392, 104
392, 108
392, 111
392, 119
392, 121
392, 132
392, 147
392, 152
392, 156
392, 163
392, 165
392, 169
392, 172
392, 175
392, 190
403, 17
403, 27
403, 29
403, 30
403, 31
403, 33
403, 34
403, 36
403, 37
403, 38
403, 40
403, 41
403, 42
403, 43
403, 45
403, 48
403, 49
403, 50
403, 51
403, 52
403, 54
411, 29
411, 31
411, 37
411, 41
411, 42
411, 49
411, 61
411, 72
411, 76
411, 77
411, 80
411, 82
411, 84
411, 85
411, 86
411, 89
411, 97
411, 98
411, 113
411, 120
411, 126
413, 41
413, 72
413, 98
413, 120
413, 126
413, 164
413, 176
413, 197
413, 223
413, 226
413, 239
413, 253
413, 275
413, 338
413, 353
413, 380
413, 388
413, 406
413, 415
413, 426
413, 427
416, 27
416, 29
416, 36
416, 37
416, 38
416, 40
416, 42
416, 45
416, 48
416, 49
416, 50
416, 54
416, 55
416, 61
416, 63
416, 65
416, 68
416, 70
416, 71
416, 72
416, 73
417, 5
417, 27
417, 30
417, 33
417, 34
417, 36
417, 37
417, 38
417, 40
417, 42
417, 43
417, 45
417, 48
417, 49
417, 50
417, 51
417, 52
417, 54
417, 55
417, 59
417, 60
419, 27
419, 34
419, 36
419, 37
419, 38
419, 40
419, 42
419, 45
419, 48
419, 49
419, 50
419, 51
419, 52
419, 54
419, 55
419, 59
419, 61
419, 62
419, 63
419, 65
419, 68
429, 30
429, 43
429, 67
429, 78
429, 80
429, 89
429, 93
429, 94
429, 98
429, 120
429, 125
429, 126
429, 128
429, 140
429, 162
429, 164
429, 176
429, 181
429, 186
429, 194
429, 197
434, 34
434, 50
434, 51
434, 59
434, 62
434, 69
434, 71
434, 88
434, 96
434, 99
434, 101
434, 102
434, 108
434, 110
434, 111
434, 112
434, 119
434, 121
434, 146
434, 147
434, 150
438, 27
438, 33
438, 34
438, 36
438, 37
438, 38
438, 40
438, 42
438, 45
438, 48
438, 49
438, 50
438, 51
438, 52
438, 54
438, 55
438, 59
438, 60
438, 61
438, 62
438, 63
445, 16
445, 27
445, 34
445, 36
445, 37
445, 38
445, 40
445, 42
445, 43
445, 45
445, 48
445, 49
445, 50
445, 51
445, 52
445, 54
445, 55
445, 59
445, 61
445, 62
445, 63
446, 27
446, 30
446, 33
446, 34
446, 36
446, 37
446, 38
446, 40
446, 43
446, 45
446, 48
446, 49
446, 50
446, 51
446, 52
446, 54
446, 55
446, 59
446, 60
446, 61
446, 62
456, 72
456, 98
456, 126
456, 164
456, 176
456, 197
456, 223
456, 239
456, 253
456, 275
456, 338
456, 353
456, 380
456, 388
456, 406
456, 415
456, 426
456, 427
end