140
4
0, 0.5357214624704371, 0.28701714975291415
1, 0.27328322309605, 0.2890136659396103
2, 0.8596914043966105, 0.8515872798905847
3, 0.8988752209408714, 0.3897165242023949
4, 0.9300191189320153, 0.804737627986012
5, 0.9067914783771871, 0.22207505642601366
6, 0.3247686487581507, 0.48318497253921444
7, 0.36292251499287886, 0.6078191118542502
8, 0.7769875297507225, 0.8960035358276534
9, 0.76863141202418, 0.820968255384694
10, 0.39264599074399753, 0.406227783440092
11, 0.24575852861974445, 0.7728105221241033
12, 0.0413403068774687, 0.3900032071317999
13, 0.1547344402536549, 0.652190691608315
14, 0.16903964736292187, 0.6181768090917035
15, 0.7734242616227561, 0.7932553582366094
16, 0.7390014704716223, 0.6175306645742685
17, 0.49604918290008826, 0.3749388488020552
18, 0.3680847720456236, 0.4141647869076003
19, 0.03476662035404887, 0.5472176732725739
20, 0.41223578193936006, 0.762954278336282
21, 0.38139063618096825, 0.351964065647159
22, 0.03770583994809773, 0.7551648044610787
23, 0.7667459112736013, 0.5772395055057999
24, 0.1491958341620402, 0.996108809037664
25, 0.6814428330761431, 0.27059464457415894
26, 0.8383298216531998, 0.6574812295685195
27, 0.09240208914288939, 0.6967253053119379
28, 0.9442420200628341, 0.9165156438502917
29, 0.9211060668711338, 0.2544539442755739
30, 0.9555774155663287, 0.6989930537194702
31, 0.8102530544559413, 0.832099119480951
32, 0.3953206907115211, 0.2503907225602623
33, 0.82922257242442, 0.12829402574913684
34, 0.8387699952213141, 0.6600060475664614
35, 0.830025083513567, 0.5544059807965989
36, 0.5227022561934, 0.8515686856221966
37, 0.595276862935472, 0.6879742635298505
38, 0.7781924423620274, 0.2047822790795758
39, 0.25559884404054534, 0.32074520778582016
40, 0.8888306257837432, 0.1799182793023718
41, 0.45454118106020713, 0.14576162845740515
42, 0.9306104071982474, 0.56936173514279
43, 0.5462418765818987, 0.7946325141783931
44, 0.5389086361854286, 0.9720253003221204
45, 0.5416833206909851, 0.7068702680408354
46, 0.42060141600054113, 0.6970106608893166
47, 0.812099292448939, 0.17211560800019388
48, 0.21510268756204431, 0.05040061706254417
49, 0.8383999595540409, 0.9083883930963315
50, 0.38050233823585944, 0.09021690920355563
51, 0.23426690441235054, 0.8964723726393261
52, 0.5173594530731479, 0.659539099255773
53, 0.9960411486117983, 0.860598146961789
54, 0.5796853988610489, 0.497166864680607
55, 0.3611294305328726, 0.05978821065202167
56, 0.013640794950132151, 0.9656245600343374
57, 0.7791383310368782, 0.7950249053035637
58, 0.12654630487481966, 0.11836793814075064
59, 0.18859989569035396, 0.7173174559854659
60, 0.813135648520709, 0.08740526292977613
61, 0.40155483171176065, 0.1855992148296841
62, 0.2555381451421246, 0.9757610768705979
63, 0.28980896006799906, 0.817519105095701
64, 0.5230746083300938, 0.5292296497151613
65, 0.5464506699597176, 0.5447837568708663
66, 0.11120358780812711, 0.11875299891147528
67, 0.5594065939263001, 0.707028697660467
68, 0.09314229659788631, 0.9051533744200019
69, 0.4082365718353631, 0.3697852597637382
70, 0.8871896777279428, 0.8182552324585922
71, 0.8913293107303982, 0.5402302278467968
72, 0.10435391162190288, 0.5360692888176557
73, 0.13542781181151486, 0.8350327916614443
74, 0.5780768921998571, 0.6035497329966469
75, 0.5003281083490542, 0.9859428625895638
76, 0.4700997557700939, 0.2019895040619274
77, 0.7895390372858789, 0.6958944871569613
78, 0.5622723901763899, 0.8660526111249593
79, 0.4189988386839467, 0.8887646545131727
80, 0.7968765581934535, 0.49876325798082854
81, 0.007608695179146974, 0.369260891508407
82, 0.6650020617538893, 0.8738825155878505
83, 0.3848565217051114, 0.2599656390627013
84, 0.7309425389836803, 0.2716849732390243
85, 0.7141441456400386, 0.26865369344746415
86, 0.184542806576371, 0.9679707046414866
87, 0.41000189242982155, 0.12411876167566072
88, 0.7618170394407255, 0.9198043686642482
89, 0.4174467185987375, 0.5805701413879358
90, 0.2095680275712184, 0.2032435723008591
91, 0.12998492420891583, 0.09187719560714014
92, 0.4536849687215847, 0.5709114716082972
93, 0.47625179067090095, 0.5965463983676056
94, 0.26755537555084186, 0.3027138567230532
95, 0.27744689452459514, 0.4576168232262251
96, 0.28051740278670434, 0.05795816696364198
97, 0.3227863506462305, 0.4353723037640298
98, 0.33956637743612794, 0.6226886336582036
99, 0.9868072390700312, 0.6085911750845294
100, 0.9250518386992479, 0.11794381893359884
101, 0.5532869521855271, 0.989952245304386
102, 0.7388372902151432, 0.39632949237731885
103, 0.5619969788588817, 0.23907252719382965
104, 0.755940826107601, 0.3398008595763997
105, 0.2676468285541034, 0.4983140644651992
106, 0.7986747257101207, 0.7953196304885021
107, 0.19714126229312112, 0.6580769329654453
108, 0.6016593776445361, 0.23997302627798955
109, 0.7316934628177155, 0.11777938776019958
110, 0.9146626002913936, 0.983491270114383
111, 0.8597960509729127, 0.7184378274324955
112, 0.7571568691434047, 0.735120866550593
113, 0.6871948078623896, 0.6516250797447402
114, 0.9709985443758864, 0.5719195112890828
115, 0.0662244507471541, 0.16504647075233392
116, 0.26278320948208433, 0.630444679185357
117, 0.22437883147554571, 0.014457327688255805
118, 0.1461235794181267, 0.03914516530673495
119, 0.2087499676156056, 0.6098960089654859
120, 0.8277151407348522, 0.674780615696536
121, 0.5637516356987426, 0.8550265171643384
122, 0.9186441926277895, 0.6855602629477839
123, 0.012356569466017375, 0.49590644855636434
124, 0.22029832913077163, 0.36635012858812666
125, 0.04056242064624416, 0.8641845802331708
126, 0.13878222678613883, 0.24297036151226759
127, 0.26530955900372866, 0.29706411551909795
128, 0.48615085785055845, 0.4281790559671811
129, 0.7852010456610328, 0.4627989286790577
130, 0.9499960183533845, 0.020025082383109183
131, 0.4032192121015252, 0.5645811835031407
132, 0.9594067002371582, 0.5654529641786271
133, 0.5192562668070828, 0.09836416710121221
134, 0.8147354621686361, 0.10130335566773085
135, 0.4060462488918678, 0.30142209906326733
136, 0.3343191067399014, 0.36247288414116385
137, 0.36957819410754933, 0.5014501274388345
138, 0.8214285223997528, 0.980522804653588
139, 0.3530707658607597, 0.9695166460710649
end_nodes
0, 1
0, 2
0, 3
0, 4
0, 5
0, 6
0, 7
0, 8
0, 9
0, 10
0, 11
12, 5
12, 25
12, 29
12, 33
12, 38
12, 40
12, 47
12, 60
12, 84
12, 85
12, 100
13, 22
15, 31
15, 49
15, 110
15, 138
16, 2
16, 4
16, 28
16, 31
16, 49
16, 53
16, 57
16, 58
16, 66
16, 70
16, 77
17, 2
17, 4
17, 7
17, 8
17, 9
17, 11
17, 20
17, 24
17, 28
17, 29
17, 31
18, 5
18, 7
18, 11
18, 14
18, 20
18, 22
18, 24
18, 25
18, 27
18, 29
18, 33
19, 5
19, 25
19, 29
19, 33
19, 38
19, 40
19, 47
19, 60
19, 84
19, 85
19, 100
21, 2
21, 5
21, 7
21, 8
21, 9
21, 11
21, 14
21, 20
21, 22
21, 23
21, 24
26, 58
26, 66
30, 58
30, 66
32, 2
32, 3
32, 4
32, 7
32, 8
32, 9
32, 11
32, 14
32, 20
32, 22
32, 24
34, 58
34, 66
35, 53
36, 44
36, 75
36, 101
37, 44
37, 78
37, 82
37, 88
37, 101
37, 121
39, 5
39, 25
39, 29
39, 33
39, 38
39, 40
39, 47
39, 60
39, 84
39, 85
39, 100
41, 2
41, 4
41, 7
41, 8
41, 9
41, 11
41, 14
41, 20
41, 22
41, 24
41, 27
43, 44
43, 75
43, 78
43, 101
43, 121
45, 44
45, 75
45, 78
45, 101
45, 121
46, 20
46, 62
46, 79
46, 139
48, 2
48, 4
48, 7
48, 8
48, 9
48, 11
48, 20
48, 22
48, 24
48, 27
48, 28
50, 2
50, 4
50, 7
50, 8
50, 9
50, 11
50, 20
50, 22
50, 24
50, 27
50, 28
52, 44
52, 75
52, 78
52, 101
52, 121
54, 2
54, 4
54, 8
54, 9
54, 28
54, 31
54, 44
54, 49
54, 53
54, 57
54, 58
55, 2
55, 4
55, 7
55, 8
55, 9
55, 11
55, 20
55, 22
55, 24
55, 27
55, 28
59, 56
61, 2
61, 4
61, 7
61, 8
61, 9
61, 11
61, 14
61, 20
61, 22
61, 24
61, 27
64, 8
64, 9
64, 20
64, 31
64, 44
64, 49
64, 57
64, 62
64, 75
64, 78
64, 79
65, 31
65, 44
65, 49
65, 57
65, 75
65, 78
65, 79
65, 82
65, 88
65, 101
65, 110
67, 44
67, 75
67, 78
67, 101
67, 121
69, 5
69, 7
69, 11
69, 14
69, 22
69, 24
69, 25
69, 27
69, 28
69, 29
69, 31
72, 5
72, 25
72, 29
72, 33
72, 38
72, 40
72, 47
72, 60
72, 84
72, 85
72, 100
73, 68
74, 44
74, 49
74, 75
74, 78
74, 82
74, 88
74, 101
74, 110
74, 121
74, 138
76, 4
76, 14
76, 22
76, 24
76, 27
76, 28
76, 31
76, 44
76, 49
76, 51
76, 53
80, 42
80, 53
80, 71
80, 114
80, 132
81, 5
81, 25
81, 29
81, 33
81, 38
81, 40
81, 47
81, 60
81, 84
81, 85
81, 100
83, 3
83, 14
83, 27
83, 28
83, 31
83, 33
83, 49
83, 51
83, 53
83, 56
83, 57
87, 14
87, 27
87, 28
87, 31
87, 49
87, 51
87, 53
87, 56
87, 57
87, 62
87, 63
89, 51
89, 62
89, 63
89, 79
89, 86
89, 139
90, 3
90, 27
90, 31
90, 42
90, 49
90, 51
90, 56
90, 57
90, 62
90, 63
90, 68
91, 28
91, 49
91, 51
91, 53
91, 56
91, 57
91, 62
91, 63
91, 68
91, 70
91, 75
92, 51
92, 62
92, 63
92, 75
92, 78
92, 79
92, 86
92, 101
92, 139
93, 62
93, 75
93, 78
93, 79
93, 101
93, 121
93, 139
94, 5
94, 25
94, 29
94, 33
94, 38
94, 40
94, 47
94, 60
94, 84
94, 85
94, 100
95, 5
95, 14
95, 25
95, 29
95, 33
95, 38
95, 40
95, 47
95, 51
95, 56
95, 60
96, 51
96, 53
96, 56
96, 57
96, 62
96, 63
96, 68
96, 70
96, 77
96, 78
96, 79
97, 14
97, 25
97, 29
97, 33
97, 38
97, 40
97, 47
97, 51
97, 56
97, 60
97, 62
98, 51
98, 63
98, 68
98, 86
102, 53
103, 10
103, 33
103, 40
103, 47
103, 53
103, 56
103, 57
103, 60
103, 62
103, 63
103, 68
104, 1
104, 126
105, 25
105, 38
105, 40
105, 47
105, 56
105, 60
105, 68
105, 84
105, 85
105, 86
105, 100
106, 110
108, 6
108, 10
108, 38
108, 40
108, 47
108, 56
108, 57
108, 60
108, 63
108, 68
108, 70
109, 6
109, 10
109, 63
109, 68
109, 70
109, 77
109, 79
109, 82
109, 86
109, 88
109, 101
111, 58
111, 66
112, 110
112, 138
113, 88
113, 110
113, 138
115, 3
115, 23
115, 42
115, 71
115, 99
115, 114
115, 129
115, 132
116, 68
116, 125
117, 63
117, 68
117, 70
117, 77
117, 79
117, 82
117, 86
117, 88
117, 110
117, 121
117, 125
118, 70
118, 77
118, 79
118, 82
118, 86
118, 88
118, 110
118, 121
118, 125
118, 138
118, 139
120, 58
120, 66
122, 58
122, 66
123, 38
123, 84
123, 85
123, 100
123, 130
123, 134
124, 84
124, 85
124, 100
124, 130
124, 134
127, 84
127, 85
127, 100
127, 130
127, 134
128, 66
128, 70
128, 77
128, 79
128, 82
128, 86
128, 88
128, 110
128, 121
128, 131
128, 138
133, 70
133, 77
133, 82
133, 86
133, 88
133, 107
133, 110
133, 119
133, 121
133, 125
133, 131
135, 1
135, 42
135, 70
135, 71
135, 77
135, 82
135, 84
135, 85
135, 86
135, 88
135, 99
136, 82
136, 86
136, 88
136, 100
136, 107
136, 119
136, 125
136, 130
136, 134
136, 138
136, 139
137, 125
end