320
4
0, 0.6725304391145467, 0.9068113134230521
1, 0.8775454037113891, 0.3642898594064583
2, 0.45028094372247496, 0.6789219682297433
3, 0.7951365144451772, 0.5469481322880198
4, 0.5304010342773539, 0.9955586260923641
5, 0.6104604111853978, 0.2279556390693056
6, 0.9249586100991382, 0.768584307660141
7, 0.9306684349091363, 0.36184290032910327
8, 0.7854972668201176, 0.28665280237584245
9, 0.5337813101287938, 0.928982929720575
10, 0.3262735636187605, 0.20269939233454703
11, 0.9296866030496038, 0.13165898945772192
12, 0.8540965885936124, 0.005910773328697383
13, 0.14758352396922725, 0.7267464203015157
14, 0.8992195686368506, 0.40116785936491417
15, 0.40590386354599206, 0.9848816540993617
16, 0.5814664989073494, 0.7220225263094145
17, 0.03836248569472822, 0.2466934326271354
18, 0.6729501863730817, 0.9684491116946248
19, 0.20053592389077057, 0.6508090070085776
20, 0.6249868164409117, 0.10604934385462972
21, 0.3157445095352053, 0.41338566341269667
22, 0.47829384041683387, 0.69930452301537
23, 0.45492321031149363, 0.09822934812092676
24, 0.10746281326000362, 0.051832728822984175
25, 0.19372249910422734, 0.7737037492053007
26, 0.5538305058681342, 0.37632534819238406
27, 0.26851497480820574, 0.7518480524619079
28, 0.9486981724189865, 0.14749006030646117
29, 0.6023572273222697, 0.7464369192906437
30, 0.4577206383815988, 0.025537970467079507
31, 0.6739521156127115, 0.29795975299857824
32, 0.08718706632365825, 0.7661525343318752
33, 0.8864749762575078, 0.4891793324923537
34, 0.37542965732822875, 0.6268057432970239
35, 0.1532607292354341, 0.825148974993269
36, 0.27349873713344375, 0.49823443548618873
37, 0.1483572725003134, 0.5060274376834732
38, 0.2380068713853406, 0.38674099664236006
39, 0.5175890825219311, 0.9190444161150496
40, 0.5991950565251923, 0.30678634796132065
41, 0.900529512118301, 0.6008317656012833
42, 0.9649167397604154, 0.8061801558495238
43, 0.10325985776117885, 0.6646824189659977
44, 0.18114030057938801, 0.32878012167422366
45, 0.8424797289053682, 0.6161933329802264
46, 0.22190883492699276, 0.21873763706556615
47, 0.8427069395367487, 0.3155179974545087
48, 0.3239911731523193, 0.8184972365316687
49, 0.5563135958417823, 0.35243548537221814
50, 0.7259898020283546, 0.31634772532920374
51, 0.7297183642704488, 0.024382457901112153
52, 0.2556724458763392, 0.5347121146488459
53, 0.9552981661208186, 0.7198577325065116
54, 0.8591501593365777, 0.42514185459725307
55, 0.9609022249805469, 0.056420661953202056
56, 0.5645089719972761, 0.19831672516894805
57, 0.628930597711283, 0.6684632996350478
58, 0.3354369092830912, 0.05860228034493731
59, 0.18092059558617657, 0.35748260470064797
60, 0.5168794937642979, 0.5847746394999455
61, 0.5981811855556158, 0.9035900577299221
62, 0.39267915579303203, 0.37209814974632693
63, 0.0741656444488259, 0.3359108127205048
64, 0.6242837105374972, 0.5887219675434447
65, 0.2701190637198273, 0.06571036611860459
66, 0.8133757386742811, 0.6098231888148072
67, 0.9152333610127225, 0.9568638905783311
68, 0.7053530164575554, 0.26204560492286555
69, 0.6947823315677046, 0.4416545548469364
70, 0.6344718811022961, 0.8814892081843283
71, 0.6149262256858073, 0.17675482409916798
72, 0.09630511486218774, 0.38705294694002534
73, 0.0565635788452874, 0.464155680740965
74, 0.3315368880495958, 0.22978879626647797
75, 0.18622855250595338, 0.16830100751503507
76, 0.8586015938671585, 0.7305850817416127
77, 0.11196042515110383, 0.0518888141087267
78, 0.6623454998309052, 0.6177736639789023
79, 0.5285411528305821, 0.8951025857173679
80, 0.5123018947248765, 0.2957265933134211
81, 0.6968664542678508, 0.6503540204116464
82, 0.15653373289531713, 0.34300977153643186
83, 0.4746321895522557, 0.5396955149167125
84, 0.2084237395129852, 0.549335389711733
85, 0.24182609765205043, 0.8046185291693811
86, 0.7292420326010396, 0.08302729028905809
87, 0.27721720718745335, 0.8514183901080054
88, 0.2555806400770422, 0.16675913337308235
89, 0.42874914551506116, 0.7589900489253342
90, 0.17051857505816137, 0.8647180051263947
91, 0.369094477743533, 0.20910374053188074
92, 0.08204854619401714, 0.25171146554434665
93, 0.5136266522267833, 0.21556281767363616
94, 0.4626064043648138, 0.24847082982545754
95, 0.8377741131225974, 0.816230232866315
96, 0.5872667276335045, 0.4601825560796724
97, 0.08128743846968567, 0.4021478651164361
98, 0.4403961414135563, 0.5857005104288399
99, 0.12542914600706767, 0.9808868399846061
100, 0.41070475140164187, 0.3468173253013396
101, 0.43391794573246945, 0.5337868803058736
102, 0.1620555177061297, 0.22230960699667401
103, 0.38488784272635523, 0.6362000198989891
104, 0.13357458775820386, 0.23695910341120885
105, 0.8640985870587325, 0.8812791205947832
106, 0.12000293463710032, 0.6821072911301329
107, 0.7584513702677123, 0.12740494846212347
108, 0.17700849513181527, 0.6755306800123392
109, 0.24904545999829508, 0.39728658601019984
110, 0.33107883441373076, 0.18896699592905586
111, 0.2515343576767992, 0.5282464433897877
112, 0.9078727173618429, 0.28090663650758796
113, 0.7662522762753831, 0.9501328043136905
114, 0.15495705399673743, 0.260607649064591
115, 0.5772721446124579, 0.8644376164675808
116, 0.32400698506369896, 0.2689306388613212
117, 0.7199595684019559, 0.8980075066075042
118, 0.48608176887543775, 0.797754568479756
119, 0.8959329018552278, 0.6681075684147803
120, 0.7415621554294555, 0.9154455349650527
121, 0.6072389645478159, 0.8264917542698164
122, 0.1779412859711793, 0.8302563690626622
123, 0.9293075504210858, 0.0023024217392799695
124, 0.2628023978102617, 0.05078256998433617
125, 0.18476022522130242, 0.1511667894737797
126, 0.6184448349281244, 0.032279725871995124
127, 0.792643302959461, 0.8250797836668279
128, 0.9031006431441704, 0.8468948465432523
129, 0.6787536966893821, 0.515021605709092
130, 0.5080826442938419, 0.2758848577927424
131, 0.6888517833178024, 0.7786655566907729
132, 0.37727227750607084, 0.6218874469657809
133, 0.8964463265019432, 0.4726788720187196
134, 0.6070466581285053, 0.7856901588376776
135, 0.9776351185926735, 0.35234049937066425
136, 0.4849552027083689, 0.4072039718342432
137, 0.989218041058047, 0.8211295912059776
138, 0.13631282510291487, 0.20053798931278433
139, 0.7259195862590608, 0.5751607616405486
140, 0.700752402833546, 0.4210006901494511
141, 0.14776352797510894, 0.9402870897011182
142, 0.282764060160554, 0.4151939181824752
143, 0.6620867213917913, 0.6111412395633506
144, 0.5916387409980846, 0.052151183166688764
145, 0.7018732826764754, 0.23809087316205613
146, 0.43999839128032026, 0.21544538714727512
147, 0.36842504309877644, 0.5349115894855264
148, 0.8692631896972071, 0.6950334953802347
149, 0.007406394424743223, 0.1498266851141109
150, 0.1832911654977707, 0.42967614634240947
151, 0.8491942743817555, 0.5980022722809892
152, 0.7583107753597282, 0.2930003996614682
153, 0.0007534643539511832, 0.08324102506129283
154, 0.021494811798715374, 0.6451148911575956
155, 0.4249472220580319, 0.24044072668437078
156, 0.3334076273955001, 0.5075517919599066
157, 0.4418738930197853, 0.3302730698718339
158, 0.4529555676293525, 0.6870619041311536
159, 0.9773771736989362, 0.6135408395042894
160, 0.36615073367192663, 0.9445397622769015
161, 0.44197825832246795, 0.5699827883466742
162, 0.467452382522767, 0.28796671896933546
163, 0.08484280751041062, 0.1360741732178976
164, 0.913452745243267, 0.7356027405458362
165, 0.8272045578114929, 0.10536098130435456
166, 0.010919259125796388, 0.07761332696552525
167, 0.8547806952838364, 0.3542542015848572
168, 0.990139527748027, 0.4620364723084792
169, 0.2713843450658543, 0.7040493414315186
170, 0.35826356573892915, 0.08285257620530662
171, 0.889295819396378, 0.8179608553871829
172, 0.050938476082743156, 0.6149190308262127
173, 0.7497649727226857, 0.7351287260932958
174, 0.3346060565313633, 0.9158668902928119
175, 0.2898155400622765, 0.770360174726522
176, 0.31642167889490247, 0.7793048038334999
177, 0.16988711162987924, 0.027743422374309823
178, 0.24090635968112428, 0.03758911351792671
179, 0.8203940481694828, 0.03240800216977624
180, 0.5215851443254192, 0.06999830911057603
181, 0.7668389273268055, 0.5516027160415344
182, 0.5584496493776023, 0.45647719729437275
183, 0.5396363449674876, 0.5584807852089284
184, 0.5995040241431471, 0.83760030115093
185, 0.7174520248808919, 0.5496350709901453
186, 0.9192317461582847, 0.8156672172558324
187, 0.1433880146828478, 0.44578102786090035
188, 0.011371498149440384, 0.1323587570519984
189, 0.3484149318714539, 0.18890191476379348
190, 0.8526468999748249, 0.5999927649054555
191, 0.014523740887332215, 0.9819007999520347
192, 0.6979083817546469, 0.5433455583455699
193, 0.5974384367909189, 0.4355354943451437
194, 0.3825301119613119, 0.32390939640423044
195, 0.10902989067729141, 0.45338505070612933
196, 0.651548932415696, 0.3375353031883245
197, 0.23398717323692275, 0.34103608266536545
198, 0.761889053294354, 0.6999992739893415
199, 0.8333382290632717, 0.9217161429497746
200, 0.0676074058429369, 0.33772482115321767
201, 0.38818265019724285, 0.2613509255461762
202, 0.5019787617507656, 0.5200400084929955
203, 0.07878147501663679, 0.1830114762835675
204, 0.3763553240167703, 0.49577055966604866
205, 0.819094326029693, 0.25047387650399877
206, 0.7157913178931492, 0.2168510930490184
207, 0.2361871729820787, 0.3551223320054424
208, 0.9372841377458077, 0.07712054814663671
209, 0.06970617643545107, 0.3807923495916953
210, 0.827125951454366, 0.9604128748054508
211, 0.7016241926445475, 0.18312440642529026
212, 0.095912103194013, 0.2633076891647498
213, 0.014440646170850946, 0.5808875040494332
214, 0.45277173039646945, 0.5681219087404525
215, 0.760397705235009, 0.06199616325191426
216, 0.26604883796658074, 0.4478591562691291
217, 0.8821527298085126, 0.21488508973596498
218, 0.11562337058528505, 0.8932783089332774
219, 0.9426584133696418, 0.9204506730263173
220, 0.9457863400167404, 0.1396129884686207
221, 0.7682366138315293, 0.16344076874690938
222, 0.8595797175439349, 0.15261025872613643
223, 0.583266753076644, 0.7112949576960554
224, 0.11692034802346651, 0.7659971713736551
225, 0.778523371092959, 0.4605849541169009
226, 0.40890963154446824, 0.9766388446212613
227, 0.07302456712123495, 0.37605808881996783
228, 0.5766957327731405, 0.7686688425161311
229, 0.592893407608061, 0.9203074306008775
230, 0.04676311796890309, 0.842898261765129
231, 0.670041132711007, 0.15201340056180757
232, 0.33782174991504077, 0.09027435927566296
233, 0.983113361491976, 0.7802721267802644
234, 0.029491750026333308, 0.18435503460750624
235, 0.26919428391010547, 0.5127457490327945
236, 0.5527272884042215, 0.7713496136319903
237, 0.007464886320637354, 0.3041020339272785
238, 0.2680101323534999, 0.1483914663921313
239, 0.11965176997682936, 0.5863879157651083
240, 0.02343270289455668, 0.7245110180879809
241, 0.12851664041702504, 0.29615208382760927
242, 0.814883868863616, 0.8278213571130039
243, 0.3312905182419581, 0.7738192277107256
244, 0.16891775828148914, 0.626692158574116
245, 0.40635750065933984, 0.22569802989699705
246, 0.3925330245796811, 0.5146457649171494
247, 0.5740229939723795, 0.6846229967839093
248, 0.952828251139664, 0.2809575263381491
249, 0.30598299444023147, 0.6768222737679083
250, 0.3736992439009009, 0.3776973586916845
251, 0.5699668664163366, 0.9660887246433982
252, 0.7196447621418198, 0.20307537791952124
253, 0.8574496601659083, 0.02670529824583423
254, 0.4088080297904024, 0.5799257675571944
255, 0.8002769011822464, 0.19685901496079738
256, 0.5081837460474514, 0.4455495182818142
257, 0.5450974146693337, 0.7262764069566815
258, 0.29190526401572214, 0.6762257193607425
259, 0.6671458183241284, 0.4595370462591789
260, 0.770800417400671, 0.7915934621931318
261, 0.8965374787538635, 0.15927818271079974
262, 0.8246136291279865, 0.9779511032296572
263, 0.09004061530590513, 0.17574766254971164
264, 0.2079247576178972, 0.3547473741820727
265, 0.968582625878402, 0.11219799267581909
266, 0.7652462691915224, 0.9732060500805143
267, 0.3161715482308889, 0.7564982801780467
268, 0.4139681303909428, 0.06479495897373089
269, 0.6781411851399357, 0.3784133495844225
270, 0.6568568221985556, 0.5786751018218229
271, 0.8814716280248956, 0.7496798228310402
272, 0.38417933515452973, 0.8614324782226783
273, 0.5563122024037999, 0.6447065556036026
274, 0.8607450938459366, 0.18394229711539434
275, 0.7034929321057155, 0.5996141241613541
276, 0.6537378464132171, 0.764608576198447
277, 0.9726670538078488, 0.8887599786405451
278, 0.4727481646671249, 0.9029159447027121
279, 0.2407925876078697, 0.6177290553729932
280, 0.5898371087988392, 0.8014278394390265
281, 0.8860797579458103, 0.0749351823069454
282, 0.841010157207077, 0.5234213997013878
283, 0.6424415302491011, 0.17705700729206508
284, 0.9487429105730862, 0.4627283666020665
285, 0.992885062083208, 0.9644932482993692
286, 0.4611915488658739, 0.143359656138767
287, 0.7750772134085123, 0.6613689751091482
288, 0.14431082344801271, 0.3455746146954104
289, 0.6912328205778535, 0.458911735208954
290, 0.6912958432047992, 0.82291512872113
291, 0.6543089646158269, 0.020596877537354397
292, 0.3123358036321121, 0.2128241013499983
293, 0.5029185517742002, 0.10037714800420083
294, 0.23887406747360274, 0.1938418062919811
295, 0.2387234719935708, 0.8501553763077399
296, 0.8733563120143097, 0.36129771663550303
297, 0.0607959855254262, 0.12407462548370152
298, 0.4327004388566493, 0.35182491071976896
299, 0.9084253486610536, 0.8648059436528635
300, 0.7761166591219764, 0.7285898461066797
301, 0.5397727156801448, 0.7975036490519167
302, 0.7716063280247484, 0.04867517742457017
303, 0.04291661576738692, 0.7870992557006226
304, 0.7634868773410295, 0.246490211268251
305, 0.7065954702065955, 0.9125001848468584
306, 0.6882107052228258, 0.4234996719827513
307, 0.40304618469349685, 0.8211705168892531
308, 0.7579923508409778, 0.7408567907024812
309, 0.5578014124732095, 0.5826464008989031
310, 0.5507596452859157, 0.70797006293561
311, 0.6707990903524161, 0.9234746130986108
312, 0.03454150067773476, 0.8805513601271985
313, 0.01232100475583009, 0.8300501384265163
314, 0.32636699910961553, 0.8659447745054012
315, 0.6746749199984081, 0.1953208266679911
316, 0.32760773949620947, 0.4591608250554622
317, 0.6676735691978315, 0.9512708284293125
318, 0.10650216745536778, 0.4552890668521328
319, 0.24032159542624054, 0.32469144433639463
end_nodes
0, 1
0, 2
0, 3
0, 4
0, 5
0, 6
0, 7
0, 8
0, 9
0, 10
0, 11
0, 12
0, 13
0, 14
0, 15
0, 16
0, 17
18, 1
18, 2
18, 3
18, 5
18, 7
18, 8
18, 9
18, 10
18, 11
18, 12
18, 13
18, 14
18, 15
18, 16
18, 17
18, 19
18, 20
21, 24
21, 75
21, 77
21, 102
21, 138
21, 163
21, 319
22, 2
22, 10
22, 17
22, 24
22, 34
22, 36
22, 37
22, 38
22, 44
22, 46
22, 52
22, 59
22, 62
22, 63
22, 65
22, 72
22, 73
25, 32
25, 224
25, 240
26, 23
26, 30
26, 58
26, 65
26, 80
26, 93
26, 94
26, 124
26, 130
26, 146
26, 170
26, 178
26, 180
26, 232
26, 268
26, 286
26, 293
27, 13
27, 43
27, 106
27, 154
27, 172
27, 240
29, 2
29, 5
29, 10
29, 16
29, 17
29, 19
29, 20
29, 23
29, 24
29, 30
29, 31
29, 34
29, 36
29, 37
29, 38
29, 40
29, 43
33, 1
33, 4
33, 7
33, 11
33, 12
33, 14
33, 28
33, 55
33, 112
33, 123
33, 133
33, 135
33, 208
33, 217
33, 220
33, 222
33, 248
39, 13
39, 32
39, 35
39, 85
39, 87
39, 90
39, 99
39, 106
39, 122
39, 141
39, 154
39, 160
39, 174
39, 191
39, 218
39, 224
39, 230
41, 1
41, 4
41, 7
41, 11
41, 12
41, 14
41, 28
41, 55
41, 112
41, 123
41, 133
41, 135
41, 179
41, 208
41, 217
41, 220
41, 222
42, 1
42, 2
42, 3
42, 5
42, 7
42, 8
42, 9
42, 10
42, 11
42, 12
42, 13
42, 14
42, 15
42, 17
42, 19
42, 20
42, 23
45, 1
45, 4
45, 7
45, 8
45, 11
45, 12
45, 14
45, 20
45, 28
45, 31
45, 47
45, 50
45, 51
45, 54
45, 55
45, 68
45, 71
48, 13
48, 32
48, 35
48, 85
48, 122
48, 224
48, 240
48, 303
48, 313
49, 23
49, 30
49, 58
49, 80
49, 93
49, 130
49, 146
49, 170
49, 180
49, 232
49, 268
49, 286
49, 293
53, 4
57, 5
57, 10
57, 17
57, 20
57, 23
57, 24
57, 30
57, 31
57, 36
57, 38
57, 40
57, 44
57, 46
57, 50
57, 51
57, 52
57, 56
61, 1
61, 2
61, 3
61, 4
61, 5
61, 7
61, 8
61, 9
61, 10
61, 11
61, 12
61, 13
61, 14
61, 16
61, 17
61, 19
61, 20
64, 5
64, 10
64, 20
64, 23
64, 24
64, 30
64, 31
64, 40
64, 46
64, 51
64, 56
64, 58
64, 62
64, 65
64, 71
64, 74
64, 75
66, 1
66, 3
66, 4
66, 5
66, 7
66, 8
66, 11
66, 12
66, 14
66, 20
66, 23
66, 28
66, 30
66, 31
66, 47
66, 50
66, 51
67, 1
67, 2
67, 3
67, 5
67, 7
67, 8
67, 9
67, 10
67, 11
67, 12
67, 13
67, 14
67, 15
67, 17
67, 19
67, 20
67, 23
69, 5
69, 20
69, 23
69, 30
69, 31
69, 50
69, 51
69, 56
69, 68
69, 71
69, 86
69, 107
69, 126
69, 140
69, 144
69, 145
69, 180
70, 1
70, 2
70, 3
70, 4
70, 5
70, 7
70, 8
70, 10
70, 11
70, 12
70, 13
70, 14
70, 16
70, 17
70, 19
70, 20
70, 23
76, 1
76, 3
76, 4
76, 5
76, 7
76, 8
76, 10
76, 11
76, 12
76, 14
76, 17
76, 20
76, 23
76, 24
76, 28
76, 30
76, 31
78, 5
78, 10
78, 12
78, 17
78, 20
78, 23
78, 24
78, 30
78, 31
78, 40
78, 44
78, 46
78, 50
78, 51
78, 56
78, 58
78, 62
79, 10
79, 13
79, 17
79, 19
79, 24
79, 32
79, 34
79, 35
79, 36
79, 37
79, 38
79, 43
79, 44
79, 46
79, 52
79, 58
79, 59
81, 5
81, 8
81, 10
81, 11
81, 12
81, 17
81, 20
81, 23
81, 24
81, 30
81, 31
81, 38
81, 40
81, 44
81, 46
81, 47
81, 50
89, 13
89, 17
89, 19
89, 37
89, 43
89, 52
89, 63
89, 72
89, 73
89, 82
89, 84
89, 92
89, 97
89, 106
89, 108
89, 111
89, 149
95, 1
95, 2
95, 3
95, 4
95, 5
95, 6
95, 7
95, 8
95, 9
95, 10
95, 11
95, 12
95, 13
95, 14
95, 15
95, 17
95, 19
96, 10
96, 23
96, 30
96, 56
96, 58
96, 65
96, 80
96, 91
96, 93
96, 94
96, 110
96, 124
96, 130
96, 144
96, 146
96, 155
96, 162
98, 10
98, 24
98, 38
98, 44
98, 46
98, 65
98, 74
98, 75
98, 77
98, 88
98, 102
98, 104
98, 109
98, 110
98, 114
98, 116
98, 124
105, 1
105, 2
105, 3
105, 5
105, 7
105, 8
105, 9
105, 11
105, 12
105, 13
105, 14
105, 15
105, 17
105, 19
105, 20
105, 23
105, 24
113, 1
113, 2
113, 3
113, 5
113, 7
113, 8
113, 9
113, 11
113, 12
113, 13
113, 14
113, 15
113, 16
113, 17
113, 19
113, 20
113, 23
115, 2
115, 12
115, 13
115, 19
115, 20
115, 23
115, 24
115, 30
115, 31
115, 32
115, 34
115, 35
115, 36
115, 37
115, 38
115, 40
115, 43
117, 1
117, 2
117, 3
117, 7
117, 8
117, 9
117, 11
117, 13
117, 14
117, 15
117, 16
117, 19
117, 24
117, 28
117, 30
117, 31
117, 32
118, 13
118, 19
118, 24
118, 32
118, 34
118, 36
118, 37
118, 38
118, 43
118, 44
118, 46
118, 52
118, 59
118, 63
118, 72
118, 73
118, 75
119, 1
119, 4
119, 7
119, 11
119, 14
119, 28
119, 47
119, 51
119, 54
119, 55
119, 86
119, 107
119, 112
119, 123
119, 133
119, 135
119, 165
120, 1
120, 2
120, 3
120, 7
120, 8
120, 9
120, 14
120, 15
120, 16
120, 19
120, 24
120, 28
120, 30
120, 31
120, 32
120, 34
120, 35
121, 2
121, 8
121, 16
121, 19
121, 24
121, 30
121, 31
121, 32
121, 34
121, 35
121, 36
121, 37
121, 38
121, 40
121, 43
121, 44
121, 46
127, 2
127, 3
127, 4
127, 6
127, 8
127, 9
127, 15
127, 19
127, 24
127, 28
127, 30
127, 31
127, 32
127, 34
127, 35
127, 36
127, 37
128, 2
128, 3
128, 9
128, 15
128, 28
128, 30
128, 31
128, 32
128, 34
128, 35
128, 36
128, 37
128, 38
128, 40
128, 43
128, 44
128, 46
129, 31
129, 40
129, 50
129, 51
129, 56
129, 58
129, 65
129, 68
129, 71
129, 80
129, 86
129, 93
129, 94
129, 107
129, 124
129, 126
129, 130
131, 3
131, 4
131, 28
131, 31
131, 32
131, 34
131, 36
131, 37
131, 38
131, 40
131, 43
131, 44
131, 46
131, 47
131, 50
131, 51
131, 52
134, 16
134, 32
134, 34
134, 36
134, 37
134, 38
134, 40
134, 43
134, 44
134, 46
134, 50
134, 51
134, 52
134, 56
134, 58
134, 59
134, 60
137, 3
137, 9
137, 15
137, 28
137, 32
137, 34
137, 35
137, 36
137, 37
137, 38
137, 40
137, 43
137, 44
137, 46
137, 47
137, 50
137, 51
139, 40
139, 47
139, 50
139, 51
139, 55
139, 56
139, 58
139, 65
139, 68
139, 71
139, 80
139, 86
139, 91
139, 93
139, 94
139, 107
139, 110
142, 104
142, 114
142, 138
142, 153
142, 163
142, 166
142, 188
142, 197
142, 203
142, 207
142, 263
142, 297
143, 40
143, 46
143, 50
143, 51
143, 56
143, 58
143, 62
143, 65
143, 68
143, 71
143, 74
143, 75
143, 77
143, 80
143, 86
143, 88
143, 91
147, 38
147, 44
147, 59
147, 82
147, 92
147, 102
147, 104
147, 109
147, 114
147, 138
147, 149
147, 153
147, 163
147, 166
147, 188
147, 197
147, 203
148, 4
148, 28
148, 40
148, 47
148, 50
148, 51
148, 54
148, 55
148, 56
148, 68
148, 71
148, 86
148, 93
148, 107
148, 112
148, 123
148, 126
151, 4
151, 28
151, 47
151, 50
151, 51
151, 54
151, 55
151, 68
151, 86
151, 107
151, 112
151, 123
151, 126
151, 133
151, 135
151, 145
151, 152
158, 34
158, 36
158, 37
158, 38
158, 44
158, 46
158, 52
158, 59
158, 63
158, 72
158, 73
158, 75
158, 77
158, 82
158, 84
158, 88
158, 92
159, 4
161, 46
161, 65
161, 74
161, 75
161, 77
161, 88
161, 102
161, 110
161, 116
161, 124
161, 125
161, 138
161, 153
161, 163
161, 166
161, 177
161, 178
164, 4
164, 28
164, 47
164, 51
164, 54
164, 55
164, 86
164, 107
164, 112
164, 123
164, 133
164, 135
164, 165
164, 167
164, 179
164, 205
164, 208
169, 43
169, 106
169, 108
169, 154
169, 172
169, 213
169, 239
169, 244
171, 9
171, 15
171, 28
171, 32
171, 34
171, 35
171, 36
171, 37
171, 38
171, 40
171, 43
171, 44
171, 46
171, 47
171, 50
171, 51
171, 52
173, 28
173, 34
173, 36
173, 37
173, 38
173, 40
173, 44
173, 47
173, 50
173, 52
173, 54
173, 55
173, 56
173, 58
173, 59
173, 62
173, 63
175, 32
175, 43
175, 106
175, 154
175, 224
175, 240
176, 32
176, 43
176, 106
176, 154
176, 172
176, 213
176, 224
176, 240
181, 47
181, 50
181, 55
181, 56
181, 68
181, 71
181, 86
181, 107
181, 112
181, 123
181, 126
181, 140
181, 144
181, 145
181, 152
181, 165
181, 167
182, 58
182, 65
182, 74
182, 77
182, 80
182, 88
182, 91
182, 93
182, 94
182, 110
182, 124
182, 130
182, 146
182, 155
182, 157
182, 162
182, 170
184, 16
184, 34
184, 35
184, 36
184, 37
184, 43
184, 44
184, 52
184, 56
184, 58
184, 59
184, 60
184, 62
184, 63
184, 65
184, 68
184, 71
185, 56
185, 58
185, 65
185, 68
185, 71
185, 80
185, 86
185, 93
185, 94
185, 107
185, 123
185, 124
185, 126
185, 130
185, 140
185, 144
185, 145
186, 9
186, 15
186, 34
186, 35
186, 36
186, 37
186, 43
186, 47
186, 52
186, 54
186, 55
186, 56
186, 58
186, 59
186, 62
186, 63
186, 65
190, 47
190, 54
190, 55
190, 86
190, 107
190, 112
190, 123
190, 126
190, 133
190, 135
190, 145
190, 152
190, 165
190, 167
190, 179
190, 205
190, 206
192, 56
192, 58
192, 65
192, 68
192, 71
192, 80
192, 86
192, 91
192, 93
192, 94
192, 107
192, 124
192, 126
192, 130
192, 140
192, 144
192, 145
193, 56
193, 58
193, 65
193, 80
193, 93
193, 94
193, 124
193, 126
193, 130
193, 144
193, 146
193, 155
193, 162
193, 170
193, 178
193, 180
193, 232
198, 47
198, 54
198, 55
198, 59
198, 62
198, 63
198, 65
198, 68
198, 71
198, 72
198, 74
198, 75
198, 77
198, 80
198, 82
198, 86
198, 88
199, 9
199, 15
199, 35
199, 47
199, 52
199, 54
199, 55
199, 59
199, 60
199, 62
199, 63
199, 65
199, 68
199, 71
199, 72
199, 73
199, 74
204, 75
204, 77
204, 102
204, 125
204, 138
204, 163
204, 166
204, 177
204, 263
204, 294
204, 297
204, 319
210, 9
210, 15
210, 35
210, 52
210, 54
210, 55
210, 59
210, 60
210, 62
210, 63
210, 68
210, 71
210, 72
210, 73
210, 74
210, 75
210, 77
219, 15
219, 35
219, 52
219, 54
219, 55
219, 59
219, 62
219, 63
219, 68
219, 71
219, 72
219, 73
219, 74
219, 75
219, 77
219, 80
219, 82
223, 52
223, 59
223, 60
223, 62
223, 63
223, 71
223, 72
223, 73
223, 74
223, 75
223, 77
223, 80
223, 82
223, 83
223, 84
223, 88
223, 91
228, 52
228, 59
228, 60
228, 62
228, 63
228, 71
228, 72
228, 73
228, 74
228, 75
228, 77
228, 80
228, 82
228, 83
228, 84
228, 88
228, 91
229, 6
229, 35
229, 54
229, 55
229, 59
229, 60
229, 62
229, 63
229, 68
229, 72
229, 73
229, 74
229, 75
229, 77
229, 80
229, 82
229, 83
233, 35
233, 54
233, 59
233, 62
233, 63
233, 68
233, 72
233, 73
233, 74
233, 75
233, 77
233, 80
233, 82
233, 84
233, 85
233, 86
233, 87
236, 60
236, 62
236, 63
236, 72
236, 73
236, 74
236, 75
236, 77
236, 80
236, 82
236, 83
236, 84
236, 88
236, 91
236, 92
236, 93
236, 94
242, 6
242, 54
242, 62
242, 63
242, 72
242, 73
242, 74
242, 75
242, 77
242, 82
242, 83
242, 84
242, 85
242, 86
242, 87
242, 88
242, 90
243, 106
243, 108
243, 154
243, 172
243, 213
243, 224
243, 240
246, 77
246, 88
246, 102
246, 125
246, 138
246, 153
246, 163
246, 166
246, 177
246, 263
246, 294
246, 297
246, 319
249, 73
249, 172
249, 213
249, 239
249, 244
249, 279
251, 6
251, 54
251, 60
251, 72
251, 73
251, 74
251, 82
251, 83
251, 84
251, 85
251, 86
251, 87
251, 88
251, 90
251, 91
251, 92
251, 93
254, 82
254, 92
254, 102
254, 104
254, 109
254, 114
254, 125
254, 138
254, 149
254, 153
254, 156
254, 163
254, 166
254, 177
254, 188
254, 197
254, 203
257, 60
257, 72
257, 73
257, 74
257, 82
257, 83
257, 84
257, 88
257, 91
257, 92
257, 93
257, 94
257, 97
257, 100
257, 101
257, 102
257, 103
258, 73
258, 172
258, 213
258, 239
258, 244
259, 86
259, 93
259, 126
259, 144
259, 145
259, 170
259, 180
259, 196
259, 206
259, 211
259, 215
259, 231
259, 252
259, 268
259, 269
259, 283
259, 286
260, 54
260, 72
260, 82
260, 83
260, 84
260, 85
260, 87
260, 88
260, 90
260, 91
260, 92
260, 93
260, 94
260, 97
260, 100
260, 102
260, 103
262, 60
262, 82
262, 83
262, 84
262, 85
262, 87
262, 88
262, 90
262, 91
262, 92
262, 93
262, 94
262, 97
262, 99
262, 100
262, 101
262, 102
266, 16
266, 60
266, 82
266, 83
266, 84
266, 85
266, 87
266, 88
266, 90
266, 91
266, 92
266, 93
266, 94
266, 97
266, 99
266, 100
266, 101
267, 106
267, 108
267, 154
267, 172
267, 213
267, 240
270, 88
270, 91
270, 94
270, 100
270, 102
270, 107
270, 110
270, 116
270, 124
270, 125
270, 126
270, 130
270, 136
270, 138
270, 140
270, 144
270, 145
271, 91
271, 92
271, 94
271, 100
271, 102
271, 104
271, 107
271, 109
271, 110
271, 112
271, 114
271, 116
271, 123
271, 124
271, 125
271, 126
271, 130
272, 85
272, 87
272, 90
272, 122
272, 218
272, 224
272, 230
272, 240
272, 295
272, 303
272, 312
272, 313
272, 314
275, 91
275, 94
275, 100
275, 107
275, 110
275, 116
275, 123
275, 124
275, 125
275, 126
275, 130
275, 136
275, 140
275, 144
275, 145
275, 146
275, 152
276, 60
276, 83
276, 84
276, 91
276, 92
276, 94
276, 97
276, 100
276, 101
276, 102
276, 103
276, 104
276, 106
276, 107
276, 108
276, 109
276, 110
277, 84
277, 85
277, 87
277, 90
277, 92
277, 97
277, 99
277, 100
277, 102
277, 103
277, 104
277, 106
277, 107
277, 108
277, 109
277, 110
277, 111
278, 85
278, 87
278, 90
278, 99
278, 122
278, 141
278, 174
278, 191
278, 218
278, 224
278, 230
278, 240
278, 295
278, 303
278, 312
278, 313
278, 314
280, 16
280, 60
280, 83
280, 84
280, 85
280, 92
280, 97
280, 100
280, 101
280, 102
280, 103
280, 104
280, 106
280, 107
280, 108
280, 109
280, 110
282, 112
282, 123
282, 165
282, 167
282, 179
282, 205
282, 208
282, 215
282, 217
282, 220
282, 221
282, 222
282, 248
282, 253
282, 255
282, 261
282, 265
284, 135
285, 83
285, 84
285, 85
285, 87
285, 90
285, 92
285, 97
285, 99
285, 100
285, 102
285, 103
285, 104
285, 106
285, 108
285, 109
285, 110
285, 111
287, 100
287, 102
287, 110
287, 112
287, 116
287, 123
287, 124
287, 125
287, 126
287, 130
287, 133
287, 135
287, 136
287, 138
287, 140
287, 144
287, 145
289, 126
289, 140
289, 144
289, 145
289, 180
289, 196
289, 206
289, 211
289, 215
289, 221
289, 231
289, 252
289, 268
289, 269
289, 283
289, 286
289, 291
290, 60
290, 83
290, 84
290, 85
290, 87
290, 90
290, 92
290, 97
290, 100
290, 101
290, 103
290, 104
290, 106
290, 108
290, 109
290, 110
290, 111
299, 85
299, 87
299, 90
299, 92
299, 97
299, 99
299, 100
299, 103
299, 104
299, 106
299, 108
299, 109
299, 110
299, 111
299, 112
299, 114
299, 116
300, 97
300, 100
300, 104
300, 109
300, 110
300, 111
300, 112
300, 114
300, 116
300, 123
300, 124
300, 125
300, 126
300, 130
300, 133
300, 135
300, 136
301, 60
301, 83
301, 85
301, 97
301, 100
301, 101
301, 103
301, 104
301, 106
301, 108
301, 109
301, 110
301, 111
301, 114
301, 116
301, 124
301, 125
305, 16
305, 60
305, 83
305, 85
305, 87
305, 90
305, 97
305, 99
305, 100
305, 101
305, 103
305, 104
305, 106
305, 108
305, 109
305, 111
305, 112
306, 126
306, 144
306, 145
306, 180
306, 196
306, 206
306, 211
306, 215
306, 231
306, 252
306, 269
306, 283
306, 291
306, 293
306, 302
306, 315
307, 106
307, 108
307, 122
307, 154
307, 172
307, 213
307, 224
307, 230
307, 240
307, 303
307, 313
308, 97
308, 103
308, 104
308, 109
308, 111
308, 112
308, 114
308, 116
308, 123
308, 124
308, 125
308, 130
308, 132
308, 133
308, 135
308, 136
308, 138
310, 83
310, 97
310, 101
310, 104
310, 109
310, 111
310, 114
310, 116
310, 124
310, 125
310, 130
310, 132
310, 136
310, 138
310, 144
310, 146
310, 149
311, 16
311, 87
311, 90
311, 97
311, 99
311, 101
311, 103
311, 104
311, 108
311, 109
311, 111
311, 112
311, 114
311, 116
311, 122
311, 123
311, 125
316, 114
316, 138
316, 153
316, 163
316, 166
316, 197
316, 203
316, 207
316, 263
316, 297
316, 319
317, 16
317, 87
317, 90
317, 99
317, 101
317, 103
317, 108
317, 109
317, 111
317, 112
317, 114
317, 116
317, 122
317, 123
317, 125
317, 130
317, 132
end