300
4
0, 0.9823127474308536, 0.0578229116636676
1, 0.5707630495721888, 0.6221252704260049
2, 0.3415853911641351, 0.7695985909158499
3, 0.7429565850391782, 0.7610243136959761
4, 0.19130828620875806, 0.30470159311600953
5, 0.6707257786623391, 0.43304041641809754
6, 0.7096336282113919, 0.24128752050911761
7, 0.04241932437454066, 0.5384274115788271
8, 0.45285346179263364, 0.8452760720917064
9, 0.9304482724118631, 0.34972599166811524
10, 0.9191592008352517, 0.1777617369936051
11, 0.7482758941164749, 0.2833264981939545
12, 0.6170830750296927, 0.01622944853030117
13, 0.15632637799664661, 0.01058001004777176
14, 0.5160324083756563, 0.06252142636419089
15, 0.6888076806301444, 0.5193635335559907
16, 0.11714928643534028, 0.24593436066746333
17, 0.7694806433022314, 0.8651205653544614
18, 0.1820455558424824, 0.18394124880502793
19, 0.6403065950178525, 0.8915912056822614
20, 0.2854620569804468, 0.43904828299111776
21, 0.40356631515173846, 0.9562450845118318
22, 0.5755603495759319, 0.961388786432316
23, 0.6509130295687291, 0.8878621374146229
24, 0.5766537413886871, 0.7511313553730435
25, 0.33886446069944665, 0.7984303226007045
26, 0.716385952810158, 0.835389133112568
27, 0.4154338965689103, 0.2102854402470411
28, 0.7289013824714301, 0.3438542998247711
29, 0.042822854409170996, 0.2277101502989861
30, 0.792783551430816, 0.8521446165051914
31, 0.4798574320189608, 0.7535651994589659
32, 0.9898026883374078, 0.7747638780727428
33, 0.9747892281199361, 0.30257958181829203
34, 0.12346782988330429, 0.15209395191907205
35, 0.6235941868662936, 0.21199473546987269
36, 0.7167397584525556, 0.9928760006012225
37, 0.37221310986205136, 0.08705230891672255
38, 0.11939494319778443, 0.8630052609708677
39, 0.31778648928643494, 0.651358077053466
40, 0.91926996988816, 0.9920529351493388
41, 0.04372175806660461, 0.41581173436007657
42, 0.7946228477599865, 0.39032583879697746
43, 0.9664057138124588, 0.173988697133711
44, 0.591835072909697, 0.768170088681382
45, 0.029249951378181982, 0.5179865489587541
46, 0.14207491806004335, 0.7267214702270551
47, 0.6983035121847582, 0.5831378296942648
48, 0.709004879043734, 0.4537283586001074
49, 0.9879467280503273, 0.6242700315332484
50, 0.21027892268417825, 0.09188302730119413
51, 0.757119595147864, 0.5266641277661129
52, 0.7889033679354318, 0.9282568750082789
53, 0.44139611570348336, 0.265665435929187
54, 0.2549570430041368, 0.2925413076390462
55, 0.35313345099714233, 0.5267914637333775
56, 0.15954282993047297, 0.8582242518633424
57, 0.07187648133953495, 0.7313943373256181
58, 0.8475359807115409, 0.3337337693280128
59, 0.013048464395888582, 0.8926925443395315
60, 0.9597242574251426, 0.8643901622974094
61, 0.9117566681541615, 0.40699794428623515
62, 0.13385902066953426, 0.9566782731416713
63, 0.20647532878287067, 0.1500338062953761
64, 0.5373836287610512, 0.8835080206350291
65, 0.3850803654035798, 0.37393021408059746
66, 0.2494290260661316, 0.2712782189824485
67, 0.5858664227397237, 0.5558672795687501
68, 0.830510908251168, 0.831791298860948
69, 0.9890474934216128, 0.6022461393446376
70, 0.1218684387439829, 0.5178727328905252
71, 0.019212520883571615, 0.5974152621110779
72, 0.5193827261911679, 0.010215750664093415
73, 0.1257617403353506, 0.8901735530797629
74, 0.11132687466801783, 0.315346785888703
75, 0.650687922918221, 0.21806306940348208
76, 0.9412569844530106, 0.5700455708079264
77, 0.19893737548632529, 0.25834903249354413
78, 0.6289313695565608, 0.13816727131977735
79, 0.6582658576629579, 0.6896223979183442
80, 0.9205485036396468, 0.7333517574589855
81, 0.5488101574249259, 0.09900795741088153
82, 0.2440575970185732, 0.4514485784280867
83, 0.9885553770406251, 0.7899353010357739
84, 0.21419526651195542, 0.7762218362972355
85, 0.9487690322230035, 0.17664595230282798
86, 0.19782750260514748, 0.06333883738862722
87, 0.21216905757685012, 0.8402490076535923
88, 0.9632476498094509, 0.48097154850983326
89, 0.9196134502878597, 0.3557856458547921
90, 0.2669462665893543, 0.7877995610570481
91, 0.5168593683660349, 0.3449749449172379
92, 0.4962399309722584, 0.4907482246037741
93, 0.9902507292754605, 0.11069466941143735
94, 0.8452127826788606, 0.27793608150438953
95, 0.0712949409277247, 0.2445105457743657
96, 0.7733850512835788, 0.9682460382269001
97, 0.5638177760339746, 0.26639246973300124
98, 0.567417465549218, 0.6522885319249415
99, 0.4883856222151737, 0.9261375610904851
100, 0.6806654804933501, 0.6666896022307176
101, 0.4075709857538877, 0.11606110948772375
102, 0.37759880042105665, 0.3040677832383929
103, 0.7886079551344468, 0.8022140419053705
104, 0.5199311382976369, 0.9445813246554176
105, 0.019134219976061906, 0.5078375956447702
106, 0.5968910340633903, 0.03616973948144875
107, 0.6130377590173391, 0.6644151457579708
108, 0.6652984947738411, 0.21622981652601914
109, 0.8214667234300288, 0.47745156123633414
110, 0.08187533526570501, 0.49246139890653184
111, 0.3568005091838541, 0.03807998862135631
112, 0.37059188405120713, 0.33612128902637817
113, 0.4479901300193755, 0.9585138317443186
114, 0.0031979115562152938, 0.47310688553542046
115, 0.501446425443472, 0.0006376584228507953
116, 0.5741980099670814, 0.10337663970950273
117, 0.16185591283603862, 0.3698433792442669
118, 0.8545515307853038, 0.9529310114964034
119, 0.8083455673134218, 0.4133099160138036
120, 0.4478144257199369, 0.5391922588289315
121, 0.8328324209385479, 0.8708763270742234
122, 0.2554252879067124, 0.5486800327478852
123, 0.038993370908398606, 0.2072280646917486
124, 0.9859443322834638, 0.41243913344569205
125, 0.02739727664664726, 0.48138211082833826
126, 0.292414727050781, 0.45311724351849725
127, 0.11861984424827487, 0.40906039758274937
128, 0.20241040216545025, 0.034391802973837815
129, 0.5708403300121251, 0.06284974894727613
130, 0.4196020495709938, 0.611317551892408
131, 0.12908235952189284, 0.44768746895793865
132, 0.21505166460009895, 0.602976392747649
133, 0.42262710138422654, 0.36602861876685333
134, 0.17911498597995534, 0.0001638862978087241
135, 0.08143406540480147, 0.6636151919503105
136, 0.2233500459150508, 0.10208632339259238
137, 0.47418758175565756, 0.9765676813868029
138, 0.5700387730318554, 0.15627181098206255
139, 0.648235978881518, 0.3166315047965954
140, 0.1864169329059494, 0.04523809256845546
141, 0.004395229228074116, 0.8640927910141684
142, 0.6694030743550061, 0.4420311286180959
143, 0.42298737735398473, 0.3766861444359769
144, 0.8295125715209513, 0.7790799221873557
145, 0.39949030457227486, 0.8540814047328232
146, 0.14698972310370906, 0.6313812560054199
147, 0.9224899027092033, 0.4889890335675058
148, 0.0334004311601076, 0.18262729273661804
149, 0.4832104041953288, 0.7170618884053616
150, 0.6437908409215883, 0.8467492394802049
151, 0.061088236710528765, 0.1748472177179422
152, 0.26903128115284713, 0.7053779750162237
153, 0.7244226039038805, 0.9842474635512503
154, 0.19160926309828674, 0.5002948896099407
155, 0.3109077505314356, 0.5094447020381787
156, 0.9844595233380594, 0.24035003486427897
157, 0.1491873431384011, 0.4971530093371642
158, 0.4522873649796044, 0.35764450743923526
159, 0.5118992129574873, 0.4938683811335376
160, 0.8712367040458415, 0.8679003425950125
161, 0.26024405116225613, 0.7839028225419326
162, 0.6325512865445941, 0.3580118247984808
163, 0.14886476737653476, 0.3229920709533235
164, 0.07760978879316138, 0.6470775512349178
165, 0.25908455654566964, 0.8773046885776752
166, 0.014634248160457664, 0.877503238371907
167, 0.43948198957477214, 0.05601152639102247
168, 0.07427868289833617, 0.7534376670164658
169, 0.9692742058393787, 0.14797479059906982
170, 0.4796154669667124, 0.7670232622003553
171, 0.2647456226969409, 0.9582537603292589
172, 0.6472962739536303, 0.9965826245985748
173, 0.6300307766731537, 0.5620340592520541
174, 0.2016885048259628, 0.8382234292320976
175, 0.3123230358446887, 0.9844348936127795
176, 0.9359304933693989, 0.38086130053821066
177, 0.303083347888666, 0.8730902769321206
178, 0.9472286436553138, 0.6832150923323599
179, 0.1590693053059209, 0.32619764916997873
180, 0.5895837854799456, 0.6610456629610331
181, 0.19937639244683603, 0.07045297516640803
182, 0.33200326832500304, 0.6528089073306873
183, 0.33307214299743715, 0.09859472369474276
184, 0.714137667300525, 0.5087827473196549
185, 0.14563394842909283, 0.4967431391531264
186, 0.6221120513549775, 0.5830278883267144
187, 0.7110353684459626, 0.5485214147503602
188, 0.2363820781842565, 0.11436232970150906
189, 0.7921054961943278, 0.41979369281705525
190, 0.6581545376909747, 0.8963071272677433
191, 0.5750922205278205, 0.9074341117663797
192, 0.480089133912899, 0.15881968392400825
193, 0.253515982043814, 0.17343585819928165
194, 0.318699982203002, 0.7337183567411695
195, 0.49853044025020143, 0.7208070560816041
196, 0.9577519345007075, 0.9863985686479272
197, 0.13632179909942455, 0.7133339576746918
198, 0.5273772170932169, 0.594973509856125
199, 0.3683607728805113, 0.7512458224630388
200, 0.571095975485475, 0.9495796244476399
201, 0.5406332275467582, 0.4056648589540033
202, 0.07983487755262508, 0.8375233628845701
203, 0.22818576874845597, 0.22808111436454148
204, 0.4080360367504725, 0.3031644726396301
205, 0.49276693663882754, 0.7743235031097743
206, 0.36563294681033587, 0.9219928630258445
207, 0.7728952212537525, 0.2028342988097297
208, 0.8436488902681818, 0.7320337629299948
209, 0.9205803241634809, 0.04516311545409335
210, 0.6448040301315402, 0.9223476665848568
211, 0.6386417504744508, 0.15390005548275676
212, 0.6911644634987058, 0.617521461121326
213, 0.5670374157917811, 0.5976425049240991
214, 0.6042390401599389, 0.9721933895992299
215, 0.21608194207371523, 0.2681616328859707
216, 0.8201202182863387, 0.16650396621581498
217, 0.1681654833267623, 0.40711780154716326
218, 0.799934470158636, 0.20493998613334286
219, 0.9339345014060553, 0.253510222834894
220, 0.2960745588948952, 0.5463032123159803
221, 0.5760009964582238, 0.4688924597891714
222, 0.6828840054657626, 0.6778538610780526
223, 0.6830571942245586, 0.6678594277881648
224, 0.3527693843692047, 0.45958334081092467
225, 0.0966587871392518, 0.8531511033706061
226, 0.2518306564678975, 0.5353531772735991
227, 0.7756059950220625, 0.95853175085345
228, 0.9344119541300462, 0.011347413577903587
229, 0.5760246577810616, 0.4655082550897921
230, 0.6713558675437137, 0.82156201618459
231, 0.29942325605114606, 0.639580908512797
232, 0.7107274750785821, 0.49110851325469695
233, 0.582785830536205, 0.5864743573150294
234, 0.8785689370827723, 0.36306667626055544
235, 0.105618806456513, 0.633999866014729
236, 0.3638019103160365, 0.9748924231929827
237, 0.12669235489912123, 0.2623253422397215
238, 0.27180496191284687, 0.17666526370408442
239, 0.9999195798930679, 0.203695467459452
240, 0.3639117922213779, 0.9895970698935104
241, 0.5636498212120433, 0.3474807745577607
242, 0.3216162081539857, 0.8393340384470385
243, 0.1573061967453655, 0.010657538952387746
244, 0.2105500569920017, 0.8606538143123721
245, 0.6139488941403803, 0.20019101532275607
246, 0.5573008316195537, 0.5121140860426712
247, 0.8603359714931003, 0.27840007109758347
248, 0.7655436719754618, 0.06326036100629118
249, 0.7590895052594355, 0.9850685916088396
250, 0.1998448849644574, 0.30114418882242167
251, 0.9557046640692719, 0.5854510564923515
252, 0.691551559438161, 0.3093646457622331
253, 0.021368759236342516, 0.4421697147632301
254, 0.2904665031092002, 0.33507676122560215
255, 0.8047043914379765, 0.2504947923195243
256, 0.604364431911449, 0.45340314119655756
257, 0.4503202712973273, 0.4238329047318541
258, 0.736141079851157, 0.08340464468620201
259, 0.7966501197849212, 0.8681008743785162
260, 0.8468546825878837, 0.002368242337266291
261, 0.8450843990752096, 0.12304859626923104
262, 0.630746254353346, 0.8067426704596617
263, 0.14966878345591783, 0.3299510922353315
264, 0.04107192645688651, 0.5496698865867325
265, 0.6888777294944679, 0.799868786538042
266, 0.36663752465425015, 0.5585993885925807
267, 0.9081355454822058, 0.09258613685231698
268, 0.9169561328632129, 0.14289245654347593
269, 0.11970663869118914, 0.47663045117150693
270, 0.9910697034016214, 0.02036573581643364
271, 0.5882792728828324, 0.9768274726589756
272, 0.080210558571565, 0.10417413315720614
273, 0.6508100890935874, 0.7795696024267803
274, 0.069318635881231, 0.7153399684231241
275, 0.6699126075329631, 0.22248716054411044
276, 0.009346325140366818, 0.9866622327604962
277, 0.6279621022523435, 0.5376371459256591
278, 0.466986376789179, 0.13824386941906164
279, 0.2410287538633774, 0.30428218550691055
280, 0.13418644754190534, 0.9126650121111736
281, 0.3987033929734257, 0.1324234312431961
282, 0.7789665698610458, 0.28833196373042547
283, 0.5512066213760566, 0.8736702780105254
284, 0.6596123154393307, 0.8624405336816441
285, 0.12905505056318278, 0.9418111728369987
286, 0.8672104105113094, 0.7120675751092423
287, 0.2939696954129334, 0.4822966951604222
288, 0.3316238352369294, 0.5738165392822305
289, 0.9588355298967018, 0.7355683336422567
290, 0.8009610181761392, 0.5850473730338425
291, 0.1727496962405346, 0.982908065713345
292, 0.04256141631573118, 0.6524867305870871
293, 0.9349069490146579, 0.2344822439843789
294, 0.18595213032973945, 0.8161268377815042
295, 0.7735722160082574, 0.36801761921698506
296, 0.3244468566912899, 0.3324548688182395
297, 0.3965382022605034, 0.23070919782209298
298, 0.8423888887228116, 0.013751526193058305
299, 0.6365238563426135, 0.7308387334545947
end_nodes
0, 1
0, 2
0, 3
0, 4
0, 5
0, 6
0, 7
0, 8
0, 9
0, 10
0, 11
0, 12
0, 13
0, 14
0, 15
0, 16
0, 17
18, 29
18, 123
19, 214
20, 70
20, 71
20, 135
20, 154
20, 164
20, 235
20, 292
24, 99
25, 291
27, 4
27, 7
27, 16
27, 41
27, 45
27, 54
27, 66
27, 74
27, 77
27, 95
27, 105
27, 110
27, 114
27, 117
27, 125
27, 127
27, 131
28, 1
28, 2
28, 5
28, 8
28, 21
28, 31
28, 44
28, 56
28, 62
28, 64
28, 67
28, 73
28, 87
28, 90
28, 98
28, 99
28, 104
30, 249
32, 2
32, 4
32, 7
32, 8
32, 12
32, 13
32, 14
32, 16
32, 17
32, 21
32, 22
32, 29
32, 34
32, 36
32, 37
32, 38
32, 39
33, 1
33, 2
33, 3
33, 4
33, 7
33, 8
33, 12
33, 13
33, 14
33, 16
33, 17
33, 21
33, 22
33, 23
33, 26
33, 29
33, 31
35, 1
35, 2
35, 4
35, 7
35, 8
35, 21
35, 22
35, 31
35, 38
35, 39
35, 41
35, 44
35, 45
35, 46
35, 53
35, 54
35, 55
40, 2
40, 4
40, 7
40, 8
40, 12
40, 13
40, 14
40, 16
40, 21
40, 22
40, 29
40, 34
40, 36
40, 37
40, 38
40, 39
40, 41
42, 3
42, 17
42, 22
42, 23
42, 26
42, 36
42, 44
42, 47
42, 52
42, 64
42, 68
42, 79
42, 96
42, 99
42, 100
42, 103
42, 104
43, 1
43, 2
43, 3
43, 4
43, 7
43, 8
43, 9
43, 11
43, 12
43, 13
43, 14
43, 15
43, 16
43, 17
43, 21
43, 22
43, 23
48, 8
48, 21
48, 22
48, 44
48, 64
48, 98
48, 99
48, 104
48, 107
48, 113
48, 137
48, 170
48, 173
48, 175
48, 180
48, 186
48, 191
49, 2
49, 4
49, 7
49, 8
49, 12
49, 13
49, 14
49, 16
49, 17
49, 21
49, 22
49, 23
49, 26
49, 29
49, 34
49, 36
49, 37
51, 8
51, 21
51, 44
51, 64
51, 79
51, 99
51, 100
51, 104
51, 113
51, 137
51, 175
51, 191
51, 212
51, 222
51, 223
51, 236
51, 240
58, 1
58, 2
58, 4
58, 7
58, 8
58, 15
58, 16
58, 21
58, 29
58, 31
58, 38
58, 39
58, 41
58, 44
58, 45
58, 46
58, 47
60, 2
60, 4
60, 7
60, 8
60, 12
60, 13
60, 14
60, 16
60, 21
60, 22
60, 29
60, 34
60, 36
60, 37
60, 38
60, 39
60, 41
61, 17
61, 52
61, 68
61, 96
61, 103
61, 118
61, 121
61, 144
61, 153
61, 160
61, 208
61, 227
61, 249
61, 259
61, 286
63, 34
63, 148
63, 151
65, 7
65, 46
65, 57
65, 59
65, 70
65, 71
65, 82
65, 122
65, 126
65, 132
65, 135
65, 141
65, 146
65, 154
65, 157
65, 164
65, 166
69, 2
69, 4
69, 7
69, 8
69, 12
69, 13
69, 14
69, 16
69, 17
69, 21
69, 22
69, 23
69, 26
69, 29
69, 34
69, 36
69, 37
75, 1
75, 2
75, 4
75, 7
75, 8
75, 21
75, 22
75, 23
75, 26
75, 31
75, 36
75, 38
75, 39
75, 41
75, 44
75, 45
75, 46
76, 2
76, 4
76, 7
76, 8
76, 12
76, 13
76, 14
76, 16
76, 17
76, 21
76, 22
76, 23
76, 26
76, 29
76, 31
76, 34
76, 36
78, 1
78, 2
78, 4
78, 7
78, 8
78, 16
78, 21
78, 22
78, 23
78, 29
78, 31
78, 34
78, 38
78, 39
78, 41
78, 44
78, 45
80, 2
80, 4
80, 7
80, 8
80, 12
80, 13
80, 14
80, 16
80, 17
80, 21
80, 22
80, 23
80, 29
80, 34
80, 36
80, 37
80, 38
81, 4
81, 7
81, 16
81, 29
81, 34
81, 37
81, 41
81, 45
81, 50
81, 54
81, 66
81, 70
81, 71
81, 74
81, 77
81, 82
81, 86
83, 2
83, 4
83, 12
83, 13
83, 14
83, 16
83, 17
83, 21
83, 22
83, 29
83, 34
83, 36
83, 37
83, 38
83, 39
83, 41
83, 45
85, 1
85, 2
85, 3
85, 9
85, 11
85, 12
85, 13
85, 14
85, 15
85, 16
85, 17
85, 22
85, 23
85, 26
85, 29
85, 31
85, 34
88, 12
88, 13
88, 14
88, 16
88, 17
88, 22
88, 23
88, 26
88, 29
88, 31
88, 34
88, 36
88, 37
88, 38
88, 39
88, 41
88, 44
89, 1
89, 3
89, 17
89, 23
89, 26
89, 31
89, 36
89, 38
89, 44
89, 52
89, 56
89, 59
89, 62
89, 64
89, 68
89, 73
89, 79
91, 38
91, 39
91, 46
91, 55
91, 56
91, 57
91, 59
91, 62
91, 73
91, 84
91, 87
91, 90
91, 122
91, 132
91, 135
91, 141
91, 146
93, 1
93, 3
93, 9
93, 11
93, 12
93, 13
93, 14
93, 15
93, 17
93, 23
93, 26
93, 29
93, 31
93, 34
93, 36
93, 37
93, 38
94, 3
94, 15
94, 17
94, 23
94, 26
94, 36
94, 44
94, 47
94, 52
94, 64
94, 68
94, 79
94, 96
94, 99
94, 100
94, 103
94, 104
97, 38
97, 39
97, 41
97, 45
97, 46
97, 55
97, 56
97, 57
97, 59
97, 62
97, 70
97, 71
97, 73
97, 82
97, 84
97, 87
97, 90
101, 29
101, 34
101, 95
101, 123
101, 136
101, 148
101, 151
101, 188
101, 193
101, 238
101, 272
102, 41
102, 105
102, 114
102, 117
102, 125
102, 127
102, 131
102, 217
102, 253
102, 254
102, 296
106, 13
106, 34
106, 37
106, 41
106, 45
106, 50
106, 54
106, 66
106, 71
106, 72
106, 74
106, 77
106, 86
106, 95
106, 105
106, 110
106, 111
108, 1
108, 3
108, 17
108, 23
108, 26
108, 31
108, 36
108, 38
108, 39
108, 41
108, 44
108, 45
108, 46
108, 52
108, 53
108, 54
108, 55
109, 23
109, 44
109, 64
109, 79
109, 99
109, 100
109, 104
109, 113
109, 137
109, 150
109, 172
109, 190
109, 191
109, 200
109, 210
109, 214
109, 222
112, 45
112, 70
112, 71
112, 82
112, 105
112, 110
112, 114
112, 125
112, 127
112, 131
112, 154
112, 157
112, 185
112, 217
112, 253
112, 264
112, 269
116, 34
116, 37
116, 38
116, 41
116, 45
116, 46
116, 50
116, 54
116, 55
116, 56
116, 57
116, 59
116, 62
116, 66
116, 70
116, 71
116, 73
119, 1
119, 15
119, 31
119, 38
119, 44
119, 47
119, 56
119, 59
119, 62
119, 64
119, 73
119, 79
119, 84
119, 87
119, 90
119, 98
119, 99
124, 3
124, 12
124, 13
124, 14
124, 23
124, 26
124, 31
124, 36
124, 37
124, 39
124, 41
124, 44
124, 45
124, 46
124, 50
124, 52
124, 53
129, 13
129, 14
129, 37
129, 41
129, 45
129, 50
129, 54
129, 66
129, 71
129, 74
129, 77
129, 86
129, 95
129, 105
129, 110
129, 111
129, 114
130, 56
130, 73
130, 276
130, 294
133, 46
133, 57
133, 59
133, 70
133, 71
133, 73
133, 82
133, 122
133, 126
133, 132
133, 135
133, 141
133, 146
133, 154
133, 155
133, 157
133, 164
138, 39
138, 45
138, 46
138, 54
138, 55
138, 56
138, 57
138, 59
138, 62
138, 66
138, 70
138, 71
138, 73
138, 74
138, 77
138, 82
138, 84
139, 39
139, 46
139, 55
139, 56
139, 57
139, 59
139, 73
139, 84
139, 87
139, 92
139, 120
139, 122
139, 132
139, 135
139, 141
139, 146
139, 152
142, 1
142, 31
142, 67
142, 145
142, 149
142, 165
142, 170
142, 171
142, 175
142, 177
142, 195
142, 205
142, 206
142, 213
142, 233
142, 236
142, 240
143, 46
143, 56
143, 57
143, 59
143, 71
143, 73
143, 122
143, 126
143, 132
143, 135
143, 141
143, 146
143, 154
143, 155
143, 164
143, 166
143, 168
147, 3
147, 12
147, 14
147, 26
147, 31
147, 36
147, 37
147, 39
147, 44
147, 45
147, 46
147, 50
147, 52
147, 54
147, 55
147, 56
147, 57
156, 1
156, 3
156, 12
156, 15
156, 26
156, 31
156, 37
156, 39
156, 44
156, 45
156, 46
156, 50
156, 52
156, 53
156, 54
156, 55
156, 56
158, 46
158, 55
158, 56
158, 57
158, 59
158, 62
158, 70
158, 71
158, 73
158, 84
158, 87
158, 122
158, 126
158, 132
158, 135
158, 141
158, 146
169, 1
169, 3
169, 9
169, 11
169, 15
169, 26
169, 37
169, 46
169, 47
169, 50
169, 52
169, 53
169, 54
169, 55
169, 56
169, 57
169, 59
176, 3
176, 26
176, 50
176, 52
176, 53
176, 54
176, 55
176, 56
176, 57
176, 59
176, 62
176, 64
176, 66
176, 68
176, 70
176, 71
176, 72
178, 50
178, 52
178, 54
178, 55
178, 56
178, 57
178, 59
178, 62
178, 64
178, 66
178, 68
178, 70
178, 71
178, 72
178, 73
178, 74
178, 77
183, 50
183, 136
183, 188
183, 272
184, 47
184, 64
184, 79
184, 99
184, 100
184, 104
184, 113
184, 137
184, 150
184, 191
184, 200
184, 210
184, 212
184, 214
184, 223
184, 262
184, 271
187, 47
187, 64
187, 79
187, 100
187, 104
187, 137
187, 150
187, 172
187, 190
187, 191
187, 200
187, 210
187, 212
187, 214
187, 222
187, 223
187, 262
189, 1
189, 15
189, 47
189, 56
189, 59
189, 62
189, 64
189, 73
189, 84
189, 87
189, 90
189, 98
189, 99
189, 107
189, 113
189, 137
189, 141
192, 54
192, 66
192, 70
192, 71
192, 74
192, 77
192, 95
192, 105
192, 110
192, 114
192, 117
192, 123
192, 125
192, 127
192, 131
192, 148
192, 151
194, 87
194, 90
194, 280
196, 50
196, 54
196, 55
196, 57
196, 59
196, 62
196, 64
196, 66
196, 70
196, 71
196, 72
196, 73
196, 74
196, 77
196, 82
196, 84
196, 86
198, 171
198, 177
198, 242
199, 165
199, 291
204, 70
204, 71
204, 82
204, 105
204, 110
204, 114
204, 117
204, 125
204, 127
204, 131
204, 135
204, 154
204, 157
204, 164
204, 185
204, 217
204, 235
207, 3
207, 5
207, 6
207, 47
207, 52
207, 53
207, 54
207, 55
207, 57
207, 59
207, 62
207, 64
207, 67
207, 68
207, 70
207, 73
207, 79
209, 3
209, 5
209, 6
209, 15
209, 47
209, 50
209, 52
209, 53
209, 54
209, 55
209, 57
209, 62
209, 64
209, 66
209, 67
209, 68
209, 70
211, 53
211, 55
211, 57
211, 62
211, 64
211, 66
211, 67
211, 70
211, 73
211, 74
211, 77
211, 82
211, 84
211, 87
211, 90
211, 95
211, 98
216, 3
216, 5
216, 6
216, 47
216, 52
216, 53
216, 62
216, 66
216, 67
216, 68
216, 74
216, 77
216, 79
216, 82
216, 84
216, 87
216, 90
218, 5
218, 47
218, 52
218, 62
218, 67
218, 68
218, 79
218, 82
218, 84
218, 87
218, 90
218, 92
218, 96
218, 98
218, 99
218, 100
218, 103
219, 15
219, 47
219, 50
219, 52
219, 53
219, 66
219, 68
219, 72
219, 74
219, 77
219, 79
219, 82
219, 84
219, 86
219, 87
219, 90
219, 92
221, 84
221, 87
221, 90
221, 161
221, 174
221, 244
221, 276
221, 280
221, 285
221, 294
228, 5
228, 6
228, 47
228, 50
228, 52
228, 53
228, 66
228, 67
228, 68
228, 72
228, 74
228, 77
228, 79
228, 82
228, 84
228, 86
228, 87
229, 84
229, 87
229, 90
229, 161
229, 174
229, 276
229, 280
229, 294
230, 214
230, 271
232, 79
232, 99
232, 104
232, 107
232, 113
232, 137
232, 150
232, 191
232, 200
232, 214
232, 262
232, 271
232, 273
232, 283
232, 299
234, 15
234, 79
234, 84
234, 87
234, 90
234, 92
234, 98
234, 99
234, 100
234, 104
234, 107
234, 113
234, 120
234, 122
234, 132
234, 135
234, 137
239, 15
239, 50
239, 53
239, 66
239, 68
239, 72
239, 74
239, 77
239, 79
239, 82
239, 84
239, 86
239, 87
239, 90
239, 92
239, 95
239, 96
245, 53
245, 66
245, 67
245, 74
245, 77
245, 82
245, 90
245, 95
245, 98
245, 99
245, 104
245, 105
245, 110
245, 113
245, 114
245, 117
245, 122
246, 90
246, 244
246, 280
246, 285
247, 47
247, 68
247, 79
247, 96
247, 99
247, 100
247, 103
247, 104
247, 118
247, 121
247, 137
247, 144
247, 150
247, 153
247, 160
247, 172
247, 190
248, 50
248, 67
248, 68
248, 72
248, 74
248, 77
248, 82
248, 86
248, 90
248, 95
248, 96
248, 98
248, 99
248, 103
248, 104
248, 105
248, 110
251, 68
251, 72
251, 74
251, 77
251, 82
251, 86
251, 92
251, 95
251, 96
251, 99
251, 103
251, 104
251, 105
251, 110
251, 111
251, 113
251, 114
252, 67
252, 92
252, 98
252, 104
252, 113
252, 120
252, 132
252, 135
252, 137
252, 141
252, 145
252, 146
252, 149
252, 152
252, 159
252, 161
252, 162
255, 5
255, 47
255, 67
255, 68
255, 92
255, 96
255, 98
255, 100
255, 103
255, 104
255, 107
255, 113
255, 118
255, 120
255, 121
255, 137
255, 141
256, 161
256, 174
256, 244
256, 276
256, 280
256, 285
258, 67
258, 72
258, 74
258, 77
258, 86
258, 95
258, 96
258, 98
258, 103
258, 104
258, 105
258, 110
258, 111
258, 113
258, 114
258, 115
258, 117
260, 5
260, 47
260, 67
260, 72
260, 86
260, 95
260, 96
260, 98
260, 100
260, 103
260, 105
260, 110
260, 111
260, 113
260, 114
260, 115
260, 117
261, 5
261, 6
261, 53
261, 67
261, 72
261, 86
261, 92
261, 95
261, 96
261, 98
261, 100
261, 103
261, 105
261, 107
261, 110
261, 111
261, 113
265, 214
265, 284
267, 5
267, 6
267, 15
267, 53
267, 67
267, 72
267, 86
267, 92
267, 95
267, 96
267, 98
267, 100
267, 103
267, 105
267, 107
267, 110
267, 111
268, 5
268, 11
268, 15
268, 53
268, 67
268, 72
268, 86
268, 92
268, 95
268, 96
268, 98
268, 100
268, 103
268, 105
268, 107
268, 110
268, 111
270, 5
270, 6
270, 9
270, 15
270, 72
270, 86
270, 92
270, 95
270, 96
270, 98
270, 100
270, 103
270, 105
270, 107
270, 110
270, 111
270, 113
275, 96
275, 105
275, 110
275, 113
275, 114
275, 117
275, 118
275, 120
275, 121
275, 122
275, 125
275, 126
275, 127
275, 131
275, 132
275, 135
275, 137
277, 145
277, 149
277, 170
277, 175
277, 195
277, 205
277, 206
277, 236
277, 240
278, 95
278, 114
278, 117
278, 123
278, 125
278, 127
278, 148
278, 151
278, 163
278, 179
278, 193
278, 203
278, 215
278, 237
278, 238
278, 250
278, 253
281, 123
281, 148
281, 151
281, 193
281, 237
281, 238
282, 5
282, 96
282, 100
282, 103
282, 107
282, 113
282, 118
282, 121
282, 137
282, 144
282, 145
282, 149
282, 150
282, 152
282, 153
282, 160
282, 161
289, 72
289, 86
289, 110
289, 111
289, 114
289, 115
289, 117
289, 118
289, 120
289, 121
289, 122
289, 123
289, 125
289, 126
289, 127
289, 128
289, 131
290, 172
290, 190
290, 210
290, 214
290, 271
290, 284
293, 72
293, 86
293, 92
293, 100
293, 103
293, 107
293, 111
293, 114
293, 115
293, 117
293, 118
293, 120
293, 121
293, 122
293, 123
293, 125
293, 126
295, 103
295, 107
295, 118
295, 121
295, 137
295, 144
295, 150
295, 153
295, 160
295, 170
295, 172
295, 173
295, 175
295, 180
295, 186
295, 190
295, 191
297, 114
297, 117
297, 125
297, 127
297, 131
297, 163
297, 179
297, 215
297, 217
297, 237
297, 250
297, 253
297, 263
297, 264
297, 269
297, 279
298, 5
298, 111
298, 114
298, 115
298, 117
298, 118
298, 120
298, 121
298, 122
298, 123
298, 125
298, 126
298, 127
298, 128
298, 131
298, 132
298, 134
end