600
4
0, 0.9142018521242296, 0.9041706187216997
1, 0.13763924286996077, 0.949330264961386
2, 0.7199999702946125, 0.4251419190877227
3, 0.6323911291885889, 0.741417293311699
4, 0.7022527930889568, 0.9214602592607992
5, 0.6250495385735634, 0.04478555705012366
6, 0.8594365324894881, 0.7679428880131015
7, 0.14641373588080953, 0.6102104274612291
8, 0.4308763669118386, 0.13537952679574372
9, 0.19722889332111482, 0.20192630134544487
10, 0.815165601749003, 0.19110361270944087
11, 0.3783222571417023, 0.6527385858161482
12, 0.6028906214278321, 0.892733522404812
13, 0.35156372414878556, 0.2274190859795885
14, 0.729976322190217, 0.16043916775446965
15, 0.5553777639295812, 0.06868103668765213
16, 0.8713607678994433, 0.21507675302549445
17, 0.02894487521721445, 0.7430416280517326
18, 0.24226041954630573, 0.06208548971367578
19, 0.8044487507212807, 0.010549406476765388
20, 0.335616826564358, 0.5444949913402913
21, 0.5682124079966557, 0.3393794761827267
22, 0.9590635862075372, 0.010600610200359517
23, 0.722146363410068, 0.179775351396116
24, 0.5242607239232957, 0.3618659352273955
25, 0.3921621856657006, 0.43190284079336616
26, 0.5126375915806923, 0.5299014468626808
27, 0.42161479519839384, 0.5243147952799178
28, 0.782651732507708, 0.8569804174370539
29, 0.3837107536924972, 0.5111365363829662
30, 0.43598927348981453, 0.31334952472449573
31, 0.6567707283660201, 0.8453090520021562
32, 0.9285300825287128, 0.47916420561313444
33, 0.9206305291397886, 0.578702070555777
34, 0.8478694876906832, 0.04072523502770642
35, 0.9580746452306228, 0.3045432874066508
36, 0.949065107759243, 0.37867160909500863
37, 0.5634546919630159, 0.8325263417593837
38, 0.15792366971224503, 0.28960171934702805
39, 0.4263097265598781, 0.40233151980060167
40, 0.8688390945789454, 0.9998158440602394
41, 0.5468408779940667, 0.05393105931347286
42, 0.22910741602229512, 0.23136875631336629
43, 0.000305521159422506, 0.19958653703532037
44, 0.7353344227442653, 0.13496137006035913
45, 0.5234424865528329, 0.6413393931238497
46, 0.17592446190588307, 0.2557810463702015
47, 0.9436535878516664, 0.06463098390107713
48, 0.4809532308261594, 0.3782013179536481
49, 0.24471597003813328, 0.630852245971382
50, 0.1423266793094592, 0.005558325627279981
51, 0.04345898922347591, 0.3224085917132965
52, 0.5368307662118228, 0.12875043767050887
53, 0.4425597688871603, 0.39631385840121336
54, 0.4020624726968478, 0.3609477933779417
55, 0.8918477895673099, 0.7859882448410049
56, 0.2870308616306253, 0.9168384441958464
57, 0.8211559794032463, 0.9398488485648326
58, 0.862579240953922, 0.5761795063187588
59, 0.4811093101051124, 0.9841883362565939
60, 0.5926772176500182, 0.723832136664897
61, 0.08341625728030522, 0.9824967822386153
62, 0.8100335118586024, 0.08065472539563912
63, 0.9865967456579139, 0.36095929865674237
64, 0.8860160152265248, 0.42983726857258187
65, 0.4129370931023305, 0.3778582565695773
66, 0.8691073575927957, 0.20977795147873746
67, 0.2079650873005594, 0.31819526389692254
68, 0.5682329749229094, 0.5423411252976766
69, 0.14612880050417, 0.7385186014030712
70, 0.6187631386059141, 0.3401633585903939
71, 0.8989755927983015, 0.24772118911552843
72, 0.566213428216555, 0.6563618137866247
73, 0.9619538666159737, 0.06894485356812885
74, 0.9287888273021241, 0.4133369106413014
75, 0.3890629665637375, 0.1716468815750405
76, 0.8894790045203035, 0.41139304094225226
77, 0.8197676960083373, 0.8623551827768005
78, 0.04829160125165122, 0.6346594926588932
79, 0.010262665404856874, 0.5483712066987958
80, 0.7474674693391916, 0.5507391578257177
81, 0.5429645492801792, 0.9826118194002773
82, 0.9925370631112735, 0.668947867670085
83, 0.8540358603621002, 0.14545463147851623
84, 0.5728691020259157, 0.07893753498473743
85, 0.8625163024926117, 0.6461052413592973
86, 0.6373130151626601, 0.2507365629423228
87, 0.15022765636773827, 0.14049301779652046
88, 0.0011497545875445159, 0.7831595071411049
89, 0.8316776099767434, 0.6251162384558928
90, 0.7240724405159381, 0.37518060813655474
91, 0.06625859602446538, 0.27597872586750005
92, 0.7857900794400322, 0.9548992324236691
93, 0.3230182152639599, 0.23760287983238437
94, 0.13038624855073577, 0.7594342545841756
95, 0.2946285968969897, 0.808848846463281
96, 0.8397309599898515, 0.4469327908816808
97, 0.5357357365644996, 0.8136888412895361
98, 0.4075938964417237, 0.3417807137336949
99, 0.23206211797901233, 0.16022814979773192
100, 0.9676351806993101, 0.6154446406806943
101, 0.7324313965048269, 0.7105418176646853
102, 0.5753854603998891, 0.14191144642219788
103, 0.9134939709306656, 0.16810758230332523
104, 0.09954265715582622, 0.3305612118497987
105, 0.07940996993168092, 0.5924469818037887
106, 0.1712122359478766, 0.8244375600119469
107, 0.7910520303308926, 0.3742335050394693
108, 0.5927168007376993, 0.672349597771288
109, 0.8107656621482039, 0.22345485320271918
110, 0.0352200694528797, 0.855356088609438
111, 0.2260561468852038, 0.5909870591444637
112, 0.4728162519375706, 0.39832240801685304
113, 0.05632918257419017, 0.23365440060870202
114, 0.6979296092288972, 0.053454922032144414
115, 0.8518945795899084, 0.6115590369586434
116, 0.7374930577248966, 0.6385043519564082
117, 0.20994332750958344, 0.7213658699308247
118, 0.2589810447284059, 0.6045161598696102
119, 0.6522322813569291, 0.7670728143830451
120, 0.6244967169510846, 0.433713948143009
121, 0.5039990929511425, 0.04376670933281401
122, 0.4526887492980973, 0.7419103146891058
123, 0.2993725837651261, 0.7191326863690624
124, 0.7988381896519904, 0.5612861155143789
125, 0.0012217159357127416, 0.6927041039995913
126, 0.6439010050373467, 0.5771882896585877
127, 0.3987292447445834, 0.5892915167056332
128, 0.3384481298451337, 0.8342413672226549
129, 0.8142321409920142, 0.11324277757088086
130, 0.7660508515862726, 0.43352625017188373
131, 0.06863717209678377, 0.5114039209545755
132, 0.025554376696806935, 0.591617585904743
133, 0.3578431608475199, 0.5786189353900817
134, 0.18218496623643976, 0.4998043333191883
135, 0.9873032602414743, 0.47129191997636244
136, 0.41536813268772144, 0.6168992342429521
137, 0.893569012516999, 0.4202508664495188
138, 0.18545556270698627, 0.5400179901830847
139, 0.4975836269480767, 0.029744356799996763
140, 0.44171137228391966, 0.7549865696978341
141, 0.9216442022197758, 0.6672079072244625
142, 0.19294311098375327, 0.9650263085126147
143, 0.35530243451905064, 0.3435008173602083
144, 0.310571283007683, 0.03951736255586813
145, 0.20805782152691998, 0.9665719999351378
146, 0.564475480716971, 0.26584997178106584
147, 0.039397701944254626, 0.9488374579053811
148, 0.21625195775570838, 0.8968618812397718
149, 0.14498719544597982, 0.18711171991830067
150, 0.13129216745068195, 0.8342072951046074
151, 0.016105394369802517, 0.544689699438784
152, 0.668752935594086, 0.40415082900410193
153, 0.8821864469927139, 0.640538644369081
154, 0.16062027247316157, 0.6648696399479359
155, 0.42473534440322147, 0.014200805531838001
156, 0.8595080464367179, 0.13720237264458013
157, 0.1083300561324042, 0.13709940369322438
158, 0.6118534259938826, 0.6841407392133417
159, 0.9253618702816738, 0.7048499846802264
160, 0.8495470412536875, 0.0954224119555589
161, 0.17558900650979303, 0.3679683050944008
162, 0.6794434763571043, 0.043743675314378616
163, 0.6148380591085094, 0.7915912048791116
164, 0.984214472506482, 0.7665981313881448
165, 0.006070945903260627, 0.21670379534730744
166, 0.17403272596829655, 0.8265009608322579
167, 0.4130678038120815, 0.28564858080353395
168, 0.8529886688500931, 0.038321950844147024
169, 0.08384748937887687, 0.32489653586829237
170, 0.8198180015132616, 0.836144254815817
171, 0.8597919616375351, 0.7672024488307047
172, 0.4193445633767092, 0.7896066309312232
173, 0.5826946116530849, 0.05259869908180792
174, 0.17391465647130222, 0.4642691447197379
175, 0.7861399645065887, 0.18939191222489882
176, 0.7427092322721118, 0.46577029224738065
177, 0.7468014545465137, 0.6764688962137771
178, 0.5341812668228817, 0.4195508418863859
179, 0.43599951125394, 0.9966995532051245
180, 0.15011962598496442, 0.9482099820069122
181, 0.577588357652889, 0.25042976004742
182, 0.061600687901561146, 0.6856070026174265
183, 0.6634419439830516, 0.32995934092540424
184, 0.6165509190972408, 0.9239728086956824
185, 0.30695774073446813, 0.7475298195037527
186, 0.5503746444577935, 0.39859856385257975
187, 0.08348285233327069, 0.3663060941169356
188, 0.3079239891861483, 0.981320504999849
189, 0.8016840922564905, 0.9580549048072547
190, 0.43516694896322605, 0.02198101532408836
191, 0.7654553163672788, 0.5182458579224808
192, 0.7265299934116796, 0.5236612219710509
193, 0.5389207547170021, 0.5657227143579544
194, 0.18228260318164813, 0.19305226051391644
195, 0.4267164137431021, 0.7207323858015845
196, 0.5774382243873777, 0.5192683054272685
197, 0.2878632323757784, 0.9623017803697103
198, 0.19792231341601374, 0.39159676778320496
199, 0.8718446307585861, 0.09073387108388675
200, 0.49425149347176367, 0.7734288288368426
201, 0.35242382195455, 0.8908011633142782
202, 0.39130790075651833, 0.7235487123356354
203, 0.9042146990043417, 0.27521363475840277
204, 0.6421426580468942, 0.11055413282120341
205, 0.9264067175709823, 0.2119474957306512
206, 0.7501872480304258, 0.10135028576902483
207, 0.823866975864921, 0.718460016452367
208, 0.5503642382766796, 0.07736583863284896
209, 0.1666741192747374, 0.7278023014665348
210, 0.9307694614060655, 0.9036991190652409
211, 0.3320478732530854, 0.9548528762129731
212, 0.8857788991088748, 0.14515482926533263
213, 0.5661413469549572, 0.9657251150611132
214, 0.002464072707965337, 0.6605119200557643
215, 0.23948897451294004, 0.7783054640708078
216, 0.8574990889421436, 0.9130799298604745
217, 0.16826923570945518, 0.9402204889606136
218, 0.9213682027879951, 0.03358358009421358
219, 0.05184073359562624, 0.17359926388224378
220, 0.21844584463551575, 0.13795795544266465
221, 0.09315638733231424, 0.8399138985436235
222, 0.7349549846620032, 0.7271153855770309
223, 0.7903995009915149, 0.21308475294729035
224, 0.9614288124668181, 0.747433446078891
225, 0.1936948432819693, 0.2887654116945979
226, 0.7225080532073525, 0.5793164799979552
227, 0.1521021383188168, 0.8617922420120396
228, 0.11579532131959958, 0.6608969439628566
229, 0.002952940465694498, 0.7445057707655741
230, 0.7818286965311754, 0.8962243932930793
231, 0.6133011687910525, 0.14155143030272532
232, 0.5559730576609615, 0.053841627260601155
233, 0.14917290344657053, 0.7927276581038658
234, 0.3660429127460054, 0.24798342947071206
235, 0.8996835941023991, 0.17854132917516452
236, 0.44465850333539536, 0.26154753812302733
237, 0.5876584159839416, 0.6183196932508102
238, 0.9001261944984855, 0.8854651600392871
239, 0.8083612215934218, 0.35652838034633305
240, 0.7851432798838449, 0.1463692380278766
241, 0.8929745621277205, 0.6093125019986435
242, 0.08114682240082871, 0.30511980079645207
243, 0.8555917728877472, 0.4376435849340994
244, 0.02238579708981625, 0.30860415607853775
245, 0.2182324816848188, 0.0038527689718149682
246, 0.8400954505607615, 0.8984947726045431
247, 0.7725007886922972, 0.7054519717696993
248, 0.3469723277935045, 0.9272575948379623
249, 0.4634620401617163, 0.7087094620851518
250, 0.42637210342125664, 0.26600099641610864
251, 0.12431673284407674, 0.5079639635845313
252, 0.8222755320721886, 0.5480845908503136
253, 0.4033795742781888, 0.4660517520162022
254, 0.218862063746598, 0.9010682587238571
255, 0.12184351291976148, 0.1593894119914545
256, 0.9345864586835786, 0.21966876835885163
257, 0.612382711003832, 0.706857356744603
258, 0.9620428846254828, 0.8985741922395216
259, 0.6883033166985331, 0.5357982224910224
260, 0.6619533029349624, 0.596244273121096
261, 0.8912638203671054, 0.47772620511879715
262, 0.6061710139610728, 0.8903970979471959
263, 0.5889806561048635, 0.5080467574358604
264, 0.10363884996841588, 0.09023796683915786
265, 0.9879612893590851, 0.979541638890724
266, 0.1280960878289812, 0.8221842396446407
267, 0.0833893203162488, 0.8309545556802398
268, 0.20369052139231814, 0.37042273485745236
269, 0.37947649077564594, 0.5261538556237456
270, 0.5362835635786387, 0.446925647840523
271, 0.9630756936120712, 0.588899124621697
272, 0.6467463167408484, 0.8819292976191778
273, 0.6079658420701776, 0.5250761278950966
274, 0.30567316924287047, 0.40391750740726184
275, 0.6623827329490387, 0.5023511046628836
276, 0.07533618190979618, 0.19561478328414872
277, 0.09267407202497957, 0.858025963582079
278, 0.7134795498099822, 0.42153529707631476
279, 0.2579564832846316, 0.3993426276581866
280, 0.7166180802274736, 0.5166986714307406
281, 0.9915012421300482, 0.7537751117740997
282, 0.5762109377574368, 0.17868973062906301
283, 0.09301103299207214, 0.7960592159934421
284, 0.5271115766157931, 0.04274321920956592
285, 0.48746825684652373, 0.5545573922142876
286, 0.1990266955047869, 0.6171451402485618
287, 0.6746919787816965, 0.7539783961723409
288, 0.7474951416338479, 0.05264779001406261
289, 0.20599116858647326, 0.05957484700928872
290, 0.8756196722745535, 0.5554953315608331
291, 0.5434073455280329, 0.05264753998559479
292, 0.9165289449493127, 0.8040939052887058
293, 0.6751945194940091, 0.5101232087078307
294, 0.9549884363165754, 0.21768522832922377
295, 0.439107951637268, 0.3227537478467799
296, 0.4012375872615619, 0.5944599850376091
297, 0.32356605931149396, 0.6297133298680513
298, 0.7273804924208511, 0.5925210959679662
299, 0.8966782621553657, 0.22403871888139926
300, 0.769983056082201, 0.25284201333130496
301, 0.4837540545560075, 0.6268484458569219
302, 0.838924419223126, 0.023132474194870745
303, 0.9045714012670915, 0.9894001884215117
304, 0.8079463306441728, 0.16032410286275567
305, 0.11128403546667487, 0.1598817026087067
306, 0.3118284231153786, 0.4619541864750336
307, 0.00573938900457982, 0.11314715287522958
308, 0.48980337572586463, 0.5651835575316614
309, 0.16553753565099416, 0.4935051743834218
310, 0.20106694169944705, 0.07487617693532456
311, 0.8438937817634727, 0.2797486962373221
312, 0.15094022888492575, 0.8251064319116306
313, 0.2046288874764186, 0.38158781474556647
314, 0.1989573474660321, 0.38843473984719223
315, 0.28779410967172314, 0.8581027878744144
316, 0.38067463500826204, 0.9788096659974854
317, 0.8343172410067377, 0.11129143287645116
318, 0.4047840175869277, 0.7023909726670523
319, 0.44882363280588, 0.49026273621655747
320, 0.5666637743017645, 0.3357232917116567
321, 0.7911134711684162, 0.30232200577564616
322, 0.5568510487950493, 0.6122609745585734
323, 0.13514342781386535, 0.3167344353308694
324, 0.6677515888424623, 0.9040051797202624
325, 0.8770286283879057, 0.7099319448496755
326, 0.03919945622388599, 0.2346306440545426
327, 0.8027506253159943, 0.4364543673165173
328, 0.3368601501648074, 0.7418327146524852
329, 0.24260402610067622, 0.16059898885335178
330, 0.9049601422622598, 0.9221276407703209
331, 0.047114741725014286, 0.2464998485947708
332, 0.8140771617523952, 0.22432239197815307
333, 0.770539934709993, 0.275639425885129
334, 0.1479339745137368, 0.8282176048531462
335, 0.413270841172254, 0.1527415434262126
336, 0.11830227139685245, 0.7218245249666673
337, 0.8261159279884909, 0.39769470254477157
338, 0.9489007786357909, 0.558058925834998
339, 0.002908189900773017, 0.8926351499622684
340, 0.11754607149102103, 0.24738419640036802
341, 0.3724359503146528, 0.362712073020968
342, 0.5965141099367769, 0.5676493399857896
343, 0.44639294383064143, 0.5871187763243971
344, 0.510091066253659, 0.056098643103569934
345, 0.3444756957722388, 0.5664743329134282
346, 0.27330688280616544, 0.8410377835560494
347, 0.5659191691147003, 0.6386293193189945
348, 0.5958255107292566, 0.6231320067392155
349, 0.9290543596471926, 0.771086399641731
350, 0.6661373301121737, 0.4139710316296227
351, 0.6786912184435466, 0.5457900847528254
352, 0.042126967278274585, 0.839418674850824
353, 0.893314646937077, 0.09728523678926415
354, 0.42945116359999025, 0.981558292103741
355, 0.6115566476562777, 0.34589689575299476
356, 0.21079130551715608, 0.7519393641448927
357, 0.14632572288934265, 0.1614349215053591
358, 0.5097537504901236, 0.9735013867953495
359, 0.6512519416089139, 0.6625420613774868
360, 0.6202835496896576, 0.2674297313879985
361, 0.7785481287108409, 0.9219470775063198
362, 0.5815132245169542, 0.3089825917531578
363, 0.3170939103614846, 0.41409333043789875
364, 0.3932195417508485, 0.4618836028935335
365, 0.12118033409800844, 0.1720955586873174
366, 0.6574517612865425, 0.20731271365613857
367, 0.3523878714441969, 0.34591598239749943
368, 0.7325754663865162, 0.9203309134402192
369, 0.6145044354201978, 0.13355349824132068
370, 0.5422501340289618, 0.9645194770290815
371, 0.5864749519943684, 0.6929567669963065
372, 0.8745291229312077, 0.9466671649538824
373, 0.07471998123574619, 0.529926446426107
374, 0.18415817530934475, 0.6445044304965359
375, 0.2674469361063665, 0.8800765751291298
376, 0.219063620076405, 0.30141872217768273
377, 0.43173217649029005, 0.9657450678034738
378, 0.3504046947041709, 0.4489088116507971
379, 0.29841396468929404, 0.4208342038859393
380, 0.3205750326362493, 0.03998935122965086
381, 0.7426428912150648, 0.1864023377809798
382, 0.8681570007794374, 0.2630785929449564
383, 0.7962790277593638, 0.8746901947861836
384, 0.4956426703031145, 0.4613368211328497
385, 0.45336469072775987, 0.641135685677292
386, 0.19947412090810046, 0.7632496088820534
387, 0.04955415459887491, 0.40946043130761045
388, 0.9598516977765313, 0.14260107265001587
389, 0.043646857161397934, 0.5753244030333243
390, 0.21290701307208615, 0.4087911364494917
391, 0.10228546357267065, 0.7532082571502682
392, 0.5227517570979316, 0.6033171688157035
393, 0.30358621896717397, 0.41880513950228726
394, 0.8462643431560414, 0.46594943316290083
395, 0.21294231352547166, 0.701349999977421
396, 0.9783054322377976, 0.3474728857005923
397, 0.6697856093790919, 0.4473206802026757
398, 0.03456389727965492, 0.6029441553001421
399, 0.6799073020414498, 0.3483497032170242
400, 0.8825451253500493, 0.8262399816177861
401, 0.2630574100656461, 0.05127095056084219
402, 0.4946357372286836, 0.8613308462116224
403, 0.9412970850599168, 0.6054485577081832
404, 0.1468737157081469, 0.6450803694779986
405, 0.45483647739300515, 0.8562635659402245
406, 0.44484239290680616, 0.6747958933528682
407, 0.8667119179288502, 0.936606540613081
408, 0.07342521337639896, 0.3499877437641624
409, 0.939375771758346, 0.0039837819175373435
410, 0.6340782332670083, 0.276557048511632
411, 0.1043876625245248, 0.23557397853367323
412, 0.11316184501803872, 0.019847202219230087
413, 0.893062195263024, 0.49679056738175054
414, 0.3755582743712601, 0.8230456203771334
415, 0.03402480353697457, 0.9005735142440247
416, 0.8109873210547544, 0.09390008721002985
417, 0.926317549108604, 0.20642891617863635
418, 0.38123435655471993, 0.0026094251200624585
419, 0.6894128638725789, 0.7214791282105248
420, 0.08179064687103554, 0.826432517925165
421, 0.7048460953228824, 0.036309879628027564
422, 0.26095273219300685, 0.39944925385020946
423, 0.6101779329428985, 0.8272468866282109
424, 0.5395568024856018, 0.4475613604679386
425, 0.5438593275411705, 0.6049934013597448
426, 0.7369061144880321, 0.6775946048666882
427, 0.5986183186568668, 0.3299346658912755
428, 0.7402310528077068, 0.2540115153373338
429, 0.20421549154464314, 0.8381752878598244
430, 0.4038277249844928, 0.20174861436875824
431, 0.34952070343151576, 0.7263071994736574
432, 0.19671152773254907, 0.9319372993200646
433, 0.40823878029525906, 0.5676267566728008
434, 0.9798504556002854, 0.6181963237462325
435, 0.01813504597520821, 0.1091120490219144
436, 0.6855153078154314, 0.2324232072313438
437, 0.6586910660525374, 0.2404688860700528
438, 0.8076151353459575, 0.9180098493965138
439, 0.9252986930425796, 0.5533473019558814
440, 0.5103962918281898, 0.5558618680135687
441, 0.5855917575011652, 0.9259828891297562
442, 0.6973697486048223, 0.12095435216622574
443, 0.8625585500957169, 0.7933702689797051
444, 0.35239371160793986, 0.1822596596472953
445, 0.6013944827450326, 0.17991311672301114
446, 0.32831180536039317, 0.3368434749454845
447, 0.11597018019567229, 0.35293119231690395
448, 0.4915410035519999, 0.050589381907086395
449, 0.8160953059578753, 0.10089501254890643
450, 0.10401098450558177, 0.8164402137965131
451, 0.3533145935520078, 0.7873080075772245
452, 0.9409312120949948, 0.6229304976169653
453, 0.5557425189377064, 0.7900757762417292
454, 0.4046929394953229, 0.738267607630832
455, 0.3366441995287184, 0.47312076644266887
456, 0.13855963913906644, 0.591604531070147
457, 0.4515191254867654, 0.34773250614591666
458, 0.39621916309643945, 0.34723200164041634
459, 0.7920261074859994, 0.9039694685780812
460, 0.021432344035033246, 0.3294873473696116
461, 0.24351726389264416, 0.8428498412581167
462, 0.1125041687808217, 0.8838732389681543
463, 0.7583507921982208, 0.5808058170562268
464, 0.8566882112889387, 0.674821085566844
465, 0.6188532595024775, 0.824721844208036
466, 0.6045726290133148, 0.6891260625224818
467, 0.5494976689768768, 0.12952785114571097
468, 0.668282051309298, 0.8438458616215431
469, 0.9168162352124468, 0.4055699992652675
470, 0.8049352590682003, 0.6174828178110021
471, 0.10668244896315471, 0.8115825435689619
472, 0.2647235241643249, 0.6850077099675977
473, 0.8656322795308738, 0.7357013011965902
474, 0.284727948300899, 0.6935864145147894
475, 0.8947953544401281, 0.5670017883643101
476, 0.25997640780186626, 0.5336391368823992
477, 0.25509954358088727, 0.15314255966205825
478, 0.6366854363147351, 0.1455080052419051
479, 0.3491618094750195, 0.34215903089222666
480, 0.4642966638837579, 0.6890138703216772
481, 0.8325054886700463, 0.2585497557551749
482, 0.0035070584252706594, 0.07089276110570097
483, 0.004200420206806665, 0.7980145377861236
484, 0.42755112419582775, 0.17276470907391006
485, 0.8136178917119596, 0.3617393306155873
486, 0.5429552468514565, 0.563551603286668
487, 0.39624832159194645, 0.34051821223889434
488, 0.1299306427131851, 0.7807858176991163
489, 0.9651295921779528, 0.47101014855236367
490, 0.786579605894767, 0.5895952979168895
491, 0.38979731530162853, 0.680742388147624
492, 0.5135376471423643, 0.029150946077644346
493, 0.9892063334284122, 0.9388314577843359
494, 0.41849707134348657, 0.4036819869001017
495, 0.960067133784159, 0.6801156845810886
496, 0.08712097835164345, 0.40047344682592145
497, 0.28312011440560503, 0.29591318518124243
498, 0.40103200543011885, 0.6620845423904755
499, 0.24932879795300966, 0.5333879621692157
500, 0.6134592578827571, 0.512512060430578
501, 0.4067453259191891, 0.013335317770618693
502, 0.8159602462379305, 0.03468741641369355
503, 0.4358163436242216, 0.496273021757637
504, 0.566239717665915, 0.16504009965763766
505, 0.11921228174335907, 0.31146056202352723
506, 0.982964628366748, 0.6856218446561254
507, 0.41128873927090426, 0.8871939635087333
508, 0.5270449875914084, 0.05543430430756435
509, 0.19264386481316342, 0.10842911623897655
510, 0.49967612154790864, 0.1300680983715231
511, 0.4164866751445294, 0.118827626076218
512, 0.9094752006176653, 0.007569957756816681
513, 0.7739823393093914, 0.8217742672388463
514, 0.814883067166195, 0.7829652884126796
515, 0.8471862540530252, 0.45900977273088883
516, 0.4438096745167178, 0.9684205529711957
517, 0.07903375038575522, 0.28682347524881846
518, 0.756475503514293, 0.5188353258951227
519, 0.41801195859991613, 0.0378610755862675
520, 0.842383097766293, 0.9281734970789214
521, 0.15293285781975408, 0.9273217748409123
522, 0.9253549950054186, 0.0106967132944773
523, 0.18040506262617984, 0.7154919624074226
524, 0.9656248670687434, 0.06543402235018725
525, 0.9882786150766977, 0.9065679595715319
526, 0.7808238066606973, 0.5861576007109653
527, 0.22273899440404177, 0.5166809829427217
528, 0.7341685227758973, 0.8013346749170199
529, 0.6999533119522476, 0.7192947862448152
530, 0.7931264890415043, 0.7252829808816871
531, 0.8695321381146132, 0.28099506871076707
532, 0.687217499501432, 0.3727984940849304
533, 0.5531804595265226, 0.7196210327313457
534, 0.42621468884458846, 0.1071031676785511
535, 0.4206982138138081, 0.061056017646714866
536, 0.30715033003793524, 0.44870767539502265
537, 0.3355092151837604, 0.27394580131614943
538, 0.20046977995603188, 0.4992432102665344
539, 0.4761411554939834, 0.5204097574998202
540, 0.637030667454424, 0.1916102574407348
541, 0.731397521210284, 0.5373673203516878
542, 0.1680069427506352, 0.22446273785777782
543, 0.4167509905364606, 0.5486401525131379
544, 0.7284603006335774, 0.7931304668103353
545, 0.7151648111120148, 0.739805398378241
546, 0.7496234227559342, 0.5825324793255877
547, 0.6724786910761795, 0.24471379405966598
548, 0.4446612222789398, 0.6357525759651762
549, 0.47173698404084785, 0.9171830657650916
550, 0.9586038846697505, 0.6239056272333802
551, 0.6787676097335925, 0.9024281556601772
552, 0.2744297998359133, 0.9620216433744077
553, 0.7261857128230428, 0.3434407288077349
554, 0.8053047882317113, 0.968503554450217
555, 0.3597581652195434, 0.8577056211342053
556, 0.29736164604694904, 0.11582946873561062
557, 0.9006277402167874, 0.6160204192479751
558, 0.8238575383469293, 0.48569058209599403
559, 0.918411691799682, 0.602441251951183
560, 0.07631142999288598, 0.6410835558267501
561, 0.9741322942885631, 0.31007807759645367
562, 0.8916118639891893, 0.8485190463615908
563, 0.6717921559638782, 0.90406363891339
564, 0.7018201206910687, 0.3992405851808959
565, 0.714012379608837, 0.10657801010327084
566, 0.3511302568967847, 0.10310094512721102
567, 0.6176001744067215, 0.5046250741378737
568, 0.5450033797501973, 0.967371211815392
569, 0.09535654735377563, 0.7550355138964702
570, 0.7143610931726062, 0.15580575789252538
571, 0.9647790460695382, 0.3038820813134755
572, 0.36093057553064256, 0.17117509516517793
573, 0.502354129749911, 0.29171460271109695
574, 0.2526022668336999, 0.8996011166073014
575, 0.6251686262680031, 0.07364019539691935
576, 0.04127917369600076, 0.3018638547280098
577, 0.13953443526294051, 0.5152224330768771
578, 0.3457506197119856, 0.3368158314882316
579, 0.8971556870406624, 0.7681315450547967
580, 0.10784839614378572, 0.629535236171746
581, 0.1383546879163855, 0.3980991712394091
582, 0.20317474771882915, 0.449151658687178
583, 0.746606343107597, 0.9480154554512223
584, 0.12884007549967702, 0.9442411112548618
585, 0.5129971454824451, 0.61129370588788
586, 0.7162089390156672, 0.05479813197298289
587, 0.8833990786860478, 0.8482479977192044
588, 0.4494725150151486, 0.225779069913004
589, 0.7200267151077252, 0.5078087619545498
590, 0.2557072264596697, 0.7726599526617449
591, 0.025906449193532466, 0.01039784611343586
592, 0.7879637385955938, 0.23386637679691047
593, 0.021472672772278933, 0.2959711434986324
594, 0.926361326865763, 0.8693274791430213
595, 0.621709810221122, 0.36810644021695516
596, 0.6010344538587408, 0.9765032574107506
597, 0.5449712571846139, 0.7949989639110511
598, 0.931406951530276, 0.9728963984481505
599, 0.22242454371059628, 0.15871461930688757
end_nodes
0, 1
0, 2
0, 3
0, 4
0, 5
0, 6
0, 7
0, 8
0, 9
0, 10
0, 11
0, 12
0, 13
0, 14
0, 15
0, 16
0, 17
0, 18
0, 19
0, 20
0, 21
0, 22
0, 23
0, 24
25, 9
25, 42
25, 46
25, 87
25, 149
25, 157
25, 194
25, 219
25, 225
25, 255
25, 264
25, 276
25, 305
25, 307
25, 357
25, 365
25, 376
25, 435
25, 482
25, 497
25, 542
25, 591
26, 9
26, 18
26, 39
26, 42
26, 46
26, 50
26, 54
26, 65
26, 67
26, 87
26, 93
26, 99
26, 143
26, 149
26, 157
26, 194
26, 219
26, 220
26, 225
26, 255
26, 264
26, 276
26, 289
26, 305
27, 38
27, 43
27, 67
27, 91
27, 104
27, 113
27, 161
27, 165
27, 169
27, 198
27, 219
27, 242
27, 268
27, 276
27, 279
27, 306
27, 307
27, 313
27, 314
27, 323
27, 326
27, 331
27, 340
27, 379
28, 1
28, 2
28, 3
28, 4
28, 5
28, 6
28, 7
28, 8
28, 9
28, 10
28, 11
28, 12
28, 13
28, 14
28, 15
28, 16
28, 17
28, 18
28, 19
28, 20
28, 21
28, 22
28, 23
28, 24
29, 43
29, 51
29, 91
29, 104
29, 113
29, 161
29, 165
29, 169
29, 198
29, 242
29, 244
29, 268
29, 279
29, 306
29, 313
29, 314
29, 323
29, 326
29, 331
29, 390
29, 422
29, 447
29, 455
29, 505
30, 18
30, 167
30, 245
30, 289
30, 401
30, 444
30, 556
30, 572
31, 1
31, 7
31, 9
31, 11
31, 17
31, 20
31, 37
31, 38
31, 42
31, 43
31, 46
31, 49
31, 50
31, 51
31, 56
31, 61
31, 67
31, 69
31, 78
31, 79
31, 87
31, 88
31, 91
31, 94
40, 1
40, 2
40, 4
40, 5
40, 6
40, 7
40, 8
40, 9
40, 10
40, 11
40, 12
40, 13
40, 14
40, 15
40, 16
40, 17
40, 18
40, 19
40, 20
40, 21
40, 22
40, 23
40, 24
40, 32
45, 20
45, 43
45, 51
45, 91
45, 104
45, 113
45, 127
45, 133
45, 134
45, 161
45, 165
45, 169
45, 174
45, 187
45, 198
45, 242
45, 244
45, 268
45, 269
45, 279
45, 296
45, 306
45, 309
45, 313
48, 13
48, 18
48, 50
48, 75
48, 144
48, 167
48, 234
48, 245
48, 250
48, 289
48, 295
48, 310
48, 380
48, 401
48, 430
48, 444
48, 457
48, 556
48, 566
48, 572
52, 121
52, 139
52, 344
52, 492
53, 18
53, 50
53, 93
53, 98
53, 99
53, 220
53, 245
53, 264
53, 289
53, 310
53, 329
53, 412
53, 458
53, 477
53, 487
53, 509
53, 537
53, 591
53, 599
55, 1
55, 2
55, 3
55, 4
55, 5
55, 7
55, 8
55, 9
55, 10
55, 11
55, 12
55, 13
55, 14
55, 15
55, 16
55, 17
55, 18
55, 19
55, 20
55, 21
55, 22
55, 23
55, 24
55, 32
57, 1
57, 2
57, 4
57, 5
57, 6
57, 7
57, 8
57, 9
57, 10
57, 11
57, 12
57, 13
57, 14
57, 15
57, 16
57, 17
57, 18
57, 19
57, 20
57, 21
57, 22
57, 23
57, 24
57, 32
59, 224
59, 349
68, 9
68, 13
68, 18
68, 39
68, 42
68, 50
68, 54
68, 65
68, 75
68, 87
68, 93
68, 98
68, 99
68, 112
68, 143
68, 144
68, 149
68, 157
68, 167
68, 194
68, 220
68, 234
68, 236
68, 245
70, 15
70, 41
70, 84
70, 102
70, 121
70, 139
70, 208
70, 232
70, 282
70, 284
70, 291
70, 344
70, 448
70, 467
70, 492
70, 504
70, 508
72, 9
72, 20
72, 38
72, 42
72, 43
72, 46
72, 51
72, 67
72, 87
72, 91
72, 104
72, 113
72, 127
72, 134
72, 149
72, 157
72, 161
72, 165
72, 169
72, 174
72, 187
72, 194
72, 198
72, 219
77, 1
77, 2
77, 3
77, 5
77, 6
77, 7
77, 8
77, 9
77, 10
77, 11
77, 12
77, 13
77, 14
77, 15
77, 16
77, 17
77, 18
77, 19
77, 20
77, 21
77, 22
77, 23
77, 24
77, 32
80, 2
80, 5
80, 14
80, 15
80, 19
80, 23
80, 41
80, 44
80, 84
80, 86
80, 90
80, 102
80, 114
80, 121
80, 139
80, 162
80, 173
80, 175
80, 176
80, 183
80, 204
80, 206
80, 208
80, 231
81, 224
81, 349
82, 4
82, 324
82, 551
82, 563
82, 596
92, 1
92, 2
92, 4
92, 5
92, 6
92, 7
92, 8
92, 9
92, 10
92, 11
92, 12
92, 13
92, 14
92, 15
92, 16
92, 17
92, 18
92, 19
92, 20
92, 21
92, 22
92, 23
92, 24
92, 32
97, 7
97, 17
97, 69
97, 78
97, 79
97, 88
97, 94
97, 95
97, 105
97, 106
97, 110
97, 117
97, 123
97, 125
97, 128
97, 132
97, 150
97, 151
97, 154
97, 166
97, 172
97, 182
97, 185
97, 209
101, 2
101, 5
101, 8
101, 9
101, 13
101, 14
101, 15
101, 18
101, 19
101, 21
101, 23
101, 24
101, 38
101, 39
101, 41
101, 42
101, 43
101, 44
101, 46
101, 50
101, 51
101, 54
101, 62
101, 65
108, 9
108, 20
108, 38
108, 39
108, 42
108, 43
108, 46
108, 50
108, 51
108, 54
108, 65
108, 67
108, 87
108, 91
108, 93
108, 99
108, 104
108, 113
108, 127
108, 133
108, 134
108, 143
108, 149
108, 157
116, 2
116, 5
116, 8
116, 13
116, 14
116, 15
116, 18
116, 19
116, 21
116, 23
116, 24
116, 41
116, 44
116, 50
116, 75
116, 84
116, 86
116, 90
116, 102
116, 114
116, 121
116, 139
116, 144
116, 146
119, 7
119, 8
119, 9
119, 11
119, 13
119, 17
119, 18
119, 20
119, 38
119, 39
119, 42
119, 43
119, 46
119, 49
119, 50
119, 51
119, 54
119, 60
119, 65
119, 67
119, 69
119, 75
119, 78
119, 79
120, 8
120, 15
120, 21
120, 41
120, 102
120, 121
120, 139
120, 146
120, 155
120, 190
120, 208
120, 232
120, 282
120, 284
120, 291
120, 320
120, 344
120, 418
120, 448
120, 467
120, 492
120, 501
120, 504
120, 508
122, 7
122, 49
122, 78
122, 79
122, 105
122, 111
122, 117
122, 118
122, 123
122, 125
122, 131
122, 132
122, 151
122, 154
122, 182
122, 202
122, 214
122, 228
122, 286
122, 373
122, 374
122, 389
122, 395
122, 398
126, 8
126, 13
126, 15
126, 18
126, 21
126, 24
126, 41
126, 50
126, 54
126, 75
126, 93
126, 98
126, 99
126, 112
126, 121
126, 139
126, 144
126, 146
126, 155
126, 167
126, 178
126, 186
126, 190
126, 208
140, 7
140, 69
140, 78
140, 79
140, 105
140, 117
140, 123
140, 125
140, 132
140, 151
140, 154
140, 182
140, 185
140, 209
140, 214
140, 228
140, 286
140, 328
140, 336
140, 373
140, 374
140, 389
140, 395
140, 398
152, 5
152, 15
152, 41
152, 84
152, 86
152, 102
152, 121
152, 139
152, 173
152, 183
152, 204
152, 208
152, 231
152, 232
152, 282
152, 284
152, 291
152, 344
152, 360
152, 369
152, 410
152, 445
152, 448
152, 467
158, 9
158, 13
158, 18
158, 20
158, 38
158, 39
158, 42
158, 43
158, 46
158, 50
158, 51
158, 54
158, 65
158, 67
158, 75
158, 87
158, 91
158, 93
158, 98
158, 99
158, 104
158, 112
158, 113
158, 127
159, 4
159, 22
159, 32
159, 33
159, 35
159, 36
159, 47
159, 63
159, 73
159, 74
159, 100
159, 103
159, 135
159, 203
159, 205
159, 218
159, 235
159, 256
159, 271
159, 294
159, 324
159, 338
159, 353
159, 388
163, 7
163, 9
163, 11
163, 17
163, 20
163, 38
163, 42
163, 43
163, 46
163, 49
163, 51
163, 67
163, 69
163, 78
163, 79
163, 87
163, 88
163, 91
163, 94
163, 95
163, 104
163, 105
163, 111
163, 113
164, 1
164, 3
164, 5
164, 7
164, 8
164, 9
164, 10
164, 11
164, 12
164, 13
164, 14
164, 15
164, 16
164, 17
164, 18
164, 19
164, 20
164, 21
164, 22
164, 23
164, 24
164, 32
164, 33
164, 34
170, 1
170, 2
170, 3
170, 4
170, 5
170, 6
170, 7
170, 8
170, 9
170, 10
170, 11
170, 12
170, 13
170, 14
170, 15
170, 16
170, 17
170, 18
170, 19
170, 20
170, 21
170, 22
170, 23
170, 24
177, 2
177, 5
177, 8
177, 9
177, 10
177, 13
177, 14
177, 15
177, 18
177, 19
177, 21
177, 23
177, 24
177, 34
177, 39
177, 41
177, 42
177, 44
177, 50
177, 54
177, 62
177, 65
177, 75
177, 84
179, 224
179, 349
181, 121
181, 139
181, 284
181, 344
181, 448
181, 467
181, 492
181, 508
189, 1
189, 2
189, 4
189, 5
189, 6
189, 7
189, 8
189, 9
189, 10
189, 11
189, 12
189, 13
189, 14
189, 15
189, 16
189, 17
189, 18
189, 19
189, 20
189, 21
189, 22
189, 23
189, 24
189, 32
192, 2
192, 5
192, 14
192, 15
192, 23
192, 41
192, 44
192, 84
192, 86
192, 90
192, 102
192, 114
192, 121
192, 139
192, 162
192, 173
192, 183
192, 204
192, 206
192, 208
192, 231
192, 232
192, 278
192, 282
193, 9
193, 13
193, 18
193, 38
193, 39
193, 42
193, 43
193, 46
193, 50
193, 54
193, 65
193, 67
193, 87
193, 93
193, 98
193, 99
193, 113
193, 143
193, 149
193, 157
193, 165
193, 194
193, 219
193, 220
196, 8
196, 13
196, 18
196, 24
196, 50
196, 54
196, 75
196, 87
196, 93
196, 98
196, 99
196, 112
196, 144
196, 167
196, 178
196, 220
196, 234
196, 236
196, 245
196, 250
196, 264
196, 289
196, 295
196, 310
200, 7
200, 17
200, 49
200, 69
200, 78
200, 79
200, 94
200, 105
200, 111
200, 117
200, 123
200, 125
200, 131
200, 132
200, 151
200, 154
200, 182
200, 185
200, 202
200, 209
200, 214
200, 228
200, 229
200, 286
207, 2
207, 5
207, 8
207, 10
207, 14
207, 15
207, 16
207, 19
207, 21
207, 22
207, 23
207, 32
207, 34
207, 35
207, 36
207, 41
207, 44
207, 47
207, 58
207, 62
207, 63
207, 64
207, 66
207, 71
210, 1
210, 2
210, 3
210, 4
210, 5
210, 7
210, 8
210, 9
210, 10
210, 11
210, 12
210, 13
210, 14
210, 15
210, 16
210, 17
210, 18
210, 19
210, 20
210, 21
210, 22
210, 23
210, 24
210, 32
213, 224
213, 349
216, 1
216, 2
216, 3
216, 4
216, 5
216, 6
216, 7
216, 8
216, 9
216, 10
216, 11
216, 12
216, 13
216, 14
216, 15
216, 16
216, 17
216, 19
216, 20
216, 21
216, 22
216, 23
216, 24
216, 32
222, 2
222, 5
222, 8
222, 10
222, 13
222, 14
222, 15
222, 19
222, 20
222, 21
222, 23
222, 24
222, 34
222, 38
222, 39
222, 41
222, 42
222, 43
222, 44
222, 46
222, 50
222, 51
222, 54
222, 62
226, 2
226, 5
226, 8
226, 14
226, 15
226, 21
226, 23
226, 41
226, 44
226, 84
226, 86
226, 90
226, 102
226, 114
226, 121
226, 139
226, 146
226, 155
226, 162
226, 173
226, 183
226, 190
226, 204
226, 206
230, 1
230, 2
230, 5
230, 6
230, 7
230, 8
230, 10
230, 11
230, 12
230, 13
230, 14
230, 16
230, 17
230, 19
230, 20
230, 21
230, 22
230, 23
230, 24
230, 32
230, 33
230, 34
230, 35
230, 36
237, 38
237, 39
237, 42
237, 43
237, 46
237, 50
237, 54
237, 65
237, 67
237, 75
237, 87
237, 91
237, 93
237, 98
237, 99
237, 104
237, 112
237, 113
237, 143
237, 144
237, 149
237, 157
237, 161
237, 165
238, 1
238, 2
238, 3
238, 4
238, 5
238, 6
238, 7
238, 8
238, 10
238, 11
238, 12
238, 14
238, 16
238, 17
238, 19
238, 20
238, 21
238, 22
238, 23
238, 24
238, 32
238, 33
238, 34
238, 35
246, 1
246, 2
246, 3
246, 4
246, 5
246, 6
246, 7
246, 10
246, 11
246, 12
246, 14
246, 16
246, 17
246, 19
246, 20
246, 21
246, 22
246, 23
246, 24
246, 32
246, 33
246, 34
246, 35
246, 36
247, 2
247, 10
247, 14
247, 16
247, 19
247, 21
247, 22
247, 23
247, 24
247, 34
247, 39
247, 41
247, 42
247, 44
247, 46
247, 47
247, 50
247, 54
247, 62
247, 65
247, 66
247, 71
247, 73
247, 75
253, 38
253, 46
253, 67
253, 113
253, 149
253, 157
253, 219
253, 225
253, 255
253, 276
253, 305
253, 307
253, 340
253, 357
253, 365
253, 376
253, 411
253, 435
253, 482
253, 542
257, 20
257, 38
257, 39
257, 42
257, 43
257, 46
257, 50
257, 51
257, 54
257, 65
257, 67
257, 79
257, 87
257, 91
257, 93
257, 99
257, 104
257, 111
257, 113
257, 118
257, 127
257, 131
257, 133
257, 134
258, 1
258, 2
258, 3
258, 4
258, 7
258, 10
258, 11
258, 12
258, 16
258, 17
258, 19
258, 22
258, 24
258, 32
258, 33
258, 34
258, 35
258, 36
258, 37
258, 38
258, 39
258, 41
258, 42
258, 43
259, 41
259, 84
259, 86
259, 102
259, 121
259, 139
259, 146
259, 155
259, 173
259, 183
259, 190
259, 204
259, 208
259, 231
259, 232
259, 282
259, 284
259, 291
259, 320
259, 335
259, 344
259, 350
259, 360
259, 366
260, 24
260, 41
260, 50
260, 54
260, 65
260, 75
260, 84
260, 87
260, 93
260, 98
260, 99
260, 102
260, 112
260, 121
260, 139
260, 144
260, 146
260, 155
260, 167
260, 173
260, 178
260, 186
260, 190
260, 208
263, 50
263, 75
263, 93
263, 99
263, 144
263, 155
263, 167
263, 178
263, 186
263, 190
263, 220
263, 234
263, 236
263, 245
263, 250
263, 289
263, 295
263, 310
263, 329
263, 335
263, 380
263, 401
263, 412
263, 418
265, 1
265, 3
265, 4
265, 7
265, 10
265, 11
265, 12
265, 16
265, 17
265, 19
265, 22
265, 32
265, 33
265, 34
265, 35
265, 36
265, 37
265, 38
265, 39
265, 41
265, 42
265, 43
265, 44
265, 46
270, 50
270, 75
270, 144
270, 167
270, 234
270, 236
270, 245
270, 250
270, 289
270, 295
270, 310
270, 335
270, 380
270, 401
270, 412
270, 430
270, 444
270, 457
270, 477
270, 484
270, 511
270, 556
270, 566
270, 572
272, 1
272, 12
272, 17
272, 37
272, 49
272, 56
272, 61
272, 69
272, 78
272, 79
272, 88
272, 94
272, 95
272, 105
272, 106
272, 110
272, 117
272, 123
272, 125
272, 128
272, 132
272, 142
272, 145
272, 147
273, 50
273, 75
273, 93
273, 99
273, 144
273, 155
273, 167
273, 178
273, 186
273, 190
273, 220
273, 234
273, 236
273, 245
273, 250
273, 289
273, 295
273, 310
273, 329
273, 335
273, 380
273, 401
273, 412
273, 418
274, 38
274, 43
274, 67
274, 113
274, 219
274, 225
274, 276
274, 307
274, 340
274, 411
274, 435
275, 41
275, 84
275, 86
275, 102
275, 121
275, 139
275, 146
275, 155
275, 173
275, 190
275, 208
275, 231
275, 232
275, 282
275, 284
275, 291
275, 320
275, 335
275, 344
275, 360
275, 369
275, 380
275, 410
275, 418
280, 41
280, 84
280, 86
280, 102
280, 114
280, 121
280, 139
280, 162
280, 173
280, 183
280, 204
280, 208
280, 231
280, 232
280, 278
280, 282
280, 284
280, 291
280, 344
280, 360
280, 366
280, 369
280, 399
280, 410
281, 1
281, 3
281, 10
281, 11
281, 12
281, 16
281, 17
281, 22
281, 32
281, 33
281, 34
281, 35
281, 36
281, 37
281, 38
281, 39
281, 41
281, 42
281, 43
281, 44
281, 46
281, 47
281, 49
281, 50
285, 38
285, 42
285, 43
285, 46
285, 67
285, 87
285, 91
285, 104
285, 113
285, 149
285, 157
285, 161
285, 165
285, 194
285, 219
285, 225
285, 242
285, 255
285, 264
285, 268
285, 276
285, 279
285, 305
285, 307
287, 3
287, 11
287, 38
287, 39
287, 41
287, 42
287, 43
287, 46
287, 49
287, 50
287, 51
287, 54
287, 60
287, 65
287, 67
287, 75
287, 78
287, 79
287, 87
287, 91
287, 93
287, 98
287, 99
287, 104
292, 1
292, 3
292, 10
292, 11
292, 12
292, 16
292, 22
292, 32
292, 33
292, 34
292, 35
292, 36
292, 37
292, 38
292, 39
292, 41
292, 42
292, 43
292, 44
292, 46
292, 47
292, 49
292, 51
292, 54
293, 41
293, 84
293, 86
293, 102
293, 121
293, 139
293, 146
293, 155
293, 173
293, 190
293, 204
293, 208
293, 231
293, 232
293, 282
293, 284
293, 291
293, 320
293, 344
293, 350
293, 360
293, 369
293, 397
293, 410
298, 41
298, 44
298, 84
298, 86
298, 90
298, 102
298, 114
298, 121
298, 139
298, 146
298, 155
298, 162
298, 173
298, 183
298, 190
298, 204
298, 206
298, 208
298, 231
298, 232
298, 278
298, 282
298, 284
298, 288
301, 51
301, 127
301, 133
301, 134
301, 169
301, 174
301, 187
301, 244
301, 296
301, 309
301, 345
301, 387
301, 408
301, 447
301, 460
301, 476
301, 496
301, 499
301, 527
301, 538
301, 576
301, 581
301, 582
301, 593
303, 1
303, 4
303, 6
303, 10
303, 11
303, 12
303, 16
303, 22
303, 32
303, 33
303, 34
303, 35
303, 36
303, 37
303, 38
303, 39
303, 42
303, 43
303, 44
303, 46
303, 47
303, 49
303, 51
303, 54
308, 38
308, 43
308, 46
308, 67
308, 91
308, 104
308, 113
308, 149
308, 157
308, 161
308, 165
308, 169
308, 194
308, 198
308, 219
308, 225
308, 242
308, 244
308, 255
308, 264
308, 268
308, 276
308, 279
308, 305
319, 38
319, 42
319, 46
319, 67
319, 87
319, 149
319, 157
319, 194
319, 219
319, 225
319, 255
319, 264
319, 276
319, 305
319, 307
319, 340
319, 357
319, 365
319, 376
319, 411
319, 435
319, 446
319, 482
319, 497
322, 38
322, 39
322, 43
322, 46
322, 51
322, 54
322, 65
322, 67
322, 87
322, 91
322, 93
322, 99
322, 104
322, 113
322, 143
322, 149
322, 157
322, 161
322, 165
322, 169
322, 187
322, 194
322, 198
322, 219
330, 1
330, 3
330, 4
330, 6
330, 12
330, 16
330, 22
330, 32
330, 33
330, 34
330, 35
330, 36
330, 37
330, 39
330, 44
330, 47
330, 49
330, 51
330, 54
330, 56
330, 58
330, 60
330, 61
330, 62
342, 39
342, 54
342, 65
342, 75
342, 87
342, 93
342, 98
342, 99
342, 112
342, 143
342, 144
342, 149
342, 155
342, 157
342, 167
342, 178
342, 194
342, 220
342, 234
342, 236
342, 245
342, 250
342, 255
342, 264
343, 51
343, 91
343, 104
343, 161
343, 169
343, 174
343, 187
343, 198
343, 242
343, 244
343, 314
343, 387
343, 390
343, 408
343, 433
343, 447
343, 460
343, 496
343, 517
343, 576
343, 581
343, 582
343, 593
347, 51
347, 67
347, 87
347, 91
347, 99
347, 104
347, 113
347, 143
347, 149
347, 157
347, 161
347, 165
347, 169
347, 174
347, 187
347, 194
347, 198
347, 219
347, 220
347, 225
347, 242
347, 244
347, 255
347, 264
348, 39
348, 54
348, 65
348, 67
348, 75
348, 87
348, 91
348, 93
348, 98
348, 99
348, 104
348, 112
348, 113
348, 143
348, 144
348, 149
348, 157
348, 161
348, 165
348, 167
348, 169
348, 194
348, 198
348, 219
351, 75
351, 84
351, 86
351, 102
351, 121
351, 139
351, 144
351, 146
351, 155
351, 173
351, 183
351, 190
351, 204
351, 208
351, 231
351, 232
351, 282
351, 284
351, 291
351, 320
351, 335
351, 344
351, 350
351, 360
354, 224
354, 349
355, 102
355, 121
355, 139
355, 155
355, 190
355, 208
355, 232
355, 282
355, 284
355, 291
355, 344
355, 448
355, 467
355, 492
355, 504
355, 508
355, 510
358, 224
358, 349
359, 39
359, 51
359, 54
359, 65
359, 67
359, 75
359, 87
359, 91
359, 93
359, 98
359, 99
359, 104
359, 112
359, 113
359, 121
359, 139
359, 143
359, 144
359, 146
359, 149
359, 155
359, 157
359, 161
359, 165
361, 1
361, 4
361, 6
361, 12
361, 16
361, 32
361, 33
361, 34
361, 35
361, 36
361, 37
361, 39
361, 44
361, 47
361, 49
361, 51
361, 54
361, 56
361, 58
361, 61
361, 62
361, 63
361, 64
361, 65
362, 121
362, 139
362, 146
362, 155
362, 190
362, 284
362, 344
362, 448
362, 492
362, 501
362, 508
362, 510
362, 519
363, 67
363, 113
363, 219
363, 225
363, 276
363, 307
363, 340
363, 411
363, 435
364, 67
364, 113
364, 149
364, 157
364, 219
364, 225
364, 255
364, 276
364, 305
364, 307
364, 340
364, 365
364, 376
364, 411
364, 435
364, 482
364, 542
368, 4
368, 6
368, 12
368, 32
368, 33
368, 34
368, 35
368, 36
368, 37
368, 44
368, 47
368, 49
368, 51
368, 56
368, 58
368, 61
368, 62
368, 63
368, 64
368, 65
368, 66
368, 67
368, 69
368, 71
370, 224
370, 349
371, 51
371, 91
371, 104
371, 111
371, 113
371, 127
371, 131
371, 133
371, 134
371, 136
371, 138
371, 161
371, 165
371, 169
371, 174
371, 187
371, 198
371, 219
371, 225
371, 242
371, 244
371, 251
371, 268
371, 269
372, 4
372, 6
372, 32
372, 33
372, 34
372, 35
372, 36
372, 37
372, 44
372, 47
372, 49
372, 51
372, 56
372, 58
372, 60
372, 61
372, 62
372, 63
372, 64
372, 65
372, 66
372, 69
372, 71
372, 73
378, 113
378, 165
378, 219
378, 225
378, 276
378, 307
378, 326
378, 331
378, 340
378, 393
378, 411
378, 435
383, 6
383, 32
383, 33
383, 34
383, 35
383, 36
383, 37
383, 44
383, 47
383, 49
383, 56
383, 58
383, 60
383, 61
383, 62
383, 63
383, 64
383, 65
383, 66
383, 69
383, 71
383, 73
383, 74
383, 75
384, 65
384, 87
384, 93
384, 98
384, 99
384, 194
384, 220
384, 234
384, 245
384, 264
384, 289
384, 310
384, 329
384, 357
384, 401
384, 412
384, 444
384, 458
384, 477
384, 487
384, 509
384, 537
384, 556
384, 591
392, 87
392, 91
392, 104
392, 113
392, 149
392, 157
392, 161
392, 165
392, 169
392, 187
392, 194
392, 198
392, 219
392, 225
392, 242
392, 244
392, 255
392, 264
392, 268
392, 269
392, 276
392, 279
392, 305
392, 306
400, 3
400, 6
400, 33
400, 34
400, 35
400, 36
400, 37
400, 44
400, 47
400, 49
400, 56
400, 58
400, 60
400, 61
400, 62
400, 63
400, 64
400, 65
400, 66
400, 69
400, 71
400, 73
400, 74
400, 75
407, 4
407, 6
407, 33
407, 34
407, 35
407, 36
407, 37
407, 44
407, 47
407, 49
407, 56
407, 58
407, 60
407, 61
407, 62
407, 63
407, 64
407, 65
407, 66
407, 69
407, 71
407, 73
407, 74
407, 75
419, 75
419, 84
419, 86
419, 87
419, 91
419, 93
419, 98
419, 99
419, 102
419, 104
419, 111
419, 112
419, 113
419, 121
419, 127
419, 131
419, 133
419, 134
419, 136
419, 138
419, 139
419, 143
419, 144
419, 146
423, 37
423, 49
423, 69
423, 78
423, 79
423, 88
423, 91
423, 94
423, 95
423, 104
423, 105
423, 106
423, 110
423, 111
423, 117
423, 118
423, 123
423, 125
423, 128
423, 131
423, 132
423, 133
423, 134
423, 138
424, 75
424, 144
424, 167
424, 234
424, 236
424, 245
424, 250
424, 289
424, 295
424, 310
424, 335
424, 380
424, 401
424, 412
424, 418
424, 430
424, 444
424, 457
424, 477
424, 484
424, 511
424, 556
424, 566
424, 572
425, 91
425, 99
425, 104
425, 143
425, 149
425, 157
425, 161
425, 165
425, 169
425, 187
425, 194
425, 198
425, 219
425, 220
425, 225
425, 242
425, 244
425, 255
425, 264
425, 268
425, 276
425, 279
425, 305
425, 306
426, 44
426, 62
426, 84
426, 86
426, 90
426, 93
426, 98
426, 99
426, 102
426, 112
426, 114
426, 121
426, 129
426, 130
426, 139
426, 143
426, 144
426, 146
426, 149
426, 155
426, 157
426, 162
426, 167
426, 173
427, 121
427, 139
427, 146
427, 155
427, 190
427, 208
427, 284
427, 291
427, 344
427, 448
427, 467
427, 492
427, 504
427, 508
427, 510
438, 4
438, 6
438, 33
438, 34
438, 35
438, 36
438, 37
438, 44
438, 47
438, 49
438, 56
438, 58
438, 61
438, 62
438, 63
438, 64
438, 66
438, 69
438, 71
438, 73
438, 74
438, 76
438, 78
438, 79
440, 91
440, 99
440, 143
440, 149
440, 157
440, 165
440, 194
440, 219
440, 220
440, 225
440, 255
440, 264
440, 276
440, 279
440, 305
440, 307
440, 323
440, 326
440, 329
440, 331
440, 340
440, 341
440, 357
440, 365
443, 3
443, 4
443, 6
443, 33
443, 34
443, 35
443, 36
443, 37
443, 44
443, 47
443, 49
443, 56
443, 58
443, 60
443, 61
443, 62
443, 63
443, 64
443, 66
443, 69
443, 71
443, 73
443, 74
443, 76
453, 49
453, 69
453, 78
453, 79
453, 88
453, 94
453, 105
453, 111
453, 117
453, 118
453, 123
453, 125
453, 131
453, 132
453, 134
453, 138
453, 151
453, 154
453, 172
453, 174
453, 182
453, 185
453, 195
453, 202
454, 78
454, 79
454, 105
454, 117
454, 123
454, 125
454, 132
454, 151
454, 154
454, 182
454, 214
454, 228
454, 286
454, 374
454, 389
454, 395
454, 398
454, 404
454, 431
454, 456
454, 472
454, 474
454, 523
454, 560
459, 6
459, 33
459, 34
459, 35
459, 36
459, 37
459, 47
459, 49
459, 56
459, 58
459, 61
459, 62
459, 63
459, 64
459, 66
459, 69
459, 71
459, 73
459, 74
459, 76
459, 78
459, 79
459, 83
459, 84
463, 62
463, 84
463, 86
463, 90
463, 102
463, 107
463, 109
463, 114
463, 121
463, 129
463, 130
463, 139
463, 162
463, 173
463, 175
463, 176
463, 183
463, 191
463, 204
463, 206
463, 208
463, 223
463, 231
463, 232
465, 37
465, 49
465, 69
465, 78
465, 79
465, 88
465, 94
465, 95
465, 104
465, 105
465, 106
465, 110
465, 111
465, 117
465, 118
465, 123
465, 125
465, 127
465, 128
465, 131
465, 132
465, 133
465, 134
465, 136
466, 93
466, 98
466, 104
466, 127
466, 131
466, 133
466, 134
466, 136
466, 138
466, 143
466, 149
466, 157
466, 161
466, 165
466, 169
466, 174
466, 187
466, 194
466, 198
466, 219
466, 220
466, 225
466, 234
466, 242
468, 37
468, 49
468, 56
468, 61
468, 69
468, 78
468, 79
468, 88
468, 93
468, 94
468, 95
468, 98
468, 105
468, 106
468, 110
468, 111
468, 112
468, 117
468, 118
468, 123
468, 125
468, 127
468, 128
468, 131
486, 93
486, 98
486, 143
486, 149
486, 157
486, 165
486, 194
486, 219
486, 220
486, 225
486, 234
486, 245
486, 255
486, 264
486, 276
486, 289
486, 305
486, 307
486, 310
486, 326
486, 329
486, 340
486, 341
486, 357
490, 34
490, 62
490, 66
490, 83
490, 90
490, 107
490, 109
490, 114
490, 129
490, 130
490, 156
490, 160
490, 162
490, 168
490, 173
490, 175
490, 176
490, 191
490, 199
490, 204
490, 206
490, 212
490, 218
490, 223
493, 3
493, 33
493, 35
493, 36
493, 37
493, 47
493, 56
493, 58
493, 60
493, 61
493, 62
493, 63
493, 64
493, 66
493, 69
493, 71
493, 73
493, 74
493, 76
493, 78
493, 79
493, 83
493, 84
493, 85
494, 143
494, 157
494, 194
494, 220
494, 264
494, 310
494, 329
494, 341
494, 357
494, 367
494, 412
494, 477
494, 479
494, 509
494, 537
494, 578
494, 591
494, 599
495, 324
495, 551
495, 563
495, 596
500, 144
500, 155
500, 167
500, 178
500, 186
500, 190
500, 234
500, 236
500, 245
500, 250
500, 289
500, 295
500, 310
500, 320
500, 335
500, 344
500, 380
500, 401
500, 418
500, 430
500, 444
500, 448
500, 484
500, 501
503, 149
503, 165
503, 194
503, 219
503, 225
503, 255
503, 264
503, 276
503, 305
503, 307
503, 326
503, 331
503, 340
503, 357
503, 365
503, 376
503, 411
503, 435
503, 482
503, 542
503, 591
506, 324
506, 551
506, 563
506, 596
513, 3
513, 33
513, 35
513, 36
513, 37
513, 47
513, 56
513, 58
513, 60
513, 61
513, 62
513, 63
513, 64
513, 66
513, 69
513, 71
513, 73
513, 74
513, 76
513, 78
513, 79
513, 83
513, 84
513, 85
514, 3
514, 33
514, 35
514, 36
514, 47
514, 58
514, 60
514, 62
514, 63
514, 64
514, 66
514, 69
514, 71
514, 73
514, 74
514, 76
514, 78
514, 79
514, 83
514, 84
514, 85
514, 86
514, 88
514, 89
518, 62
518, 90
518, 114
518, 130
518, 162
518, 173
518, 175
518, 176
518, 204
518, 206
518, 223
518, 231
518, 240
518, 288
518, 300
518, 333
518, 366
518, 369
518, 381
518, 416
518, 421
518, 428
518, 436
518, 437
520, 6
520, 33
520, 35
520, 36
520, 37
520, 47
520, 56
520, 58
520, 60
520, 61
520, 62
520, 63
520, 64
520, 66
520, 69
520, 71
520, 73
520, 74
520, 76
520, 78
520, 79
520, 83
520, 84
520, 85
525, 3
525, 36
525, 37
525, 47
525, 56
525, 58
525, 60
525, 61
525, 62
525, 63
525, 64
525, 66
525, 69
525, 71
525, 73
525, 74
525, 76
525, 78
525, 79
525, 83
525, 84
525, 85
525, 86
525, 88
526, 83
526, 84
526, 86
526, 90
526, 107
526, 109
526, 114
526, 129
526, 130
526, 156
526, 160
526, 162
526, 168
526, 173
526, 175
526, 176
526, 191
526, 199
526, 204
526, 206
526, 223
526, 231
526, 232
526, 239
528, 3
528, 60
528, 66
528, 78
528, 79
528, 83
528, 86
528, 88
528, 90
528, 94
528, 95
528, 98
528, 102
528, 105
528, 106
528, 107
528, 109
528, 110
528, 111
528, 112
528, 114
528, 117
528, 118
528, 123
529, 86
529, 98
529, 102
529, 112
529, 127
529, 131
529, 133
529, 134
529, 136
529, 138
529, 143
529, 144
529, 146
529, 155
529, 161
529, 162
529, 165
529, 167
529, 169
529, 173
529, 174
529, 178
529, 183
529, 186
530, 47
530, 64
530, 66
530, 71
530, 73
530, 74
530, 76
530, 83
530, 86
530, 89
530, 90
530, 96
530, 98
530, 102
530, 103
530, 107
530, 109
530, 112
530, 114
530, 124
530, 129
530, 130
530, 137
530, 143
532, 86
532, 173
532, 204
532, 231
532, 232
532, 366
532, 369
532, 399
532, 437
532, 478
532, 540
532, 547
532, 575
536, 161
536, 165
536, 242
536, 268
536, 313
536, 323
536, 326
536, 331
536, 505
536, 517
539, 165
539, 194
539, 219
539, 225
539, 255
539, 264
539, 276
539, 305
539, 307
539, 326
539, 340
539, 357
539, 365
539, 367
539, 376
539, 411
539, 412
539, 435
539, 446
539, 479
539, 482
539, 497
539, 542
539, 578
541, 86
541, 90
541, 102
541, 114
541, 162
541, 173
541, 183
541, 204
541, 206
541, 208
541, 231
541, 232
541, 278
541, 282
541, 284
541, 288
541, 291
541, 344
541, 360
541, 366
541, 369
541, 381
541, 399
541, 410
543, 161
543, 165
543, 169
543, 187
543, 198
543, 242
543, 244
543, 268
543, 269
543, 306
543, 313
543, 314
543, 323
543, 326
543, 331
543, 390
543, 408
543, 447
543, 460
543, 505
543, 517
543, 576
543, 581
543, 593
544, 3
544, 60
544, 78
544, 79
544, 83
544, 86
544, 88
544, 90
544, 94
544, 95
544, 98
544, 102
544, 105
544, 106
544, 107
544, 109
544, 110
544, 111
544, 112
544, 114
544, 117
544, 118
544, 123
544, 125
545, 86
545, 90
545, 98
545, 102
545, 105
545, 111
545, 112
545, 114
545, 118
545, 127
545, 131
545, 132
545, 133
545, 134
545, 136
545, 138
545, 143
545, 144
545, 146
545, 151
545, 155
545, 161
545, 162
545, 167
546, 90
546, 114
546, 129
546, 130
546, 146
546, 155
546, 162
546, 173
546, 175
546, 176
546, 183
546, 190
546, 204
546, 206
546, 208
546, 223
546, 231
546, 232
546, 240
546, 278
546, 282
546, 284
546, 288
546, 291
554, 47
554, 56
554, 58
554, 61
554, 63
554, 64
554, 66
554, 71
554, 73
554, 74
554, 76
554, 78
554, 83
554, 85
554, 88
554, 89
554, 90
554, 94
554, 95
554, 96
554, 98
554, 100
554, 103
554, 105
562, 47
562, 56
562, 58
562, 60
562, 61
562, 63
562, 64
562, 66
562, 71
562, 73
562, 74
562, 76
562, 83
562, 85
562, 88
562, 89
562, 90
562, 94
562, 95
562, 96
562, 100
562, 103
562, 105
562, 106
564, 114
564, 162
564, 173
564, 204
564, 231
564, 232
564, 366
564, 369
564, 436
564, 437
564, 442
564, 478
564, 540
564, 547
564, 575
567, 144
567, 146
567, 155
567, 186
567, 190
567, 236
567, 245
567, 250
567, 320
567, 335
567, 344
567, 380
567, 401
567, 418
567, 430
567, 444
567, 448
567, 484
567, 492
567, 501
567, 510
567, 511
567, 519
567, 534
568, 224
568, 349
579, 58
579, 60
579, 63
579, 64
579, 66
579, 71
579, 73
579, 74
579, 76
579, 83
579, 85
579, 89
579, 90
579, 96
579, 100
579, 103
579, 105
579, 107
579, 109
579, 111
579, 112
579, 114
579, 115
579, 118
583, 56
583, 58
583, 61
583, 63
583, 64
583, 66
583, 71
583, 73
583, 74
583, 76
583, 83
583, 85
583, 88
583, 89
583, 90
583, 94
583, 95
583, 96
583, 100
583, 103
583, 105
583, 106
583, 107
583, 109
585, 161
585, 169
585, 187
585, 198
585, 225
585, 242
585, 244
585, 268
585, 269
585, 276
585, 279
585, 306
585, 307
585, 313
585, 314
585, 323
585, 326
585, 331
585, 340
585, 376
585, 379
585, 390
585, 393
585, 408
587, 56
587, 58
587, 60
587, 61
587, 63
587, 64
587, 66
587, 71
587, 73
587, 74
587, 76
587, 83
587, 85
587, 88
587, 89
587, 90
587, 94
587, 95
587, 96
587, 100
587, 103
587, 105
587, 106
587, 107
589, 90
589, 114
589, 162
589, 173
589, 183
589, 204
589, 208
589, 231
589, 232
589, 278
589, 282
589, 284
589, 291
589, 344
589, 360
589, 366
589, 369
589, 399
589, 410
589, 421
589, 436
589, 437
589, 442
589, 445
594, 56
594, 58
594, 60
594, 61
594, 63
594, 64
594, 66
594, 71
594, 73
594, 74
594, 76
594, 83
594, 85
594, 88
594, 89
594, 90
594, 94
594, 95
594, 96
594, 100
594, 103
594, 105
594, 106
594, 107
595, 146
595, 155
595, 190
595, 208
595, 232
595, 282
595, 284
595, 291
595, 344
595, 448
595, 467
595, 492
595, 504
595, 508
595, 510
597, 88
597, 94
597, 95
597, 105
597, 111
597, 117
597, 118
597, 123
597, 125
597, 131
597, 132
597, 138
597, 151
597, 154
597, 172
597, 182
597, 185
597, 195
597, 202
597, 209
597, 214
597, 215
597, 228
597, 229
598, 56
598, 58
598, 60
598, 61
598, 63
598, 64
598, 71
598, 73
598, 74
598, 76
598, 83
598, 85
598, 88
598, 89
598, 90
598, 94
598, 95
598, 96
598, 100
598, 103
598, 105
598, 106
598, 107
598, 109
end