480
4
0, 0.6482211265759964, 0.7755447910412137
1, 0.44199266151020666, 0.1635547478491316
2, 0.6027155945593853, 0.40371424930391486
3, 0.08430925139982659, 0.38363963677186186
4, 0.4986269141969071, 0.7084035396751706
5, 0.4640474398682298, 0.2658473674030619
6, 0.6054415852831662, 0.5244491912577864
7, 0.09713548155201468, 0.23249501450225263
8, 0.44538765977959016, 0.5926520654255034
9, 0.7006737350520184, 0.20536223284336752
10, 0.8062352567082729, 0.008168346199570742
11, 0.8486447816331509, 0.2254079282090823
12, 0.11613525545764114, 0.43532454180961844
13, 0.008948035833197587, 0.6567308461682251
14, 0.8305900766113594, 0.7302953338313435
15, 0.29042596367210904, 0.30700465241375785
16, 0.052281075993964365, 0.5717842399688757
17, 0.8945547754502194, 0.22307951148770433
18, 0.8661044670936471, 0.9567459946572661
19, 0.38263582739671376, 0.825276130053857
20, 0.5576530262099745, 0.1638971403350814
21, 0.5869213134802469, 0.47545339148103627
22, 0.5995978816483858, 0.21820374151604782
23, 0.982442944080927, 0.11179536326856421
24, 0.35245947559764446, 0.3367663650098093
25, 0.2116683468933639, 0.501041976489985
26, 0.0777357250758719, 0.6407122088891992
27, 0.5611489403031913, 0.12457345029658318
28, 0.019095174123046288, 0.30959812317922253
29, 0.8868559010015158, 0.7307129802276423
30, 0.849261191576338, 0.2151410638625213
31, 0.14415773804277165, 0.6064376106835629
32, 0.9599138861062926, 0.15656744424997016
33, 0.8205237841659617, 0.04693374509644688
34, 0.23356133065460782, 0.3968989534088574
35, 0.2683761598854172, 0.6531363512960368
36, 0.8183218030461644, 0.794260392615749
37, 0.8105086642739412, 0.9761724555923335
38, 0.31132999343473355, 0.49224864398451285
39, 0.7108527080046848, 0.35612355665243567
40, 0.4918898319560654, 0.35538970775245715
41, 0.5242839204950639, 0.9580160748600363
42, 0.48748773262100786, 0.5129813016060935
43, 0.04350748783048952, 0.14423331097897296
44, 0.5081986510364035, 0.9086003476200928
45, 0.8717523418849898, 0.12501815669730898
46, 0.20082339978553632, 0.3243496176266777
47, 0.14182485325670602, 0.6119205321110954
48, 0.11738880860313461, 0.4308868770881973
49, 0.03331756830170385, 0.2186616851264126
50, 0.4575784099932684, 0.05171217249445026
51, 0.3196004174052436, 0.4248867029672321
52, 0.12092278541674295, 0.6590478100915007
53, 0.5446907494670381, 0.9066955162686987
54, 0.09125390000076306, 0.4829867768342452
55, 0.12913805984291904, 0.7823102980354949
56, 0.711474954782811, 0.9247728372574253
57, 0.2997835450568238, 0.6009882421778614
58, 0.48810146370351937, 0.9374555826169508
59, 0.16617645576089424, 0.4869747452113963
60, 0.208847877872801, 0.08903235201196247
61, 0.7422582268344813, 0.4594768974687954
62, 0.0876614268026168, 0.5640493518842999
63, 0.8860787224191417, 0.8800294001318962
64, 0.5414264129644161, 0.11291171786691223
65, 0.5835369818245604, 0.7687546275868476
66, 0.442647402382668, 0.6965194872555327
67, 0.9538538773936992, 0.9284572106543048
68, 0.11814467209471291, 0.37443470594633843
69, 0.456033881440134, 0.8087836091341403
70, 0.7677806494018572, 0.6474158238053178
71, 0.8290401533832206, 0.02854760957355884
72, 0.5984983946351575, 0.7673820975533892
73, 0.23474240012753156, 0.4305786741935539
74, 0.22161393573893384, 0.16672325571828484
75, 0.2513546445792384, 0.3924503703955228
76, 0.7286587469577558, 0.5300145181205485
77, 0.11846428733213077, 0.8961121747400217
78, 0.17258167738263874, 0.9113615442933571
79, 0.24750999888281167, 0.8619960230174534
80, 0.1816353171545152, 0.7796899730677
81, 0.2109912785737751, 0.3230597960050655
82, 0.03104040586093526, 0.896148300453665
83, 0.7561948018234698, 0.5781682939993358
84, 0.260190235848307, 0.8366894911216116
85, 0.5527640200024702, 0.44801808077001515
86, 0.7811091324670011, 0.025418868433685127
87, 0.6697340035458218, 0.5870789094324362
88, 0.3409537149914631, 0.8983768558578815
89, 0.8307733909466315, 0.9176068671283573
90, 0.8704127358859249, 0.15506214722079403
91, 0.7049050377577021, 0.25371512163171783
92, 0.6754225618740403, 0.6798470305184865
93, 0.5418211180564014, 0.4912290370182645
94, 0.7108735701099625, 0.9016948167599074
95, 0.9464465234864333, 0.4754568583915326
96, 0.6508742932343511, 0.7678374128731023
97, 0.3295348620317927, 0.18819296497126936
98, 0.15905557932152747, 0.18334734377738215
99, 0.08249045936628197, 0.08449951202056671
100, 0.2533105254546051, 0.15105740618015884
101, 0.9277295416060075, 0.15393066324113436
102, 0.6225637287748585, 0.989385821406564
103, 0.30676656739219976, 0.8806550516840641
104, 0.332970390043251, 0.253758943658869
105, 0.5690153220982277, 0.3782455108286098
106, 0.9119651405028362, 0.5704041412477806
107, 0.8329720933783828, 0.013260245026206263
108, 0.2678299539653586, 0.02659600396821693
109, 0.3478087411491322, 0.4090031095031891
110, 0.1984707210601402, 0.023398415836215714
111, 0.8739149548797447, 0.8058966528673355
112, 0.638569087514134, 0.09880787063087004
113, 0.196895243330639, 0.7171790748120591
114, 0.18838500191152674, 0.7665250747079781
115, 0.2883641811826101, 0.10307107697109807
116, 0.6553879212341874, 0.299351830202781
117, 0.9932820696305923, 0.35670137442080585
118, 0.8893486963102127, 0.7676844873487991
119, 0.3268869680251678, 0.21500563605422962
120, 0.1821623599905895, 0.673808485930543
121, 0.42760536061123877, 0.9881070968810658
122, 0.7224714417191778, 0.5017953091809176
123, 0.43300211905933783, 0.557034293851781
124, 0.7796353598791315, 0.04001589750647261
125, 0.5525230465386486, 0.7379016880522606
126, 0.8677435222726216, 0.648620337973191
127, 0.7518418107460392, 0.8328503772301263
128, 0.24706181193084886, 0.24403355172501973
129, 0.566297591029924, 0.45752914039960435
130, 0.9112500382882276, 0.22311910800214751
131, 0.7056175863850671, 0.8311902319964729
132, 0.6804212711554574, 0.3068506118795693
133, 0.6013694523428773, 0.8558617025176488
134, 0.7297927052092017, 0.8022149022198877
135, 0.3846926610647359, 0.272667127691842
136, 0.26802246338304947, 0.0722074573842516
137, 0.040200061930337316, 0.6125959949681745
138, 0.25269515281488186, 0.039013961026969635
139, 0.7226260349650351, 0.5374370580621285
140, 0.9310536358004694, 0.4648284323018287
141, 0.33397530567238687, 0.20121273815285678
142, 0.1573882098920234, 0.7263651782581042
143, 0.38825466591008484, 0.9110386421413997
144, 0.1904552897996824, 0.8425149754378188
145, 0.4490140252099263, 0.6791805861759082
146, 0.029592656567628217, 0.6824296904141299
147, 0.08311475555591807, 0.32336777242038794
148, 0.11409044507579758, 0.05170295904047262
149, 0.7174908015002431, 0.05524623215998081
150, 0.10720766508265345, 0.20619948756317974
151, 0.5610900636411806, 0.502503610479661
152, 0.9399983441894032, 0.02242913771422861
153, 0.09609568377681044, 0.993921684866269
154, 0.17827252676107863, 0.4659405732579238
155, 0.30791623922365463, 0.7942461846092777
156, 0.9023005757353927, 0.8458222757506991
157, 0.789469554569027, 0.342445298189197
158, 0.13642090791337436, 0.02389747275454901
159, 0.04090583300922768, 0.9836333945245747
160, 0.33694517471175744, 0.7506103637070856
161, 0.11132266310454986, 0.942324151683359
162, 0.24170582032917043, 0.6683383361321088
163, 0.9081702744829446, 0.48473428937143714
164, 0.26471217509617806, 0.08803752164941492
165, 0.40675465707497227, 0.4183792074332373
166, 0.9761915425268504, 0.8483066783653086
167, 0.25420645859183677, 0.8127389850693348
168, 0.5211365095001889, 0.46895811995341297
169, 0.3074526867550462, 0.6464427362163095
170, 0.8036671856768033, 0.31492717464173303
171, 0.3433630311336838, 0.49522724560272446
172, 0.27186204077935394, 0.07193295359388596
173, 0.2548745401877468, 0.894688064340482
174, 0.22421928705967775, 0.8431697475240296
175, 0.9775353353389726, 0.6771668160355127
176, 0.5780754128287897, 0.48903499811637896
177, 0.012959522709688587, 0.7623656253715261
178, 0.6715498429386695, 0.3274769978265606
179, 0.8520558305514909, 0.32193934629803644
180, 0.2657722439613893, 0.6429373492772893
181, 0.6306148178347133, 0.47290062388453036
182, 0.07170275542271776, 0.4361450983391978
183, 0.21168179955507027, 0.5849958241508105
184, 0.5063488307131163, 0.35272628529908356
185, 0.23702109433084562, 0.44775990888711437
186, 0.6639742406870639, 0.7615617848340737
187, 0.3736950412648854, 0.16268521472016673
188, 0.7257892272632586, 0.331297714796262
189, 0.2611648424147195, 0.347361860073402
190, 0.12587118602320246, 0.2330930664147718
191, 0.3947411941969591, 0.3944284946708987
192, 0.19601031075401287, 0.11647417751271916
193, 0.5200796585810442, 0.8158554484699237
194, 0.292670059419161, 0.0687881176016455
195, 0.5797943016377755, 0.5206890879385156
196, 0.6509531627818227, 0.6449748695168112
197, 0.41462401231671786, 0.5748300096120408
198, 0.8880695327499957, 0.6575467862741277
199, 0.16917847891486115, 0.1317608487345181
200, 0.9054776774121138, 0.6079350303810044
201, 0.700435846209449, 0.7338977914433358
202, 0.38188611212457335, 0.7544365232121828
203, 0.22803489696349588, 0.3954122137695645
204, 0.4943608734386078, 0.10282190966606264
205, 0.16429227579306616, 0.41224039566823634
206, 0.7551521764756064, 0.47143221733371543
207, 0.8139965803070216, 0.8185626549497929
208, 0.019004111139571567, 0.645450668897764
209, 0.5652543224724089, 0.2521465508336632
210, 0.5431879856068433, 0.39877906549979303
211, 0.7810162636915987, 0.007935905662557974
212, 0.5197234695613758, 0.7679925183932289
213, 0.4969940923576407, 0.20011084707397297
214, 0.5340804280964931, 0.8846347897177772
215, 0.13419160278197395, 0.4450499831063184
216, 0.4068574077504228, 0.9049976518503017
217, 0.905847846427709, 0.8398363143700607
218, 0.38849936531987517, 0.7349682042694743
219, 0.4317796091060776, 0.7896230252910197
220, 0.5755593620153722, 0.49386697677884084
221, 0.9785245676663908, 0.21440321560975095
222, 0.38473631636316485, 0.7961523090985887
223, 0.8251432663933161, 0.7999696795441517
224, 0.3615046381608841, 0.6572346580119437
225, 0.033582494440295374, 0.6188417716850108
226, 0.6327754206540731, 0.7302228704693379
227, 0.6197094417290467, 0.3829218526026613
228, 0.36173625257439124, 0.8754375947505834
229, 0.7539744030312733, 0.05043348136639225
230, 0.7258150577895974, 0.4984053930424456
231, 0.8542542454574212, 0.5373446326070624
232, 0.5074607235212732, 0.7420249779383173
233, 0.5816161189972717, 0.09941754190444885
234, 0.8512526289679766, 0.3360056326335489
235, 0.9346993721473519, 0.8678342289924748
236, 0.7547377343492273, 0.27134529012583664
237, 0.33212202152513026, 0.03540269589209699
238, 0.4385695985016337, 0.05824118743825146
239, 0.5027698440701409, 0.5827794137602171
240, 0.19037512953919922, 0.9430728901895747
241, 0.770732988813045, 0.0892011243844757
242, 0.753051667926067, 0.6839890558419724
243, 0.463425021520502, 0.2867016842513652
244, 0.8301925326158132, 0.8655280409911804
245, 0.40725232796681765, 0.17389184907455502
246, 0.3179151445302081, 0.2548325301596386
247, 0.7492241171656618, 0.38536059427843805
248, 0.9129018587226609, 0.047045854695104694
249, 0.14492437912904588, 0.9957390842172512
250, 0.12452775976894936, 0.26297257403632
251, 0.8779630077956252, 0.27423445584624984
252, 0.7372104326325173, 0.44961459992736386
253, 0.4456250622487896, 0.7114131593007943
254, 0.8150530454064717, 0.77840343634478
255, 0.15212903775879516, 0.09291730021544176
256, 0.516250410345304, 0.4737993755232782
257, 0.8786953091896895, 0.168520070359637
258, 0.3764412953160333, 0.6508087421701716
259, 0.7545569417894101, 0.24492489716849286
260, 0.10274073542649786, 0.684200812454484
261, 0.3818839423756998, 0.6838161662684137
262, 0.5570252010257999, 0.1690784438860654
263, 0.443485427313571, 0.5267571393603496
264, 0.01966850307821233, 0.24122909058402087
265, 0.07994752544142159, 0.3864408428667264
266, 0.9997616590251767, 0.18895774932489462
267, 0.049604196919220245, 0.6099741287575084
268, 0.48218427477269976, 0.5408149534172618
269, 0.7351469558334233, 0.3515060694844253
270, 0.6074577816593292, 0.17882346566577167
271, 0.03702779529661748, 0.4896868337332295
272, 0.8310068609318291, 0.6244372020805732
273, 0.014238212850563703, 0.5535448235391603
274, 0.6046103485380976, 0.08391349143968063
275, 0.6412203468145753, 0.8458182725205341
276, 0.06062164339852427, 0.3451349905975545
277, 0.5759165657940603, 0.49180522155858863
278, 0.41825429475147136, 0.019593361718754032
279, 0.5848647165615968, 0.37554038005747326
280, 0.22853440659508084, 0.6928077130477149
281, 0.9880350157390765, 0.35430013147076655
282, 0.9950755694477096, 0.25855208819040787
283, 0.7073940584865128, 0.48832253401189507
284, 0.26488334281242, 0.8227825514193859
285, 0.8451357622675181, 0.058159785568968614
286, 0.5390054296478294, 0.024982908497027
287, 0.8345509820173102, 0.34684992307143847
288, 0.1364075379966323, 0.8704434210386403
289, 0.6496017315377808, 0.8550092245833051
290, 0.8094336297828896, 0.8407748852934498
291, 0.012751075463555028, 0.6071344461362891
292, 0.9032840904007422, 0.015968323703108744
293, 0.30487408404651506, 0.297926022867411
294, 0.5825290291520552, 0.09626882285255378
295, 0.9850839477661374, 0.2299735388063876
296, 0.5402831580879937, 0.07639286311767357
297, 0.40348201102508985, 0.89606861751666
298, 0.645006362077098, 0.34477408772734
299, 0.2245484327261157, 0.8048772718280449
300, 0.34309254111372844, 0.5684592294264417
301, 0.9568244535629935, 0.09627609498369527
302, 0.5007114111360075, 0.07756670291156875
303, 0.40314693378212074, 0.10274376090853954
304, 0.13507198822501765, 0.7170223567982208
305, 0.3610519150002589, 0.5186249596135676
306, 0.04523929855426145, 0.6278130484107772
307, 0.3572249002291369, 0.10565848052584725
308, 0.14185080662099436, 0.43563290327448057
309, 0.6249681919814194, 0.8368302886123863
310, 0.29457918885737444, 0.18149329554699845
311, 0.5194325907171014, 0.9631066546956255
312, 0.3286792820116591, 0.5723794729989393
313, 0.5433863970716403, 0.5777682592065818
314, 0.6858182609723802, 0.7604690625545792
315, 0.3839732726675349, 0.778307279871371
316, 0.9647162624283617, 0.16291836550957906
317, 0.3452764905901504, 0.8187531231843276
318, 0.1189657230366229, 0.6694604982663054
319, 0.6319618303545422, 0.4138932731225151
320, 0.9362372524552766, 0.053343846256844074
321, 0.524789944517965, 0.42453278990176746
322, 0.9200290669637732, 0.1744044464916905
323, 0.3042699867292874, 0.5577090324364399
324, 0.1974326267799078, 0.45289239381526825
325, 0.9204919735159742, 0.9435868855883848
326, 0.5202499120479599, 0.6037932552426567
327, 0.4196711644838842, 0.5176731187256861
328, 0.2707943650307454, 0.6765272078045212
329, 0.7772920726054781, 0.3933717128266574
330, 0.838149888256484, 0.6546691377686836
331, 0.8732416693850623, 0.6709792148644346
332, 0.9434848339869736, 0.9731848686550083
333, 0.1486252217902302, 0.20587888868601334
334, 0.2549067581651223, 0.1963080343579705
335, 0.954629932110284, 0.8876457600381277
336, 0.23382568565715856, 0.4201736897470777
337, 0.8198026901415609, 0.6385421332019556
338, 0.08267683747539278, 0.7036695709141296
339, 0.356617756000175, 0.1640875954656983
340, 0.6477364088657298, 0.3327490752783112
341, 0.6298717748791339, 0.4744896313025345
342, 0.3398950733141516, 0.8225940387056859
343, 0.41319233393716737, 0.131900879787205
344, 0.7680462863008924, 0.6446355239878147
345, 0.45117008278591386, 0.15408962919500846
346, 0.4278210575809184, 0.5452309936322652
347, 0.2742779682976142, 0.8358121593723652
348, 0.4108898299980197, 0.4031275994701524
349, 0.9867511052308292, 0.20484972992323047
350, 0.2662305937803493, 0.3472816830130122
351, 0.6412375745687494, 0.8721000123201912
352, 0.7204006285803958, 0.28664720557226187
353, 0.6770235275444317, 0.4843578197952485
354, 0.40586827330588426, 0.9763456290869365
355, 0.8440172412167115, 0.7599104408307337
356, 0.9870323573588633, 0.5316276361591432
357, 0.19884623603928575, 0.13066581862056226
358, 0.6623665618007033, 0.4270898116688304
359, 0.6632293036208237, 0.9950769332946804
360, 0.7323370148994373, 0.26308704889649237
361, 0.2167235652588878, 0.9660996701044953
362, 0.26494911921072106, 0.5037296931320564
363, 0.9605952674508932, 0.032347660907705134
364, 0.5694970996661707, 0.3094132773698355
365, 0.3215139835065911, 0.7903990011357334
366, 0.26857957892887796, 0.6890073152164168
367, 0.6320896517749457, 0.1962849703176478
368, 0.5868651625239799, 0.1628341893960853
369, 0.8262063464824898, 0.7978843839354182
370, 0.6732032697138723, 0.030962828078539673
371, 0.9197554679147727, 0.4179490474783454
372, 0.13953323644066817, 0.5578358325184217
373, 0.6617370935147245, 0.04018800030383218
374, 0.2930261682461417, 0.7896843040499701
375, 0.7559770093400489, 0.7450420090269847
376, 0.7940443667111392, 0.01770005329907498
377, 0.13265187006485268, 0.6006182468488012
378, 0.784622414549269, 0.627029026319348
379, 0.7019682201245131, 0.5220850829573787
380, 0.5483721363671255, 0.8338289631288465
381, 0.40116784581068, 0.8369637845928394
382, 0.6926769529096547, 0.3259128613072715
383, 0.9286209578368197, 0.4224274926198077
384, 0.4466298502085393, 0.7142030639661923
385, 0.32806055987991445, 0.21046879300000298
386, 0.16118544811283486, 0.2396644801952682
387, 0.5333213519176928, 0.8858527610016602
388, 0.637125635417759, 0.29863879276746963
389, 0.8123199342197386, 0.6885571260589816
390, 0.3358593924138388, 0.28338348591552864
391, 0.6947356720017216, 0.0853054582208963
392, 0.2725053389226454, 0.7100106252563075
393, 0.7869883123273216, 0.7338999908400274
394, 0.0965044479709769, 0.4113290334091264
395, 0.2526528844654796, 0.6334790993987013
396, 0.4647710417926576, 0.09163672582366233
397, 0.49344088355103244, 0.5742336515008469
398, 0.5886156932949141, 0.7541949288287407
399, 0.7861371728490679, 0.598594168928957
400, 0.48639369218157114, 0.36566801481528033
401, 0.7505993136377581, 0.9237401988116132
402, 0.7132872581791792, 0.9807009213665593
403, 0.8581042219365435, 0.8275502966266246
404, 0.7289560439813622, 0.9526934980300577
405, 0.08551819300147556, 0.8690950237736152
406, 0.5325735741021954, 0.6663666924896641
407, 0.936996193062087, 0.17157446270672383
408, 0.631753632458263, 0.7905524694276145
409, 0.7009842015039944, 0.6086704900294467
410, 0.31426274936724163, 0.5656048376823524
411, 0.9035477437066374, 0.9594551938939414
412, 0.37902672443338437, 0.7476055120287834
413, 0.5065778384195225, 0.7552230184070845
414, 0.3181173190451645, 0.5972887323166123
415, 0.2569806677348364, 0.3258179322577437
416, 0.5643020061640023, 0.8111023887649113
417, 0.8530233657262252, 0.5142143816942705
418, 0.8330666167475441, 0.5096048733605903
419, 0.6528833482465098, 0.6228562897722074
420, 0.7384068019467573, 0.46900032151730997
421, 0.18585579267536956, 0.7885594682452961
422, 0.14633075033321163, 0.5650987642423684
423, 0.2941576301245272, 0.025079040086786075
424, 0.7150568777176122, 0.36549474075813704
425, 0.3358350983474836, 0.8388260739934988
426, 0.17505939141866278, 0.8838513486804068
427, 0.8635480125010321, 0.3778499287636481
428, 0.06359717429099798, 0.25662203848233645
429, 0.529133070647725, 0.014882702882543564
430, 0.5913132500226171, 0.20504201411095213
431, 0.6727818723220764, 0.6990530329589388
432, 0.6379339815315774, 0.020978450599046017
433, 0.9657279537805148, 0.14113913154895374
434, 0.8265326417972022, 0.7429680329007613
435, 0.2199060094365708, 0.11252196560564198
436, 0.7087883227445314, 0.9427040872056436
437, 0.049117830047976097, 0.18867846925941456
438, 0.1869450250436251, 0.1307457796897452
439, 0.940010299199332, 0.6015980317307424
440, 0.6936924090260616, 0.3338574882100721
441, 0.07267983985875714, 0.06449087156736277
442, 0.19070157991791936, 0.009424851736256068
443, 0.6725658714262607, 0.3169407512184902
444, 0.6071324726445465, 0.20263630787541154
445, 0.45778783247085575, 0.12723073377048577
446, 0.8261610033099233, 0.631120995725536
447, 0.7148385571124352, 0.1062511686862615
448, 0.1801014619625675, 0.28737988821197424
449, 0.995137401763287, 0.13728946297788103
450, 0.6083575463161761, 0.8287510717030969
451, 0.1685649398160196, 0.8048517533771108
452, 0.8313984118264026, 0.16169447987149144
453, 0.5491629033162295, 0.9304615918237342
454, 0.9141310078963161, 0.42456981840222385
455, 0.9538786487129518, 0.292154834746852
456, 0.7975694724235318, 0.9039593448109312
457, 0.016467269818080443, 0.8196639686371454
458, 0.5676330244357574, 0.19423532051125036
459, 0.18829978897217958, 0.8492866911753986
460, 0.39856918372204064, 0.24207413372343833
461, 0.2403389228866729, 0.3476291245795434
462, 0.03160981791659978, 0.09347085858762716
463, 0.13659024611823267, 0.8206043359827219
464, 0.5616720282847124, 0.497424316761766
465, 0.5622689721152785, 0.7530588175255172
466, 0.6580224931750829, 0.3640392836472054
467, 0.5108848954532511, 0.3561386105300349
468, 0.48027878432597926, 0.9934979322148796
469, 0.4521986389286614, 0.20575385774279553
470, 0.3670281392798823, 0.48089920881025483
471, 0.9090535404124594, 0.07870359888245859
472, 0.49100225696900623, 0.1435350857355857
473, 0.7231837172854656, 0.8137347178434048
474, 0.18049103835981872, 0.7565228659860702
475, 0.7976294352563201, 0.7867100818033823
476, 0.04417337128295673, 0.34623269228134057
477, 0.590078355098648, 0.23506603595531284
478, 0.034122592127320606, 0.2594224783088396
479, 0.7840116983384368, 0.37137122547346335
end_nodes
0, 1
0, 2
0, 3
0, 4
0, 5
0, 6
0, 7
0, 8
0, 9
0, 10
0, 11
0, 12
0, 13
0, 14
0, 15
0, 16
0, 17
0, 18
0, 19
0, 20
0, 21
22, 233
22, 286
22, 289
22, 294
22, 351
22, 359
22, 368
22, 429
23, 41
23, 44
23, 53
23, 58
23, 78
23, 88
23, 103
23, 121
23, 133
23, 143
23, 153
23, 159
23, 161
23, 173
23, 193
23, 214
23, 216
23, 228
23, 240
23, 249
23, 297
24, 60
24, 74
24, 158
24, 192
24, 255
24, 334
24, 357
24, 435
24, 438
25, 12
25, 67
25, 182
25, 244
25, 325
26, 166
28, 18
29, 4
29, 13
29, 19
29, 52
29, 55
29, 65
29, 66
29, 69
29, 72
29, 77
29, 79
29, 80
29, 82
29, 84
29, 113
29, 114
29, 120
29, 125
29, 142
29, 144
29, 146
30, 90
30, 248
31, 166
32, 41
32, 44
32, 53
32, 58
32, 78
32, 88
32, 103
32, 121
32, 133
32, 143
32, 153
32, 159
32, 161
32, 173
32, 193
32, 214
32, 216
32, 228
32, 240
32, 249
32, 297
34, 49
35, 166
36, 13
36, 19
36, 52
36, 54
36, 55
36, 57
36, 59
36, 65
36, 69
36, 72
36, 77
36, 79
36, 80
36, 82
36, 84
36, 113
36, 114
36, 120
36, 142
36, 144
36, 146
37, 1
37, 2
37, 5
37, 6
37, 7
37, 15
37, 20
37, 21
37, 27
37, 38
37, 40
37, 43
37, 46
37, 49
37, 50
37, 51
37, 60
37, 64
37, 73
37, 74
37, 75
39, 86
39, 102
39, 124
39, 211
39, 229
39, 275
39, 352
42, 60
42, 74
42, 97
42, 100
42, 104
42, 110
42, 115
42, 119
42, 136
42, 138
42, 141
42, 148
42, 158
42, 164
42, 172
42, 192
42, 199
42, 246
42, 255
42, 293
42, 310
47, 166
56, 1
56, 2
56, 5
56, 6
56, 7
56, 15
56, 20
56, 21
56, 27
56, 38
56, 40
56, 43
56, 46
56, 49
56, 50
56, 51
56, 60
56, 64
56, 73
56, 74
56, 75
61, 78
61, 88
61, 103
61, 143
61, 153
61, 159
61, 161
61, 173
61, 216
61, 228
61, 240
61, 249
61, 297
61, 354
61, 361
61, 381
61, 452
63, 4
63, 16
63, 54
63, 57
63, 59
63, 62
63, 66
63, 72
63, 125
63, 145
63, 169
63, 180
63, 182
63, 183
63, 224
63, 253
63, 258
63, 261
63, 271
63, 273
63, 372
68, 18
70, 41
70, 44
70, 53
70, 58
70, 78
70, 88
70, 103
70, 121
70, 133
70, 143
70, 153
70, 159
70, 161
70, 173
70, 193
70, 214
70, 216
70, 228
70, 240
70, 249
70, 297
71, 107
76, 44
76, 45
76, 58
76, 78
76, 88
76, 90
76, 103
76, 121
76, 143
76, 153
76, 157
76, 159
76, 161
76, 170
76, 173
76, 193
76, 214
76, 216
76, 228
76, 240
76, 248
81, 43
81, 150
81, 190
83, 41
83, 44
83, 53
83, 58
83, 78
83, 88
83, 103
83, 121
83, 133
83, 143
83, 153
83, 159
83, 161
83, 173
83, 193
83, 214
83, 216
83, 228
83, 240
83, 249
83, 297
85, 1
85, 5
85, 50
85, 184
85, 237
85, 238
85, 243
85, 245
85, 278
85, 303
85, 307
85, 343
85, 345
85, 396
85, 423
85, 445
85, 467
85, 469
87, 2
87, 10
87, 20
87, 27
87, 50
87, 64
87, 78
87, 86
87, 88
87, 91
87, 103
87, 105
87, 124
87, 143
87, 153
87, 159
87, 161
87, 173
87, 181
87, 188
87, 193
89, 1
89, 2
89, 3
89, 5
89, 6
89, 12
89, 15
89, 20
89, 21
89, 27
89, 40
89, 48
89, 50
89, 60
89, 64
89, 74
89, 93
89, 97
89, 99
89, 100
89, 104
92, 1
92, 2
92, 5
92, 6
92, 11
92, 20
92, 21
92, 27
92, 33
92, 40
92, 41
92, 44
92, 45
92, 50
92, 53
92, 58
92, 64
92, 78
92, 88
92, 90
92, 103
94, 1
94, 2
94, 5
94, 6
94, 7
94, 15
94, 20
94, 21
94, 27
94, 38
94, 40
94, 43
94, 46
94, 49
94, 50
94, 51
94, 60
94, 64
94, 73
94, 74
94, 75
95, 41
95, 44
95, 53
95, 58
95, 78
95, 88
95, 103
95, 121
95, 133
95, 143
95, 153
95, 159
95, 161
95, 173
95, 193
95, 214
95, 216
95, 228
95, 240
95, 249
95, 297
96, 1
96, 2
96, 3
96, 4
96, 5
96, 6
96, 7
96, 10
96, 11
96, 13
96, 15
96, 16
96, 17
96, 20
96, 21
96, 27
96, 33
96, 40
96, 41
96, 43
96, 44
98, 99
101, 41
101, 44
101, 53
101, 58
101, 78
101, 88
101, 103
101, 121
101, 133
101, 143
101, 153
101, 159
101, 161
101, 173
101, 193
101, 214
101, 216
101, 228
101, 240
101, 249
101, 297
106, 41
106, 44
106, 53
106, 58
106, 78
106, 88
106, 103
106, 121
106, 133
106, 143
106, 153
106, 159
106, 161
106, 173
106, 193
106, 214
106, 216
106, 228
106, 240
106, 249
106, 297
109, 99
109, 441
111, 13
111, 19
111, 52
111, 55
111, 59
111, 65
111, 69
111, 72
111, 77
111, 79
111, 80
111, 82
111, 84
111, 113
111, 114
111, 120
111, 142
111, 144
111, 146
111, 155
111, 160
112, 289
112, 351
112, 359
116, 289
116, 351
116, 359
117, 41
117, 44
117, 53
117, 58
117, 78
117, 88
117, 103
117, 121
117, 133
117, 143
117, 153
117, 159
117, 161
117, 173
117, 193
117, 214
117, 216
117, 228
117, 240
117, 249
117, 297
118, 4
118, 13
118, 19
118, 52
118, 55
118, 65
118, 69
118, 72
118, 77
118, 79
118, 80
118, 82
118, 84
118, 113
118, 114
118, 120
118, 125
118, 142
118, 144
118, 146
118, 155
122, 78
122, 88
122, 103
122, 143
122, 153
122, 159
122, 161
122, 173
122, 193
122, 216
122, 228
122, 240
122, 249
122, 252
122, 285
122, 297
122, 354
122, 361
122, 381
122, 452
123, 7
123, 43
123, 46
123, 51
123, 150
123, 189
123, 190
123, 250
123, 333
123, 350
123, 386
123, 437
123, 448
123, 461
123, 462
123, 470
126, 41
126, 44
126, 53
126, 58
126, 78
126, 88
126, 103
126, 121
126, 133
126, 143
126, 153
126, 159
126, 161
126, 173
126, 193
126, 214
126, 216
126, 228
126, 240
126, 249
126, 297
127, 1
127, 2
127, 3
127, 5
127, 6
127, 15
127, 16
127, 19
127, 20
127, 21
127, 27
127, 40
127, 50
127, 60
127, 62
127, 64
127, 65
127, 74
127, 77
127, 79
127, 82
129, 1
129, 5
129, 50
129, 184
129, 210
129, 213
129, 237
129, 238
129, 245
129, 278
129, 303
129, 343
129, 345
129, 396
129, 445
129, 467
129, 469
129, 472
130, 41
130, 44
130, 53
130, 58
130, 78
130, 88
130, 103
130, 121
130, 133
130, 143
130, 153
130, 159
130, 161
130, 173
130, 193
130, 214
130, 216
130, 228
130, 240
130, 249
130, 297
131, 1
131, 2
131, 3
131, 5
131, 6
131, 7
131, 8
131, 12
131, 15
131, 18
131, 19
131, 20
131, 21
131, 27
131, 38
131, 40
131, 43
131, 46
131, 48
131, 49
131, 50
132, 289
132, 351
132, 359
134, 1
134, 2
134, 4
134, 5
134, 6
134, 16
134, 19
134, 20
134, 21
134, 27
134, 40
134, 41
134, 50
134, 54
134, 55
134, 57
134, 59
134, 60
134, 62
134, 64
134, 66
135, 97
135, 108
135, 115
135, 136
135, 138
135, 164
135, 172
137, 166
139, 44
139, 45
139, 58
139, 78
139, 88
139, 103
139, 121
139, 143
139, 153
139, 157
139, 159
139, 161
139, 170
139, 173
139, 193
139, 216
139, 228
139, 233
139, 240
139, 249
139, 292
140, 41
140, 44
140, 53
140, 58
140, 78
140, 88
140, 103
140, 121
140, 133
140, 143
140, 153
140, 159
140, 161
140, 173
140, 193
140, 214
140, 216
140, 228
140, 240
140, 249
140, 297
147, 18
151, 1
151, 5
151, 40
151, 108
151, 138
151, 184
151, 187
151, 194
151, 237
151, 238
151, 243
151, 245
151, 278
151, 303
151, 307
151, 321
151, 339
151, 343
151, 345
151, 400
151, 423
154, 394
156, 4
156, 16
156, 54
156, 57
156, 59
156, 62
156, 66
156, 77
156, 79
156, 82
156, 84
156, 144
156, 145
156, 169
156, 174
156, 180
156, 182
156, 183
156, 224
156, 258
156, 271
162, 166
163, 41
163, 44
163, 53
163, 58
163, 78
163, 88
163, 103
163, 121
163, 133
163, 143
163, 153
163, 159
163, 161
163, 173
163, 193
163, 214
163, 216
163, 228
163, 240
163, 249
163, 297
165, 60
165, 74
165, 100
165, 148
165, 158
165, 192
165, 199
165, 255
165, 293
165, 334
165, 357
165, 435
165, 438
168, 97
168, 108
168, 115
168, 136
168, 138
168, 141
168, 164
168, 172
168, 187
168, 194
168, 237
168, 245
168, 307
168, 339
168, 400
168, 423
168, 460
171, 49
175, 41
175, 44
175, 53
175, 58
175, 78
175, 88
175, 103
175, 121
175, 133
175, 143
175, 153
175, 159
175, 161
175, 173
175, 193
175, 214
175, 216
175, 228
175, 240
175, 249
175, 297
176, 1
176, 5
176, 50
176, 184
176, 204
176, 210
176, 213
176, 237
176, 238
176, 243
176, 245
176, 278
176, 303
176, 307
176, 343
176, 345
176, 396
176, 423
176, 445
176, 467
176, 469
178, 289
178, 351
178, 359
179, 17
179, 41
179, 44
179, 53
179, 58
179, 78
179, 88
179, 103
179, 121
179, 133
179, 143
179, 153
179, 159
179, 161
179, 173
179, 193
179, 214
179, 216
179, 228
179, 240
179, 249
185, 18
186, 1
186, 2
186, 4
186, 5
186, 6
186, 11
186, 13
186, 15
186, 16
186, 17
186, 20
186, 21
186, 27
186, 40
186, 41
186, 43
186, 44
186, 45
186, 50
186, 51
186, 52
191, 60
191, 74
191, 100
191, 148
191, 158
191, 192
191, 255
191, 334
191, 357
191, 435
191, 438
195, 1
195, 5
195, 40
195, 50
195, 108
195, 184
195, 187
195, 194
195, 210
195, 213
195, 237
195, 238
195, 243
195, 245
195, 278
195, 303
195, 307
195, 321
195, 339
195, 343
195, 345
196, 1
196, 2
196, 5
196, 6
196, 20
196, 21
196, 27
196, 40
196, 50
196, 64
196, 78
196, 86
196, 88
196, 103
196, 105
196, 108
196, 115
196, 121
196, 124
196, 136
196, 138
197, 49
197, 203
197, 336
197, 428
198, 41
198, 44
198, 53
198, 58
198, 121
198, 133
198, 143
198, 153
198, 159
198, 161
198, 173
198, 193
198, 214
198, 216
198, 228
198, 240
198, 249
198, 297
198, 311
198, 354
198, 361
200, 41
200, 44
200, 53
200, 58
200, 121
200, 133
200, 143
200, 153
200, 159
200, 161
200, 173
200, 193
200, 214
200, 216
200, 228
200, 240
200, 249
200, 297
200, 311
200, 354
200, 361
201, 1
201, 2
201, 4
201, 5
201, 6
201, 13
201, 20
201, 21
201, 27
201, 40
201, 41
201, 50
201, 52
201, 53
201, 58
201, 59
201, 64
201, 93
201, 97
201, 105
201, 108
205, 18
206, 11
206, 45
206, 58
206, 90
206, 121
206, 170
206, 193
206, 216
206, 228
206, 240
206, 248
206, 249
206, 292
206, 297
206, 354
206, 361
206, 380
206, 381
206, 416
206, 471
207, 4
207, 16
207, 19
207, 54
207, 55
207, 57
207, 59
207, 62
207, 66
207, 69
207, 77
207, 79
207, 80
207, 82
207, 84
207, 113
207, 114
207, 142
207, 144
207, 145
207, 146
217, 4
217, 16
217, 19
217, 54
217, 55
217, 57
217, 59
217, 62
217, 66
217, 69
217, 77
217, 79
217, 80
217, 82
217, 84
217, 114
217, 144
217, 145
217, 155
217, 167
217, 169
219, 55
219, 80
219, 114
219, 155
219, 167
219, 177
219, 299
219, 365
219, 374
219, 421
219, 451
219, 457
219, 463
220, 1
220, 5
220, 40
220, 50
220, 184
220, 187
220, 204
220, 210
220, 213
220, 237
220, 238
220, 243
220, 245
220, 278
220, 303
220, 307
220, 343
220, 345
220, 396
220, 423
220, 445
221, 53
221, 121
221, 133
221, 214
221, 249
221, 297
221, 311
221, 354
221, 361
221, 380
221, 381
221, 387
221, 416
221, 453
221, 468
222, 55
222, 80
222, 155
222, 167
222, 299
222, 374
222, 421
222, 451
222, 457
222, 463
223, 13
223, 19
223, 52
223, 54
223, 55
223, 57
223, 59
223, 65
223, 69
223, 72
223, 77
223, 79
223, 80
223, 82
223, 84
223, 113
223, 114
223, 120
223, 142
223, 144
223, 145
225, 166
226, 1
226, 5
226, 10
226, 13
226, 15
226, 21
226, 40
226, 43
226, 50
226, 51
226, 52
226, 54
226, 57
226, 59
226, 60
226, 64
226, 74
226, 86
226, 93
226, 97
226, 99
227, 20
227, 27
227, 64
227, 209
227, 233
227, 262
227, 286
227, 289
227, 294
227, 296
227, 302
227, 351
227, 359
227, 368
227, 429
227, 430
227, 458
227, 477
230, 285
230, 297
230, 354
230, 361
230, 381
230, 452
231, 53
231, 133
231, 214
231, 297
231, 311
231, 354
231, 361
231, 380
231, 381
231, 387
231, 416
231, 453
231, 468
234, 53
234, 133
234, 214
234, 311
234, 354
234, 361
234, 380
234, 381
234, 387
234, 416
234, 453
234, 468
235, 4
235, 16
235, 54
235, 57
235, 59
235, 62
235, 66
235, 125
235, 145
235, 169
235, 180
235, 182
235, 183
235, 224
235, 258
235, 261
235, 271
235, 273
235, 372
235, 377
235, 395
239, 15
239, 60
239, 74
239, 99
239, 100
239, 110
239, 128
239, 148
239, 158
239, 192
239, 199
239, 246
239, 255
239, 293
239, 333
239, 334
239, 357
239, 390
239, 415
239, 435
239, 438
242, 20
242, 27
242, 64
242, 133
242, 214
242, 233
242, 262
242, 286
242, 294
242, 296
242, 311
242, 354
242, 361
242, 368
242, 380
242, 381
242, 387
242, 416
242, 429
242, 430
242, 453
247, 285
251, 133
251, 311
251, 354
251, 361
251, 380
251, 381
251, 387
251, 416
251, 453
251, 468
254, 13
254, 19
254, 52
254, 55
254, 59
254, 65
254, 69
254, 72
254, 77
254, 79
254, 80
254, 82
254, 84
254, 113
254, 114
254, 120
254, 125
254, 142
254, 144
254, 146
254, 155
256, 97
256, 108
256, 110
256, 115
256, 136
256, 138
256, 141
256, 164
256, 172
256, 187
256, 194
256, 237
256, 245
256, 307
256, 339
256, 385
256, 423
256, 442
256, 460
259, 10
263, 15
263, 99
263, 128
263, 148
263, 199
263, 255
263, 333
263, 415
263, 438
263, 441
263, 462
266, 311
266, 354
266, 361
266, 380
266, 381
266, 387
266, 416
266, 453
266, 468
267, 166
268, 15
268, 60
268, 74
268, 99
268, 100
268, 110
268, 128
268, 148
268, 158
268, 192
268, 199
268, 246
268, 255
268, 293
268, 334
268, 357
268, 390
268, 435
268, 438
268, 441
268, 442
269, 10
269, 236
270, 289
270, 294
270, 351
270, 359
272, 311
272, 354
272, 361
272, 380
272, 381
272, 387
272, 416
272, 453
272, 468
274, 289
274, 351
274, 359
276, 18
277, 1
277, 5
277, 40
277, 50
277, 184
277, 187
277, 204
277, 210
277, 213
277, 237
277, 238
277, 243
277, 245
277, 278
277, 303
277, 307
277, 343
277, 345
277, 396
277, 423
277, 445
279, 50
279, 64
279, 204
279, 209
279, 238
279, 278
279, 296
279, 302
279, 364
279, 396
279, 429
279, 472
281, 311
281, 354
281, 361
281, 380
281, 381
281, 387
281, 416
281, 453
281, 468
282, 311
282, 354
282, 361
282, 380
282, 381
282, 387
282, 416
282, 453
282, 468
283, 10
283, 33
283, 107
283, 233
283, 236
283, 294
283, 361
283, 381
287, 311
287, 354
287, 361
287, 363
287, 380
287, 381
287, 387
287, 416
287, 453
287, 468
290, 2
290, 4
290, 16
290, 19
290, 20
290, 27
290, 50
290, 54
290, 57
290, 59
290, 62
290, 64
290, 66
290, 77
290, 79
290, 82
290, 84
290, 125
290, 144
290, 145
290, 169
291, 166
295, 311
295, 354
295, 361
295, 380
295, 381
295, 387
295, 416
295, 453
295, 468
298, 233
298, 286
298, 289
298, 294
298, 351
298, 359
298, 368
298, 429
300, 3
300, 18
300, 59
300, 182
300, 265
300, 308
301, 311
301, 354
301, 361
301, 380
301, 381
301, 387
301, 416
301, 453
301, 468
305, 49
305, 203
305, 428
306, 166
309, 10
309, 11
309, 17
309, 33
309, 45
309, 77
309, 79
309, 82
309, 84
309, 86
309, 90
309, 107
309, 124
309, 144
309, 152
309, 157
309, 170
309, 174
309, 188
309, 211
309, 236
312, 12
312, 48
312, 59
312, 67
312, 182
312, 215
312, 244
312, 325
312, 394
313, 60
313, 74
313, 97
313, 100
313, 104
313, 108
313, 110
313, 115
313, 119
313, 136
313, 138
313, 141
313, 148
313, 158
313, 164
313, 172
313, 187
313, 192
313, 194
313, 199
313, 237
314, 2
314, 6
314, 13
314, 15
314, 20
314, 21
314, 27
314, 40
314, 52
314, 54
314, 55
314, 57
314, 59
314, 60
314, 62
314, 64
314, 65
314, 72
314, 74
314, 80
314, 82
316, 311
316, 354
316, 361
316, 380
316, 381
316, 387
316, 416
316, 453
316, 468
319, 20
319, 27
319, 64
319, 209
319, 233
319, 262
319, 286
319, 289
319, 294
319, 296
319, 302
319, 351
319, 359
319, 368
319, 429
319, 430
319, 458
319, 477
322, 311
322, 354
322, 361
322, 380
322, 381
322, 387
322, 416
322, 453
322, 468
323, 12
323, 48
323, 59
323, 67
323, 182
323, 215
323, 244
323, 325
323, 394
324, 18
326, 15
326, 60
326, 74
326, 99
326, 100
326, 104
326, 110
326, 128
326, 148
326, 158
326, 192
326, 199
326, 246
326, 255
326, 293
326, 310
326, 333
326, 334
326, 348
326, 357
326, 390
327, 43
327, 99
327, 150
327, 189
327, 333
327, 350
327, 386
327, 415
327, 441
327, 462
329, 45
329, 170
329, 292
329, 381
329, 479
330, 311
330, 354
330, 380
330, 381
330, 387
330, 416
330, 453
330, 468
331, 311
331, 380
331, 387
331, 416
331, 453
331, 468
332, 3
332, 12
332, 48
332, 215
332, 265
332, 308
332, 394
335, 4
335, 16
335, 54
335, 57
335, 59
335, 62
335, 66
335, 125
335, 145
335, 169
335, 180
335, 182
335, 183
335, 224
335, 258
335, 261
335, 271
335, 273
335, 372
335, 377
335, 395
337, 311
337, 380
337, 387
337, 416
337, 453
337, 468
340, 233
340, 289
340, 294
340, 351
340, 359
341, 2
341, 20
341, 27
341, 64
341, 204
341, 209
341, 213
341, 233
341, 238
341, 262
341, 278
341, 286
341, 294
341, 296
341, 302
341, 364
341, 368
341, 396
341, 429
341, 430
341, 458
344, 311
344, 380
344, 387
344, 416
344, 453
344, 468
346, 7
346, 43
346, 46
346, 51
346, 150
346, 189
346, 190
346, 333
346, 350
346, 386
346, 415
346, 437
346, 448
346, 461
346, 462
346, 470
349, 311
349, 380
349, 387
349, 416
349, 453
349, 468
353, 20
353, 27
353, 64
353, 149
353, 233
353, 262
353, 286
353, 289
353, 294
353, 296
353, 359
353, 368
353, 382
353, 429
353, 430
353, 458
353, 477
355, 4
355, 13
355, 19
355, 52
355, 55
355, 65
355, 69
355, 72
355, 77
355, 79
355, 80
355, 82
355, 84
355, 113
355, 114
355, 120
355, 125
355, 142
355, 144
355, 146
355, 155
356, 380
356, 387
356, 416
356, 453
356, 468
358, 27
358, 233
358, 286
358, 289
358, 294
358, 296
358, 351
358, 359
358, 368
358, 429
358, 430
358, 477
360, 86
360, 124
360, 211
360, 241
360, 275
362, 18
367, 289
367, 351
367, 359
369, 13
369, 19
369, 52
369, 54
369, 55
369, 57
369, 59
369, 65
369, 69
369, 72
369, 77
369, 79
369, 80
369, 82
369, 84
369, 113
369, 114
369, 120
369, 142
369, 144
369, 146
370, 289
370, 351
370, 359
371, 387
371, 453
371, 468
373, 289
373, 351
373, 359
375, 2
375, 4
375, 13
375, 52
375, 55
375, 64
375, 80
375, 84
375, 105
375, 113
375, 114
375, 120
375, 125
375, 142
375, 144
375, 146
375, 155
375, 160
375, 167
375, 174
375, 177
378, 468
379, 10
379, 33
379, 107
379, 233
379, 236
379, 286
379, 294
379, 296
379, 368
379, 429
379, 430
388, 233
388, 289
388, 294
388, 351
388, 359
391, 289
391, 351
391, 359
393, 4
393, 13
393, 52
393, 55
393, 66
393, 80
393, 113
393, 114
393, 120
393, 125
393, 142
393, 146
393, 160
393, 177
393, 202
393, 208
393, 218
393, 232
393, 233
393, 253
393, 260
397, 15
397, 60
397, 74
397, 99
397, 100
397, 128
397, 148
397, 158
397, 192
397, 199
397, 255
397, 293
397, 333
397, 334
397, 357
397, 415
397, 435
397, 438
397, 441
397, 462
398, 7
398, 12
398, 13
398, 16
398, 38
398, 43
398, 46
398, 48
398, 49
398, 51
398, 52
398, 55
398, 62
398, 66
398, 73
398, 75
398, 80
398, 99
398, 113
398, 114
398, 120
401, 2
401, 6
401, 7
401, 15
401, 21
401, 38
401, 40
401, 43
401, 46
401, 49
401, 51
401, 60
401, 64
401, 73
401, 74
401, 75
401, 93
401, 97
401, 99
401, 100
401, 104
402, 2
402, 6
402, 7
402, 15
402, 21
402, 38
402, 40
402, 43
402, 46
402, 49
402, 51
402, 60
402, 73
402, 74
402, 75
402, 93
402, 97
402, 99
402, 100
402, 104
402, 105
403, 4
403, 16
403, 19
403, 54
403, 55
403, 57
403, 59
403, 62
403, 66
403, 69
403, 77
403, 79
403, 80
403, 82
403, 84
403, 113
403, 114
403, 142
403, 144
403, 145
403, 146
404, 2
404, 6
404, 7
404, 15
404, 21
404, 38
404, 40
404, 43
404, 46
404, 49
404, 51
404, 60
404, 73
404, 74
404, 75
404, 93
404, 97
404, 99
404, 100
404, 104
404, 105
406, 7
406, 15
406, 43
406, 46
406, 49
406, 51
406, 54
406, 59
406, 75
406, 99
406, 128
406, 148
406, 150
406, 182
406, 189
406, 190
406, 199
406, 203
406, 250
406, 255
406, 333
408, 7
408, 10
408, 11
408, 12
408, 15
408, 16
408, 17
408, 19
408, 33
408, 38
408, 43
408, 45
408, 46
408, 48
408, 49
408, 51
408, 55
408, 60
408, 69
408, 73
408, 74
409, 11
409, 45
409, 90
409, 157
409, 170
409, 204
409, 209
409, 233
409, 248
409, 262
409, 285
409, 286
409, 292
409, 294
409, 296
409, 302
409, 364
409, 368
409, 396
409, 429
409, 430
410, 12
410, 48
410, 67
410, 182
410, 215
410, 244
410, 325
410, 394
411, 3
411, 12
411, 48
411, 215
411, 265
411, 308
411, 394
414, 54
414, 271
419, 6
419, 21
419, 86
419, 105
419, 124
419, 181
419, 184
419, 187
419, 204
419, 209
419, 210
419, 211
419, 213
419, 233
419, 237
419, 238
419, 241
419, 243
419, 245
419, 262
419, 278
420, 285
420, 452
424, 86
424, 124
424, 211
424, 241
424, 275
424, 376
425, 82
425, 288
426, 14
426, 77
431, 6
431, 11
431, 21
431, 33
431, 45
431, 90
431, 93
431, 97
431, 105
431, 107
431, 108
431, 110
431, 115
431, 119
431, 136
431, 138
431, 141
431, 152
431, 157
431, 164
431, 170
432, 289
432, 351
432, 359
434, 4
434, 13
434, 19
434, 52
434, 55
434, 65
434, 66
434, 69
434, 72
434, 77
434, 79
434, 80
434, 82
434, 84
434, 113
434, 114
434, 120
434, 125
434, 142
434, 144
434, 146
436, 6
436, 7
436, 21
436, 38
436, 43
436, 46
436, 49
436, 51
436, 73
436, 74
436, 75
436, 93
436, 97
436, 99
436, 100
436, 104
436, 105
436, 108
436, 110
436, 115
436, 119
443, 289
443, 351
443, 359
444, 233
444, 289
444, 294
444, 351
444, 359
450, 10
450, 19
450, 77
450, 79
450, 82
450, 84
450, 86
450, 124
450, 144
450, 167
450, 174
450, 188
450, 211
450, 241
450, 284
450, 288
450, 317
450, 342
450, 347
450, 376
450, 405
456, 3
456, 6
456, 7
456, 8
456, 12
456, 18
456, 38
456, 43
456, 46
456, 48
456, 49
456, 51
456, 73
456, 75
456, 93
456, 97
456, 99
456, 100
456, 104
456, 105
456, 108
464, 108
464, 184
464, 187
464, 194
464, 237
464, 238
464, 243
464, 245
464, 278
464, 303
464, 307
464, 321
464, 339
464, 343
464, 345
464, 400
464, 423
464, 445
464, 460
464, 467
464, 469
465, 13
465, 16
465, 52
465, 55
465, 80
465, 113
465, 114
465, 120
465, 142
465, 146
465, 160
465, 177
465, 180
465, 202
465, 208
465, 218
465, 232
465, 253
465, 260
465, 261
465, 273
466, 233
466, 294
466, 351
473, 3
473, 4
473, 16
473, 19
473, 62
473, 66
473, 69
473, 72
473, 77
473, 79
473, 80
473, 82
473, 84
473, 93
473, 97
473, 99
473, 100
473, 104
473, 105
473, 108
473, 110
475, 13
475, 19
475, 52
475, 54
475, 57
475, 65
475, 69
475, 72
475, 77
475, 79
475, 80
475, 82
475, 84
475, 113
475, 114
475, 120
475, 125
475, 142
475, 144
475, 146
475, 155
476, 18
end