80
4
0, 0.1712696024475635, 0.4596119929840877
1, 0.527969355834676, 0.33889245390211964
2, 0.49670826183626027, 0.7869934299880108
3, 0.7067713069587753, 0.7612252843746847
4, 0.6093215047942818, 0.3275482973398228
5, 0.9734163684806603, 0.6539523939548686
6, 0.9491581187400706, 0.06093662332027028
7, 0.2764840200563433, 0.41126470632606016
8, 0.35171528642778693, 0.030951434057721383
9, 0.5974203925152578, 0.8967616673687216
10, 0.0749023077698927, 0.12051346544697072
11, 0.7934412135481859, 0.8508968168978505
12, 0.3927607907083731, 0.9516794694564483
13, 0.9085360960827057, 0.03083440217294764
14, 0.07775172497704086, 0.716292386277442
15, 0.7188233531207266, 0.7822138444628789
16, 0.43684315366642956, 0.9407187307050651
17, 0.853246338673192, 0.1426570222575645
18, 0.6824743716276599, 0.5408319437051088
19, 0.1929976946511548, 0.31393104054904575
20, 0.7300242517671296, 0.45804219650737366
21, 0.9476183610916388, 0.45707771829589494
22, 0.03402883582758198, 0.638475390142997
23, 0.8386998551884671, 0.6200436849383903
24, 0.47808930377208014, 0.3725006054072949
25, 0.21798418622838356, 0.8414117310507815
26, 0.2427754079045371, 0.7718145396657452
27, 0.6280198514163633, 0.9373214088404878
28, 0.9645010756429702, 0.09075320851751045
29, 0.7002612067190184, 0.2948334852923469
30, 0.5592380101313172, 0.052421675958567615
31, 0.5977066624403423, 0.850244949934759
32, 0.8491405865640395, 0.5395610802516076
33, 0.7550582087156409, 0.6243969232355727
34, 0.5299404905382814, 0.7904671508000828
35, 0.2612032724986607, 0.09361306875050268
36, 0.3192230704990524, 0.21957473226715862
37, 0.2680270767227959, 0.8075744181286774
38, 0.23249507940450376, 0.2909054926315663
39, 0.4948308896349164, 0.4613349544538162
40, 0.2644237812087318, 0.12693276214716698
41, 0.9090398717282538, 0.7876870990010028
42, 0.5761838843877177, 0.5259048961414291
43, 0.14380016956117125, 0.4797371237183119
44, 0.7660741004034737, 0.1733405441483704
45, 0.3761632443159222, 0.04711793316030366
46, 0.8225149084675992, 0.9986119009497936
47, 0.7531690907915858, 0.4475885507856052
48, 0.9000460115249087, 0.2011467110444305
49, 0.15892182279391598, 0.057397393056616064
50, 0.26784806302337827, 0.08124958497827162
51, 0.7711648872672983, 0.15164907682100737
52, 0.8855929130657322, 0.9078223402460369
53, 0.777296583912915, 0.6636892509353797
54, 0.9999067554085911, 0.7875182208868922
55, 0.5544861016886631, 0.06314111696448343
56, 0.3842383450701008, 0.5604478116579424
57, 0.0438788937952721, 0.5215929426347488
58, 0.546543722381479, 0.20626232827569702
59, 0.20438875826912084, 0.3834746059768033
60, 0.5024394833042227, 0.07108560842846079
61, 0.21283849458155157, 0.5887289284921999
62, 0.815041153204553, 0.8263975567163885
63, 0.45428076554450936, 0.9101960170574483
64, 0.5688555815015152, 0.34922624338283204
65, 0.9206276363110129, 0.8124044269381938
66, 0.6761553749966447, 0.2281895153125132
67, 0.25558318041031347, 0.06630547365608341
68, 0.019355310405751003, 0.23614017928750253
69, 0.050328914506957534, 0.27862523084170876
70, 0.0012306692924545226, 0.07100466403822625
71, 0.2957383397436042, 0.3760546977257079
72, 0.1066158230598312, 0.9930515443298844
73, 0.23103920321477933, 0.2785622120305161
74, 0.35729553087235866, 0.5944550251448864
75, 0.99811817685149, 0.6718802135428743
76, 0.08570986842176154, 0.23310354098616004
77, 0.30695564478081583, 0.08077199900628096
78, 0.3330357115643434, 0.6248820287836873
79, 0.5327428217249978, 0.37293094041875385
end_nodes
0, 1
0, 2
0, 3
0, 4
0, 5
0, 6
0, 7
0, 8
9, 1
9, 2
9, 3
9, 4
9, 5
9, 6
9, 7
9, 8
10, 27
12, 1
12, 2
12, 3
12, 4
12, 5
12, 6
12, 7
12, 8
14, 1
14, 2
14, 3
14, 4
14, 5
14, 6
14, 7
14, 8
16, 1
16, 2
16, 3
16, 4
16, 5
16, 6
16, 7
16, 8
19, 27
22, 1
22, 2
22, 3
22, 4
22, 5
22, 6
22, 7
22, 8
25, 1
25, 2
25, 3
25, 4
25, 5
25, 6
25, 7
25, 8
26, 1
26, 2
26, 3
26, 4
26, 5
26, 6
26, 7
26, 8
37, 11
37, 13
37, 15
37, 17
37, 18
37, 20
37, 21
37, 23
43, 11
43, 13
43, 15
43, 17
43, 18
43, 20
43, 21
43, 23
57, 11
57, 13
57, 15
57, 17
57, 18
57, 20
57, 21
57, 23
59, 27
61, 11
61, 13
61, 15
61, 17
61, 18
61, 20
61, 21
61, 23
63, 11
63, 13
63, 15
63, 17
63, 18
63, 20
63, 21
63, 23
68, 27
69, 27
70, 27
72, 11
72, 13
72, 15
72, 17
72, 18
72, 20
72, 21
72, 23
74, 27
76, 27
78, 11
78, 13
78, 15
78, 17
78, 18
78, 20
78, 21
78, 23
end