540
4
0, 0.37071443293613837, 0.7648523726959228
1, 0.3424181134600749, 0.725306292625663
2, 0.5347085050997592, 0.8681395628967846
3, 0.8138593287443754, 0.5813159138128414
4, 0.5340563981893888, 0.596969286075913
5, 0.5710727225103683, 0.48233886786023117
6, 0.3363510197828963, 0.10544422467515335
7, 0.5841408282478855, 0.6692604080057569
8, 0.3492137908490903, 0.9808817733795082
9, 0.49181679655209853, 0.9234586776620564
10, 0.6011267644569271, 0.20333870202894977
11, 0.8083913722947269, 0.4521678269723485
12, 0.7064103013882084, 0.6392384374909051
13, 0.6875450230958194, 0.6647072281324075
14, 0.7760010494046242, 0.7136845276066103
15, 0.7111019307974557, 0.9151093661349985
16, 0.8428671591646568, 0.3397977587980707
17, 0.32136155195776794, 0.10760988751160228
18, 0.32848138190096765, 0.8604764301689137
19, 0.9393963141284061, 0.26207663987708163
20, 0.16248892534433357, 0.1802238876373926
21, 0.7138912561025812, 0.8915645765503267
22, 0.5864731135899196, 0.3939834347723312
23, 0.8495625638487497, 0.8152583897068658
24, 0.8648088235827909, 0.43116495529566157
25, 0.3389814821741406, 0.10031386101930595
26, 0.3605713652433401, 0.25530989741042986
27, 0.8380928350486959, 0.4093453815654823
28, 0.12744981591416826, 0.14438617327936065
29, 0.2007493347206506, 0.8454617209015659
30, 0.8493012454628106, 0.40590377317129767
31, 0.1320159493033063, 0.7433053214892206
32, 0.7194791548626093, 0.5591276825553434
33, 0.9222645752241819, 0.6933550300037592
34, 0.36097770024519815, 0.15160085441791293
35, 0.5309745668404461, 0.862417088754411
36, 0.4534126703097924, 0.856681157146075
37, 0.45981177512631266, 0.2559561140331763
38, 0.8969337498934419, 0.37032748454542885
39, 0.023790007943187863, 0.3286312430364079
40, 0.9308099751363366, 0.36205024252916773
41, 0.8676963066543855, 0.1573723133967565
42, 0.9432306831641305, 0.9408392747981247
43, 0.7787283318998576, 0.440453759119972
44, 0.30269738863446405, 0.034429226905620225
45, 0.6502429091552687, 0.1818513368954242
46, 0.8893330285050949, 0.4996076921765169
47, 0.6786103293476928, 0.777173595075682
48, 0.20086372271660713, 0.8586800680241957
49, 0.23866867720002416, 0.10598950604308088
50, 0.17996812051173416, 0.6831731673489817
51, 0.1520855403529039, 0.2727649356440952
52, 0.29620612632150034, 0.6590413153469862
53, 0.5441653755773163, 0.20693263073638557
54, 0.8052935430775663, 0.8180804918735785
55, 0.2583724065538425, 0.5688743325677308
56, 0.60446697913104, 0.38725235610690456
57, 0.48216826123348777, 0.4439880968080384
58, 0.6416053238039209, 0.3378085302323093
59, 0.3948933323703394, 0.30543329623976223
60, 0.8498921994757062, 0.6072672271022568
61, 0.47990731312822854, 0.36143359851000634
62, 0.3168869898147185, 0.8487027650062922
63, 0.5262192530130441, 0.018036532753348156
64, 0.8093128800505566, 0.665461053894703
65, 0.14529346826590206, 0.40268778745372413
66, 0.18720653383439434, 0.848877735429178
67, 0.06559217224182567, 0.3274956743843285
68, 0.44770119732720026, 0.31679145060274516
69, 0.3342397825796505, 0.395364251862503
70, 0.7280453365165083, 0.6960573600088172
71, 0.5241432060949913, 0.6695121892493652
72, 0.5151163720485181, 0.6513192054297784
73, 0.2714715114205358, 0.7679046558105522
74, 0.3343360707994346, 0.6760059122679055
75, 0.22498500470202298, 0.7415926466586401
76, 0.3059566332211896, 0.02079739412396897
77, 0.5511770505119756, 0.4832103162894813
78, 0.12546291950324606, 0.5958348999831283
79, 0.1435470275193591, 0.4576640135849186
80, 0.4515318795149176, 0.1270500625474843
81, 0.9373461495824973, 0.08420124964257214
82, 0.3004549537727418, 0.4644088570364203
83, 0.8397008103257401, 0.33085399466085275
84, 0.643307254013342, 0.6163634989706481
85, 0.28551823146194966, 0.14074888186739554
86, 0.3663018834825331, 0.3940111401096741
87, 0.5517924031162753, 0.5358603200816652
88, 0.2907387625870882, 0.7418065608463417
89, 0.49800729451381764, 0.5393283723966226
90, 0.37942262024996454, 0.5681979241404521
91, 0.9267408969542826, 0.4250586795156861
92, 0.0592937207263281, 0.3762425954773333
93, 0.09519912727046698, 0.5138715494837458
94, 0.612982013986306, 0.9773436746415101
95, 0.12390668575964514, 0.6274537126074796
96, 0.9950062487633183, 0.4138850021426824
97, 0.6271587549886084, 0.5247891518601492
98, 0.09544225851871302, 0.16921893599124382
99, 0.7468336068417909, 0.09235757165808067
100, 0.39949013738235484, 0.498330760613392
101, 0.5254031772745009, 0.8197767270256631
102, 0.5706869467455539, 0.3548178129555525
103, 0.7762340104912684, 0.1334689960128974
104, 0.111927625231528, 0.01915572258342524
105, 0.33056391301996724, 0.3946310104786792
106, 0.2561983685860143, 0.25679886269807983
107, 0.49361512784128236, 0.4986593091103244
108, 0.18914537619374028, 0.7181310129223746
109, 0.7353000569531495, 0.7685757702411515
110, 0.3025310765272843, 0.3734741704855905
111, 0.05825227591380644, 0.6298543870290206
112, 0.8638650558054568, 0.6587284086346349
113, 0.70917179415965, 0.20795724484694422
114, 0.37419249664060994, 0.4817011097155687
115, 0.09431493359624599, 0.30180756793636354
116, 0.761715100459259, 0.3901571563192161
117, 0.8205432993842133, 0.18040097340465455
118, 0.5254092051664097, 0.25751589423724675
119, 0.368942880455288, 0.3369507116534435
120, 0.6846481659630737, 0.27389394269416434
121, 0.2515459749462201, 0.623662972307787
122, 0.5096959137244628, 0.08778421740444076
123, 0.06842606215724323, 0.9411384757348839
124, 0.9715922273948561, 0.7945880759753882
125, 0.6985013036318902, 0.2971282465245306
126, 0.6466537587078459, 0.8263496206184509
127, 0.48243304767495054, 0.46848726607399116
128, 0.08787623431903857, 0.3599026466462447
129, 0.3238340801202264, 0.9009184710166674
130, 0.10223498344402748, 0.1967191633990545
131, 0.3741530229547154, 0.3742362628554903
132, 0.8713379344970591, 0.5106698773873191
133, 0.40365780316827393, 0.28021938255698586
134, 0.048715177828259515, 0.8485225075387828
135, 0.5022953986664679, 0.3748792574517259
136, 0.18296688584261256, 0.30414234493312864
137, 0.8039530098015643, 0.6555189065921558
138, 0.5423273326383725, 0.21907899098638162
139, 0.7198415645998261, 0.23800950694316347
140, 0.7433043806818618, 0.10190454098090451
141, 0.5401155180955465, 0.8138688837591725
142, 0.3543750779586562, 0.19719305227299888
143, 0.49084091821510323, 0.7692924606136311
144, 0.15602146160628105, 0.2866326828120327
145, 0.854747519385904, 0.7770214143574772
146, 0.30877682068869117, 0.9821960112075449
147, 0.6361639502117843, 0.4962222655838422
148, 0.24086780690643117, 0.5933040324396429
149, 0.5168138264916371, 0.3937884436420208
150, 0.6607017193482633, 0.42273512192402807
151, 0.41433180347971554, 0.2738872179157289
152, 0.9455608612889883, 0.6503368263182742
153, 0.7129741245302155, 0.9768581788398097
154, 0.30411539930723097, 0.8325871796893888
155, 0.40639801297337885, 0.33111968823416893
156, 0.405661422496296, 0.8757606794516511
157, 0.07450229395651387, 0.32084600875028524
158, 0.4123077951980475, 0.13589061508587408
159, 0.8568204790673698, 0.6191938419192216
160, 0.1365242674020657, 0.950189933730562
161, 0.36299653981535485, 0.6992790496082707
162, 0.2647382998401868, 0.7381883812310827
163, 0.3573717034339312, 0.7740745705799431
164, 0.4686619301959184, 0.8573551742770801
165, 0.4398342715405411, 0.04262709026518463
166, 0.13202580309251133, 0.33083985838683794
167, 0.49914656700287285, 0.7275126110917599
168, 0.46356534590674536, 0.06988350112138386
169, 0.9399226540329733, 0.1142291821584438
170, 0.9420406369923428, 0.7764253856189572
171, 0.854680695211416, 0.8224726957331884
172, 0.9560745724272406, 0.9971392324394303
173, 0.06296217676908022, 0.4722449673072634
174, 0.9351984163638123, 0.3277023700434166
175, 0.9796741709817784, 0.21114485468377542
176, 0.45792179657726384, 0.26844112105119156
177, 0.8090147807950895, 0.4583632942674868
178, 0.6622436755374923, 0.8668234575116913
179, 0.10955262442684732, 0.4772694854459356
180, 0.477561699201809, 0.4652376107781898
181, 0.5546153137671255, 0.9090720303025998
182, 0.013721745243156058, 0.5191967689854574
183, 0.5964234089019202, 0.7755239937827425
184, 0.14690187611512562, 0.1781514700134199
185, 0.28493011275677094, 0.033009572227900685
186, 0.22433197291604356, 0.1562132669542955
187, 0.17506012076542576, 0.9878830370034952
188, 0.6966130208302749, 0.9352564311061756
189, 0.8280046835328545, 0.2803827943354166
190, 0.686294953750069, 0.5981343264031639
191, 0.88477347305658, 0.6951595209225817
192, 0.9425320584227387, 0.15975161555277773
193, 0.6277825857327158, 0.016933371582956935
194, 0.2170601261865025, 0.5790301951457424
195, 0.2377142577408965, 0.15541735213355867
196, 0.9241728186282624, 0.2863124835708025
197, 0.6402520868082047, 0.6960675174337682
198, 0.8044866796015678, 0.997599612931237
199, 0.3878887657664831, 0.22064504621585046
200, 0.8500042191202833, 0.7222320156015728
201, 0.9117643825518346, 0.30690098437944613
202, 0.3000812085430814, 0.8680372713296325
203, 0.30192893701572077, 0.28574081406038687
204, 0.013271048022800325, 0.9631761988213031
205, 0.4100211125970685, 0.46884111128471107
206, 0.9774290884218461, 0.5622423075653841
207, 0.2106475332672112, 0.8645908110653012
208, 0.02091105529212789, 0.5152241296468374
209, 0.4806929278267428, 0.31175429141117883
210, 0.1675039927360058, 0.8414725938398891
211, 0.5263125030878615, 0.1640476699022706
212, 0.8346981828667616, 0.8805795298060679
213, 0.892534977828013, 0.2200633151198027
214, 0.5111289083130099, 0.23501286527656884
215, 0.18846505031380367, 0.7174880461425828
216, 0.06898898868951808, 0.06023115291034353
217, 0.2438008053633426, 0.791477293941652
218, 0.07374336561744821, 0.6955803898952659
219, 0.5500951391374587, 0.4444341760110856
220, 0.216428913740923, 0.11843265728077645
221, 0.28078011105640477, 0.9785640775210419
222, 0.3700051078485692, 0.5388366825235272
223, 0.7803257262785215, 0.012227692478171681
224, 0.7315429934184204, 0.7290584695386237
225, 0.5291957715965628, 0.5306169403908086
226, 0.24609330396955276, 0.4356124437436557
227, 0.05407527115931288, 0.05252578848830436
228, 0.27035751707929134, 0.7438286833054857
229, 0.3834815519907574, 0.137827924526554
230, 0.5449432552064294, 0.3062653840841787
231, 0.8764018250150605, 0.8205904111868968
232, 0.13705730736788901, 0.28693304398790787
233, 0.892482756303391, 0.8416371336261821
234, 0.44856317825441816, 0.9862113252759545
235, 0.8622016799761048, 0.09189463386403218
236, 0.22971146219648253, 0.8265845707897012
237, 0.9567234835766956, 0.5519180732011225
238, 0.12284655975311676, 0.14665803272556044
239, 0.8692554589283629, 0.5830951525908213
240, 0.054274036897902334, 0.9148275900705432
241, 0.5722126395290728, 0.3320638536923607
242, 0.4865051613295648, 0.8958185178860802
243, 0.139624304216298, 0.4547764340223036
244, 0.993773972896874, 0.8651712426199661
245, 0.20289866640470655, 0.37094918880879146
246, 0.3137253491419223, 0.39626779699860326
247, 0.057172035634278195, 0.9483632035833932
248, 0.10180080407919845, 0.6849909797419282
249, 0.17495928714739484, 0.24626801720721225
250, 0.024747642275919746, 0.21575195554461146
251, 0.9883782514692713, 0.7467808253104418
252, 0.5040767499656905, 0.5848805110332784
253, 0.08458360826840183, 0.19021772245440993
254, 0.951644507039793, 0.6862222025951817
255, 0.4770500910470481, 0.371907805031399
256, 0.09502462024296388, 0.7656009465324819
257, 0.6772793660401446, 0.8250418418890566
258, 0.806658321295821, 0.6212135780322403
259, 0.7303975959545258, 0.1728787698804618
260, 0.06046935862048164, 0.3367704237195883
261, 0.16530906861828198, 0.22306833707221907
262, 0.4312290897530924, 0.00818515699721778
263, 0.5124025466115654, 0.6273124717198642
264, 0.08799688985398502, 0.7616662863236742
265, 0.6793758456087788, 0.7741346212894673
266, 0.3478042965443372, 0.887655679700012
267, 0.31124172036336006, 0.974527715169541
268, 0.8143199864164421, 0.6286661434047079
269, 0.27886334685138814, 0.7991315505609048
270, 0.42049678172146077, 0.6087557781438687
271, 0.09633939102480082, 0.8169571100481828
272, 0.6485479121928184, 0.29417936566474134
273, 0.16853444821747443, 0.5461979488427535
274, 0.26589504963847155, 0.38579214119702443
275, 0.5614735296614931, 0.11811753350922838
276, 0.2705516311440709, 0.05830354093892476
277, 0.049124718046988036, 0.00202404051101579
278, 0.6420067030321523, 0.5224529686050084
279, 0.9026270519702398, 0.7460467687845556
280, 0.24778543308982892, 0.10376731735350275
281, 0.678232329852837, 0.015721453021252607
282, 0.10091914398418345, 0.20512318622025794
283, 0.2740394124840154, 0.2677269611492923
284, 0.01572638163051021, 0.5620578541955071
285, 0.4170474152635878, 0.6790530324817449
286, 0.6842657498041007, 0.8131566879694488
287, 0.07779956983367986, 0.21208299950652154
288, 0.6585245859418617, 0.17136628172118773
289, 0.9515505420078567, 0.6003079764241085
290, 0.9436915367659006, 0.2931977608480887
291, 0.3593597389914446, 0.5304230401813932
292, 0.45134837444624454, 0.11783166662946154
293, 0.11277281249491167, 0.7474485618345147
294, 0.06764071155340001, 0.2634927874946208
295, 0.7879617150702932, 0.4995078212752232
296, 0.07770886747758765, 0.7749176354866105
297, 0.010046261025299708, 0.5736370391780128
298, 0.633741186533077, 0.4444818606919
299, 0.9353408745477381, 0.8228425019931483
300, 0.3629916465934455, 0.8486685834325457
301, 0.848751239764159, 0.13928926255856833
302, 0.29414775410429406, 0.8591725902727575
303, 0.8505940625045018, 0.5771829329468045
304, 0.21084304565332757, 0.7908482544540586
305, 0.2271797864090328, 0.297747687595042
306, 0.6707663223366882, 0.10091634707406805
307, 0.9744652892933203, 0.5788560087754019
308, 0.956301983852078, 0.6707764741611393
309, 0.5940618180819458, 0.503765529177711
310, 0.6986195610386794, 0.5588602510580868
311, 0.783976057905964, 0.9940766716485342
312, 0.705878619354099, 0.34607123827486796
313, 0.42932243267184034, 0.6620146944584729
314, 0.7207778286324474, 0.3181430014077097
315, 0.5316995163820892, 0.4373314165624801
316, 0.853786941360393, 0.3004740079051512
317, 0.17133950301193202, 0.7927556033199669
318, 0.8198075778970004, 0.12599119328725783
319, 0.743473011785587, 0.31848731574817535
320, 0.057578331612541445, 0.3983277315075491
321, 0.328118251670819, 0.488352491181097
322, 0.5799585052371168, 0.17187990837242184
323, 0.8389556300620108, 0.590449434047447
324, 0.7842548313791998, 0.9384816616753342
325, 0.651693613809737, 0.47291389558234354
326, 0.21229305964444134, 0.32632728067613614
327, 0.9026272681245019, 0.44949532131919256
328, 0.48063271475393576, 0.5657764690339604
329, 0.07766696333426848, 0.7789726197081901
330, 0.9123489824436087, 0.24945704412629655
331, 0.810326555139012, 0.6355400706481635
332, 0.5550082181061797, 0.42237118331488965
333, 0.7543215833767974, 0.6881652927814489
334, 0.6143629189444019, 0.8607546633205774
335, 0.8245823692270655, 0.9401300604934328
336, 0.1652288599510564, 0.040485633609272265
337, 0.6067463382803078, 0.7136605397960463
338, 0.13125736408747357, 0.09320287290830165
339, 0.9077136286499972, 0.7757185737019943
340, 0.6576634115883181, 0.6583801787110242
341, 0.1576095793195088, 0.9423747622694245
342, 0.9474460605427695, 0.6129152239504428
343, 0.8778893737006502, 0.0026001023420041403
344, 0.5267049381485984, 0.6298975994666598
345, 0.5841294900234993, 0.6410993356570436
346, 0.22670641088379206, 0.34544746891150135
347, 0.939854398808441, 0.7022631962262836
348, 0.2783339689994, 0.15780290238789174
349, 0.6330351607113363, 0.5393633281660658
350, 0.06521689427460964, 0.9335112555363237
351, 0.49075613863416767, 0.6415420989760637
352, 0.13528683319879564, 0.8162386506053388
353, 0.1996374839367312, 0.49146678590904846
354, 0.2675469740112324, 0.06169980282461718
355, 0.34579995633546545, 0.9146695663378845
356, 0.5592539362694571, 0.3690832991308931
357, 0.32450643154668735, 0.6466442839062256
358, 0.5953911329873899, 0.3674946128120842
359, 0.07284361915375948, 0.7844621351751062
360, 0.17449327728127528, 0.3287783024545047
361, 0.06613585739615602, 0.7095409787216455
362, 0.2247657160415628, 0.5309105573946867
363, 0.20731816672083925, 0.8492881081636348
364, 0.9677890013682394, 0.7527470643835862
365, 0.11325931216329965, 0.5942310869825482
366, 0.032282132095668103, 0.3911463337501716
367, 0.6563545492444284, 0.0033844158890794507
368, 0.16977090720535848, 0.9360924526939404
369, 0.5755382410674925, 0.38762845998140916
370, 0.39986726865650846, 0.14171083226239023
371, 0.3072807385167744, 0.18932653389056942
372, 0.8530377824627833, 0.4806932823221731
373, 0.9092450433449175, 0.5264989620398548
374, 0.7707800903867633, 0.3952351235152486
375, 0.3359847412267515, 0.18704408385593252
376, 0.3494581725076197, 0.0833707482042263
377, 0.31512229398337677, 0.7127095903433593
378, 0.16765420743893522, 0.24374494237232658
379, 0.5544554166355262, 0.16106072412267303
380, 0.3840730004999312, 0.5987179912519379
381, 0.07208994065751617, 0.9876365685862301
382, 0.006909982502580347, 0.1549879965750055
383, 0.7098184018672619, 0.26649665222213803
384, 0.6253486309503242, 0.052435678128683105
385, 0.8645187269822633, 0.41444817402150114
386, 0.43739640560707527, 0.3661560955994966
387, 0.20631077273305976, 0.17838661771482955
388, 0.9650240618119986, 0.5816095467153993
389, 0.15830659574956862, 0.8837353321594129
390, 0.10846001588956333, 0.7971159755081141
391, 0.2171767425968677, 0.8108929934531995
392, 0.1363835704967924, 0.6544407936056427
393, 0.7860135858177565, 0.5769746023496555
394, 0.2684592625072558, 0.09311169125347141
395, 0.7086372715162721, 0.5872689162143542
396, 0.7007595979662927, 0.536121191129071
397, 0.97366639587335, 0.922328001301519
398, 0.5330412239186311, 0.3178416063794399
399, 0.2031342858615921, 0.5262854247170995
400, 0.992378778174395, 0.6498431749047697
401, 0.9260784237571646, 0.6670373697364493
402, 0.4420769621151118, 0.21054082227462567
403, 0.6965289506998656, 0.23745801235823305
404, 0.782592600482379, 0.655374928641004
405, 0.7759945365387811, 0.7574834002549407
406, 0.19980602936601377, 0.49829758290174864
407, 0.20290484018405253, 0.7209500006960541
408, 0.13399553987957935, 0.1592477506244896
409, 0.5456653612727181, 0.9876706474987857
410, 0.8210776146714076, 0.8950823081968257
411, 0.3988905699463793, 0.49792922340947543
412, 0.26318237262362965, 0.3734238622718067
413, 0.8872929001368468, 0.5110627237748889
414, 0.9515275618542964, 0.10898903093414913
415, 0.09396249722539907, 0.8082691577516606
416, 0.9202491802441584, 0.8959727972740978
417, 0.5764944948495949, 0.031036976370482194
418, 0.9974744712601094, 0.38158482476971534
419, 0.5775194223584711, 0.5344009340386828
420, 0.4880009999020769, 0.9485805520986599
421, 0.06595410648459787, 0.7238279037329418
422, 0.8820624387422623, 0.25537792867916
423, 0.7293788606721027, 0.15415705375793853
424, 0.36104681658885496, 0.7536887492453224
425, 0.5333843766550616, 0.9917550206533754
426, 0.0925624458374793, 0.16847004557390144
427, 0.8094141728989507, 0.22230466749933453
428, 0.6930119549898845, 0.5608367244826663
429, 0.5323290930850066, 0.19447219158618723
430, 0.34218143015753266, 0.668874471017498
431, 0.8877573901597114, 0.7942714707556287
432, 0.8598324528440484, 0.19779710915203552
433, 0.730458360997896, 0.3204176993894604
434, 0.017334146268931705, 0.16849700215803332
435, 0.32083491560437727, 0.31140612543610835
436, 0.02427402158930647, 0.6788427787094236
437, 0.8356254970385604, 0.7216286295941641
438, 0.07627675789900501, 0.8523540141156677
439, 0.9331855506560827, 0.4062691220448963
440, 0.730800339063754, 0.17834888951674321
441, 0.9305447294478341, 0.06487483687390638
442, 0.1530321285628602, 0.76975341803465
443, 0.4464263065225955, 0.9238648262480568
444, 0.28159986516602853, 0.022712641633717556
445, 0.03769553382056501, 0.5919402366141474
446, 0.10110091891204509, 0.2980846940786047
447, 0.6062091720761197, 0.843307860603165
448, 0.9758405027060272, 0.46429939135240617
449, 0.9996347478887843, 0.4001511715424947
450, 0.7900402806812798, 0.350120297135169
451, 0.09505913499077878, 0.7445137888308007
452, 0.24771382882267323, 0.1136141081462817
453, 0.697148730970759, 0.16626767272549936
454, 0.8857477023663757, 0.7261714467692165
455, 0.2881066574199125, 0.6464364567117431
456, 0.28567248650669563, 0.5931269901387156
457, 0.4968696667757456, 0.461730227844127
458, 0.2951209652599548, 0.8516035265168193
459, 0.11460733965385894, 0.9217179796865682
460, 0.5465888741058672, 0.07164433279523219
461, 0.9992298093154919, 0.28662645981494794
462, 0.7322920210716577, 0.13406755189577357
463, 0.6886974252963941, 0.16675357981104022
464, 0.7523509617842187, 0.8103184557487414
465, 0.5141875520308378, 0.549597309990907
466, 0.008189270016200512, 0.4271667486792644
467, 0.32389973841318553, 0.29589340438576717
468, 0.8520325185829595, 0.7812856132705787
469, 0.3132331186407046, 0.8032042309500079
470, 0.7001940523151199, 0.1961584600104107
471, 0.09401791044879226, 0.30014792633887666
472, 0.3712931304290147, 0.48825696621539383
473, 0.642447931937673, 0.6322562570098295
474, 0.764088173968958, 0.6934526679342143
475, 0.8232929264616673, 0.7770586050159655
476, 0.5646737955273241, 0.8666040077068485
477, 0.527249835729018, 0.8245250839199447
478, 0.8725729783050588, 0.38257787416876066
479, 0.8847169822277723, 0.5031675700607625
480, 0.1471481537775603, 0.34953067689997974
481, 0.19657235588090227, 0.20018332122961513
482, 0.1804132829007412, 0.21977343763307144
483, 0.22823158670132437, 0.582635814428529
484, 0.5032521048177968, 0.950044205296473
485, 0.5432756860768065, 0.304444770847776
486, 0.44364498032322086, 0.49166245848085444
487, 0.41673504699151365, 0.5974508785019216
488, 0.42176093196979725, 0.1953841611764887
489, 0.31991285752071896, 0.4717583696313894
490, 0.9341111575442469, 0.339408015745312
491, 0.5408279797167959, 0.29863179224694913
492, 0.6688774087509536, 0.5723304881932072
493, 0.45062919737307505, 0.5363716618869633
494, 0.5628525150832349, 0.0046691174261769275
495, 0.8222907865962107, 0.2758564386211797
496, 0.05184319972994855, 0.7213425039603488
497, 0.5068073805974924, 0.9153592754068475
498, 0.18237709054634066, 0.9884933847442804
499, 0.7610481909581039, 0.3323769213517884
500, 0.9294080513866411, 0.5130184811958169
501, 0.31533000253038124, 0.8913810116083858
502, 0.13634303034211903, 0.5156480218712011
503, 0.06150019549899077, 0.8862544471361457
504, 0.9206788807473869, 0.7883471454736639
505, 0.30072356019317914, 0.2152029757791879
506, 0.615988141010249, 0.08721126522570566
507, 0.6289458633465181, 0.7278540889135695
508, 0.9057377739947149, 0.873060677129393
509, 0.269122710561852, 0.34291277689539335
510, 0.21660492290014055, 0.9115373402134269
511, 0.05971578240170161, 0.3505001751961603
512, 0.7934365896474338, 0.369294534253347
513, 0.3707738042332629, 0.9112779058782917
514, 0.5383244292923361, 0.20855386805547893
515, 0.6627600040518221, 0.8355094976928061
516, 0.4056428642928127, 0.11822296352892481
517, 0.3946293145364823, 0.24916337037265412
518, 0.09344209638519474, 0.7262037465164988
519, 0.6678024157898905, 0.11455486109504831
520, 0.8208460843655471, 0.2657722421334189
521, 0.10201334874358836, 0.00762528317727007
522, 0.21320388639445675, 0.5742856801712369
523, 0.9864750705179001, 0.3162035246102004
524, 0.7818284931252739, 0.37149323253273747
525, 0.4031192182324581, 0.07860394028684614
526, 0.5716855341211591, 0.7563155634918578
527, 0.9838833494905463, 0.6617830575242357
528, 0.13359286824736094, 0.14167167111518097
529, 0.382080301531064, 0.9575590893401683
530, 0.1785654941724324, 0.4680602956366856
531, 0.11373156249107741, 0.3736336586554425
532, 0.9804057942300695, 0.4161911006396728
533, 0.6347952414987841, 0.5735837754784445
534, 0.6267610387258219, 0.7047978921368934
535, 0.34864041013613956, 0.27830472473295864
536, 0.4471442589965373, 0.8115060880607715
537, 0.5066459752743715, 0.9511843996956555
538, 0.09243582996196731, 0.8600968255916248
539, 0.6420046464891871, 0.4602238771064644
end_nodes
0, 1
0, 2
0, 3
0, 4
0, 5
0, 6
0, 7
0, 8
0, 9
0, 10
0, 11
0, 12
0, 13
0, 14
0, 15
0, 16
0, 17
0, 18
0, 19
0, 20
0, 21
0, 22
0, 23
24, 29
24, 48
24, 66
24, 123
24, 163
24, 204
24, 207
24, 240
24, 247
24, 350
24, 363
24, 389
24, 459
24, 469
25, 8
25, 129
25, 146
25, 266
25, 267
25, 300
25, 355
25, 513
26, 6
26, 8
26, 129
26, 146
26, 266
26, 267
26, 300
26, 355
26, 513
27, 160
27, 174
27, 341
27, 368
27, 381
27, 461
27, 478
28, 420
30, 381
31, 2
31, 3
31, 7
31, 9
31, 12
31, 13
31, 14
31, 15
31, 21
31, 23
31, 32
31, 33
31, 35
31, 42
31, 46
31, 47
31, 54
31, 60
31, 64
31, 70
31, 84
31, 91
31, 94
34, 8
34, 129
34, 146
34, 266
34, 267
34, 300
34, 355
34, 513
36, 6
36, 17
36, 44
36, 49
36, 51
36, 69
36, 76
36, 85
36, 86
36, 90
36, 98
36, 105
36, 106
36, 110
36, 114
36, 119
36, 130
36, 131
36, 136
36, 144
36, 161
36, 185
36, 186
37, 8
37, 129
37, 146
37, 266
37, 267
37, 300
37, 355
37, 513
38, 381
39, 2
39, 3
39, 7
39, 9
39, 11
39, 12
39, 13
39, 14
39, 15
39, 21
39, 23
39, 32
39, 33
39, 35
39, 42
39, 46
39, 47
39, 54
39, 60
39, 64
39, 70
39, 84
39, 91
40, 381
41, 187
41, 498
43, 290
45, 18
45, 221
45, 501
50, 2
50, 3
50, 7
50, 9
50, 11
50, 12
50, 13
50, 14
50, 15
50, 21
50, 23
50, 32
50, 33
50, 35
50, 42
50, 46
50, 47
50, 54
50, 60
50, 64
50, 70
50, 84
50, 91
52, 260
52, 399
53, 8
53, 129
53, 146
53, 266
53, 267
53, 300
53, 355
53, 513
55, 115
55, 294
55, 382
55, 471
56, 113
56, 202
56, 259
56, 403
56, 440
57, 8
57, 129
57, 146
57, 266
57, 267
57, 300
57, 322
57, 355
57, 384
57, 513
58, 202
59, 8
59, 129
59, 146
59, 266
59, 267
59, 300
59, 355
59, 513
61, 8
61, 129
61, 146
61, 266
61, 267
61, 300
61, 355
61, 513
62, 16
62, 19
62, 22
62, 89
62, 99
62, 102
62, 107
62, 113
62, 140
62, 174
62, 175
62, 196
62, 201
62, 219
62, 223
62, 259
62, 272
62, 288
62, 290
62, 313
62, 315
62, 328
62, 332
63, 8
63, 129
63, 146
63, 266
63, 267
63, 300
63, 355
63, 513
65, 250
68, 8
68, 129
68, 146
68, 266
68, 267
68, 300
68, 355
68, 513
71, 46
71, 84
71, 132
71, 174
71, 190
71, 345
71, 373
71, 393
71, 395
71, 413
71, 448
71, 473
71, 479
71, 500
72, 16
72, 19
72, 32
72, 83
72, 91
72, 96
72, 175
72, 196
72, 201
72, 290
72, 295
72, 310
72, 327
72, 349
72, 372
72, 418
72, 428
72, 449
72, 492
72, 532
73, 2
73, 3
73, 7
73, 9
73, 12
73, 13
73, 14
73, 15
73, 21
73, 23
73, 32
73, 33
73, 35
73, 42
73, 46
73, 47
73, 54
73, 60
73, 64
73, 70
73, 84
73, 91
73, 94
74, 20
74, 104
74, 166
74, 184
74, 226
74, 249
74, 261
74, 274
74, 305
74, 326
74, 336
74, 338
74, 346
74, 357
74, 378
74, 382
74, 387
74, 408
74, 412
74, 434
74, 446
74, 456
74, 480
75, 2
75, 3
75, 7
75, 9
75, 12
75, 13
75, 14
75, 15
75, 21
75, 23
75, 32
75, 33
75, 35
75, 42
75, 46
75, 47
75, 54
75, 60
75, 64
75, 70
75, 84
75, 91
75, 94
77, 202
77, 403
78, 2
78, 3
78, 7
78, 9
78, 11
78, 12
78, 13
78, 14
78, 15
78, 21
78, 23
78, 32
78, 33
78, 35
78, 42
78, 46
78, 47
78, 54
78, 60
78, 64
78, 70
78, 84
78, 91
79, 2
79, 3
79, 7
79, 9
79, 11
79, 12
79, 13
79, 14
79, 15
79, 21
79, 23
79, 32
79, 33
79, 35
79, 42
79, 46
79, 47
79, 54
79, 60
79, 64
79, 70
79, 84
79, 91
80, 8
80, 129
80, 146
80, 266
80, 267
80, 300
80, 355
80, 513
81, 187
81, 498
82, 336
82, 387
87, 187
87, 312
87, 314
87, 441
87, 498
88, 2
88, 3
88, 7
88, 9
88, 12
88, 13
88, 14
88, 15
88, 21
88, 23
88, 32
88, 33
88, 35
88, 42
88, 46
88, 47
88, 54
88, 60
88, 64
88, 70
88, 84
88, 91
88, 94
92, 2
92, 3
92, 7
92, 9
92, 11
92, 12
92, 13
92, 14
92, 15
92, 21
92, 23
92, 32
92, 33
92, 35
92, 42
92, 46
92, 47
92, 54
92, 60
92, 64
92, 70
92, 84
92, 91
93, 2
93, 3
93, 7
93, 9
93, 11
93, 12
93, 13
93, 14
93, 15
93, 21
93, 23
93, 32
93, 33
93, 35
93, 42
93, 46
93, 47
93, 54
93, 60
93, 64
93, 70
93, 84
93, 91
95, 2
95, 3
95, 7
95, 9
95, 11
95, 12
95, 13
95, 14
95, 15
95, 21
95, 23
95, 32
95, 33
95, 35
95, 42
95, 46
95, 47
95, 54
95, 60
95, 64
95, 70
95, 84
95, 91
97, 116
97, 316
97, 330
97, 512
97, 524
100, 6
100, 8
100, 129
100, 146
100, 266
100, 267
100, 300
100, 355
100, 513
101, 15
101, 21
101, 42
101, 172
101, 178
101, 324
101, 334
101, 335
101, 447
103, 202
108, 2
108, 3
108, 7
108, 9
108, 12
108, 13
108, 14
108, 15
108, 21
108, 23
108, 32
108, 33
108, 35
108, 42
108, 46
108, 47
108, 54
108, 60
108, 64
108, 70
108, 84
108, 91
108, 94
109, 124
109, 145
109, 170
109, 339
109, 468
109, 475
109, 504
111, 2
111, 3
111, 7
111, 9
111, 11
111, 12
111, 13
111, 14
111, 15
111, 21
111, 23
111, 32
111, 33
111, 35
111, 42
111, 46
111, 47
111, 54
111, 60
111, 64
111, 70
111, 84
111, 91
118, 8
118, 129
118, 146
118, 266
118, 267
118, 300
118, 355
118, 513
120, 202
121, 2
121, 3
121, 7
121, 9
121, 11
121, 12
121, 13
121, 14
121, 15
121, 21
121, 23
121, 32
121, 33
121, 35
121, 42
121, 46
121, 47
121, 54
121, 60
121, 64
121, 70
121, 84
121, 91
122, 8
122, 129
122, 146
122, 266
122, 267
122, 300
122, 355
122, 513
125, 202
125, 318
126, 212
126, 397
126, 416
127, 8
127, 230
127, 266
127, 300
127, 355
127, 367
127, 485
127, 513
133, 8
133, 129
133, 146
133, 266
133, 267
133, 300
133, 355
133, 513
134, 2
134, 3
134, 7
134, 9
134, 12
134, 13
134, 14
134, 15
134, 21
134, 23
134, 32
134, 33
134, 35
134, 42
134, 46
134, 47
134, 54
134, 60
134, 64
134, 70
134, 84
134, 91
134, 94
135, 8
135, 129
135, 146
135, 266
135, 267
135, 300
135, 355
135, 513
138, 8
138, 129
138, 146
138, 266
138, 267
138, 300
138, 355
138, 513
139, 202
141, 21
141, 42
141, 172
141, 178
141, 212
141, 335
141, 397
141, 410
141, 447
142, 8
142, 129
142, 146
142, 266
142, 267
142, 300
142, 355
142, 513
143, 23
143, 47
143, 54
143, 124
143, 145
143, 170
143, 171
143, 183
143, 231
143, 233
143, 244
143, 265
143, 286
143, 299
143, 339
143, 364
143, 416
143, 431
143, 464
143, 468
143, 475
143, 504
143, 508
148, 2
148, 3
148, 7
148, 9
148, 11
148, 12
148, 13
148, 14
148, 15
148, 21
148, 23
148, 32
148, 33
148, 35
148, 42
148, 46
148, 47
148, 54
148, 60
148, 64
148, 70
148, 84
148, 91
149, 513
150, 187
150, 498
151, 8
151, 129
151, 146
151, 266
151, 267
151, 300
151, 355
151, 513
154, 4
154, 5
154, 16
154, 19
154, 83
154, 116
154, 147
154, 169
154, 174
154, 175
154, 189
154, 192
154, 196
154, 201
154, 213
154, 235
154, 263
154, 278
154, 290
154, 309
154, 316
154, 318
154, 325
155, 8
155, 129
155, 146
155, 266
155, 267
155, 300
155, 355
155, 513
156, 6
156, 17
156, 20
156, 44
156, 49
156, 69
156, 76
156, 85
156, 104
156, 105
156, 106
156, 110
156, 184
156, 185
156, 186
156, 195
156, 203
156, 220
156, 222
156, 226
156, 246
156, 249
156, 261
158, 8
158, 129
158, 146
158, 266
158, 267
158, 300
158, 355
158, 513
162, 2
162, 3
162, 7
162, 9
162, 12
162, 13
162, 14
162, 15
162, 21
162, 23
162, 32
162, 33
162, 35
162, 42
162, 46
162, 47
162, 54
162, 60
162, 64
162, 70
162, 84
162, 91
162, 94
164, 6
164, 17
164, 44
164, 76
164, 94
164, 119
164, 131
164, 375
164, 535
165, 129
165, 146
165, 266
165, 267
165, 300
165, 355
167, 14
167, 33
167, 64
167, 70
167, 112
167, 137
167, 152
167, 159
167, 191
167, 197
167, 200
167, 224
167, 254
167, 268
167, 289
167, 307
167, 308
167, 331
167, 333
167, 337
167, 342
167, 347
167, 388
168, 129
168, 146
168, 267
173, 2
173, 3
173, 7
173, 9
173, 11
173, 12
173, 13
173, 14
173, 15
173, 21
173, 23
173, 32
173, 33
173, 35
173, 42
173, 46
173, 47
173, 54
173, 60
173, 64
173, 70
173, 84
173, 91
179, 2
179, 3
179, 7
179, 9
179, 11
179, 12
179, 13
179, 14
179, 15
179, 21
179, 23
179, 32
179, 33
179, 35
179, 42
179, 46
179, 47
179, 54
179, 60
179, 64
179, 70
179, 84
179, 91
180, 384
180, 506
182, 2
182, 3
182, 7
182, 9
182, 11
182, 12
182, 13
182, 14
182, 15
182, 21
182, 23
182, 32
182, 33
182, 35
182, 42
182, 46
182, 47
182, 54
182, 60
182, 64
182, 70
182, 84
182, 91
194, 2
194, 3
194, 7
194, 9
194, 11
194, 12
194, 13
194, 14
194, 15
194, 23
194, 32
194, 33
194, 35
194, 42
194, 46
194, 47
194, 54
194, 60
194, 64
194, 70
194, 84
194, 91
194, 94
208, 2
208, 3
208, 7
208, 9
208, 11
208, 12
208, 13
208, 32
208, 33
208, 35
208, 46
208, 47
208, 54
208, 60
208, 64
208, 70
208, 84
208, 91
208, 94
208, 96
208, 112
208, 124
208, 132
210, 35
210, 60
210, 94
210, 96
210, 112
210, 124
210, 132
210, 137
210, 145
210, 152
210, 153
210, 159
210, 170
210, 171
210, 172
210, 178
210, 181
210, 188
210, 190
210, 191
210, 197
210, 198
210, 200
215, 94
215, 96
215, 112
215, 124
215, 132
215, 137
215, 145
215, 152
215, 153
215, 159
215, 170
215, 171
215, 172
215, 177
215, 178
215, 181
215, 183
215, 188
215, 190
215, 191
215, 197
215, 198
215, 200
216, 420
217, 94
217, 96
217, 112
217, 124
217, 132
217, 137
217, 145
217, 152
217, 153
217, 159
217, 170
217, 171
217, 172
217, 178
217, 181
217, 183
217, 188
217, 190
217, 191
217, 197
217, 198
217, 200
217, 206
218, 11
218, 94
218, 96
218, 112
218, 124
218, 132
218, 137
218, 145
218, 152
218, 153
218, 159
218, 170
218, 171
218, 172
218, 177
218, 178
218, 181
218, 183
218, 188
218, 190
218, 191
218, 197
218, 198
225, 202
228, 94
228, 96
228, 112
228, 124
228, 132
228, 137
228, 145
228, 152
228, 153
228, 159
228, 170
228, 171
228, 172
228, 178
228, 181
228, 183
228, 188
228, 190
228, 191
228, 197
228, 198
228, 200
228, 206
234, 6
234, 17
234, 20
234, 44
234, 49
234, 69
234, 76
234, 85
234, 86
234, 90
234, 104
234, 105
234, 106
234, 110
234, 114
234, 161
234, 184
234, 185
234, 186
234, 195
234, 203
234, 220
234, 222
236, 94
236, 112
236, 124
236, 132
236, 137
236, 145
236, 152
236, 153
236, 159
236, 170
236, 171
236, 172
236, 178
236, 181
236, 188
236, 190
236, 191
236, 197
236, 198
236, 200
236, 206
236, 212
236, 224
238, 420
241, 18
241, 221
241, 501
242, 497
243, 11
243, 94
243, 96
243, 112
243, 124
243, 132
243, 137
243, 145
243, 152
243, 153
243, 159
243, 170
243, 171
243, 172
243, 177
243, 178
243, 181
243, 183
243, 188
243, 190
243, 191
243, 197
243, 198
248, 11
248, 94
248, 96
248, 112
248, 124
248, 132
248, 137
248, 145
248, 152
248, 153
248, 159
248, 170
248, 171
248, 172
248, 177
248, 178
248, 181
248, 183
248, 188
248, 190
248, 191
248, 197
248, 198
252, 235
252, 301
256, 94
256, 96
256, 112
256, 124
256, 132
256, 137
256, 145
256, 152
256, 153
256, 159
256, 170
256, 171
256, 172
256, 177
256, 178
256, 181
256, 183
256, 188
256, 190
256, 191
256, 197
256, 198
256, 200
264, 94
264, 96
264, 112
264, 124
264, 132
264, 137
264, 145
264, 152
264, 153
264, 159
264, 170
264, 171
264, 172
264, 177
264, 178
264, 181
264, 183
264, 188
264, 190
264, 191
264, 197
264, 198
264, 200
269, 94
269, 112
269, 124
269, 132
269, 137
269, 145
269, 152
269, 153
269, 159
269, 170
269, 171
269, 172
269, 178
269, 181
269, 188
269, 190
269, 191
269, 197
269, 198
269, 200
269, 206
269, 212
269, 224
270, 322
271, 94
271, 96
271, 112
271, 124
271, 132
271, 137
271, 145
271, 152
271, 153
271, 159
271, 170
271, 171
271, 172
271, 178
271, 181
271, 188
271, 190
271, 191
271, 197
271, 198
271, 200
271, 206
271, 212
273, 11
273, 94
273, 96
273, 112
273, 124
273, 132
273, 137
273, 145
273, 152
273, 153
273, 159
273, 170
273, 171
273, 172
273, 177
273, 178
273, 181
273, 183
273, 188
273, 190
273, 191
273, 197
273, 198
277, 420
281, 18
281, 221
281, 501
284, 11
284, 96
284, 112
284, 124
284, 132
284, 137
284, 145
284, 152
284, 153
284, 159
284, 170
284, 171
284, 172
284, 177
284, 178
284, 181
284, 183
284, 188
284, 190
284, 191
284, 197
284, 198
284, 200
285, 6
285, 17
285, 22
285, 44
285, 76
285, 85
285, 86
285, 89
285, 99
285, 114
285, 119
285, 131
285, 140
285, 185
285, 219
285, 223
285, 272
285, 276
285, 328
285, 332
285, 354
285, 358
285, 369
291, 6
291, 17
291, 44
291, 49
291, 69
291, 76
291, 85
291, 105
291, 185
291, 203
291, 276
291, 280
291, 348
291, 354
291, 371
291, 375
291, 394
291, 435
291, 444
291, 452
291, 467
291, 505
293, 96
293, 112
293, 124
293, 132
293, 137
293, 145
293, 152
293, 153
293, 159
293, 170
293, 171
293, 172
293, 177
293, 178
293, 181
293, 183
293, 188
293, 190
293, 191
293, 197
293, 198
293, 200
293, 206
296, 96
296, 112
296, 124
296, 132
296, 137
296, 145
296, 152
296, 153
296, 159
296, 170
296, 171
296, 172
296, 177
296, 178
296, 181
296, 183
296, 188
296, 190
296, 191
296, 197
296, 198
296, 200
296, 206
297, 11
297, 96
297, 112
297, 124
297, 132
297, 137
297, 145
297, 152
297, 153
297, 159
297, 170
297, 171
297, 172
297, 177
297, 178
297, 181
297, 183
297, 188
297, 190
297, 191
297, 197
297, 198
297, 200
298, 187
298, 498
302, 5
302, 16
302, 19
302, 83
302, 116
302, 117
302, 147
302, 174
302, 175
302, 192
302, 196
302, 201
302, 213
302, 235
302, 263
302, 278
302, 290
302, 301
302, 312
302, 314
302, 316
302, 318
302, 325
304, 96
304, 112
304, 124
304, 132
304, 137
304, 145
304, 152
304, 153
304, 159
304, 170
304, 171
304, 172
304, 178
304, 181
304, 183
304, 188
304, 190
304, 191
304, 197
304, 198
304, 200
304, 206
304, 212
306, 18
306, 221
306, 501
317, 96
317, 112
317, 124
317, 132
317, 137
317, 145
317, 152
317, 153
317, 159
317, 170
317, 171
317, 172
317, 178
317, 181
317, 183
317, 188
317, 190
317, 191
317, 197
317, 198
317, 200
317, 206
317, 212
319, 187
319, 498
320, 11
320, 96
320, 112
320, 124
320, 132
320, 137
320, 145
320, 152
320, 153
320, 159
320, 170
320, 171
320, 172
320, 177
320, 178
320, 181
320, 183
320, 188
320, 190
320, 191
320, 197
320, 198
320, 200
321, 49
321, 106
321, 110
321, 186
321, 195
321, 220
321, 280
321, 283
321, 452
329, 96
329, 112
329, 132
329, 137
329, 145
329, 152
329, 153
329, 159
329, 170
329, 171
329, 172
329, 177
329, 178
329, 181
329, 183
329, 188
329, 190
329, 191
329, 197
329, 198
329, 200
329, 206
329, 212
343, 202
344, 16
344, 19
344, 83
344, 175
344, 196
344, 278
344, 316
344, 330
344, 374
344, 396
344, 418
344, 439
344, 512
344, 524
351, 4
351, 147
351, 189
351, 192
351, 213
351, 325
352, 96
352, 137
352, 152
352, 153
352, 159
352, 171
352, 181
352, 188
352, 190
352, 191
352, 197
352, 198
352, 200
352, 206
352, 212
352, 224
352, 231
352, 233
352, 237
352, 239
352, 244
352, 251
352, 254
353, 250
359, 96
359, 153
359, 177
359, 181
359, 183
359, 188
359, 198
359, 200
359, 206
359, 212
359, 224
359, 231
359, 233
359, 237
359, 239
359, 244
359, 251
359, 254
359, 257
359, 258
359, 265
359, 268
359, 279
361, 177
361, 183
361, 200
361, 206
361, 212
361, 224
361, 231
361, 233
361, 237
361, 239
361, 244
361, 251
361, 254
361, 257
361, 258
361, 265
361, 268
361, 279
361, 286
361, 289
361, 295
361, 299
361, 303
362, 250
365, 177
365, 183
365, 200
365, 206
365, 212
365, 224
365, 231
365, 233
365, 237
365, 239
365, 244
365, 251
365, 254
365, 257
365, 258
365, 265
365, 268
365, 279
365, 286
365, 289
365, 295
365, 299
365, 303
366, 177
366, 183
366, 200
366, 206
366, 212
366, 224
366, 231
366, 233
366, 237
366, 239
366, 244
366, 251
366, 254
366, 257
366, 258
366, 265
366, 268
366, 279
366, 286
366, 289
366, 295
366, 299
366, 303
377, 183
377, 206
377, 212
377, 224
377, 231
377, 233
377, 237
377, 239
377, 244
377, 251
377, 254
377, 257
377, 258
377, 265
377, 268
377, 279
377, 286
377, 289
377, 295
377, 299
377, 303
377, 307
377, 308
380, 6
380, 17
380, 44
380, 49
380, 69
380, 76
380, 85
380, 90
380, 105
380, 185
380, 203
380, 222
380, 276
380, 280
380, 348
380, 354
380, 371
380, 375
380, 394
380, 435
380, 444
380, 452
380, 467
383, 202
385, 29
385, 48
385, 66
385, 123
385, 163
385, 204
385, 207
385, 240
385, 247
385, 350
385, 363
385, 389
385, 459
385, 469
390, 177
390, 206
390, 212
390, 224
390, 231
390, 233
390, 237
390, 239
390, 244
390, 251
390, 254
390, 257
390, 258
390, 265
390, 268
390, 279
390, 286
390, 289
390, 295
390, 299
390, 303
390, 307
390, 308
391, 206
391, 212
391, 224
391, 231
391, 233
391, 237
391, 239
391, 244
391, 251
391, 254
391, 257
391, 258
391, 265
391, 268
391, 279
391, 286
391, 289
391, 295
391, 299
391, 303
391, 307
391, 308
391, 310
392, 177
392, 206
392, 212
392, 224
392, 231
392, 233
392, 237
392, 239
392, 244
392, 251
392, 254
392, 257
392, 258
392, 265
392, 268
392, 279
392, 286
392, 289
392, 295
392, 299
392, 303
392, 307
392, 308
398, 506
407, 177
407, 206
407, 212
407, 224
407, 231
407, 233
407, 237
407, 239
407, 244
407, 251
407, 254
407, 257
407, 258
407, 265
407, 268
407, 279
407, 286
407, 289
407, 295
407, 299
407, 303
407, 307
407, 308
411, 6
415, 206
415, 212
415, 224
415, 231
415, 233
415, 237
415, 239
415, 244
415, 251
415, 254
415, 257
415, 258
415, 265
415, 268
415, 279
415, 286
415, 289
415, 295
415, 299
415, 303
415, 307
415, 308
415, 310
419, 499
419, 520
421, 177
421, 206
421, 212
421, 224
421, 231
421, 233
421, 237
421, 239
421, 244
421, 251
421, 254
421, 257
421, 258
421, 265
421, 268
421, 279
421, 286
421, 289
421, 295
421, 299
421, 303
421, 307
421, 308
424, 20
424, 44
424, 49
424, 67
424, 69
424, 76
424, 85
424, 104
424, 105
424, 106
424, 110
424, 128
424, 157
424, 184
424, 185
424, 186
424, 195
424, 203
424, 206
424, 212
424, 220
424, 224
424, 226
425, 1
425, 51
425, 67
425, 98
425, 115
425, 128
425, 130
425, 136
425, 144
425, 157
425, 161
425, 166
425, 226
425, 227
425, 232
425, 245
425, 250
425, 253
425, 260
425, 282
425, 287
425, 294
425, 357
427, 187
427, 498
430, 20
430, 49
430, 104
430, 106
430, 184
430, 186
430, 195
430, 220
430, 232
430, 249
430, 253
430, 261
430, 274
430, 280
430, 283
430, 287
430, 305
430, 326
430, 336
430, 338
430, 346
430, 387
430, 408
432, 187
432, 498
433, 187
433, 498
436, 177
436, 212
436, 224
436, 231
436, 233
436, 237
436, 239
436, 244
436, 251
436, 254
436, 257
436, 258
436, 265
436, 268
436, 279
436, 286
436, 289
436, 295
436, 299
436, 303
436, 307
436, 308
436, 310
438, 212
438, 224
438, 231
438, 233
438, 237
438, 239
438, 244
438, 251
438, 254
438, 257
438, 258
438, 268
438, 279
438, 286
438, 289
438, 295
438, 299
438, 303
438, 307
438, 308
438, 310
438, 311
438, 323
442, 177
442, 224
442, 231
442, 233
442, 237
442, 239
442, 244
442, 251
442, 254
442, 257
442, 258
442, 265
442, 268
442, 279
442, 286
442, 289
442, 295
442, 299
442, 303
442, 307
442, 308
442, 310
442, 311
443, 6
443, 17
443, 20
443, 44
443, 49
443, 69
443, 76
443, 85
443, 86
443, 90
443, 104
443, 105
443, 106
443, 110
443, 114
443, 119
443, 131
443, 161
443, 184
443, 185
443, 186
443, 195
443, 203
445, 224
445, 231
445, 233
445, 237
445, 239
445, 244
445, 251
445, 254
445, 257
445, 258
445, 265
445, 268
445, 279
445, 286
445, 289
445, 295
445, 299
445, 303
445, 307
445, 308
445, 310
445, 311
445, 323
451, 224
451, 231
451, 233
451, 237
451, 239
451, 244
451, 251
451, 254
451, 257
451, 258
451, 265
451, 268
451, 279
451, 286
451, 289
451, 295
451, 299
451, 303
451, 307
451, 308
451, 310
451, 311
451, 323
455, 67
455, 128
455, 260
455, 399
457, 10
457, 18
457, 221
457, 501
458, 4
458, 5
458, 16
458, 19
458, 83
458, 116
458, 117
458, 147
458, 174
458, 175
458, 189
458, 192
458, 196
458, 201
458, 213
458, 235
458, 263
458, 278
458, 290
458, 301
458, 312
458, 314
458, 316
465, 202
466, 224
466, 231
466, 233
466, 237
466, 239
466, 244
466, 251
466, 254
466, 257
466, 258
466, 265
466, 268
466, 279
466, 286
466, 289
466, 295
466, 299
466, 303
466, 307
466, 308
466, 310
466, 311
466, 323
472, 17
472, 44
472, 76
472, 85
472, 185
472, 276
472, 354
472, 371
472, 375
472, 444
472, 467
472, 535
477, 324
477, 334
477, 335
483, 224
483, 231
483, 233
483, 237
483, 239
483, 244
483, 251
483, 254
483, 257
483, 258
483, 265
483, 268
483, 279
483, 286
483, 289
483, 295
483, 299
483, 303
483, 307
483, 308
483, 310
483, 311
483, 323
484, 1
484, 51
484, 67
484, 98
484, 115
484, 128
484, 130
484, 136
484, 144
484, 157
484, 161
484, 166
484, 226
484, 227
484, 232
484, 245
484, 250
484, 253
484, 260
484, 282
484, 287
484, 294
484, 357
487, 6
487, 17
487, 76
487, 119
487, 131
489, 49
489, 106
489, 186
489, 195
489, 220
489, 280
489, 283
489, 452
490, 381
493, 322
493, 384
493, 506
496, 231
496, 233
496, 237
496, 239
496, 244
496, 251
496, 254
496, 257
496, 258
496, 265
496, 268
496, 279
496, 286
496, 289
496, 295
496, 299
496, 303
496, 307
496, 308
496, 310
496, 311
496, 323
496, 324
502, 231
502, 233
502, 237
502, 239
502, 244
502, 251
502, 254
502, 257
502, 258
502, 265
502, 268
502, 279
502, 286
502, 289
502, 295
502, 299
502, 303
502, 307
502, 308
502, 310
502, 311
502, 323
502, 324
503, 231
503, 233
503, 237
503, 239
503, 244
503, 251
503, 254
503, 257
503, 258
503, 268
503, 279
503, 286
503, 289
503, 295
503, 299
503, 303
503, 307
503, 308
503, 310
503, 311
503, 323
503, 324
503, 327
507, 347
507, 437
507, 454
509, 336
510, 4
510, 16
510, 19
510, 83
510, 116
510, 147
510, 169
510, 174
510, 175
510, 189
510, 192
510, 196
510, 201
510, 213
510, 263
510, 278
510, 290
510, 309
510, 316
510, 325
510, 330
510, 349
510, 374
511, 237
511, 239
511, 251
511, 257
511, 258
511, 265
511, 268
511, 279
511, 286
511, 289
511, 295
511, 299
511, 303
511, 307
511, 308
511, 310
511, 311
511, 323
511, 324
511, 327
511, 331
511, 333
511, 334
515, 397
515, 416
518, 257
518, 258
518, 265
518, 279
518, 286
518, 289
518, 295
518, 299
518, 303
518, 307
518, 308
518, 310
518, 311
518, 323
518, 324
518, 327
518, 331
518, 333
518, 334
518, 335
518, 337
518, 339
518, 340
519, 18
519, 221
519, 501
522, 265
522, 303
522, 307
522, 308
522, 310
522, 311
522, 323
522, 324
522, 327
522, 331
522, 333
522, 334
522, 335
522, 337
522, 339
522, 340
522, 342
522, 345
522, 347
522, 364
522, 372
522, 373
522, 388
523, 381
526, 339
526, 364
526, 405
526, 431
526, 468
526, 475
526, 504
529, 6
529, 17
529, 20
529, 44
529, 49
529, 69
529, 76
529, 85
529, 104
529, 105
529, 106
529, 110
529, 136
529, 184
529, 185
529, 186
529, 195
529, 203
529, 220
529, 226
529, 245
529, 246
529, 249
530, 531
533, 174
533, 381
533, 396
533, 418
533, 439
534, 308
534, 333
534, 400
534, 401
534, 474
534, 527
536, 6
536, 17
536, 44
536, 49
536, 69
536, 76
536, 85
536, 86
536, 90
536, 105
536, 114
536, 119
536, 131
536, 185
536, 203
536, 222
536, 276
536, 280
536, 311
536, 348
536, 354
536, 371
536, 375
537, 1
537, 51
537, 67
537, 98
537, 115
537, 128
537, 130
537, 136
537, 144
537, 157
537, 161
537, 166
537, 226
537, 227
537, 232
537, 245
537, 250
537, 253
537, 260
537, 282
537, 287
537, 294
537, 357
538, 307
538, 308
538, 310
538, 311
538, 323
538, 324
538, 327
538, 331
538, 333
538, 334
538, 335
538, 337
538, 339
538, 340
538, 342
538, 345
538, 347
538, 364
538, 372
538, 373
538, 388
538, 393
538, 395
end