400
4
0, 0.3555430085431427, 0.9297557455042478
1, 0.024981835123069174, 0.9795820738086394
2, 0.8808895890578275, 0.1647820875716871
3, 0.8979529581601402, 0.8509416577179012
4, 0.9330715789757603, 0.6513174173258914
5, 0.9484730947448021, 0.5554875765007312
6, 0.9466864727578356, 0.11400961609635485
7, 0.526103648232305, 0.17012200448295922
8, 0.006008431282080839, 0.07405421725469041
9, 0.8578978053791759, 0.826254170387113
10, 0.7174639501178186, 0.7849321162633934
11, 0.45989370408136143, 0.5473830002402701
12, 0.5990962157269039, 0.5629671965208174
13, 0.7326130692842441, 0.21178776192844562
14, 0.3937952565859638, 0.08830976886784803
15, 0.5761159179325709, 0.9863070287325708
16, 0.18752974723321092, 0.6836648994693433
17, 0.11110608389538212, 0.12284060109011152
18, 0.760606709340346, 0.005291406036597723
19, 0.8512373917500211, 0.3430906282326397
20, 0.009203603577433217, 0.508524515444803
21, 0.7261892467639659, 0.572480584122871
22, 0.3327281364432958, 0.8606079348610276
23, 0.7337431676750535, 0.18192484351953198
24, 0.4194611740035499, 0.38611237094285855
25, 0.1541447532863235, 0.5716422665215676
26, 0.03548143204560339, 0.31088668092227256
27, 0.9911108092587272, 0.9765277362514552
28, 0.9532455875672026, 0.23904011329864616
29, 0.7518777776152221, 0.5071224844797921
30, 0.21850243527546065, 0.19985437182350296
31, 0.8255364520505076, 0.03658439337938302
32, 0.021601765236293757, 0.6802400436982868
33, 0.6410525819329453, 0.08505553101667629
34, 0.5914990394412402, 0.11519577196160935
35, 0.4242919937527668, 0.4915126881767268
36, 0.8719940575724038, 0.20081824798072734
37, 0.2409607401689947, 0.7604558444467462
38, 0.9786989077530669, 0.8664528494640276
39, 0.4574795195234571, 0.7999012695230797
40, 0.7564908040602442, 0.7319623291652215
41, 0.49444305815430845, 0.9805232723006435
42, 0.9716194141849518, 0.6704727466652645
43, 0.7585589237701241, 0.9125349198680311
44, 0.550324855310549, 0.7802228064803916
45, 0.03204445800040989, 0.7537871834952465
46, 0.5575408809314748, 0.585874308896083
47, 0.40601634326908786, 0.6322419668510398
48, 0.3067889145435635, 0.22320437931792392
49, 0.8622000152306248, 0.16497599689222608
50, 0.27997035191960096, 0.877857706524984
51, 0.44759368084436313, 0.2941255891977238
52, 0.3058567029111052, 0.05721775023263698
53, 0.05891147268637076, 0.8506060181821054
54, 0.48398588236779416, 0.29867942127814506
55, 0.2916480100667075, 0.7372893461737682
56, 0.8572620466650271, 0.23480465330810352
57, 0.42646435791608805, 0.14673583398137602
58, 0.33037586759682025, 0.5386751273165542
59, 0.27856616061856787, 0.11034821986208154
60, 0.7321825502494032, 0.748995868003315
61, 0.9492328718243865, 0.6297994477826346
62, 0.4046874617241045, 0.021922049075125405
63, 0.8404486429369741, 0.6100882414896263
64, 0.8608203689023948, 0.19176600403699984
65, 0.33189709782110555, 0.7255625159014084
66, 0.2501382772329185, 0.3642410970523564
67, 0.8215262490481423, 0.44713174469424666
68, 0.0681163230178391, 0.07923779332148262
69, 0.012448881084090369, 0.6803809886333367
70, 0.7820461444900496, 0.31441352718491855
71, 0.6397339934730805, 0.4548258754950457
72, 0.4966708369587842, 0.9538467155598527
73, 0.384216838466237, 0.20667435641191467
74, 0.8919183701325434, 0.5045295223153321
75, 0.8943776413860356, 0.6307006991702349
76, 0.008733665656494694, 0.002331652473624879
77, 0.1405184843269296, 0.796152656676076
78, 0.38170334239843806, 0.5075622777954699
79, 0.3121816000012735, 0.9454462298357568
80, 0.49116557371908043, 0.2842549812296731
81, 0.7029057221547491, 0.729191327745612
82, 0.3480384882087968, 0.5426422347992719
83, 0.609314061086633, 0.198205816274325
84, 0.2655241628880476, 0.0898900095673365
85, 0.16022834303961397, 0.402816283329007
86, 0.26651846403922796, 0.7932196617066729
87, 0.21980023178381058, 0.4397711358330313
88, 0.6979385729592547, 0.21964616610101806
89, 0.3823353416390932, 0.6644704364073327
90, 0.780903257249835, 0.6439318553726618
91, 0.7015987247623904, 0.3254929160017743
92, 0.5465097999385788, 0.1950189337257605
93, 0.004337946921273317, 0.4464547626968638
94, 0.2815819455331767, 0.3713580724240526
95, 0.16275947393727708, 0.7372346475939306
96, 0.1255986447757027, 0.97038527931738
97, 0.2715461264387671, 0.8571591359388112
98, 0.26080874296886425, 0.3614297809498316
99, 0.5171841410590486, 0.48732017662767546
100, 0.4724611078260803, 0.1756119765368641
101, 0.9123298723500418, 0.1282561731456212
102, 0.4556170183456918, 0.48542638458307863
103, 0.6125873497475022, 0.9000989255272364
104, 0.7213239345253781, 0.33333211554642417
105, 0.20101982832011145, 0.35570071006459636
106, 0.17686033371159682, 0.36712683175625704
107, 0.8799478446334255, 0.04455858162042736
108, 0.33187044643982533, 0.053035702361837966
109, 0.35425145284212334, 0.8829283250784362
110, 0.24002720132966338, 0.3040291779562654
111, 0.9333187888698239, 0.7171469305970793
112, 0.948957043908864, 0.29398006052612213
113, 0.7382797176670484, 0.58072575291428
114, 0.04457095428031277, 0.9508618233016877
115, 0.9989843044831399, 0.7733032465481482
116, 0.0788842491265539, 0.857446550413881
117, 0.7936986095892647, 0.2674832133881644
118, 0.13723838356008533, 0.12108286577559002
119, 0.7270862918025607, 0.47560160680552166
120, 0.5722138206434642, 0.295377017887021
121, 0.06855944671704184, 0.5552549088034086
122, 0.4771401073959446, 0.43625464960334126
123, 0.6702416229827405, 0.9319642087276333
124, 0.7551697248956267, 0.6309766034663357
125, 0.7499658250880917, 0.5066576005860056
126, 0.8102851952086625, 0.5780867172168467
127, 0.4746734202892766, 0.6937223176815096
128, 0.08128835573804938, 0.31103302767971674
129, 0.7734315251856945, 0.8518326479449024
130, 0.4109146440858453, 0.9276319738131998
131, 0.26275331889343834, 0.10307917029480651
132, 0.6423500908605572, 0.8525301346732613
133, 0.7023752109694665, 0.5600706969996508
134, 0.8747024577185312, 0.049374326261597434
135, 0.13659445639387413, 0.2385755165060317
136, 0.04623839188315382, 0.543267442548512
137, 0.5268878595495099, 0.509702953855272
138, 0.9378147682732565, 0.20378444186727152
139, 0.2828601155244429, 0.2468460598654746
140, 0.13463165428434942, 0.1461444130301791
141, 0.28024762530036684, 0.8652049139961738
142, 0.9053234352060301, 0.37919113098628676
143, 0.7940458093220218, 0.5047166939431217
144, 0.22423008139073852, 0.2165828026971529
145, 0.8095251963342405, 0.8357319991754784
146, 0.5220259026335847, 0.3632834527780672
147, 0.5047458151753613, 0.5332275626097878
148, 0.7647347113201854, 0.7958245607962979
149, 0.30907006222039124, 0.5950770829410302
150, 0.6461318230397124, 0.38101987539929727
151, 0.5944708868538859, 0.42869741330268807
152, 0.36143055411264435, 0.7245477060496159
153, 0.5781897184969192, 0.9655201157787258
154, 0.656301578868225, 0.5416218574469163
155, 0.9875209100986495, 0.11729467588176856
156, 0.6193830691659642, 0.013415402705772905
157, 0.737211417174866, 0.4627411822968196
158, 0.7982131240437176, 0.25901676396846585
159, 0.39558884556378693, 0.5843221916555241
160, 0.8451774298324807, 0.28488979325022745
161, 0.8318943014361755, 0.566559422148029
162, 0.9742163647618799, 0.09935324492592412
163, 0.19277552248239915, 0.2874214419736856
164, 0.13933070951374638, 0.00040718348417401184
165, 0.526741851194382, 0.9434469849760365
166, 0.5021920743244399, 0.4436527036899378
167, 0.4903888138840208, 0.09144572132866102
168, 0.882479857541474, 0.5829048253675434
169, 0.8612651486858323, 0.17737947169078438
170, 0.9131401278877317, 0.5229043070417777
171, 0.022737886485259207, 0.1085803031636382
172, 0.3894404352062921, 0.12557023895078934
173, 0.4213368741122109, 0.952069645252979
174, 0.22109155606382758, 0.8860127915614835
175, 0.3183747923360287, 0.46435858256310936
176, 0.6110751118661469, 0.11444299387424473
177, 0.9325673593180214, 0.12273923199372017
178, 0.3097044122902931, 0.09578305171929469
179, 0.8394888337050551, 0.9407284050112095
180, 0.4852713709672207, 0.9391073861884401
181, 0.6046403092473523, 0.11624497035836878
182, 0.4422692537898393, 0.6013656355712745
183, 0.0427693142077854, 0.11286587954727867
184, 0.8834104670541956, 0.4813613020847366
185, 0.7321301913129764, 0.9038727509748558
186, 0.39047715310128506, 0.11917658515196217
187, 0.9688873775739281, 0.37720263518427444
188, 0.7910709569265258, 0.470857192427819
189, 0.6384592482507548, 0.17295536868265549
190, 0.7944066798892465, 0.4491516865063213
191, 0.070686174871333, 0.612533371273803
192, 0.5484966793071062, 0.2930772793240636
193, 0.7488529253334657, 0.989024391615751
194, 0.6398983198315263, 0.026740108906943116
195, 0.9671256862428229, 0.7648232785145792
196, 0.6228121222617637, 0.9142636506683353
197, 0.6877966329008928, 0.6653644510812886
198, 0.8916615612415548, 0.27892463359513064
199, 0.8308142077506613, 0.704038833610854
200, 0.514669202663758, 0.13451055529273703
201, 0.13495451743280118, 0.13912486032560245
202, 0.3723882979202663, 0.8239880236549451
203, 0.0335507531149688, 0.029158626839012713
204, 0.09309522623896316, 0.25342199366389395
205, 0.515076729536612, 0.3599842284505449
206, 0.8522452861167881, 0.5774119838022167
207, 0.8859887368020462, 0.9033412588156173
208, 0.9529757434896007, 0.8769001129756332
209, 0.6845796049890045, 0.6043360981919197
210, 0.2895625768607675, 0.9912946806148819
211, 0.15420759065871503, 0.6686013992160893
212, 0.8160332414278629, 0.7360838709313257
213, 0.9566252287582423, 0.2977613891089145
214, 0.31877560374523173, 0.6729410949321765
215, 0.9297398550643043, 0.8304886783417651
216, 0.563004517177639, 0.37124631406619457
217, 0.9088606707915036, 0.4182295539092805
218, 0.701592709340503, 0.8519904643017767
219, 0.7493498085606048, 0.06310470760423104
220, 0.6200098203191581, 0.9276073903169386
221, 0.937396067006386, 0.6180632254151499
222, 0.5325288113390415, 0.6955959086450242
223, 0.5421997850266, 0.7011626632207674
224, 0.6542862651641911, 0.8262567416777176
225, 0.3428242951163758, 0.6693076688880379
226, 0.4057188744188486, 0.35171301171625446
227, 0.927097882533032, 0.47747056057109605
228, 0.38438896228216946, 0.6209457109367044
229, 0.1877817697217703, 0.26146547358870065
230, 0.1655433031236585, 0.566405108465135
231, 0.22652652591181155, 0.927687803423968
232, 0.45100971717064575, 0.022433784939390855
233, 0.6588197660209736, 0.6212485811334542
234, 0.7394024156562505, 0.346806679190657
235, 0.5197577652837934, 0.34596297407568555
236, 0.5571093521084027, 0.6840621528481278
237, 0.07796029442552199, 0.7761296619057653
238, 0.48549798380188725, 0.8729295157703438
239, 0.7302800179543772, 0.5890998077427018
240, 0.14045685594791835, 0.5484646706367807
241, 0.10820842031150002, 0.9423917216381057
242, 0.7319463901867125, 0.8759905135754655
243, 0.16710099841820059, 0.7689674066339383
244, 0.5055797411668741, 0.014995550595792717
245, 0.6721772027976216, 0.9892717777261056
246, 0.9763873625249211, 0.25213476496097764
247, 0.8827434047240801, 0.8693816806610963
248, 0.4078090493979617, 0.9702502282249866
249, 0.42018933140365966, 0.44761245071451516
250, 0.9348445380060473, 0.7182319546560624
251, 0.3571240786247494, 0.316646559874172
252, 0.8143862357578242, 0.14260284483111563
253, 0.26198689032378764, 0.14550452374207257
254, 0.19232638087928244, 0.030722069225646687
255, 0.5134800005438268, 0.45985849229389086
256, 0.6162391226879573, 0.7661897576843867
257, 0.7892415259257567, 0.40476493885501275
258, 0.9851599960906186, 0.33738328595133193
259, 0.24538752009790132, 0.8588650600700233
260, 0.047194720398669454, 0.07227993847727598
261, 0.778961650712214, 0.7445291846889627
262, 0.06632269582822137, 0.7575337610780879
263, 0.6248292154840047, 0.42479551112468683
264, 0.673018225140073, 0.5483634572323834
265, 0.15175987173700367, 0.20997366749189328
266, 0.5239815745190478, 0.7683651199027524
267, 0.26699339088058294, 0.9527570907970162
268, 0.3987356178262771, 0.9812309025776489
269, 0.28059418174737316, 0.3113892406697646
270, 0.75313167457625, 0.8982792557711983
271, 0.38860831588825695, 0.6173308405030612
272, 0.6280650316158769, 0.43762189960200126
273, 0.3947288872209572, 0.5001255712080623
274, 0.4824259299454873, 0.8289394423497737
275, 0.7529846736312323, 0.0520638774986395
276, 0.6722720192992333, 0.6398616007724621
277, 0.8129899904727365, 0.39979084002972287
278, 0.8688461838474, 0.5124705890876105
279, 0.19295540950525025, 0.9613972482824827
280, 0.07671437624951283, 0.9004951277082401
281, 0.059324709822667465, 0.013802304471378313
282, 0.17049936623360462, 0.8337369911209711
283, 0.6045482005428441, 0.3338604901935337
284, 0.04599067027333503, 0.8833681042834031
285, 0.11396613099335462, 0.8250341512923801
286, 0.7046916758762094, 0.9313869902128549
287, 0.475955218507117, 0.48443309658903666
288, 0.8249661177190438, 0.9085315677218424
289, 0.1995277522096871, 0.22226077221428564
290, 0.3592390541196099, 0.5342945703620773
291, 0.8700729002728653, 0.7648135756328014
292, 0.8072827136377022, 0.7759680019170674
293, 0.19148508952758214, 0.007285037766938562
294, 0.4257534483075186, 0.25704238641660726
295, 0.7417373295609464, 0.8378093906853904
296, 0.3922578243154441, 0.6328318885464767
297, 0.060931970574422234, 0.08192474961882545
298, 0.6673659686497702, 0.01698934952814124
299, 0.6307117473230965, 0.031896596391392196
300, 0.48228714326768185, 0.2784000061878671
301, 0.7427782837774485, 0.005144426453787432
302, 0.22217544665553302, 0.602499299210933
303, 0.7129056169903063, 0.23573364392428808
304, 0.08811655054219913, 0.4265896723965861
305, 0.015138283963651356, 0.9408344287470503
306, 0.6749379683462849, 0.2976675189086706
307, 0.8893752987791528, 0.755707522221394
308, 0.3734081567760197, 0.794087659634862
309, 0.7049644109530062, 0.49451446772783325
310, 0.022512042301766177, 0.9690130280991276
311, 0.544546630072857, 0.5751969508786958
312, 0.051380298550776304, 0.7243339406766215
313, 0.0579740104256794, 0.4471250930567441
314, 0.5498988338925724, 0.5077289150639466
315, 0.3039116577923785, 0.8448999765409502
316, 0.9222307328214449, 0.34981548359757597
317, 0.3163472477590693, 0.2612739359774344
318, 0.733864929435524, 0.6985966081282741
319, 0.7148905528033352, 0.5337190438227866
320, 0.023866866046937885, 0.4846130664592051
321, 0.8891956565474937, 0.9989062156319524
322, 0.4308041377824784, 0.6082363598084666
323, 0.5202270641446322, 0.4175044785705262
324, 0.3147191612927174, 0.4754044930476411
325, 0.3622169022228835, 0.562841987187698
326, 0.8387813629812122, 0.027097471093331937
327, 0.848779323381013, 0.9914638896534866
328, 0.40896607357031467, 0.3584727803122554
329, 0.5444814323597719, 0.31712182435622727
330, 0.05674103123882579, 0.5461037887763439
331, 0.5675395017290066, 0.27909800925145434
332, 0.00695938191386114, 0.26705445673056194
333, 0.5545664726835786, 0.4119782741981304
334, 0.22785063257152371, 0.7683794218859074
335, 0.9574561422295974, 0.07948019196764378
336, 0.20480566153789226, 0.5709391107180617
337, 0.9264480770740133, 0.5058443110237508
338, 0.008334619938126342, 0.6841351915433469
339, 0.9123131643785033, 0.9592159112187082
340, 0.5413226371805185, 0.6664250084194568
341, 0.6323937622278362, 0.6569003108834632
342, 0.2833385293230931, 0.19713479735412776
343, 0.35251037926997764, 0.6888169571427868
344, 0.11216009517149839, 0.13131563855916728
345, 0.29288640569470414, 0.0750133967048453
346, 0.5982935194160548, 0.807867104146268
347, 0.713483364830438, 0.1094683714328728
348, 0.6900652859795297, 0.9972186266952121
349, 0.9124824969599483, 0.8772580359902886
350, 0.9261476092780205, 0.3140674918278986
351, 0.39965925976143957, 0.2538148749367626
352, 0.25076681822961266, 0.363474268248014
353, 0.34769425571330326, 0.38497006123946775
354, 0.9783424959064752, 0.029005633378528572
355, 0.8831963695859801, 0.8600198050602477
356, 0.10090111835789317, 0.9860208146373339
357, 0.29510431919103863, 0.005457010365180204
358, 0.5043775859211312, 0.6435198667181975
359, 0.35630315360692266, 0.8297760224873817
360, 0.5174023812805565, 0.4686859893036529
361, 0.21593103470695385, 0.3571491396839024
362, 0.2855252258726131, 0.04020357183215806
363, 0.3658906642438444, 0.8581786775717439
364, 0.871325332475236, 0.6434630113508479
365, 0.28300761356592263, 0.8446819181004546
366, 0.2768686453875433, 0.20840544664301863
367, 0.583653599791482, 0.7587024758054081
368, 0.24997156911755158, 0.792268526311377
369, 0.8379767267105342, 0.312253118501462
370, 0.4047946169217189, 0.5193887607234838
371, 0.499160830793705, 0.8477743921282045
372, 0.637746957150344, 0.40795679831243525
373, 0.4554222209283506, 0.774252284984745
374, 0.7885540149974386, 0.020061746812412573
375, 0.11663255568854503, 0.3596065227663956
376, 0.1522698193297296, 0.08129487068877894
377, 0.14788019331709834, 0.9947311857065042
378, 0.6301938675107938, 0.7000644972070078
379, 0.5917004089922661, 0.8039954667350547
380, 0.6827543091517552, 0.6438810555066595
381, 0.07306819821809918, 0.5268010205747216
382, 0.9896005680236554, 0.522000076776708
383, 0.6768532973518403, 0.5815175163846529
384, 0.6964895855737658, 0.5835865160470667
385, 0.3345488760601988, 0.4027300374446158
386, 0.5884660593597917, 0.8285126614598843
387, 0.4215730987890871, 0.6132837542632688
388, 0.12973984770284175, 0.32511369175137494
389, 0.700714781868033, 0.6730935982214931
390, 0.21688334951529376, 0.7785198743212777
391, 0.0036470472213752103, 0.6653164308585789
392, 0.7819429789536828, 0.6893546034262596
393, 0.6271546319616554, 0.7929519765627934
394, 0.22256999258981314, 0.8866667679242596
395, 0.09487088646786324, 0.8421472369580357
396, 0.6721732876744327, 0.5294236976442295
397, 0.3523688861336073, 0.37928330166826074
398, 0.7215940083897214, 0.4528402266992052
399, 0.860183895735266, 0.7660253613070134
end_nodes
0, 1
0, 2
0, 3
0, 4
0, 5
0, 6
0, 7
0, 8
0, 9
0, 10
0, 11
0, 12
0, 13
0, 14
0, 15
0, 16
0, 17
0, 18
0, 19
0, 20
21, 2
21, 6
21, 19
21, 28
21, 29
21, 36
21, 56
21, 67
21, 101
21, 112
21, 138
21, 142
21, 143
21, 155
21, 160
21, 162
21, 177
21, 187
21, 188
21, 190
22, 2
22, 3
22, 5
22, 6
22, 7
22, 8
22, 11
22, 12
22, 13
22, 14
22, 15
22, 16
22, 17
22, 18
22, 19
22, 20
22, 23
22, 24
22, 25
22, 26
30, 164
30, 254
30, 293
32, 3
32, 8
32, 15
32, 20
32, 27
32, 38
32, 43
32, 76
32, 93
32, 103
32, 123
32, 153
32, 179
32, 185
32, 193
32, 196
32, 207
32, 208
32, 220
32, 242
35, 7
35, 14
35, 18
35, 24
35, 33
35, 34
35, 51
35, 52
35, 54
35, 57
35, 62
35, 73
35, 80
35, 83
35, 92
35, 100
35, 108
35, 120
35, 146
35, 156
37, 3
37, 7
37, 8
37, 13
37, 14
37, 15
37, 16
37, 17
37, 18
37, 20
37, 23
37, 24
37, 25
37, 26
37, 27
37, 31
37, 33
37, 34
37, 38
37, 43
39, 2
39, 3
39, 5
39, 6
39, 7
39, 8
39, 11
39, 12
39, 13
39, 14
39, 17
39, 18
39, 19
39, 23
39, 24
39, 27
39, 28
39, 29
39, 31
39, 33
40, 4
40, 5
40, 61
40, 75
40, 199
40, 221
40, 364
40, 382
41, 2
41, 4
41, 5
41, 6
41, 7
41, 8
41, 9
41, 10
41, 11
41, 12
41, 13
41, 14
41, 15
41, 16
41, 17
41, 18
41, 19
41, 20
41, 23
41, 24
44, 2
44, 3
44, 5
44, 6
44, 7
44, 12
44, 13
44, 18
44, 19
44, 23
44, 28
44, 29
44, 31
44, 33
44, 34
44, 36
44, 38
44, 46
44, 49
44, 56
45, 3
45, 8
45, 15
45, 20
45, 26
45, 27
45, 38
45, 43
45, 76
45, 93
45, 103
45, 123
45, 153
45, 171
45, 179
45, 183
45, 185
45, 193
45, 196
45, 203
47, 2
47, 6
47, 7
47, 11
47, 13
47, 14
47, 18
47, 23
47, 24
47, 31
47, 33
47, 34
47, 36
47, 48
47, 49
47, 51
47, 52
47, 54
47, 57
47, 59
50, 2
50, 3
50, 5
50, 6
50, 7
50, 8
50, 11
50, 12
50, 13
50, 14
50, 15
50, 16
50, 17
50, 18
50, 19
50, 20
50, 23
50, 24
50, 25
50, 26
53, 3
53, 8
53, 15
53, 17
53, 20
53, 26
53, 27
53, 38
53, 43
53, 68
53, 76
53, 85
53, 93
53, 103
53, 106
53, 118
53, 121
53, 123
53, 128
53, 135
55, 2
55, 3
55, 6
55, 7
55, 8
55, 11
55, 13
55, 14
55, 17
55, 18
55, 23
55, 24
55, 25
55, 26
55, 27
55, 31
55, 33
55, 34
55, 36
55, 38
58, 7
58, 14
58, 17
58, 24
58, 33
58, 34
58, 48
58, 51
58, 52
58, 54
58, 57
58, 59
58, 62
58, 73
58, 80
58, 84
58, 92
58, 100
58, 108
58, 118
60, 4
60, 5
60, 42
60, 61
60, 75
60, 168
60, 170
60, 199
60, 221
60, 337
60, 364
60, 382
60, 392
63, 5
63, 168
63, 170
63, 337
63, 382
65, 2
65, 3
65, 6
65, 7
65, 8
65, 11
65, 13
65, 14
65, 17
65, 18
65, 23
65, 24
65, 26
65, 31
65, 33
65, 34
65, 36
65, 38
65, 48
65, 49
66, 52
66, 59
66, 84
66, 118
66, 131
66, 164
66, 201
66, 253
66, 254
66, 289
66, 293
66, 345
66, 357
66, 362
66, 366
66, 376
69, 3
69, 15
69, 27
69, 38
69, 43
69, 103
69, 123
69, 153
69, 179
69, 185
69, 193
69, 196
69, 207
69, 208
69, 220
69, 242
69, 245
69, 247
69, 270
69, 286
72, 2
72, 4
72, 5
72, 6
72, 7
72, 8
72, 9
72, 10
72, 11
72, 12
72, 13
72, 14
72, 15
72, 16
72, 17
72, 18
72, 19
72, 20
72, 23
72, 24
74, 227
77, 3
77, 7
77, 8
77, 14
77, 15
77, 17
77, 20
77, 25
77, 26
77, 27
77, 38
77, 43
77, 48
77, 51
77, 52
77, 57
77, 59
77, 62
77, 68
77, 73
78, 7
78, 14
78, 18
78, 24
78, 33
78, 34
78, 48
78, 51
78, 52
78, 54
78, 57
78, 59
78, 62
78, 73
78, 80
78, 83
78, 84
78, 92
78, 100
78, 108
79, 2
79, 4
79, 5
79, 6
79, 7
79, 8
79, 9
79, 10
79, 11
79, 12
79, 13
79, 14
79, 15
79, 16
79, 17
79, 18
79, 19
79, 20
79, 23
79, 24
81, 5
81, 61
81, 75
81, 112
81, 142
81, 168
81, 170
81, 184
81, 187
81, 206
81, 213
81, 217
81, 221
81, 227
81, 246
81, 258
81, 278
81, 316
81, 337
81, 350
82, 7
82, 14
82, 24
82, 33
82, 34
82, 48
82, 51
82, 52
82, 54
82, 57
82, 59
82, 62
82, 73
82, 80
82, 84
82, 92
82, 100
82, 108
82, 118
82, 131
86, 2
86, 3
86, 6
86, 7
86, 8
86, 11
86, 13
86, 14
86, 15
86, 16
86, 17
86, 18
86, 20
86, 23
86, 24
86, 25
86, 26
86, 27
86, 28
86, 31
87, 8
87, 17
87, 68
87, 76
87, 84
87, 105
87, 106
87, 118
87, 131
87, 135
87, 140
87, 163
87, 164
87, 171
87, 183
87, 201
87, 203
87, 229
87, 254
87, 260
89, 2
89, 6
89, 7
89, 11
89, 13
89, 14
89, 17
89, 18
89, 23
89, 24
89, 31
89, 33
89, 34
89, 36
89, 48
89, 49
89, 51
89, 52
89, 54
89, 56
90, 5
90, 168
90, 170
90, 187
90, 206
90, 227
90, 258
90, 278
90, 337
90, 382
94, 48
94, 52
94, 59
94, 84
94, 108
94, 131
94, 139
94, 164
94, 178
94, 253
94, 254
94, 269
94, 293
94, 342
94, 345
94, 357
94, 362
94, 366
94, 376
95, 3
95, 8
95, 14
95, 15
95, 17
95, 20
95, 25
95, 26
95, 27
95, 38
95, 43
95, 48
95, 52
95, 57
95, 59
95, 62
95, 68
95, 73
95, 76
95, 84
96, 2
96, 4
96, 5
96, 6
96, 7
96, 8
96, 9
96, 10
96, 11
96, 12
96, 13
96, 14
96, 15
96, 17
96, 18
96, 19
96, 20
96, 23
96, 24
96, 25
97, 2
97, 3
97, 6
97, 8
97, 11
97, 12
97, 13
97, 15
97, 16
97, 17
97, 18
97, 19
97, 20
97, 23
97, 24
97, 25
97, 26
97, 27
97, 28
97, 29
98, 52
98, 59
98, 84
98, 131
98, 139
98, 164
98, 178
98, 253
98, 254
98, 289
98, 293
98, 342
98, 345
98, 357
98, 362
98, 366
98, 376
99, 13
99, 18
99, 23
99, 31
99, 33
99, 34
99, 83
99, 88
99, 92
99, 107
99, 120
99, 134
99, 146
99, 156
99, 167
99, 176
99, 181
99, 189
99, 192
99, 194
109, 2
109, 3
109, 4
109, 5
109, 6
109, 8
109, 11
109, 12
109, 13
109, 15
109, 16
109, 17
109, 18
109, 19
109, 20
109, 23
109, 24
109, 25
109, 26
109, 27
110, 84
110, 131
110, 164
110, 254
110, 293
110, 376
113, 6
113, 19
113, 28
113, 67
113, 112
113, 138
113, 142
113, 143
113, 155
113, 162
113, 177
113, 184
113, 187
113, 188
113, 190
113, 198
113, 213
113, 217
113, 246
113, 258
114, 3
114, 15
114, 20
114, 24
114, 26
114, 27
114, 34
114, 38
114, 43
114, 48
114, 51
114, 52
114, 54
114, 57
114, 59
114, 62
114, 68
114, 73
114, 76
114, 80
116, 3
116, 15
116, 20
116, 26
116, 27
116, 38
116, 43
116, 48
116, 52
116, 59
116, 62
116, 68
116, 76
116, 84
116, 85
116, 93
116, 103
116, 106
116, 108
116, 118
119, 2
119, 6
119, 19
119, 28
119, 36
119, 49
119, 56
119, 64
119, 70
119, 101
119, 107
119, 112
119, 117
119, 134
119, 138
119, 155
119, 157
119, 158
119, 160
119, 162
124, 112
124, 142
124, 161
124, 170
124, 184
124, 187
124, 206
124, 213
124, 217
124, 227
124, 246
124, 258
124, 278
124, 316
124, 337
124, 350
125, 2
125, 6
125, 19
125, 28
125, 36
125, 56
125, 67
125, 101
125, 112
125, 138
125, 142
125, 155
125, 160
125, 162
125, 177
125, 188
125, 190
125, 198
125, 213
125, 246
126, 161
126, 170
126, 184
126, 187
126, 217
126, 227
126, 258
126, 278
126, 337
127, 2
127, 11
127, 12
127, 13
127, 19
127, 23
127, 28
127, 29
127, 31
127, 33
127, 34
127, 36
127, 46
127, 49
127, 51
127, 52
127, 54
127, 56
127, 57
127, 59
129, 1
129, 3
129, 38
129, 208
129, 247
129, 349
129, 355
130, 4
130, 5
130, 9
130, 10
130, 11
130, 12
130, 13
130, 15
130, 16
130, 19
130, 20
130, 23
130, 25
130, 26
130, 27
130, 28
130, 29
130, 31
130, 33
130, 34
132, 4
132, 5
132, 10
132, 27
132, 38
132, 42
132, 61
132, 75
132, 111
132, 115
132, 148
132, 168
132, 170
132, 184
132, 187
132, 195
132, 199
132, 206
132, 207
132, 208
133, 19
133, 28
133, 29
133, 36
133, 49
133, 56
133, 64
133, 67
133, 70
133, 101
133, 107
133, 112
133, 117
133, 134
133, 138
133, 142
133, 155
133, 157
133, 158
133, 160
137, 23
137, 31
137, 33
137, 34
137, 49
137, 64
137, 83
137, 88
137, 91
137, 92
137, 101
137, 107
137, 120
137, 134
137, 146
137, 150
137, 151
137, 156
137, 167
137, 169
141, 5
141, 11
141, 12
141, 16
141, 19
141, 20
141, 25
141, 26
141, 27
141, 28
141, 29
141, 31
141, 33
141, 34
141, 36
141, 38
141, 43
141, 46
141, 48
141, 49
144, 164
144, 254
144, 293
145, 1
145, 9
145, 38
147, 31
147, 33
147, 34
147, 49
147, 54
147, 64
147, 80
147, 83
147, 88
147, 91
147, 92
147, 100
147, 101
147, 107
147, 120
147, 134
147, 146
147, 150
147, 151
147, 156
149, 33
149, 34
149, 48
149, 51
149, 52
149, 54
149, 57
149, 59
149, 62
149, 68
149, 73
149, 76
149, 80
149, 84
149, 92
149, 100
149, 105
149, 106
149, 108
149, 118
152, 11
152, 19
152, 26
152, 28
152, 31
152, 33
152, 34
152, 36
152, 38
152, 48
152, 49
152, 51
152, 52
152, 54
152, 56
152, 57
152, 59
152, 62
152, 64
152, 68
154, 28
154, 31
154, 36
154, 49
154, 56
154, 64
154, 70
154, 91
154, 101
154, 104
154, 107
154, 112
154, 117
154, 134
154, 138
154, 155
154, 157
154, 158
154, 160
154, 162
159, 31
159, 33
159, 34
159, 48
159, 51
159, 52
159, 54
159, 57
159, 59
159, 62
159, 73
159, 80
159, 83
159, 84
159, 88
159, 92
159, 100
159, 102
159, 107
159, 108
165, 4
165, 5
165, 9
165, 10
165, 11
165, 12
165, 25
165, 26
165, 27
165, 28
165, 29
165, 31
165, 36
165, 42
165, 46
165, 48
165, 49
165, 51
165, 52
165, 54
173, 4
173, 5
173, 9
173, 10
173, 12
173, 16
173, 25
173, 26
173, 27
173, 28
173, 29
173, 31
173, 36
173, 42
173, 46
173, 48
173, 49
173, 51
173, 52
173, 54
174, 12
174, 16
174, 25
174, 26
174, 27
174, 28
174, 29
174, 31
174, 36
174, 38
174, 43
174, 46
174, 48
174, 49
174, 51
174, 52
174, 54
174, 56
174, 57
174, 59
175, 48
175, 57
175, 59
175, 62
175, 73
175, 84
175, 100
175, 108
175, 131
175, 139
175, 164
175, 167
175, 172
175, 178
175, 186
175, 232
175, 244
175, 251
175, 253
175, 254
180, 4
180, 9
180, 10
180, 12
180, 16
180, 25
180, 28
180, 29
180, 36
180, 42
180, 46
180, 48
180, 49
180, 51
180, 54
180, 56
180, 57
180, 59
180, 61
180, 62
182, 36
182, 49
182, 51
182, 54
182, 57
182, 59
182, 62
182, 64
182, 73
182, 80
182, 83
182, 84
182, 88
182, 91
182, 92
182, 100
182, 101
182, 102
182, 104
182, 107
191, 38
191, 43
191, 68
191, 76
191, 93
191, 103
191, 121
191, 123
191, 128
191, 136
191, 153
191, 164
191, 171
191, 179
191, 183
191, 185
191, 193
191, 196
191, 203
191, 204
197, 28
197, 29
197, 36
197, 56
197, 64
197, 67
197, 101
197, 112
197, 138
197, 142
197, 143
197, 155
197, 160
197, 161
197, 162
197, 170
197, 177
197, 184
197, 187
197, 188
202, 12
202, 25
202, 28
202, 29
202, 36
202, 38
202, 43
202, 46
202, 49
202, 51
202, 54
202, 56
202, 57
202, 59
202, 62
202, 64
202, 67
202, 68
202, 70
202, 71
209, 29
209, 49
209, 56
209, 64
209, 67
209, 70
209, 101
209, 107
209, 112
209, 117
209, 134
209, 138
209, 142
209, 143
209, 155
209, 157
209, 158
209, 160
209, 162
209, 169
210, 4
210, 9
210, 10
210, 12
210, 16
210, 25
210, 29
210, 42
210, 46
210, 49
210, 51
210, 54
210, 56
210, 57
210, 61
210, 62
210, 64
210, 67
210, 68
210, 70
211, 25
211, 43
211, 62
211, 68
211, 76
211, 84
211, 85
211, 93
211, 103
211, 106
211, 108
211, 118
211, 121
211, 123
211, 128
211, 131
211, 135
211, 136
211, 139
211, 140
214, 51
214, 54
214, 57
214, 62
214, 68
214, 73
214, 76
214, 80
214, 83
214, 84
214, 85
214, 88
214, 92
214, 100
214, 102
214, 105
214, 106
214, 107
214, 108
214, 118
215, 1
218, 115
218, 195
218, 207
218, 208
218, 247
218, 291
218, 307
218, 349
218, 355
222, 29
222, 46
222, 56
222, 64
222, 67
222, 70
222, 71
222, 80
222, 83
222, 88
222, 91
222, 92
222, 100
222, 101
222, 104
222, 107
222, 112
222, 117
222, 120
222, 134
223, 29
223, 46
223, 56
223, 64
223, 67
223, 70
223, 71
223, 83
223, 88
223, 91
223, 92
223, 101
223, 104
223, 107
223, 112
223, 117
223, 120
223, 134
223, 138
223, 142
224, 4
224, 10
224, 42
224, 61
224, 75
224, 111
224, 148
224, 168
224, 170
224, 184
224, 187
224, 199
224, 206
224, 208
224, 212
224, 213
224, 217
224, 221
224, 227
224, 247
225, 57
225, 62
225, 68
225, 73
225, 76
225, 80
225, 83
225, 84
225, 85
225, 88
225, 92
225, 100
225, 102
225, 105
225, 106
225, 107
225, 108
225, 118
225, 120
225, 122
226, 62
226, 73
226, 100
226, 108
226, 167
226, 172
226, 186
226, 200
226, 232
226, 244
226, 294
226, 351
228, 73
228, 80
228, 83
228, 84
228, 88
228, 92
228, 100
228, 102
228, 107
228, 108
228, 118
228, 120
228, 122
228, 131
228, 134
228, 139
228, 146
228, 156
228, 164
228, 166
231, 4
231, 10
231, 16
231, 25
231, 29
231, 42
231, 43
231, 46
231, 56
231, 61
231, 64
231, 67
231, 68
231, 70
231, 71
231, 73
231, 75
231, 76
231, 80
231, 83
233, 29
233, 56
233, 64
233, 67
233, 70
233, 101
233, 107
233, 112
233, 117
233, 134
233, 138
233, 142
233, 143
233, 155
233, 157
233, 158
233, 160
233, 162
233, 169
233, 177
236, 46
236, 56
236, 64
236, 67
236, 70
236, 71
236, 83
236, 88
236, 91
236, 92
236, 101
236, 104
236, 107
236, 112
236, 117
236, 120
236, 134
236, 138
236, 142
236, 143
237, 43
237, 68
237, 76
237, 85
237, 93
237, 103
237, 106
237, 118
237, 121
237, 123
237, 128
237, 135
237, 136
237, 140
237, 153
237, 163
237, 164
237, 171
237, 179
237, 183
238, 4
238, 10
238, 42
238, 43
238, 46
238, 61
238, 64
238, 67
238, 68
238, 70
238, 71
238, 73
238, 75
238, 76
238, 80
238, 83
238, 84
238, 85
238, 88
238, 91
239, 67
239, 112
239, 138
239, 142
239, 143
239, 155
239, 162
239, 177
239, 184
239, 187
239, 188
239, 190
239, 198
239, 213
239, 217
239, 227
239, 246
239, 258
239, 277
239, 316
241, 43
241, 46
241, 64
241, 67
241, 68
241, 70
241, 71
241, 73
241, 76
241, 80
241, 83
241, 84
241, 85
241, 88
241, 91
241, 92
241, 93
241, 100
241, 101
241, 102
243, 43
243, 68
243, 73
243, 76
243, 80
243, 85
243, 92
243, 93
243, 100
243, 103
243, 105
243, 106
243, 108
243, 118
243, 121
243, 123
243, 128
243, 131
243, 135
243, 136
248, 4
248, 9
248, 10
248, 16
248, 42
248, 46
248, 61
248, 64
248, 67
248, 68
248, 70
248, 71
248, 73
248, 75
248, 76
248, 80
248, 83
248, 85
248, 88
248, 91
249, 80
249, 92
249, 100
249, 108
249, 156
249, 167
249, 172
249, 176
249, 181
249, 186
249, 194
249, 200
249, 232
249, 244
249, 294
249, 298
249, 299
249, 300
249, 301
249, 328
256, 4
256, 61
256, 64
256, 67
256, 70
256, 75
256, 91
256, 101
256, 104
256, 107
256, 112
256, 117
256, 134
256, 138
256, 142
256, 143
256, 155
256, 157
256, 158
256, 160
259, 16
259, 43
259, 46
259, 67
259, 70
259, 71
259, 76
259, 80
259, 83
259, 85
259, 88
259, 91
259, 92
259, 93
259, 100
259, 101
259, 102
259, 103
259, 104
259, 105
262, 76
262, 93
262, 103
262, 118
262, 121
262, 123
262, 128
262, 135
262, 136
262, 140
262, 153
262, 164
262, 171
262, 179
262, 183
262, 185
262, 193
262, 196
262, 201
262, 203
264, 67
264, 70
264, 101
264, 107
264, 112
264, 117
264, 134
264, 138
264, 142
264, 155
264, 157
264, 158
264, 160
264, 162
264, 169
264, 177
264, 190
264, 198
264, 213
264, 234
266, 46
266, 70
266, 71
266, 83
266, 88
266, 91
266, 100
266, 101
266, 104
266, 107
266, 112
266, 117
266, 120
266, 122
266, 134
266, 138
266, 142
266, 143
266, 146
266, 150
267, 4
267, 9
267, 10
267, 16
267, 42
267, 46
267, 61
267, 70
267, 71
267, 75
267, 83
267, 85
267, 88
267, 91
267, 93
267, 100
267, 101
267, 102
267, 104
267, 105
268, 9
268, 10
268, 42
268, 46
268, 61
268, 70
268, 71
268, 75
268, 85
268, 88
268, 91
268, 93
268, 102
268, 104
268, 105
268, 106
268, 107
268, 108
268, 111
268, 112
271, 88
271, 102
271, 108
271, 118
271, 120
271, 122
271, 131
271, 134
271, 139
271, 146
271, 156
271, 164
271, 166
271, 167
271, 172
271, 176
271, 178
271, 181
271, 186
271, 189
273, 108
273, 131
273, 156
273, 167
273, 172
273, 176
273, 178
273, 181
273, 186
273, 189
273, 192
273, 194
273, 200
273, 232
273, 244
273, 251
273, 294
273, 298
273, 299
273, 300
274, 61
274, 71
274, 75
274, 88
274, 91
274, 102
274, 104
274, 105
274, 108
274, 112
274, 117
274, 118
274, 120
274, 122
274, 131
274, 134
274, 135
274, 138
274, 139
274, 140
276, 117
276, 134
276, 138
276, 142
276, 143
276, 155
276, 157
276, 158
276, 160
276, 162
276, 169
276, 177
276, 184
276, 187
276, 188
276, 190
276, 198
276, 213
276, 217
276, 227
279, 9
279, 10
279, 42
279, 61
279, 71
279, 75
279, 85
279, 91
279, 93
279, 102
279, 104
279, 105
279, 106
279, 111
279, 115
279, 117
279, 118
279, 120
279, 121
279, 122
280, 85
280, 93
280, 103
280, 106
280, 118
280, 121
280, 123
280, 128
280, 131
280, 135
280, 136
280, 139
280, 140
280, 153
280, 156
280, 163
280, 164
280, 167
280, 171
280, 172
282, 85
282, 93
282, 102
282, 103
282, 105
282, 106
282, 118
282, 120
282, 121
282, 122
282, 123
282, 128
282, 131
282, 134
282, 135
282, 136
282, 139
282, 140
282, 146
282, 153
284, 93
284, 103
284, 118
284, 121
284, 123
284, 128
284, 135
284, 136
284, 140
284, 153
284, 164
284, 171
284, 179
284, 183
284, 185
284, 193
284, 196
284, 201
284, 203
284, 204
285, 85
285, 93
285, 103
285, 106
285, 121
285, 123
285, 128
285, 131
285, 135
285, 136
285, 139
285, 140
285, 153
285, 163
285, 164
285, 167
285, 171
285, 172
285, 178
285, 179
290, 131
290, 139
290, 156
290, 164
290, 167
290, 172
290, 176
290, 178
290, 181
290, 186
290, 194
290, 200
290, 232
290, 244
290, 251
290, 253
290, 254
290, 269
290, 293
290, 294
292, 250
295, 115
295, 195
295, 208
295, 247
295, 349
295, 355
296, 91
296, 102
296, 120
296, 122
296, 131
296, 134
296, 139
296, 146
296, 150
296, 151
296, 156
296, 164
296, 166
296, 167
296, 169
296, 172
296, 176
296, 178
296, 181
296, 186
302, 85
302, 105
302, 106
302, 128
302, 131
302, 135
302, 139
302, 140
302, 163
302, 164
302, 171
302, 172
302, 178
302, 183
302, 186
302, 201
302, 203
302, 204
302, 229
302, 232
305, 103
305, 123
305, 153
305, 179
305, 185
305, 193
305, 196
305, 207
305, 208
305, 220
305, 242
305, 245
305, 247
305, 270
305, 286
305, 288
305, 321
305, 327
305, 339
305, 348
308, 71
308, 85
308, 91
308, 102
308, 103
308, 104
308, 105
308, 106
308, 117
308, 120
308, 122
308, 123
308, 128
308, 131
308, 135
308, 138
308, 139
308, 140
308, 142
308, 143
309, 117
309, 138
309, 155
309, 157
309, 158
309, 160
309, 162
309, 169
309, 177
309, 198
309, 213
309, 246
309, 252
309, 257
309, 277
309, 326
309, 335
309, 350
309, 354
309, 369
310, 103
310, 123
310, 153
310, 179
310, 185
310, 193
310, 196
310, 207
310, 208
310, 220
310, 242
310, 245
310, 247
310, 270
310, 286
310, 288
310, 321
310, 327
310, 339
310, 348
311, 71
311, 91
311, 104
311, 117
311, 120
311, 138
311, 150
311, 151
311, 155
311, 156
311, 158
311, 160
311, 162
311, 169
311, 176
311, 177
311, 181
311, 189
311, 192
311, 194
312, 93
312, 103
312, 121
312, 123
312, 128
312, 136
312, 153
312, 171
312, 179
312, 183
312, 185
312, 193
312, 196
312, 203
312, 204
312, 207
312, 208
312, 220
312, 242
312, 245
314, 104
314, 117
314, 120
314, 150
314, 151
314, 156
314, 158
314, 162
314, 169
314, 176
314, 177
314, 181
314, 189
314, 192
314, 194
314, 216
314, 219
314, 252
314, 263
314, 275
315, 71
315, 85
315, 93
315, 102
315, 103
315, 104
315, 105
315, 106
315, 117
315, 120
315, 121
315, 122
315, 123
315, 128
315, 135
315, 136
315, 139
315, 140
315, 142
315, 143
317, 178
317, 345
317, 357
317, 362
318, 75
318, 168
318, 170
318, 184
318, 187
318, 206
318, 217
318, 227
318, 258
318, 278
318, 337
318, 364
318, 382
319, 142
319, 155
319, 160
319, 162
319, 169
319, 177
319, 188
319, 190
319, 198
319, 213
319, 246
319, 257
319, 258
319, 277
319, 316
319, 335
319, 350
319, 354
319, 369
322, 102
322, 104
322, 117
322, 120
322, 122
322, 146
322, 150
322, 151
322, 156
322, 158
322, 162
322, 166
322, 167
322, 169
322, 172
322, 176
322, 177
322, 178
322, 181
322, 186
324, 139
324, 164
324, 167
324, 172
324, 178
324, 186
324, 232
324, 244
324, 251
324, 253
324, 254
324, 269
324, 289
324, 293
324, 294
324, 342
324, 345
324, 351
324, 353
324, 357
325, 139
325, 146
325, 156
325, 167
325, 172
325, 176
325, 178
325, 181
325, 186
325, 189
325, 192
325, 194
325, 200
325, 205
325, 219
325, 232
325, 235
325, 244
325, 251
325, 253
334, 102
334, 105
334, 106
334, 121
334, 122
334, 123
334, 128
334, 135
334, 136
334, 139
334, 140
334, 146
334, 153
334, 156
334, 163
334, 166
334, 167
334, 171
334, 172
334, 176
336, 105
336, 106
336, 128
336, 135
336, 140
336, 163
336, 171
336, 183
336, 201
336, 203
336, 204
336, 229
336, 253
336, 254
336, 260
336, 265
336, 281
336, 289
336, 293
336, 297
338, 123
338, 153
338, 179
338, 185
338, 193
338, 196
338, 207
338, 208
338, 220
338, 242
338, 245
338, 247
338, 270
338, 286
338, 288
338, 321
338, 327
338, 339
338, 348
338, 349
340, 71
340, 104
340, 142
340, 143
340, 146
340, 150
340, 151
340, 155
340, 156
340, 157
340, 158
340, 160
340, 162
340, 167
340, 169
340, 176
340, 177
340, 181
340, 187
340, 188
341, 104
341, 143
341, 155
341, 157
341, 158
341, 160
341, 162
341, 169
341, 177
341, 184
341, 187
341, 188
341, 190
341, 198
341, 213
341, 217
341, 219
341, 227
341, 234
341, 246
343, 102
343, 104
343, 105
343, 106
343, 122
343, 128
343, 135
343, 139
343, 140
343, 146
343, 150
343, 151
343, 155
343, 156
343, 158
343, 162
343, 163
343, 166
343, 167
343, 169
346, 42
346, 61
346, 75
346, 143
346, 155
346, 157
346, 158
346, 160
346, 161
346, 162
346, 168
346, 169
346, 170
346, 177
346, 184
346, 187
346, 188
346, 190
346, 198
346, 199
352, 201
352, 253
352, 254
352, 289
352, 293
352, 342
352, 345
352, 357
352, 362
352, 366
352, 376
356, 9
356, 10
356, 42
356, 61
356, 71
356, 75
356, 102
356, 111
356, 115
356, 121
356, 122
356, 128
356, 135
356, 136
356, 139
356, 140
356, 143
356, 146
356, 148
356, 150
358, 71
358, 122
358, 146
358, 150
358, 151
358, 156
358, 157
358, 158
358, 160
358, 166
358, 167
358, 169
358, 176
358, 177
358, 181
358, 189
358, 192
358, 194
358, 198
358, 200
359, 105
359, 121
359, 122
359, 128
359, 135
359, 136
359, 140
359, 143
359, 146
359, 150
359, 151
359, 153
359, 156
359, 157
359, 158
359, 160
359, 161
359, 163
359, 166
359, 167
361, 140
361, 163
361, 201
361, 203
361, 229
361, 254
361, 265
361, 281
361, 289
361, 293
361, 297
361, 344
361, 376
363, 61
363, 75
363, 105
363, 121
363, 122
363, 128
363, 135
363, 136
363, 140
363, 143
363, 146
363, 150
363, 151
363, 153
363, 157
363, 158
363, 160
363, 161
363, 163
363, 166
365, 105
365, 121
365, 122
365, 136
365, 140
365, 143
365, 146
365, 150
365, 151
365, 153
365, 157
365, 158
365, 163
365, 166
365, 167
365, 169
365, 171
365, 172
365, 176
365, 177
367, 75
367, 143
367, 150
367, 157
367, 161
367, 168
367, 169
367, 170
367, 176
367, 177
367, 184
367, 187
367, 188
367, 189
367, 190
367, 194
367, 198
367, 206
367, 213
367, 217
368, 121
368, 122
368, 136
368, 146
368, 150
368, 151
368, 153
368, 163
368, 166
368, 169
368, 171
368, 172
368, 176
368, 177
368, 178
368, 179
368, 181
368, 183
368, 185
368, 186
370, 172
370, 176
370, 178
370, 181
370, 186
370, 189
370, 192
370, 194
370, 200
370, 205
370, 219
370, 232
370, 235
370, 244
370, 251
370, 275
370, 294
370, 298
370, 299
370, 300
371, 10
371, 42
371, 61
371, 75
371, 111
371, 122
371, 150
371, 151
371, 157
371, 161
371, 163
371, 166
371, 168
371, 169
371, 170
371, 172
371, 176
371, 178
371, 179
371, 181
373, 150
373, 151
373, 157
373, 161
373, 163
373, 166
373, 170
373, 172
373, 176
373, 178
373, 181
373, 184
373, 186
373, 187
373, 188
373, 189
373, 190
373, 192
373, 194
373, 198
377, 9
377, 42
377, 61
377, 75
377, 111
377, 115
377, 121
377, 136
377, 148
377, 150
377, 151
377, 157
377, 161
377, 163
377, 166
377, 168
377, 170
377, 171
377, 172
377, 176
378, 161
378, 168
378, 170
378, 184
378, 187
378, 188
378, 190
378, 198
378, 206
378, 213
378, 217
378, 227
378, 234
378, 246
378, 252
378, 257
378, 258
378, 277
378, 278
378, 316
379, 42
379, 150
379, 161
379, 168
379, 170
379, 184
379, 187
379, 188
379, 190
379, 198
379, 199
379, 206
379, 208
379, 213
379, 217
379, 219
379, 221
379, 227
379, 234
379, 246
380, 161
380, 170
380, 184
380, 187
380, 188
380, 190
380, 198
380, 213
380, 217
380, 227
380, 246
380, 257
380, 258
380, 277
380, 278
380, 316
380, 335
380, 337
380, 350
380, 354
383, 188
383, 190
383, 198
383, 213
383, 217
383, 234
383, 246
383, 252
383, 257
383, 258
383, 277
383, 316
383, 326
383, 335
383, 350
383, 354
383, 369
383, 398
384, 188
384, 190
384, 198
384, 213
384, 217
384, 246
384, 257
384, 258
384, 277
384, 316
384, 335
384, 350
384, 354
384, 369
385, 178
385, 186
385, 232
385, 244
385, 251
385, 253
385, 254
385, 293
385, 342
385, 345
385, 351
385, 357
385, 362
385, 366
386, 42
386, 111
386, 168
386, 170
386, 184
386, 188
386, 190
386, 198
386, 199
386, 206
386, 207
386, 208
386, 212
386, 213
386, 217
386, 219
386, 221
386, 227
386, 234
386, 242
387, 151
387, 166
387, 178
387, 181
387, 186
387, 189
387, 192
387, 194
387, 200
387, 205
387, 216
387, 219
387, 232
387, 235
387, 244
387, 251
387, 252
387, 253
387, 254
387, 255
389, 161
389, 168
389, 170
389, 184
389, 188
389, 198
389, 206
389, 213
389, 217
389, 227
389, 246
389, 258
389, 278
389, 316
389, 335
389, 337
389, 350
389, 354
389, 382
390, 136
390, 153
390, 163
390, 166
390, 171
390, 178
390, 179
390, 181
390, 183
390, 185
390, 186
390, 189
390, 192
390, 193
390, 194
390, 196
390, 200
390, 201
390, 203
390, 204
391, 179
391, 185
391, 193
391, 196
391, 207
391, 208
391, 220
391, 242
391, 245
391, 247
391, 270
391, 286
391, 288
391, 321
391, 327
391, 339
391, 348
391, 349
391, 355
393, 42
393, 168
393, 184
393, 188
393, 190
393, 198
393, 199
393, 206
393, 213
393, 217
393, 221
393, 227
393, 246
393, 252
393, 257
393, 258
393, 261
393, 277
393, 278
393, 316
394, 136
394, 151
394, 161
394, 163
394, 166
394, 171
394, 179
394, 181
394, 183
394, 185
394, 186
394, 189
394, 190
394, 192
394, 193
394, 194
394, 196
394, 200
394, 201
394, 203
395, 163
395, 171
395, 179
395, 183
395, 185
395, 186
395, 193
395, 196
395, 201
395, 203
395, 204
395, 207
395, 208
395, 220
395, 229
395, 232
395, 240
395, 242
395, 244
395, 245
396, 234
396, 246
396, 252
396, 257
396, 277
396, 316
396, 326
396, 335
396, 350
396, 354
396, 369
396, 374
396, 398
397, 186
397, 232
397, 244
397, 251
397, 345
397, 351
397, 357
397, 362
end