240
4
0, 0.8552665137538692, 0.13051998456739167
1, 0.5926907694579865, 0.9034996929650161
2, 0.6386745592628178, 0.8317668213261235
3, 0.34776273907401545, 0.1419461746790227
4, 0.902786252865837, 0.08384579267886805
5, 0.8742716381397315, 0.9254832620156964
6, 0.8749905704120422, 0.10466060486751838
7, 0.5226989282805198, 0.8064931720501642
8, 0.9440588298682847, 0.5299877329141776
9, 0.941188215696369, 0.6788940456772232
10, 0.3519476018414306, 0.18324571960069735
11, 0.264173231712843, 0.06538381261910775
12, 0.022530452962302605, 0.04922224541538944
13, 0.8214057031900802, 0.41765451080165084
14, 0.532037180195708, 0.5289077401971326
15, 0.5651381745696036, 0.10485539028251167
16, 0.8971404521393336, 0.8774097914997566
17, 0.7238284531909501, 0.9657072781213385
18, 0.4710220095022918, 0.497194060322824
19, 0.9821776967187469, 0.9982773178758784
20, 0.6036955882806927, 0.4316079562889453
21, 0.07457247551849, 0.6443850590582285
22, 0.4705612999864134, 0.44707860317664716
23, 0.1866855076278574, 0.1405263892656049
24, 0.7471289597848549, 0.6835267272152125
25, 0.8379025455210498, 0.32587657243569945
26, 0.826995864208317, 0.4099581773689892
27, 0.8285390095950654, 0.6182184234572676
28, 0.6488230640922797, 0.7659803349190236
29, 0.7765846226988525, 0.5652045885710205
30, 0.24298123134974348, 0.5752941085005064
31, 0.14495091532195825, 0.3929216285185618
32, 0.5076589973919093, 0.9214471689973699
33, 0.22189321378781512, 0.1577375298017325
34, 0.3412262931427358, 0.7299816217514172
35, 0.9977390686618571, 0.6273525343031383
36, 0.3311197241699284, 0.4029612693048946
37, 0.1968510381495313, 0.9245963973549325
38, 0.3498486146888744, 0.14509977084762604
39, 0.4998931205048881, 0.15261721796715044
40, 0.7980723853889757, 0.8654470336787664
41, 0.7290573270044192, 0.20491828265795808
42, 0.4266620726185675, 0.7611946935767163
43, 0.7129915061732299, 0.9726031196674487
44, 0.689653800268213, 0.6283056090392091
45, 0.2221159647412989, 0.034347565871230334
46, 0.8881014618440252, 0.34098784729448073
47, 0.6041755506536682, 0.20843872363921634
48, 0.27703479199902614, 0.4422051059122635
49, 0.32121074365579994, 0.5359821151257609
50, 0.9709026244378975, 0.2672815776786469
51, 0.32270065795512914, 0.5593123042167328
52, 0.12947271589714204, 0.9545982448181053
53, 0.6558011914120304, 0.19726901753824988
54, 0.6734463500403001, 0.9679955475563998
55, 0.5923197710044092, 0.2104835425005055
56, 0.8131634685987786, 0.12340161443432152
57, 0.09271823816031277, 0.943353134986622
58, 0.45707775348954705, 0.15200343085049384
59, 0.2947996949103403, 0.7939582002115534
60, 0.004083837816487801, 0.5768496504401466
61, 0.34179298768851396, 0.7287423856073749
62, 0.15287771772201664, 0.4644275099898968
63, 0.38646343649005754, 0.6172465518018942
64, 0.20821884051330386, 0.14472346841987993
65, 0.2593821965059159, 0.13413352496877917
66, 0.08411478812696316, 0.3382328675853895
67, 0.9565909456097957, 0.10940590228044711
68, 0.9848382604295234, 0.40094078687334345
69, 0.4815459934720796, 0.7495810286575665
70, 0.44341725615137706, 0.8212092233163037
71, 0.22476718486348324, 0.44890546242231355
72, 0.37691296861119505, 0.4231647837169221
73, 0.125371374490989, 0.33701871403024264
74, 0.7296873048046569, 0.059339822408384646
75, 0.38464638004068774, 0.7278939162001695
76, 0.1541573463703818, 0.6389951189257901
77, 0.22395789637785668, 0.13528493002770725
78, 0.8079458107632413, 0.25945924155924627
79, 0.11934084440567894, 0.265189168793026
80, 0.5412192901259226, 0.5907841999933711
81, 0.026404716871528233, 0.545460386201512
82, 0.5491126693414615, 0.27871677382274085
83, 0.3388032553758388, 0.24092637949089812
84, 0.4869928173907325, 0.24615519113708884
85, 0.055427001141832966, 0.5754773598662543
86, 0.9141822139763306, 0.5185857024435491
87, 0.7754784545395085, 0.895445020529393
88, 0.07007313560402184, 0.5806312434796234
89, 0.5343534793350704, 0.6458824906463271
90, 0.5264446963074892, 0.6091368350733329
91, 0.3199217740675975, 0.37505750955768324
92, 0.8581594507899126, 0.3861214385395819
93, 0.5879594962241753, 0.34114192497103446
94, 0.6661166826326759, 0.19677447258925962
95, 0.9930494660781913, 0.9063330384959425
96, 0.9488573081468102, 0.9374212514983288
97, 0.9346968260168754, 0.66613480876706
98, 0.41283844097247246, 0.40685116205616956
99, 0.5440824750440556, 0.6696544640416033
100, 0.6728769958245624, 0.7807926531348554
101, 0.018865634593802194, 0.17269830855108947
102, 0.7145038348368347, 0.479645943226513
103, 0.17452114132936924, 0.39110593799241644
104, 0.448661530650892, 0.5193226312105227
105, 0.722928856847875, 0.5604431308702125
106, 0.7300905506679827, 0.36526040733941056
107, 0.39279655095782195, 0.41535302980405575
108, 0.44308255435087196, 0.12499383527636987
109, 0.8596617308840998, 0.8965059083075475
110, 0.12962251223639287, 0.7515238027348573
111, 0.006706236524157916, 0.3625825059283242
112, 0.7349186794613659, 0.3190224047307638
113, 0.41847555519591917, 0.7877903886127029
114, 0.7175827946212004, 0.3197854722681769
115, 0.7355320292407984, 0.354767272416063
116, 0.7637381206603409, 0.28775456430460344
117, 0.9152520369829915, 0.3919892825939274
118, 0.14488749770794895, 0.40019124111675375
119, 0.2311977653061167, 0.8599249971333787
120, 0.9194512174519018, 0.39230713657566696
121, 0.0994632742525049, 0.2852197281549599
122, 0.059874671231424426, 0.7450765655704006
123, 0.8097453032147163, 0.2714206424462935
124, 0.6936999766801057, 0.858422219727179
125, 0.3594708828579085, 0.36708856241099186
126, 0.4505317762855776, 0.2955663301171376
127, 0.7417601964916745, 0.23316311941789047
128, 0.6099761191046092, 0.4011511976531005
129, 0.03144213711060162, 0.4027684158517236
130, 0.913784629094233, 0.3221333418694732
131, 0.45288663622409486, 0.1451791861656785
132, 0.7589168122610038, 0.3754416681522378
133, 0.569646336187599, 0.14623246078154473
134, 0.0841679409953826, 0.16245884601989957
135, 0.5477399106375217, 0.0024610892606783397
136, 0.888323152149137, 0.07604215573463036
137, 0.649530618646346, 0.038450177848093015
138, 0.1795221222999398, 0.7783698687779872
139, 0.8148800317843559, 0.8901580048732537
140, 0.37921552027806915, 0.6552966896729926
141, 0.7636443362541032, 0.37855667607619337
142, 0.08906770960790689, 0.8886141974881955
143, 0.8684541296507743, 0.13568299229275416
144, 0.2584773343733735, 0.615284930861384
145, 0.39410511306728435, 0.5549348277731203
146, 0.9592764695645725, 0.8159546057903952
147, 0.07400104142990349, 0.7949635817895725
148, 0.5237143249308889, 0.34031410674622
149, 0.07309577790598576, 0.4792684209232019
150, 0.6919738037676652, 0.9980736784311854
151, 0.925434388420172, 0.945562579930694
152, 0.12066097508344942, 0.29716745658347854
153, 0.20640079093142027, 0.6759094550924344
154, 0.24611078545991283, 0.39453716831343055
155, 0.3460603844500747, 0.2873066591563247
156, 0.8994689896438796, 0.20228262459922186
157, 0.07813057348382457, 0.8810373854703593
158, 0.05261976290930093, 0.28673322415603497
159, 0.8602593348017895, 0.4323134288308621
160, 0.18430191532237372, 0.8005164260492958
161, 0.31228219359401455, 0.36706693331317064
162, 0.5083991162851176, 0.3129597783932221
163, 0.5496458245714617, 0.4930054959877156
164, 0.6746366683181976, 0.04770434942830559
165, 0.467283330664364, 0.017446633000451683
166, 0.4387192392046113, 0.02383646854978705
167, 0.9819204612527136, 0.9273662328775685
168, 0.41905036619226277, 0.5998307601471752
169, 0.584961807231858, 0.3524764128221819
170, 0.7813855289477214, 0.7987966541714447
171, 0.8297932037898018, 0.2982715512012267
172, 0.615332661502239, 0.24173213044878505
173, 0.944806671112357, 0.5729929744562479
174, 0.4812721072830515, 0.8137737051855612
175, 0.5925744860165021, 0.8475797262635439
176, 0.47239508219306536, 0.04061313826943047
177, 0.6755389815465207, 0.34370016239143086
178, 0.7197597451632811, 0.5569648290302551
179, 0.03416373820639751, 0.7407905264284808
180, 0.27045558064072384, 0.6969117525343411
181, 0.7223981972133828, 0.48041348603732414
182, 0.6468239042639891, 0.00858548823411509
183, 0.7822433250727646, 0.4048531378771374
184, 0.9750752145077738, 0.38751368312076107
185, 0.43785057038508457, 0.6835636529224204
186, 0.08934829183049409, 0.7401477318268935
187, 0.010628870828226389, 0.29796802390122457
188, 0.7322737204677354, 0.9235049069044761
189, 0.21123072384383645, 0.7953197158414931
190, 0.4672056687183095, 0.015491294530430633
191, 0.858689687308785, 0.17042966103596557
192, 0.9362583727639863, 0.8764872393512991
193, 0.735952148599349, 0.06661050064085239
194, 0.4980078517195484, 0.36696220939925395
195, 0.9886916109707636, 0.6262766853410032
196, 0.4340366623850124, 0.5079005812313264
197, 0.6472109089759095, 0.41008614311883884
198, 0.7235390730916639, 0.2766388813149916
199, 0.0950987686376904, 0.08114721900149335
200, 0.6698126812512617, 0.7210492605159217
201, 0.691705233332858, 0.5632692582021747
202, 0.7676852825254384, 0.04291866604271055
203, 0.6737834835755011, 0.11927696012265965
204, 0.5472888161944668, 0.11273659999445096
205, 0.46245594787483957, 0.3543892800058004
206, 0.32878004428001306, 0.08757579600276899
207, 0.11208911881085826, 0.6735503432667667
208, 0.03973950122538883, 0.793532953847448
209, 0.21644938305983585, 0.3613878162111156
210, 0.757029268939917, 0.9320881644320796
211, 0.40961711440562987, 0.8300802113668294
212, 0.9378849567898845, 0.1013540945503385
213, 0.3056514875079701, 0.873035377009471
214, 0.4248356079243789, 0.029390917896831237
215, 0.3319553286445217, 0.6483330542941459
216, 0.8669353347467644, 0.5903016066949843
217, 0.8933403300454845, 0.11599767977752617
218, 0.6608716948017916, 0.1607738233584617
219, 0.5365606424296925, 0.3498385514448932
220, 0.7092065316900963, 0.8279086537834444
221, 0.0134818872708945, 0.5644729261118422
222, 0.5112209619688445, 0.7511007571771623
223, 0.8440331843836041, 0.9383220674147406
224, 0.48131298778270293, 0.6315869836905659
225, 0.48312870597255586, 0.3744486929778824
226, 0.15280174152864578, 0.9204002694429468
227, 0.990166454280153, 0.3816517864287169
228, 0.7427949277693705, 0.25496133821178
229, 0.7911645144985701, 0.9660370370509002
230, 0.1278329535393593, 0.2449624477436405
231, 0.33263074242966606, 0.17275338911058502
232, 0.1732421997022604, 0.7252502651976643
233, 0.11181597788727893, 0.3562535063563248
234, 0.42477163577111277, 0.23188170346051384
235, 0.6590757613520222, 0.5083857299385208
236, 0.2520660128851543, 0.08178162158838609
237, 0.8337409205765403, 0.2665508156606652
238, 0.7523940514849287, 0.09084305707977247
239, 0.7310846568671112, 0.581459178387732
end_nodes
0, 1
0, 2
0, 3
0, 4
0, 5
0, 6
0, 7
0, 8
0, 9
0, 10
0, 11
0, 12
0, 13
0, 14
0, 15
18, 4
18, 21
18, 30
18, 49
18, 51
18, 67
18, 76
18, 110
18, 122
18, 144
18, 145
18, 147
18, 153
18, 179
18, 186
20, 1
20, 2
20, 4
20, 7
20, 21
20, 22
20, 30
20, 32
20, 42
20, 49
20, 51
20, 59
20, 60
20, 62
20, 67
24, 17
24, 40
24, 43
24, 87
24, 150
24, 170
24, 188
24, 210
24, 229
25, 3
25, 5
25, 8
25, 9
25, 10
25, 11
25, 12
25, 15
25, 16
25, 19
25, 21
25, 22
25, 23
25, 27
25, 30
26, 3
26, 5
26, 9
26, 10
26, 11
26, 12
26, 16
26, 19
26, 21
26, 22
26, 23
26, 27
26, 30
26, 31
26, 33
28, 2
28, 54
29, 5
29, 16
29, 17
29, 40
29, 43
29, 87
29, 109
29, 139
29, 150
29, 151
29, 170
29, 188
29, 210
29, 223
29, 229
34, 4
34, 67
34, 212
34, 217
35, 3
35, 10
35, 11
35, 12
35, 15
35, 21
35, 22
35, 23
35, 30
35, 31
35, 33
35, 36
35, 38
35, 39
35, 45
41, 1
41, 2
41, 3
41, 5
41, 7
41, 9
41, 10
41, 11
41, 12
41, 13
41, 15
41, 16
41, 17
41, 19
41, 23
44, 1
44, 2
44, 17
44, 43
44, 54
44, 100
44, 124
44, 150
44, 188
44, 200
44, 210
44, 220
46, 3
46, 8
46, 9
46, 10
46, 11
46, 12
46, 15
46, 19
46, 21
46, 22
46, 23
46, 30
46, 31
46, 33
46, 36
47, 1
47, 2
47, 3
47, 5
47, 7
47, 10
47, 11
47, 12
47, 17
47, 23
47, 32
47, 33
47, 38
47, 39
47, 40
50, 3
50, 10
50, 11
50, 12
50, 15
50, 21
50, 22
50, 23
50, 30
50, 31
50, 33
50, 36
50, 38
50, 39
50, 45
52, 4
52, 67
52, 212
52, 217
53, 1
53, 2
53, 3
53, 5
53, 7
53, 9
53, 10
53, 11
53, 12
53, 13
53, 15
53, 16
53, 17
53, 19
53, 23
55, 1
55, 2
55, 3
55, 7
55, 10
55, 11
55, 12
55, 17
55, 23
55, 32
55, 33
55, 38
55, 39
55, 42
55, 43
56, 1
56, 2
56, 3
56, 5
56, 7
56, 8
56, 9
56, 11
56, 12
56, 13
56, 15
56, 16
56, 17
56, 19
56, 23
57, 4
57, 67
57, 212
57, 217
58, 3
58, 11
58, 12
58, 23
58, 38
58, 45
58, 64
58, 65
58, 77
58, 199
58, 206
58, 236
61, 4
61, 67
61, 212
61, 217
63, 4
63, 67
63, 212
63, 217
68, 3
68, 10
68, 11
68, 12
68, 15
68, 21
68, 22
68, 23
68, 30
68, 31
68, 33
68, 36
68, 38
68, 39
68, 45
69, 70
74, 1
74, 2
74, 5
74, 7
74, 8
74, 9
74, 13
74, 16
74, 17
74, 19
74, 27
74, 32
74, 40
74, 42
74, 43
75, 6
75, 136
78, 1
78, 2
78, 3
78, 5
78, 8
78, 9
78, 10
78, 11
78, 12
78, 13
78, 15
78, 16
78, 17
78, 19
78, 21
80, 6
80, 7
80, 32
80, 42
80, 70
80, 113
80, 136
80, 174
80, 211
80, 222
82, 10
82, 12
82, 23
82, 31
82, 33
82, 42
82, 64
82, 65
82, 66
82, 70
82, 73
82, 77
82, 79
82, 83
82, 101
84, 10
84, 23
84, 33
84, 64
84, 65
84, 66
84, 73
84, 77
84, 79
84, 83
84, 101
84, 111
84, 121
84, 134
84, 152
86, 9
86, 19
86, 21
86, 22
86, 30
86, 31
86, 36
86, 48
86, 49
86, 51
86, 60
86, 62
86, 66
86, 71
86, 72
89, 7
89, 32
89, 70
89, 174
89, 222
90, 6
90, 42
90, 70
90, 113
90, 136
90, 174
90, 211
90, 222
91, 31
91, 103
91, 111
91, 118
91, 129
91, 154
92, 3
92, 5
92, 9
92, 10
92, 11
92, 15
92, 16
92, 19
92, 21
92, 22
92, 23
92, 30
92, 31
92, 33
92, 36
93, 1
93, 7
93, 21
93, 31
93, 32
93, 36
93, 42
93, 48
93, 60
93, 62
93, 66
93, 70
93, 71
93, 72
93, 73
94, 1
94, 2
94, 5
94, 7
94, 9
94, 13
94, 15
94, 16
94, 17
94, 19
94, 27
94, 32
94, 33
94, 38
94, 39
98, 48
98, 60
98, 62
98, 71
98, 72
98, 81
98, 85
98, 88
98, 107
98, 118
98, 129
98, 149
98, 221
99, 7
99, 32
99, 174
99, 222
102, 1
102, 2
102, 5
102, 17
102, 40
102, 43
102, 54
102, 87
102, 100
102, 109
102, 124
102, 139
102, 150
102, 170
102, 175
104, 4
104, 21
104, 51
104, 67
104, 76
104, 110
104, 122
104, 144
104, 145
104, 147
104, 153
104, 179
104, 186
104, 207
104, 208
105, 2
105, 17
105, 40
105, 43
105, 54
105, 87
105, 100
105, 124
105, 139
105, 150
105, 170
105, 188
105, 200
105, 210
105, 220
106, 1
106, 2
106, 5
106, 7
106, 16
106, 17
106, 19
106, 21
106, 22
106, 27
106, 30
106, 31
106, 32
106, 33
106, 36
112, 1
112, 5
112, 7
112, 9
112, 16
112, 17
112, 19
112, 21
112, 22
112, 27
112, 30
112, 31
112, 32
112, 33
112, 36
114, 6
114, 9
114, 16
114, 19
114, 22
114, 27
114, 30
114, 31
114, 32
114, 33
114, 36
114, 38
114, 39
114, 40
114, 42
115, 9
115, 16
115, 19
115, 22
115, 27
115, 30
115, 31
115, 32
115, 33
115, 36
115, 38
115, 40
115, 43
115, 45
115, 48
116, 13
116, 15
116, 16
116, 22
116, 27
116, 30
116, 31
116, 32
116, 36
116, 38
116, 39
116, 40
116, 43
116, 45
116, 48
117, 8
117, 15
117, 22
117, 36
117, 38
117, 39
117, 45
117, 48
117, 49
117, 51
117, 60
117, 62
117, 64
117, 65
117, 66
119, 4
119, 67
119, 212
119, 217
120, 8
120, 15
120, 36
120, 38
120, 39
120, 45
120, 48
120, 49
120, 51
120, 60
120, 62
120, 64
120, 65
120, 66
120, 71
123, 8
123, 13
123, 27
123, 36
123, 38
123, 39
123, 40
123, 43
123, 45
123, 48
123, 49
123, 51
123, 54
123, 60
123, 62
125, 66
125, 103
125, 111
125, 118
125, 129
125, 149
125, 154
125, 161
125, 209
125, 233
126, 66
126, 73
126, 79
126, 101
126, 103
126, 111
126, 118
126, 121
126, 129
126, 152
126, 155
126, 158
126, 187
126, 209
126, 230
127, 4
127, 13
127, 27
127, 32
127, 38
127, 39
127, 40
127, 42
127, 43
127, 45
127, 48
127, 54
127, 60
127, 62
127, 64
128, 4
128, 42
128, 48
128, 49
128, 51
128, 54
128, 60
128, 62
128, 67
128, 70
128, 71
128, 72
128, 76
128, 81
128, 85
130, 38
130, 39
130, 45
130, 48
130, 49
130, 51
130, 60
130, 62
130, 64
130, 65
130, 66
130, 71
130, 72
130, 73
130, 76
131, 45
131, 199
131, 206
131, 236
132, 27
132, 40
132, 43
132, 45
132, 48
132, 49
132, 51
132, 54
132, 60
132, 62
132, 64
132, 65
132, 66
132, 71
132, 72
133, 42
133, 45
133, 64
133, 65
133, 70
133, 77
133, 101
133, 108
133, 113
133, 134
133, 166
133, 174
133, 175
133, 199
133, 206
135, 13
135, 27
135, 40
135, 42
135, 43
135, 54
135, 70
135, 87
135, 95
135, 96
135, 97
135, 100
135, 109
135, 113
135, 124
137, 13
137, 27
137, 40
137, 42
137, 43
137, 54
137, 70
137, 87
137, 95
137, 96
137, 97
137, 100
137, 109
137, 113
137, 124
138, 4
138, 67
138, 212
138, 217
140, 4
140, 67
140, 212
140, 217
141, 27
141, 40
141, 43
141, 45
141, 48
141, 49
141, 51
141, 54
141, 60
141, 62
141, 64
141, 65
141, 66
141, 71
141, 72
142, 4
142, 67
142, 212
142, 217
143, 8
143, 13
143, 64
143, 65
143, 66
143, 73
143, 77
143, 79
143, 83
143, 87
143, 95
143, 96
143, 97
143, 101
143, 108
148, 42
148, 48
148, 60
148, 62
148, 66
148, 71
148, 73
148, 79
148, 81
148, 85
148, 88
148, 103
148, 111
148, 113
148, 118
156, 48
156, 49
156, 51
156, 60
156, 62
156, 64
156, 65
156, 66
156, 71
156, 72
156, 73
156, 76
156, 77
156, 79
156, 81
157, 67
157, 212
157, 217
159, 39
159, 49
159, 51
159, 60
159, 62
159, 64
159, 65
159, 66
159, 71
159, 72
159, 73
159, 76
159, 77
159, 79
159, 81
160, 67
160, 212
160, 217
162, 73
162, 79
162, 101
162, 103
162, 111
162, 118
162, 121
162, 129
162, 149
162, 152
162, 154
162, 155
162, 158
162, 161
162, 187
163, 42
163, 51
163, 59
163, 70
163, 76
163, 110
163, 113
163, 122
163, 144
163, 145
163, 147
163, 153
163, 174
163, 179
163, 186
164, 13
164, 54
164, 70
164, 87
164, 95
164, 96
164, 97
164, 100
164, 109
164, 113
164, 124
164, 139
164, 146
164, 150
164, 151
168, 212
168, 217
169, 70
169, 71
169, 72
169, 73
169, 79
169, 81
169, 85
169, 88
169, 103
169, 107
169, 111
169, 113
169, 118
169, 121
169, 129
171, 8
171, 13
171, 39
171, 49
171, 51
171, 64
171, 65
171, 71
171, 72
171, 73
171, 76
171, 77
171, 79
171, 81
171, 83
172, 54
172, 64
172, 65
172, 70
172, 73
172, 77
172, 79
172, 83
172, 87
172, 100
172, 101
172, 103
172, 108
172, 111
172, 113
177, 49
177, 54
177, 59
177, 65
177, 70
177, 71
177, 72
177, 73
177, 76
177, 77
177, 79
177, 81
177, 83
177, 85
177, 87
178, 54
178, 87
178, 100
178, 124
178, 139
178, 150
178, 170
178, 188
178, 200
178, 210
178, 220
178, 223
178, 229
180, 212
180, 217
181, 87
181, 100
181, 109
181, 124
181, 139
181, 150
181, 170
181, 175
181, 188
181, 200
181, 210
181, 220
181, 223
181, 229
182, 87
182, 95
182, 96
182, 97
182, 100
182, 109
182, 113
182, 124
182, 139
182, 146
182, 150
182, 151
182, 167
182, 170
182, 173
183, 49
183, 71
183, 72
183, 73
183, 76
183, 79
183, 81
183, 85
183, 87
183, 88
183, 95
183, 96
183, 97
183, 100
183, 101
184, 72
184, 76
184, 77
184, 79
184, 81
184, 83
184, 85
184, 88
184, 101
184, 103
184, 107
184, 108
184, 110
184, 111
184, 118
185, 6
185, 136
189, 212
189, 217
191, 8
191, 72
191, 77
191, 79
191, 81
191, 83
191, 85
191, 87
191, 88
191, 95
191, 96
191, 97
191, 101
191, 103
191, 107
193, 8
193, 95
193, 96
193, 97
193, 100
193, 109
193, 113
193, 124
193, 139
193, 146
193, 150
193, 151
193, 167
193, 170
193, 173
194, 81
194, 85
194, 88
194, 103
194, 107
194, 111
194, 118
194, 129
194, 149
194, 154
194, 161
194, 187
194, 209
194, 221
194, 233
196, 76
196, 122
196, 144
196, 153
196, 179
196, 186
196, 207
196, 208
197, 6
197, 76
197, 81
197, 85
197, 88
197, 100
197, 103
197, 107
197, 110
197, 113
197, 118
197, 122
197, 124
197, 129
197, 136
198, 76
198, 77
198, 81
198, 83
198, 85
198, 88
198, 95
198, 96
198, 97
198, 100
198, 101
198, 103
198, 107
198, 108
198, 109
201, 100
201, 124
201, 150
201, 175
201, 188
201, 200
201, 210
201, 220
201, 229
202, 8
202, 95
202, 96
202, 97
202, 109
202, 113
202, 124
202, 139
202, 146
202, 150
202, 151
202, 167
202, 170
202, 173
202, 174
203, 95
203, 96
203, 97
203, 109
203, 113
203, 124
203, 139
203, 146
203, 150
203, 151
203, 165
203, 166
203, 167
203, 170
203, 173
204, 166
204, 176
204, 199
204, 206
204, 214
204, 236
205, 81
205, 103
205, 111
205, 118
205, 129
205, 149
205, 152
205, 154
205, 158
205, 161
205, 187
205, 209
205, 221
205, 233
213, 6
213, 136
215, 212
215, 217
218, 77
218, 95
218, 96
218, 97
218, 101
218, 108
218, 109
218, 124
218, 134
218, 139
218, 146
218, 150
218, 151
218, 165
218, 166
219, 85
219, 88
219, 103
219, 107
219, 111
219, 118
219, 121
219, 129
219, 149
219, 152
219, 154
219, 158
219, 161
219, 174
219, 187
224, 6
224, 136
225, 85
225, 88
225, 103
225, 107
225, 111
225, 118
225, 129
225, 149
225, 154
225, 161
225, 209
225, 221
225, 233
227, 76
227, 77
227, 83
227, 85
227, 88
227, 101
227, 107
227, 108
227, 110
227, 111
227, 118
227, 121
227, 122
227, 129
227, 134
228, 83
228, 85
228, 88
228, 95
228, 96
228, 97
228, 101
228, 107
228, 108
228, 109
228, 111
228, 118
228, 121
228, 129
228, 134
232, 110
232, 147
234, 83
234, 101
234, 121
234, 134
234, 152
234, 158
234, 187
234, 199
234, 230
235, 150
235, 175
235, 188
235, 200
235, 210
235, 220
237, 8
237, 83
237, 88
237, 95
237, 96
237, 97
237, 107
237, 108
237, 109
237, 110
237, 121
237, 122
237, 129
237, 134
237, 139
238, 95
238, 96
238, 97
238, 109
238, 139
238, 146
238, 151
238, 165
238, 166
238, 167
238, 170
238, 173
238, 174
238, 175
238, 176
239, 139
239, 170
239, 188
239, 210
239, 220
239, 223
239, 229
end