460
4
0, 0.6490878724261931, 0.479021657386965
1, 0.7323700906764878, 0.2021065271343706
2, 0.6072024445135615, 0.48367474127157395
3, 0.7215943954312377, 0.9283021984972537
4, 0.5366112773749853, 0.6170420442953738
5, 0.27202713405103096, 0.8664620360172378
6, 0.056109262771135926, 0.6326515597131189
7, 0.278727595099151, 0.32646909883259434
8, 0.2678322876196322, 0.864073372977032
9, 0.09970838970833495, 0.8114754642863897
10, 0.23723235517536145, 0.3461924725765442
11, 0.28884781611045407, 0.3802481674967295
12, 0.3172807068706569, 0.04560481710778086
13, 0.09823951936117992, 0.8645745453919924
14, 0.6434609081887526, 0.020274894088737616
15, 0.08245965693156809, 0.38839108908264297
16, 0.23715473037626955, 0.5282750234653638
17, 0.42643658837564813, 0.0038897676563974803
18, 0.9399417789332414, 0.5824117804179554
19, 0.9215935768996946, 0.9883876486877464
20, 0.7242033268934613, 0.282245690491138
21, 0.3678168445193776, 0.528043320485284
22, 0.17181003459209676, 0.9411809421724512
23, 0.28949642779397733, 0.5495598590846378
24, 0.5353777670307731, 0.9020060378306577
25, 0.8221289434689417, 0.1412993673714782
26, 0.8155723261683041, 0.35165284985962864
27, 0.37289829604651736, 0.955226098944928
28, 0.44844730226916774, 0.9583411415510251
29, 0.3548435675921079, 0.6821027747289763
30, 0.8847263246777557, 0.6639612802392981
31, 0.5950814416158201, 0.4759517253013631
32, 0.08120607802271607, 0.5082349946241392
33, 0.9011574827485666, 0.6504233823918029
34, 0.21482416395047477, 0.013288614973213209
35, 0.43448950889660853, 0.5594272274624313
36, 0.24463072698467758, 0.860468520135586
37, 0.3834499328393134, 0.6187062678176177
38, 0.2522060054557971, 0.8500803311837335
39, 0.057967868426408, 0.2347167096858791
40, 0.29366354588013754, 0.21931358125523903
41, 0.4164113424320136, 0.8441516471061112
42, 0.6731938774013172, 0.60406325821132
43, 0.5502234319773481, 0.45107342791184446
44, 0.13923295370487543, 0.5996203440929404
45, 0.9550870194304932, 0.46705964149400525
46, 0.11334177822426394, 0.26357337973464545
47, 0.8704819245459198, 0.8819361111906872
48, 0.524289825113983, 0.9079661380070608
49, 0.20500042865772217, 0.1949096736115441
50, 0.07154970792686222, 0.4866678550857457
51, 0.2403019187947456, 0.05782138520318569
52, 0.13593153185984308, 0.11788359350149402
53, 0.20652717518386643, 0.2651104037559573
54, 0.8113262967757149, 0.034766560045575434
55, 0.8970310492892704, 0.3253811834244652
56, 0.7751449086801351, 0.7949870232343791
57, 0.72860964828678, 0.15287914099414612
58, 0.3322592829737022, 0.02205869789118786
59, 0.3487490044955509, 0.026019125287017775
60, 0.050180138115673234, 0.10378070539073525
61, 0.013475055862970486, 0.1662579699699085
62, 0.1714337635614105, 0.15334873210470767
63, 0.43535184398512705, 0.03962113028446701
64, 0.3887432108398987, 0.2483077089091701
65, 0.7027527312524089, 0.47471602037103533
66, 0.24038011542888849, 0.7351282468156605
67, 0.06706216010159238, 0.9426270099641735
68, 0.8918019661210926, 0.022486371137935723
69, 0.20135214674918545, 0.2540201346736638
70, 0.6282103858789315, 0.9988530462553833
71, 0.07648246108959744, 0.07305323630567717
72, 0.5444519291961305, 0.18695198624008202
73, 0.6121360132851887, 0.4764922513595973
74, 0.017376065040149102, 0.21379211264137155
75, 0.5704859886369579, 0.4221448829074548
76, 0.637881013399094, 0.6512151880454221
77, 0.23618775252511548, 0.6228414096423059
78, 0.8209029617712775, 0.6606638602826865
79, 0.24862697421556945, 0.3784602425748361
80, 0.8197509853373693, 0.914545539930929
81, 0.2800429399181048, 0.289565546241484
82, 0.2751433595034909, 0.19546775715070863
83, 0.30388269551187297, 0.5431762648155979
84, 0.15774432210499734, 0.1167076746404071
85, 0.9650468622785952, 0.21264989254854771
86, 0.2162230625442192, 0.5575854543988508
87, 0.9367513968025072, 0.6370284290988261
88, 0.982786426286202, 0.8885049345763046
89, 0.09124613328216602, 0.5760144278662908
90, 0.18941577825361455, 0.5585387925409395
91, 0.18340653437076782, 0.2008760714302057
92, 0.7786426256124193, 0.36384675747664796
93, 0.9423227496581768, 0.5666443743974411
94, 0.43208169550368325, 0.6187579246581636
95, 0.6860180899988325, 0.9085248446923596
96, 0.692717691769172, 0.4017412210924287
97, 0.2704745439139161, 0.7426632634708461
98, 0.1745111187501952, 0.08963647382583562
99, 0.98288006856186, 0.2099058969752864
100, 0.6780728278321189, 0.9790477046397594
101, 0.6861756815455166, 0.2701784445725586
102, 0.9465061041730173, 0.792172226106652
103, 0.22651713070556145, 0.9690234220508144
104, 0.9611446182086245, 0.12862081905426026
105, 0.5432984603182226, 0.6913018780829012
106, 0.7042106233880365, 0.29761449035590015
107, 0.413651100328449, 0.02632692254987068
108, 0.5370968250581074, 0.04841673016080672
109, 0.23065218886999073, 0.6029391381398552
110, 0.9204859553889381, 0.8932366723871277
111, 0.7074358866345429, 0.05018609536892993
112, 0.2826651323279772, 0.9855108679633895
113, 0.616607008361254, 0.2133466268553964
114, 0.31498795931728785, 0.8700009753973891
115, 0.9030931757088615, 0.7073315401725533
116, 0.42348259950566547, 0.9360168397207791
117, 0.6037682787026087, 0.7942814198852761
118, 0.37009752471011736, 0.13182547708183023
119, 0.6144289903989848, 0.22965386050703418
120, 0.5798960861646154, 0.6817870230481621
121, 0.9236558885362224, 0.2109246833225823
122, 0.2508262383543429, 0.7216334080140934
123, 0.5282089685261949, 0.709015572275224
124, 0.8320626640576676, 0.39109525709749604
125, 0.5374353151761729, 0.6387877187706882
126, 0.14233412143028668, 0.7970225276870371
127, 0.2964924267748903, 0.2605625824140848
128, 0.4451605775711791, 0.928833202859442
129, 0.1885982471285036, 0.11339591629315482
130, 0.6646710560107728, 0.4545004789570386
131, 0.8309365096353946, 0.10036281729488883
132, 0.316218731435538, 0.6297960693386584
133, 0.7047773794802726, 0.3470032601600821
134, 0.29109510539010763, 0.8804172850111227
135, 0.1620646939905218, 0.365357806258932
136, 0.9925742003289376, 0.19460833664302213
137, 0.5827267837849455, 0.3261893558308989
138, 0.27043067184382086, 0.1892551595547447
139, 0.7369414133019354, 0.972910943027594
140, 0.7799472931485207, 0.11277395278318458
141, 0.6673324941694352, 0.8828397319122112
142, 0.6371403324985181, 0.7024714249571855
143, 0.7270895603460328, 0.09848198534396502
144, 0.3260327552123896, 0.2918340266831342
145, 0.5225561126098056, 0.7106978526317612
146, 0.15376771950831347, 0.7074848974636339
147, 0.7952548130585986, 0.4783779065858711
148, 0.943423002835642, 0.6537439757060383
149, 0.7045193324472344, 0.22825891701538514
150, 0.8558853339512669, 0.9629123981274145
151, 0.5954897998667195, 0.4609863919638425
152, 0.9520889726559624, 0.8298286763776755
153, 0.09679076250302943, 0.05102013534162908
154, 0.8040199551956749, 0.8478882650380402
155, 0.8181785715417058, 0.28232144213787524
156, 0.41368347524765203, 0.09705883572948792
157, 0.372634848237144, 0.6206186353660847
158, 0.8236315605489839, 0.695087586398959
159, 0.5101309222899368, 0.3407510543117833
160, 0.3838886072344262, 0.11780071643776291
161, 0.35504006382373554, 0.3714935446074622
162, 0.4367862450010359, 0.6312699572505983
163, 0.1271666738316657, 0.28309750093731256
164, 0.29516149962424476, 0.4524896687926958
165, 0.06311960207535872, 0.5344144525897739
166, 0.7775390294811478, 0.8361405950165492
167, 0.6440014083147476, 0.48102929151764806
168, 0.2582919879332697, 0.18768485784514166
169, 0.17979033246045162, 0.4003684735454657
170, 0.006612938965309567, 0.5675523885415841
171, 0.18052100032443674, 0.45238689267463805
172, 0.38070310449946754, 0.8702656332377102
173, 0.48057577167687515, 0.8306035369201223
174, 0.2162220813458846, 0.2946867365956949
175, 0.2786917574923172, 0.8347144910663052
176, 0.033835850481612306, 0.8816735583309292
177, 0.4198425939890926, 0.8749527597049954
178, 0.13257679438525793, 0.5229140775919765
179, 0.5779256241977025, 0.589194755647002
180, 0.9315204920259538, 0.9036945836324367
181, 0.5886918073323968, 0.5103161804413021
182, 0.7870401309526465, 0.2834515060427504
183, 0.4386301560317616, 0.3480686637691309
184, 0.6780990169133164, 0.3353237602620923
185, 0.8138515716370619, 0.2636228149778389
186, 0.8752030434939826, 0.08955809906685164
187, 0.044796959867547836, 0.17241732918824204
188, 0.18462710433849627, 0.7289438917775362
189, 0.5560947708109418, 0.3460361709763925
190, 0.6456470244387527, 0.345009591234655
191, 0.11761750086400102, 0.0796154192339047
192, 0.2479810321763537, 0.47184921240890254
193, 0.7989020923196894, 0.8834163837129608
194, 0.321118889236339, 0.5444956520954745
195, 0.8012646059533547, 0.6919793324861823
196, 0.6253696817219199, 0.03466800687592064
197, 0.5088930206812865, 0.23090329043618218
198, 0.5496864778231957, 0.18322719382413344
199, 0.201013789030404, 0.19082887073423738
200, 0.9292380241324159, 0.5762632593110304
201, 0.15789011703831402, 0.6751841313011849
202, 0.8211218981783969, 0.3167278685852202
203, 0.9099764991472238, 0.7648422954934857
204, 0.0487520101968234, 0.3949737247857943
205, 0.8416637988907927, 0.9841168531530733
206, 0.45241195886874674, 0.37959901177277566
207, 0.8651333224823813, 0.3662083705952278
208, 0.599635315212407, 0.5052909039922755
209, 0.987360408501636, 0.10712728741367916
210, 0.4027826767630277, 0.6653403510369271
211, 0.011819908482944452, 0.1575724777843439
212, 0.6753335040108815, 0.004499457501272119
213, 0.6775663830396611, 0.7054284157406505
214, 0.6702732496774979, 0.7722506004752439
215, 0.9521388503866735, 0.7669454427838953
216, 0.4389359611191912, 0.3709668009532415
217, 0.8671168854724962, 0.8346220285372014
218, 0.24181737500015354, 0.33946537031947654
219, 0.6802786439981547, 0.941711872028057
220, 0.20460001435584996, 0.12200887233968061
221, 0.4581924267526697, 0.9811705853946309
222, 0.7162156943680832, 0.8414136846913188
223, 0.5070848808764756, 0.5309363834151515
224, 0.9134301367464557, 0.9832378316814945
225, 0.3608654005794587, 0.5487731607491892
226, 0.4632024119691618, 0.35883092963119734
227, 0.02273567059904169, 0.4734904027390493
228, 0.9834152511942408, 0.41570153535938836
229, 0.39131113370676607, 0.012511457119404601
230, 0.9266100466271231, 0.15783577885496003
231, 0.4388525423184203, 0.3436060375436336
232, 0.24474751750520263, 0.7235975651528161
233, 0.7068923761000483, 0.2821776464313246
234, 0.6089014758155823, 0.700729258012661
235, 0.40066293393697394, 0.9474493149624327
236, 0.019608440221585588, 0.6215005978757713
237, 0.22583312530158917, 0.6865215770365785
238, 0.9122636122886963, 0.7125674937842783
239, 0.026716106873433065, 0.3727502936080851
240, 0.7463691649218703, 0.6343455331961629
241, 0.12084068549529026, 0.6401787537633603
242, 0.5535305800817861, 0.9330811481072917
243, 0.40158529608661764, 0.8472507765601353
244, 0.9314241817598337, 0.6919926642367428
245, 0.16116521364656422, 0.36335634001713313
246, 0.5080881328870974, 0.32107660925739934
247, 0.3048504677346551, 0.7505424725450998
248, 0.49067407944824737, 0.28495021499753626
249, 0.4653471218248654, 0.9544601863286222
250, 0.791051013840059, 0.5050684970287168
251, 0.624272579227886, 0.09274783414893262
252, 0.4972292240281825, 0.9404211005413683
253, 0.7727330744436058, 0.9233413508869804
254, 0.2545300685918864, 0.8268444016298152
255, 0.3465782130178554, 0.26304858159541966
256, 0.3005665607834682, 0.33722524298857826
257, 0.009392294919107425, 0.9492590373338193
258, 0.6037591287461225, 0.2172100316496991
259, 0.9103566916643943, 0.6613739843895078
260, 0.6793391593810783, 0.9249064519255483
261, 0.30203278895538377, 0.516026639917528
262, 0.9037686228843218, 0.4565542124502493
263, 0.37106427505550665, 0.41949692863371546
264, 0.8865980705632523, 0.8012976931593297
265, 0.6256303678256634, 0.6286279563706189
266, 0.7547203703250718, 0.08557718202805831
267, 0.6637156744369063, 0.910934448151738
268, 0.9706514489236928, 0.31859512322332484
269, 0.3807197511751601, 0.9717286721703309
270, 0.5986468789045132, 0.27823972690128573
271, 0.7048159767024773, 0.37418773578988707
272, 0.5176447295057995, 0.4372160824752176
273, 0.2629029295290707, 0.7807442300234783
274, 0.2465492919906579, 0.30310253771928697
275, 0.10532702150822915, 0.06542181504172206
276, 0.4734220217458611, 0.7780969308293753
277, 0.3916435321146974, 0.4769639010118346
278, 0.7399306761724629, 0.7900539659721516
279, 0.20116097107983222, 0.3496009060474675
280, 0.948311250915339, 0.27205343690208883
281, 0.23835181860496968, 0.7394269961609948
282, 0.4116853854081173, 0.11205119947366482
283, 0.8777897912324741, 0.3375197445490622
284, 0.13048911778871986, 0.7462779721427595
285, 0.21184375348574502, 0.08988918403627577
286, 0.1512266149578032, 0.05971118861524305
287, 0.5253965287927672, 0.17928742227286454
288, 0.03666353798436006, 0.3880518284156257
289, 0.7631514936264279, 0.7804076548877583
290, 0.37562959787229333, 0.7155320189375075
291, 0.39303166291260505, 0.6579991749847905
292, 0.014034009627479471, 0.7064226478686282
293, 0.7792978375578797, 0.9974566349069783
294, 0.8832624252938214, 0.9222533013971589
295, 0.8809786595045612, 0.9431602869166171
296, 0.16021271357835098, 0.8905435884698375
297, 0.9224038069688328, 0.0368302219166422
298, 0.18948548335489668, 0.3734240726412822
299, 0.7209050647853619, 0.865863888447565
300, 0.9745752983237052, 0.41338497545749686
301, 0.5394290972064452, 0.6521653308614288
302, 0.985464761413097, 0.4605029102495588
303, 0.9353562771374164, 0.9085507120050691
304, 0.9072942055052559, 0.7285647589640426
305, 0.6998191383307056, 0.827495893238168
306, 0.03011619481980521, 0.29371137919989554
307, 0.25200809206532804, 0.8673840464873147
308, 0.03896466591995462, 0.3328889255872898
309, 0.3866731306251766, 0.9606612700875699
310, 0.24488186940440015, 0.8402558688226097
311, 0.433067766307614, 0.27956885201607795
312, 0.6829225222917265, 0.25352273889648935
313, 0.7072532920681608, 0.19167818094720934
314, 0.27376241802357515, 0.10237822150397258
315, 0.5495035182320654, 0.5465393260434936
316, 0.23406279174954825, 0.7937587492402531
317, 0.8213063412089865, 0.8371415900118946
318, 0.060812698797579556, 0.8187173049241689
319, 0.8850368522161641, 0.4563356949871369
320, 0.462594597339152, 0.6416501835587092
321, 0.019235628537727534, 0.9395582535488066
322, 0.9966808038449674, 0.2732303361240882
323, 0.8809803449464443, 0.8885669731040455
324, 0.5123183031098845, 0.1121431666975935
325, 0.8239540404867178, 0.49543203529474655
326, 0.7420109844063266, 0.43911141162102363
327, 0.9281655468939053, 0.36007300801236897
328, 0.49419852151999233, 0.36913315642876043
329, 0.12780416817461404, 0.6553181833937576
330, 0.3632660001086522, 0.5587233927792284
331, 0.3806306106601097, 0.7590069870782027
332, 0.6412126423694652, 0.8415677945282409
333, 0.956428077247545, 0.7757600984223437
334, 0.7571114528328733, 0.9261268877532802
335, 0.8211982733533508, 0.9987696628169492
336, 0.6315999613174079, 0.37407590845216543
337, 0.8773375227315895, 0.41980171692498414
338, 0.5369850820023306, 0.32067041952243214
339, 0.2118095858428829, 0.5433703100336659
340, 0.15981509943761507, 0.5610687108584574
341, 0.5174268383788694, 0.5525256695774298
342, 0.8493817306722854, 0.8160134929426018
343, 0.8557456145824344, 0.5704341673078684
344, 0.8211430698596904, 0.6264971823593005
345, 0.9329374315640213, 0.5654909566596394
346, 0.20419171492691757, 0.3700023883970871
347, 0.43347904735050313, 0.8155170581587176
348, 0.8252305311690276, 0.02460377641141842
349, 0.6383855328771654, 0.141322229391183
350, 0.3950939278837625, 0.010274322715500439
351, 0.9938425169749435, 0.9538600522219107
352, 0.028733287325419687, 0.026022060087958265
353, 0.4747550539332831, 0.12353798403806204
354, 0.3346700305298951, 0.02733200534855429
355, 0.5901563392229903, 0.3615372151695423
356, 0.2007160446498738, 0.5077140886475568
357, 0.6712185007159421, 0.5265637517949441
358, 0.1839442178852908, 0.5292748591282849
359, 0.7269434699803933, 0.7093846091108595
360, 0.5259317884814833, 0.05006964388576085
361, 0.6526017047382489, 0.2854321948539844
362, 0.7838527996106834, 0.03292677601444116
363, 0.16808216459922976, 0.27168111782259097
364, 0.6557941021069874, 0.0997442687391854
365, 0.2631763642915732, 0.5828522480113302
366, 0.16616846623888226, 0.5408315905360174
367, 0.3988948969649595, 0.906570409973757
368, 0.8268792341179158, 0.02272043096827936
369, 0.696926456232747, 0.12301007708302969
370, 0.47918878969393075, 0.3650397963714046
371, 0.769583507869813, 0.19622769907730808
372, 0.8551901389965133, 0.8426620317260548
373, 0.6992518069974099, 0.8830336273902816
374, 0.8213620085917166, 0.28071996073221495
375, 0.6090494337996466, 0.7318384491734423
376, 0.44418150015001645, 0.1789273348585656
377, 0.6260332629943954, 0.9469168574654063
378, 0.12234343229473077, 0.6843893793457694
379, 0.48161889077543074, 0.22792334803653524
380, 0.37666020924566146, 0.3433738261257775
381, 0.9148240796763024, 0.9840820870735133
382, 0.26844488309286385, 0.16017588913477276
383, 0.4582633586096475, 0.8486582549813737
384, 0.2817367875973077, 0.771239810658288
385, 0.31984790631995286, 0.21162958048893754
386, 0.8214508268935252, 0.7381923345410373
387, 0.4872520613945097, 0.41754991664592644
388, 0.4681547229641433, 0.6748884384840829
389, 0.4879923987625533, 0.7929566323088534
390, 0.5708635561642827, 0.4712263587685389
391, 0.2693249046153725, 0.28010936739579617
392, 0.18301382438416658, 0.0425938661384373
393, 0.19242143262058908, 0.3779503192841107
394, 0.8008952575832088, 0.27048652455820243
395, 0.14402822720736452, 0.42753237704715097
396, 0.7543813944509227, 0.38448186916941096
397, 0.3609731836486265, 0.8143891697828539
398, 0.2542348127988643, 0.45571160346864514
399, 0.5489673460324749, 0.051040310501953234
400, 0.7677921403027509, 0.8572045950102353
401, 0.6445089319580897, 0.539814632553216
402, 0.7684660747563963, 0.6659018869123903
403, 0.8062925252119071, 0.7278211708424979
404, 0.16342888264306876, 0.7468889976158779
405, 0.5502832109893829, 0.9832874333514507
406, 0.011582915424793394, 0.5566964177565958
407, 0.7941750460310963, 0.4168775420660972
408, 0.45246997197941186, 0.43588406441825356
409, 0.9876051033426492, 0.4842843584641824
410, 0.7331343127029121, 0.15451937802868243
411, 0.9364407285116552, 0.7222770685789434
412, 0.2325032846974665, 0.9895168177964841
413, 0.40115718633189024, 0.8120120200556538
414, 0.5325322566662093, 0.407759750717817
415, 0.4960640571002549, 0.10525458610543603
416, 0.31007516649713596, 0.18396788436295786
417, 0.3382669182107281, 0.25413318539465
418, 0.08882189098868232, 0.3416886733727481
419, 0.7777533841028661, 0.6278961674492912
420, 0.6619879369526837, 0.5180457434036092
421, 0.6449308104427706, 0.7354397224451301
422, 0.7720537101679908, 0.3960868111360163
423, 0.6256875165195432, 0.9365015242824565
424, 0.51130782396811, 0.12189763133523135
425, 0.30701292735045316, 0.36841393978421144
426, 0.4901852572950357, 0.2806493810357451
427, 0.49881336481064664, 0.457203748170659
428, 0.71275903361151, 0.3019654403625526
429, 0.3417316837633655, 0.1718851427710465
430, 0.9743327669968871, 0.7908204565584659
431, 0.09440984817530029, 0.08793192416803297
432, 0.7793583008726899, 0.8394647959911415
433, 0.5186319620754832, 0.09594813427392546
434, 0.4443162904680634, 0.6781216917589701
435, 0.07703821931148447, 0.0804749679530471
436, 0.36464827168725966, 0.3080911480551167
437, 0.10768805479977295, 0.3048238204903573
438, 0.2672322174963361, 0.5631185486310627
439, 0.7236039069184317, 0.08005275530995781
440, 0.9098509335337931, 0.3807186655584329
441, 0.012635328927544154, 0.4424967946984133
442, 0.581045425511989, 0.22078010008322413
443, 0.8744226191438489, 0.0029589536484398993
444, 0.2854586043505042, 0.29625737003431896
445, 0.1494670881021335, 0.8572397137268428
446, 0.30795802721733667, 0.8301152966029199
447, 0.4762611926262308, 0.2759762282959354
448, 0.16997359844480864, 0.01007985694612712
449, 0.9002885639190494, 0.18133271458509337
450, 0.20463819642676284, 0.2549601977771362
451, 0.07109108336117531, 0.7273621213359622
452, 0.6105404351864814, 0.12243165318335547
453, 0.10998341917863119, 0.9286685909761019
454, 0.15439354620810475, 0.2516112670989018
455, 0.06517278390491843, 0.276959752548229
456, 0.23192762207357653, 0.8533055639026356
457, 0.8536222102788462, 0.950439258284071
458, 0.13808455255697694, 0.8131885463374598
459, 0.5363373591234724, 0.6789136017154142
end_nodes
0, 1
0, 2
0, 3
0, 4
0, 5
0, 6
0, 7
0, 8
0, 9
0, 10
0, 11
0, 12
0, 13
0, 14
0, 15
0, 16
0, 17
0, 18
0, 19
0, 20
0, 21
22, 26
22, 85
22, 92
22, 99
22, 121
22, 136
22, 202
22, 396
23, 86
23, 89
23, 90
23, 170
23, 228
23, 300
23, 322
23, 340
23, 406
24, 1
24, 14
24, 20
24, 25
24, 54
24, 57
24, 68
24, 96
24, 101
24, 106
24, 111
24, 113
24, 119
24, 130
24, 131
24, 133
24, 140
24, 143
24, 149
24, 182
24, 184
27, 1
27, 14
27, 20
27, 25
27, 54
27, 57
27, 68
27, 96
27, 101
27, 106
27, 111
27, 113
27, 119
27, 130
27, 131
27, 133
27, 140
27, 143
27, 149
27, 182
27, 184
28, 1
28, 14
28, 20
28, 25
28, 54
28, 57
28, 68
28, 96
28, 101
28, 106
28, 111
28, 113
28, 119
28, 130
28, 131
28, 133
28, 140
28, 143
28, 149
28, 182
28, 184
29, 13
29, 26
29, 55
29, 85
29, 92
29, 99
29, 121
29, 136
29, 202
29, 280
29, 283
29, 337
29, 396
29, 422
30, 7
30, 12
30, 34
30, 39
30, 40
30, 46
30, 49
30, 51
30, 52
30, 53
30, 58
30, 59
30, 60
30, 61
30, 62
30, 64
30, 69
30, 71
30, 74
30, 75
30, 81
31, 3
31, 7
31, 15
31, 16
31, 32
31, 39
31, 46
31, 50
31, 53
31, 61
31, 69
31, 74
31, 79
31, 81
31, 95
31, 100
31, 135
31, 139
31, 141
31, 161
31, 163
33, 7
33, 12
33, 34
33, 39
33, 40
33, 46
33, 49
33, 51
33, 52
33, 53
33, 58
33, 59
33, 60
33, 61
33, 62
33, 64
33, 69
33, 71
33, 74
33, 75
33, 81
35, 86
35, 89
35, 90
35, 124
35, 170
35, 207
35, 268
35, 322
35, 326
35, 327
35, 337
35, 340
35, 406
35, 407
35, 440
36, 26
36, 85
36, 92
36, 99
36, 121
36, 136
36, 202
36, 396
37, 124
37, 207
37, 268
37, 322
37, 326
37, 327
37, 337
37, 407
37, 440
38, 26
38, 85
38, 92
38, 99
38, 121
38, 136
38, 202
38, 396
41, 1
41, 14
41, 20
41, 25
41, 54
41, 57
41, 68
41, 96
41, 101
41, 106
41, 111
41, 113
41, 119
41, 130
41, 131
41, 133
41, 140
41, 143
41, 149
41, 182
41, 184
42, 1
42, 7
42, 17
42, 20
42, 25
42, 34
42, 39
42, 40
42, 46
42, 49
42, 51
42, 52
42, 53
42, 54
42, 57
42, 60
42, 61
42, 62
42, 63
42, 64
42, 68
43, 7
43, 10
43, 11
43, 15
43, 18
43, 39
43, 46
43, 53
43, 61
43, 69
43, 74
43, 79
43, 135
43, 161
43, 163
43, 169
43, 174
43, 187
43, 204
43, 211
43, 239
44, 228
44, 300
45, 2
45, 10
45, 11
45, 15
45, 16
45, 21
45, 32
45, 50
45, 79
45, 83
45, 86
45, 89
45, 90
45, 135
45, 164
45, 165
45, 169
45, 170
45, 171
45, 178
45, 192
47, 7
47, 12
47, 34
47, 39
47, 40
47, 46
47, 49
47, 51
47, 52
47, 53
47, 58
47, 59
47, 60
47, 61
47, 62
47, 64
47, 69
47, 71
47, 74
47, 75
47, 81
48, 1
48, 14
48, 20
48, 25
48, 54
48, 57
48, 68
48, 96
48, 101
48, 106
48, 111
48, 113
48, 119
48, 130
48, 131
48, 133
48, 140
48, 143
48, 149
48, 182
48, 184
56, 7
56, 17
56, 39
56, 40
56, 46
56, 49
56, 52
56, 53
56, 60
56, 61
56, 62
56, 63
56, 69
56, 71
56, 74
56, 81
56, 82
56, 84
56, 91
56, 98
56, 107
65, 1
65, 2
65, 6
65, 10
65, 11
65, 12
65, 15
65, 16
65, 20
65, 21
65, 25
65, 32
65, 34
65, 40
65, 49
65, 50
65, 51
65, 52
65, 54
65, 58
65, 59
66, 55
66, 280
66, 283
66, 337
66, 422
66, 440
67, 26
67, 85
67, 92
67, 99
67, 121
67, 136
67, 202
67, 396
70, 1
70, 14
70, 20
70, 25
70, 54
70, 57
70, 68
70, 96
70, 101
70, 106
70, 111
70, 113
70, 119
70, 130
70, 131
70, 133
70, 140
70, 143
70, 149
70, 182
70, 184
72, 3
72, 95
72, 100
72, 139
72, 141
72, 219
72, 222
72, 253
72, 260
72, 267
72, 278
72, 293
72, 299
72, 305
72, 334
72, 335
72, 373
72, 400
73, 1
73, 3
73, 7
73, 11
73, 12
73, 14
73, 15
73, 16
73, 32
73, 34
73, 39
73, 40
73, 46
73, 49
73, 50
73, 51
73, 52
73, 53
73, 54
73, 57
73, 58
76, 1
76, 7
76, 14
76, 20
76, 25
76, 39
76, 46
76, 49
76, 52
76, 53
76, 54
76, 57
76, 60
76, 61
76, 62
76, 68
76, 69
76, 71
76, 74
76, 81
76, 84
77, 124
77, 207
77, 268
77, 322
77, 326
77, 327
77, 337
77, 407
77, 440
78, 7
78, 12
78, 34
78, 39
78, 40
78, 46
78, 49
78, 51
78, 52
78, 53
78, 58
78, 59
78, 60
78, 61
78, 62
78, 64
78, 69
78, 71
78, 74
78, 75
78, 81
80, 17
80, 63
80, 107
80, 353
87, 7
87, 12
87, 34
87, 39
87, 40
87, 46
87, 49
87, 51
87, 52
87, 53
87, 58
87, 59
87, 60
87, 61
87, 62
87, 64
87, 69
87, 71
87, 74
87, 75
87, 81
88, 7
88, 12
88, 34
88, 39
88, 40
88, 46
88, 49
88, 51
88, 52
88, 53
88, 58
88, 59
88, 60
88, 61
88, 62
88, 64
88, 69
88, 71
88, 74
88, 75
88, 81
93, 2
93, 10
93, 11
93, 15
93, 16
93, 21
93, 32
93, 50
93, 79
93, 83
93, 86
93, 89
93, 90
93, 135
93, 164
93, 165
93, 169
93, 170
93, 171
93, 178
93, 192
94, 55
94, 85
94, 99
94, 121
94, 124
94, 136
94, 202
94, 268
94, 280
94, 283
94, 326
94, 327
94, 337
94, 407
94, 422
94, 440
97, 13
97, 26
97, 55
97, 85
97, 92
97, 99
97, 121
97, 136
97, 202
97, 280
97, 283
97, 396
97, 422
102, 7
102, 12
102, 34
102, 39
102, 40
102, 46
102, 49
102, 51
102, 52
102, 53
102, 58
102, 59
102, 60
102, 61
102, 62
102, 64
102, 69
102, 71
102, 74
102, 75
102, 81
103, 104
103, 155
103, 209
103, 230
103, 374
103, 449
105, 1
105, 14
105, 20
105, 25
105, 54
105, 57
105, 68
105, 96
105, 101
105, 106
105, 111
105, 113
105, 119
105, 130
105, 131
105, 133
105, 140
105, 143
105, 149
105, 182
105, 184
108, 3
108, 95
108, 100
108, 139
108, 141
108, 219
108, 222
108, 253
108, 260
108, 267
108, 278
108, 293
108, 299
108, 305
108, 334
108, 335
108, 373
108, 400
109, 124
109, 207
109, 268
109, 322
109, 326
109, 327
109, 337
109, 407
109, 440
110, 7
110, 12
110, 34
110, 39
110, 40
110, 46
110, 49
110, 51
110, 52
110, 53
110, 58
110, 59
110, 60
110, 61
110, 62
110, 64
110, 69
110, 71
110, 74
110, 75
110, 81
112, 1
112, 14
112, 20
112, 25
112, 54
112, 57
112, 68
112, 96
112, 101
112, 106
112, 111
112, 113
112, 119
112, 130
112, 131
112, 133
112, 140
112, 143
112, 149
112, 182
112, 184
114, 104
114, 155
114, 209
114, 230
114, 374
114, 449
115, 7
115, 12
115, 34
115, 39
115, 40
115, 46
115, 49
115, 51
115, 52
115, 53
115, 58
115, 59
115, 60
115, 61
115, 62
115, 64
115, 69
115, 71
115, 74
115, 75
115, 81
116, 1
116, 14
116, 20
116, 25
116, 54
116, 57
116, 68
116, 96
116, 101
116, 106
116, 111
116, 113
116, 119
116, 130
116, 131
116, 133
116, 140
116, 143
116, 149
116, 182
116, 184
117, 1
117, 14
117, 20
117, 25
117, 54
117, 57
117, 68
117, 96
117, 101
117, 106
117, 111
117, 113
117, 119
117, 130
117, 131
117, 133
117, 140
117, 143
117, 149
117, 182
117, 184
120, 1
120, 14
120, 20
120, 25
120, 54
120, 57
120, 68
120, 96
120, 101
120, 106
120, 111
120, 113
120, 119
120, 130
120, 131
120, 133
120, 140
120, 143
120, 149
120, 182
120, 184
122, 55
122, 124
122, 207
122, 268
122, 280
122, 283
122, 326
122, 327
122, 337
122, 407
122, 422
122, 440
123, 1
123, 14
123, 20
123, 25
123, 54
123, 57
123, 68
123, 96
123, 101
123, 106
123, 111
123, 113
123, 119
123, 130
123, 131
123, 133
123, 140
123, 143
123, 149
123, 182
123, 184
125, 1
125, 14
125, 20
125, 25
125, 54
125, 57
125, 68
125, 96
125, 101
125, 106
125, 111
125, 113
125, 119
125, 130
125, 131
125, 133
125, 140
125, 143
125, 149
125, 182
125, 184
126, 55
126, 280
126, 283
126, 422
128, 1
128, 14
128, 20
128, 25
128, 54
128, 57
128, 68
128, 96
128, 101
128, 106
128, 111
128, 113
128, 119
128, 130
128, 131
128, 133
128, 140
128, 143
128, 149
128, 182
128, 184
132, 124
132, 207
132, 268
132, 322
132, 326
132, 327
132, 337
132, 407
132, 440
134, 104
134, 155
134, 209
134, 230
134, 374
134, 449
137, 3
137, 17
137, 95
137, 100
137, 139
137, 141
137, 219
137, 222
137, 229
137, 253
137, 260
137, 267
137, 278
137, 293
137, 299
137, 305
137, 334
137, 335
137, 350
137, 373
137, 400
142, 1
142, 14
142, 20
142, 25
142, 39
142, 46
142, 54
142, 57
142, 68
142, 74
142, 96
142, 101
142, 106
142, 111
142, 113
142, 119
142, 130
142, 131
142, 133
142, 140
142, 143
144, 60
144, 91
145, 1
145, 14
145, 20
145, 25
145, 54
145, 57
145, 68
145, 96
145, 101
145, 106
145, 111
145, 113
145, 119
145, 130
145, 131
145, 133
145, 140
145, 143
145, 149
145, 182
145, 184
146, 124
146, 207
146, 268
146, 322
146, 326
146, 327
146, 337
146, 407
146, 440
147, 2
147, 10
147, 11
147, 12
147, 15
147, 16
147, 21
147, 32
147, 34
147, 50
147, 51
147, 58
147, 59
147, 79
147, 83
147, 86
147, 89
147, 90
147, 118
147, 135
147, 156
148, 7
148, 12
148, 34
148, 39
148, 40
148, 46
148, 49
148, 51
148, 52
148, 53
148, 58
148, 59
148, 60
148, 61
148, 62
148, 64
148, 69
148, 71
148, 74
148, 75
148, 81
150, 17
150, 63
150, 107
150, 353
151, 3
151, 7
151, 10
151, 11
151, 12
151, 15
151, 18
151, 32
151, 34
151, 39
151, 40
151, 46
151, 49
151, 50
151, 51
151, 52
151, 53
151, 60
151, 61
151, 62
151, 64
152, 7
152, 12
152, 34
152, 39
152, 40
152, 46
152, 49
152, 51
152, 52
152, 53
152, 58
152, 59
152, 60
152, 61
152, 62
152, 64
152, 69
152, 71
152, 74
152, 75
152, 81
154, 7
154, 17
154, 39
154, 46
154, 49
154, 52
154, 53
154, 60
154, 61
154, 62
154, 63
154, 69
154, 71
154, 74
154, 81
154, 84
154, 91
154, 107
154, 127
154, 129
154, 153
157, 124
157, 207
157, 268
157, 322
157, 326
157, 327
157, 337
157, 407
157, 440
158, 7
158, 12
158, 34
158, 39
158, 40
158, 46
158, 49
158, 51
158, 52
158, 53
158, 58
158, 59
158, 60
158, 61
158, 62
158, 64
158, 69
158, 71
158, 74
158, 75
158, 81
162, 26
162, 55
162, 85
162, 92
162, 99
162, 121
162, 136
162, 202
162, 283
162, 337
162, 396
162, 440
166, 17
166, 53
166, 60
166, 61
166, 63
166, 69
166, 74
166, 107
166, 163
166, 174
166, 187
166, 211
166, 256
166, 274
166, 353
166, 363
166, 450
166, 454
167, 2
167, 3
167, 4
167, 5
167, 6
167, 8
167, 9
167, 10
167, 11
167, 12
167, 13
167, 14
167, 15
167, 16
167, 17
167, 18
167, 20
167, 21
167, 25
167, 26
167, 32
172, 14
172, 25
172, 54
172, 57
172, 68
172, 96
172, 101
172, 106
172, 111
172, 113
172, 119
172, 130
172, 131
172, 133
172, 140
172, 143
172, 149
172, 182
172, 184
172, 185
172, 186
173, 57
173, 68
173, 96
173, 101
173, 106
173, 111
173, 113
173, 119
173, 130
173, 131
173, 133
173, 140
173, 143
173, 149
173, 182
173, 184
173, 185
173, 186
173, 190
173, 196
173, 212
175, 26
175, 85
175, 92
175, 99
175, 121
175, 136
175, 202
175, 396
176, 55
176, 280
176, 283
176, 422
177, 68
177, 96
177, 101
177, 106
177, 111
177, 113
177, 119
177, 130
177, 131
177, 133
177, 140
177, 143
177, 149
177, 182
177, 184
177, 185
177, 186
177, 190
177, 196
177, 212
177, 233
179, 49
179, 52
179, 60
179, 61
179, 62
179, 69
179, 71
179, 74
179, 81
179, 84
179, 91
179, 96
179, 101
179, 106
179, 111
179, 113
179, 119
179, 130
179, 131
179, 133
179, 140
180, 12
180, 34
180, 40
180, 49
180, 51
180, 52
180, 58
180, 59
180, 60
180, 62
180, 64
180, 69
180, 71
180, 74
180, 75
180, 81
180, 82
180, 84
180, 91
180, 98
180, 118
181, 16
181, 21
181, 32
181, 34
181, 40
181, 50
181, 51
181, 62
181, 64
181, 69
181, 71
181, 81
181, 82
181, 83
181, 84
181, 85
181, 86
181, 89
181, 90
181, 91
181, 92
183, 62
183, 71
183, 91
183, 127
183, 199
183, 352
183, 431
183, 435
188, 124
188, 207
188, 268
188, 322
188, 326
188, 327
188, 337
188, 407
188, 440
189, 3
189, 12
189, 58
189, 59
189, 95
189, 100
189, 107
189, 118
189, 139
189, 141
189, 156
189, 160
189, 219
189, 222
189, 260
189, 267
189, 282
189, 293
189, 299
189, 305
189, 334
193, 17
193, 63
193, 107
193, 353
194, 86
194, 89
194, 90
194, 165
194, 170
194, 228
194, 268
194, 300
194, 322
194, 339
194, 340
194, 366
194, 406
195, 12
195, 34
195, 40
195, 51
195, 58
195, 59
195, 64
195, 71
195, 75
195, 81
195, 82
195, 84
195, 91
195, 98
195, 118
195, 127
195, 129
195, 138
195, 153
195, 156
195, 159
197, 3
197, 95
197, 100
197, 107
197, 139
197, 141
197, 219
197, 260
197, 267
197, 373
198, 3
198, 95
198, 100
198, 139
198, 141
198, 219
198, 222
198, 253
198, 260
198, 267
198, 278
198, 293
198, 299
198, 305
198, 334
198, 335
198, 373
198, 400
200, 2
200, 10
200, 11
200, 15
200, 16
200, 21
200, 32
200, 34
200, 50
200, 51
200, 58
200, 59
200, 64
200, 71
200, 79
200, 82
200, 83
200, 84
200, 86
200, 89
200, 90
201, 124
201, 207
201, 268
201, 322
201, 326
201, 327
201, 337
201, 407
201, 440
203, 40
203, 58
203, 59
203, 64
203, 75
203, 81
203, 82
203, 84
203, 91
203, 98
203, 118
203, 127
203, 129
203, 138
203, 153
203, 156
203, 159
203, 160
203, 161
203, 163
203, 168
205, 17
205, 63
205, 107
205, 353
206, 91
206, 187
206, 211
206, 216
206, 380
206, 391
206, 444
206, 450
206, 454
208, 15
208, 16
208, 21
208, 32
208, 50
208, 64
208, 82
208, 83
208, 84
208, 85
208, 86
208, 89
208, 90
208, 91
208, 92
208, 98
208, 99
208, 101
208, 106
208, 111
208, 113
210, 26
210, 85
210, 92
210, 99
210, 121
210, 136
210, 202
210, 396
213, 3
213, 84
213, 91
213, 131
213, 133
213, 139
213, 140
213, 143
213, 153
213, 161
213, 163
213, 174
213, 182
213, 185
213, 186
213, 187
213, 191
213, 199
213, 211
213, 222
213, 233
214, 95
214, 96
214, 143
214, 149
214, 182
214, 185
214, 186
214, 233
214, 266
214, 271
214, 297
214, 313
214, 348
214, 362
214, 368
214, 371
214, 394
214, 410
214, 428
214, 439
214, 443
215, 58
215, 59
215, 64
215, 75
215, 82
215, 84
215, 91
215, 98
215, 118
215, 127
215, 129
215, 138
215, 153
215, 156
215, 159
215, 160
215, 161
215, 163
215, 168
215, 174
215, 187
217, 59
217, 75
217, 82
217, 84
217, 91
217, 98
217, 118
217, 127
217, 129
217, 138
217, 153
217, 156
217, 159
217, 160
217, 161
217, 163
217, 168
217, 174
217, 187
217, 191
217, 199
218, 18
221, 119
221, 130
221, 149
221, 182
221, 184
221, 185
221, 186
221, 190
221, 196
221, 212
221, 233
221, 251
221, 266
221, 271
221, 297
221, 312
221, 313
221, 348
221, 349
221, 361
221, 362
223, 16
223, 21
223, 32
223, 50
223, 83
223, 86
223, 89
223, 90
223, 91
223, 124
223, 161
223, 163
223, 165
223, 170
223, 174
223, 178
223, 187
223, 207
223, 211
223, 227
223, 256
224, 17
224, 63
224, 107
224, 353
225, 86
225, 89
225, 90
225, 124
225, 165
225, 170
225, 207
225, 228
225, 268
225, 300
225, 322
225, 326
225, 327
225, 339
225, 340
225, 366
225, 406
225, 407
225, 440
232, 9
232, 55
232, 124
232, 207
232, 268
232, 280
232, 283
232, 322
232, 326
232, 327
232, 337
232, 407
232, 422
232, 440
234, 149
234, 184
234, 185
234, 186
234, 190
234, 196
234, 212
234, 233
234, 251
234, 266
234, 271
234, 297
234, 312
234, 313
234, 348
234, 349
234, 361
234, 362
234, 364
234, 368
234, 369
235, 184
235, 185
235, 186
235, 190
235, 196
235, 212
235, 233
235, 251
235, 266
235, 271
235, 297
235, 312
235, 313
235, 348
235, 349
235, 361
235, 362
235, 364
235, 368
235, 369
235, 371
236, 228
236, 300
237, 124
237, 207
237, 268
237, 322
237, 326
237, 327
237, 337
237, 407
237, 440
238, 75
238, 82
238, 84
238, 91
238, 98
238, 118
238, 127
238, 129
238, 138
238, 153
238, 156
238, 159
238, 160
238, 161
238, 163
238, 168
238, 174
238, 187
238, 191
238, 199
238, 211
240, 75
240, 82
240, 84
240, 91
240, 98
240, 118
240, 127
240, 129
240, 138
240, 153
240, 156
240, 159
240, 160
240, 161
240, 163
240, 168
240, 174
240, 187
240, 191
240, 199
240, 211
241, 124
241, 207
241, 268
241, 322
241, 326
241, 327
241, 337
241, 407
241, 440
242, 185
242, 186
242, 190
242, 196
242, 212
242, 233
242, 251
242, 266
242, 271
242, 297
242, 312
242, 313
242, 348
242, 349
242, 361
242, 362
242, 364
242, 368
242, 369
242, 371
242, 394
243, 185
243, 186
243, 190
243, 196
243, 212
243, 233
243, 251
243, 266
243, 271
243, 297
243, 312
243, 313
243, 348
243, 349
243, 361
243, 362
243, 364
243, 368
243, 369
243, 371
243, 394
244, 75
244, 82
244, 84
244, 91
244, 98
244, 118
244, 127
244, 129
244, 138
244, 153
244, 156
244, 159
244, 160
244, 161
244, 163
244, 168
244, 174
244, 187
244, 191
244, 199
244, 211
246, 118
246, 314
246, 392
246, 429
246, 447
246, 448
247, 26
247, 85
247, 92
247, 99
247, 121
247, 136
247, 202
247, 396
248, 118
248, 160
249, 185
249, 186
249, 190
249, 196
249, 212
249, 233
249, 251
249, 266
249, 271
249, 297
249, 312
249, 313
249, 348
249, 349
249, 361
249, 362
249, 364
249, 368
249, 369
249, 371
249, 394
250, 2
250, 10
250, 11
250, 15
250, 16
250, 21
250, 32
250, 50
250, 79
250, 82
250, 83
250, 84
250, 86
250, 89
250, 90
250, 98
250, 118
250, 129
250, 135
250, 138
250, 153
252, 185
252, 186
252, 190
252, 196
252, 212
252, 233
252, 251
252, 266
252, 271
252, 297
252, 312
252, 313
252, 348
252, 349
252, 361
252, 362
252, 364
252, 368
252, 369
252, 371
252, 394
254, 26
254, 85
254, 92
254, 99
254, 121
254, 136
254, 202
254, 396
257, 26
257, 85
257, 92
257, 99
257, 121
257, 136
257, 202
257, 396
258, 3
258, 95
258, 100
258, 139
258, 141
258, 219
258, 222
258, 253
258, 260
258, 267
258, 278
258, 293
258, 299
258, 305
258, 334
258, 335
258, 373
258, 400
259, 75
259, 82
259, 84
259, 91
259, 98
259, 118
259, 127
259, 129
259, 138
259, 153
259, 156
259, 159
259, 160
259, 161
259, 163
259, 168
259, 174
259, 187
259, 191
259, 199
259, 211
262, 2
262, 10
262, 11
262, 15
262, 16
262, 21
262, 32
262, 50
262, 79
262, 83
262, 86
262, 89
262, 90
262, 135
262, 164
262, 165
262, 169
262, 170
262, 171
262, 178
262, 192
264, 82
264, 84
264, 91
264, 98
264, 118
264, 127
264, 129
264, 138
264, 153
264, 156
264, 159
264, 160
264, 161
264, 163
264, 168
264, 174
264, 187
264, 191
264, 199
264, 211
264, 220
265, 84
265, 91
265, 98
265, 127
265, 129
265, 153
265, 161
265, 163
265, 168
265, 174
265, 185
265, 186
265, 187
265, 190
265, 191
265, 196
265, 199
265, 211
265, 212
265, 220
265, 233
269, 185
269, 186
269, 190
269, 196
269, 212
269, 233
269, 251
269, 266
269, 271
269, 297
269, 312
269, 313
269, 348
269, 349
269, 361
269, 362
269, 364
269, 368
269, 369
269, 371
269, 394
270, 3
270, 95
270, 100
270, 139
270, 141
270, 219
270, 222
270, 253
270, 260
270, 267
270, 278
270, 293
270, 299
270, 305
270, 334
270, 335
270, 373
270, 400
272, 10
272, 11
272, 18
272, 79
272, 135
272, 161
272, 163
272, 174
272, 239
272, 245
272, 256
272, 263
272, 274
272, 279
272, 298
272, 306
272, 308
272, 346
272, 363
272, 393
272, 418
273, 26
273, 85
273, 92
273, 99
273, 121
273, 136
273, 202
273, 396
276, 185
276, 186
276, 190
276, 196
276, 212
276, 233
276, 251
276, 266
276, 271
276, 297
276, 312
276, 313
276, 348
276, 349
276, 361
276, 362
276, 364
276, 368
276, 369
276, 371
276, 394
281, 55
281, 280
281, 283
281, 337
281, 422
284, 124
284, 207
284, 268
284, 322
284, 326
284, 327
284, 337
284, 407
284, 440
287, 3
287, 95
287, 100
287, 139
287, 141
287, 219
287, 222
287, 253
287, 260
287, 267
287, 278
287, 293
287, 299
287, 305
287, 334
287, 335
287, 373
287, 400
289, 17
289, 63
289, 82
289, 84
289, 98
289, 107
289, 127
289, 129
289, 138
289, 153
289, 161
289, 163
289, 168
289, 174
289, 187
289, 191
289, 199
289, 211
289, 220
289, 255
289, 256
290, 26
290, 85
290, 92
290, 99
290, 121
290, 136
290, 202
290, 396
291, 13
291, 26
291, 55
291, 85
291, 92
291, 99
291, 121
291, 136
291, 202
291, 280
291, 283
291, 337
291, 396
291, 422
292, 124
292, 207
292, 268
292, 322
292, 326
292, 327
292, 337
292, 407
292, 440
294, 17
294, 63
294, 82
294, 98
294, 107
294, 118
294, 127
294, 129
294, 138
294, 153
294, 159
294, 160
294, 161
294, 163
294, 168
294, 174
294, 187
294, 191
294, 199
294, 211
294, 220
295, 17
295, 63
295, 107
295, 161
295, 163
295, 174
295, 187
295, 199
295, 211
295, 256
295, 274
295, 352
295, 353
295, 363
295, 391
295, 431
295, 435
295, 444
295, 450
295, 454
296, 26
296, 85
296, 92
296, 99
296, 121
296, 136
296, 202
296, 396
301, 185
301, 186
301, 190
301, 196
301, 212
301, 233
301, 251
301, 266
301, 271
301, 297
301, 312
301, 313
301, 348
301, 349
301, 361
301, 362
301, 364
301, 368
301, 369
301, 371
301, 394
302, 2
302, 10
302, 11
302, 15
302, 16
302, 21
302, 32
302, 50
302, 79
302, 83
302, 86
302, 89
302, 90
302, 135
302, 164
302, 165
302, 169
302, 170
302, 171
302, 178
302, 192
303, 82
303, 98
303, 118
303, 127
303, 129
303, 138
303, 153
303, 156
303, 159
303, 160
303, 161
303, 163
303, 168
303, 174
303, 187
303, 191
303, 199
303, 211
303, 220
303, 226
303, 229
304, 82
304, 98
304, 118
304, 127
304, 129
304, 138
304, 153
304, 156
304, 159
304, 160
304, 161
304, 163
304, 168
304, 174
304, 187
304, 191
304, 199
304, 211
304, 220
304, 226
304, 229
307, 26
307, 85
307, 92
307, 99
307, 121
307, 136
307, 202
307, 396
309, 185
309, 186
309, 190
309, 196
309, 212
309, 233
309, 251
309, 266
309, 271
309, 297
309, 312
309, 313
309, 348
309, 349
309, 361
309, 362
309, 364
309, 368
309, 369
309, 371
309, 394
310, 26
310, 85
310, 92
310, 99
310, 121
310, 136
310, 202
310, 396
315, 13
315, 16
315, 26
315, 32
315, 55
315, 83
315, 86
315, 89
315, 90
315, 92
315, 99
315, 121
315, 124
315, 127
315, 136
315, 153
315, 161
315, 163
315, 165
315, 170
315, 174
316, 26
316, 121
316, 136
316, 202
316, 396
317, 17
317, 63
317, 82
317, 98
317, 107
317, 127
317, 129
317, 138
317, 153
317, 161
317, 168
317, 174
317, 187
317, 191
317, 199
317, 211
317, 220
317, 226
317, 231
317, 255
317, 256
318, 124
318, 207
318, 268
318, 322
318, 326
318, 327
318, 407
318, 440
319, 2
319, 10
319, 11
319, 15
319, 16
319, 21
319, 32
319, 50
319, 79
319, 83
319, 86
319, 89
319, 90
319, 135
319, 164
319, 165
319, 169
319, 170
319, 171
319, 178
319, 192
320, 202
320, 396
321, 396
323, 82
323, 98
323, 118
323, 127
323, 129
323, 138
323, 153
323, 156
323, 159
323, 160
323, 168
323, 174
323, 187
323, 191
323, 199
323, 211
323, 220
323, 226
323, 229
323, 231
323, 255
324, 3
324, 95
324, 100
324, 139
324, 141
324, 219
324, 222
324, 253
324, 260
324, 267
324, 278
324, 293
324, 299
324, 305
324, 334
324, 335
324, 373
324, 400
325, 2
325, 10
325, 11
325, 15
325, 16
325, 21
325, 32
325, 50
325, 79
325, 83
325, 86
325, 89
325, 90
325, 118
325, 135
325, 156
325, 160
325, 164
325, 165
325, 169
325, 170
329, 124
329, 207
329, 268
329, 322
329, 326
329, 327
329, 407
329, 440
330, 6
330, 86
330, 89
330, 90
330, 170
330, 207
330, 228
330, 268
330, 300
330, 322
330, 326
330, 327
330, 340
330, 406
330, 407
331, 104
331, 155
331, 209
331, 230
331, 374
331, 449
332, 185
332, 186
332, 190
332, 196
332, 212
332, 233
332, 251
332, 266
332, 271
332, 297
332, 312
332, 313
332, 348
332, 349
332, 361
332, 362
332, 364
332, 368
332, 369
332, 371
332, 394
333, 98
333, 118
333, 127
333, 129
333, 138
333, 153
333, 156
333, 159
333, 160
333, 168
333, 187
333, 191
333, 199
333, 211
333, 220
333, 226
333, 229
333, 231
333, 255
333, 256
333, 274
336, 3
336, 139
336, 196
336, 212
336, 222
336, 251
336, 253
336, 278
336, 293
336, 299
336, 305
336, 334
336, 335
336, 349
336, 364
336, 373
336, 400
338, 3
338, 95
338, 100
338, 139
338, 141
338, 160
338, 219
338, 260
338, 267
338, 282
338, 354
338, 373
338, 376
338, 379
341, 83
341, 86
341, 89
341, 90
341, 165
341, 170
341, 207
341, 211
341, 256
341, 274
341, 280
341, 322
341, 326
341, 327
341, 339
341, 340
341, 358
341, 363
341, 366
341, 406
341, 407
342, 127
342, 129
342, 138
342, 156
342, 159
342, 160
342, 168
342, 191
342, 199
342, 211
342, 220
342, 226
342, 229
342, 231
342, 255
342, 256
342, 274
342, 275
342, 282
342, 285
342, 286
343, 16
343, 21
343, 32
343, 50
343, 83
343, 86
343, 89
343, 90
343, 129
343, 138
343, 156
343, 159
343, 160
343, 165
343, 168
343, 170
343, 178
343, 191
343, 199
343, 216
343, 220
344, 138
344, 156
344, 159
344, 160
344, 168
344, 191
344, 199
344, 216
344, 220
344, 226
344, 229
344, 231
344, 255
344, 256
344, 274
344, 275
344, 282
344, 285
344, 286
344, 311
344, 314
345, 2
345, 10
345, 11
345, 15
345, 16
345, 21
345, 32
345, 50
345, 79
345, 83
345, 86
345, 89
345, 90
345, 135
345, 164
345, 165
345, 169
345, 170
345, 171
345, 178
345, 192
347, 185
347, 186
347, 190
347, 196
347, 212
347, 233
347, 251
347, 266
347, 271
347, 297
347, 312
347, 313
347, 348
347, 349
347, 361
347, 362
347, 364
347, 368
347, 369
347, 371
347, 394
351, 138
351, 156
351, 159
351, 160
351, 168
351, 191
351, 199
351, 220
351, 226
351, 229
351, 231
351, 255
351, 256
351, 274
351, 275
351, 282
351, 285
351, 286
351, 311
351, 314
351, 328
355, 3
355, 17
355, 19
355, 63
355, 95
355, 100
355, 107
355, 139
355, 141
355, 156
355, 219
355, 222
355, 229
355, 253
355, 260
355, 267
355, 278
355, 282
355, 293
355, 299
355, 305
357, 16
357, 17
357, 21
357, 32
357, 50
357, 63
357, 83
357, 107
357, 159
357, 164
357, 165
357, 168
357, 170
357, 171
357, 178
357, 185
357, 186
357, 191
357, 192
357, 216
357, 220
359, 17
359, 63
359, 107
359, 191
359, 220
359, 226
359, 231
359, 255
359, 256
359, 274
359, 275
359, 285
359, 286
359, 314
359, 335
359, 352
359, 353
359, 363
359, 370
359, 382
359, 385
360, 3
360, 95
360, 100
360, 139
360, 141
360, 219
360, 222
360, 253
360, 260
360, 267
360, 278
360, 293
360, 299
360, 305
360, 334
360, 335
360, 373
360, 400
365, 6
365, 228
365, 300
367, 185
367, 186
367, 190
367, 196
367, 212
367, 233
367, 251
367, 266
367, 271
367, 297
367, 312
367, 313
367, 348
367, 349
367, 361
367, 362
367, 364
367, 368
367, 369
367, 371
367, 394
372, 159
372, 220
372, 226
372, 229
372, 231
372, 255
372, 256
372, 274
372, 275
372, 282
372, 285
372, 286
372, 311
372, 314
372, 328
372, 350
372, 352
372, 354
372, 363
372, 370
372, 376
375, 190
375, 196
375, 212
375, 233
375, 251
375, 266
375, 271
375, 297
375, 312
375, 313
375, 348
375, 349
375, 361
375, 362
375, 364
375, 368
375, 369
375, 371
375, 394
375, 410
375, 428
377, 190
377, 196
377, 212
377, 233
377, 251
377, 266
377, 271
377, 297
377, 312
377, 313
377, 348
377, 349
377, 361
377, 362
377, 364
377, 368
377, 369
377, 371
377, 394
377, 410
377, 428
381, 17
381, 63
381, 107
381, 353
383, 190
383, 196
383, 212
383, 233
383, 251
383, 266
383, 271
383, 297
383, 312
383, 313
383, 348
383, 349
383, 361
383, 362
383, 364
383, 368
383, 369
383, 371
383, 394
383, 410
383, 428
386, 159
386, 220
386, 226
386, 229
386, 231
386, 255
386, 256
386, 274
386, 275
386, 282
386, 285
386, 286
386, 311
386, 314
386, 328
386, 350
386, 352
386, 354
386, 363
386, 370
386, 376
387, 10
387, 256
387, 274
387, 279
387, 306
387, 363
387, 437
387, 454
388, 104
388, 155
388, 209
388, 230
388, 374
388, 449
389, 190
389, 251
389, 266
389, 271
389, 297
389, 312
389, 313
389, 348
389, 349
389, 361
389, 362
389, 364
389, 368
389, 369
389, 371
389, 394
389, 410
389, 428
389, 439
389, 443
389, 452
390, 15
390, 50
390, 79
390, 135
390, 164
390, 165
390, 169
390, 171
390, 178
390, 192
390, 204
390, 227
390, 239
390, 245
390, 263
390, 277
390, 288
390, 298
390, 308
390, 346
390, 356
397, 104
397, 155
397, 209
397, 230
397, 374
397, 449
399, 3
399, 95
399, 100
399, 139
399, 141
399, 219
399, 222
399, 253
399, 260
399, 267
399, 278
399, 293
399, 299
399, 305
399, 334
399, 335
399, 373
399, 400
401, 17
401, 21
401, 50
401, 63
401, 83
401, 95
401, 107
401, 139
401, 165
401, 170
401, 178
401, 220
401, 222
401, 226
401, 227
401, 231
401, 251
401, 253
401, 255
401, 256
401, 261
402, 220
402, 226
402, 229
402, 231
402, 255
402, 256
402, 274
402, 275
402, 282
402, 285
402, 286
402, 311
402, 314
402, 328
402, 350
402, 352
402, 354
402, 363
402, 370
402, 376
402, 379
403, 220
403, 226
403, 229
403, 231
403, 255
403, 256
403, 274
403, 275
403, 282
403, 285
403, 286
403, 311
403, 314
403, 328
403, 350
403, 352
403, 354
403, 363
403, 370
403, 376
403, 379
405, 251
405, 266
405, 271
405, 297
405, 312
405, 313
405, 348
405, 349
405, 361
405, 362
405, 364
405, 368
405, 369
405, 371
405, 394
405, 410
405, 428
405, 439
405, 443
405, 452
408, 15
408, 79
408, 135
408, 169
408, 204
408, 239
408, 245
408, 263
408, 288
408, 298
408, 308
408, 346
408, 393
408, 418
409, 2
409, 10
409, 11
409, 15
409, 21
409, 79
409, 83
409, 135
409, 164
409, 165
409, 169
409, 170
409, 171
409, 178
409, 192
409, 204
409, 227
409, 239
409, 245
409, 261
409, 263
411, 220
411, 226
411, 229
411, 231
411, 255
411, 256
411, 274
411, 275
411, 282
411, 285
411, 286
411, 311
411, 314
411, 328
411, 350
411, 352
411, 354
411, 363
411, 370
411, 376
411, 379
412, 104
412, 155
412, 209
412, 230
412, 374
412, 449
413, 266
413, 271
413, 297
413, 312
413, 313
413, 348
413, 349
413, 361
413, 362
413, 364
413, 368
413, 369
413, 371
413, 394
413, 410
413, 428
413, 439
413, 443
413, 452
414, 226
414, 231
414, 255
414, 275
414, 285
414, 286
414, 328
414, 352
414, 370
414, 382
414, 385
414, 391
414, 416
414, 417
414, 431
414, 435
414, 436
414, 444
414, 450
415, 95
415, 100
415, 139
415, 141
415, 219
415, 222
415, 253
415, 260
415, 267
415, 278
415, 293
415, 299
415, 305
415, 334
415, 335
415, 373
415, 400
419, 226
419, 229
419, 231
419, 255
419, 256
419, 274
419, 275
419, 282
419, 285
419, 286
419, 311
419, 314
419, 328
419, 350
419, 352
419, 354
419, 363
419, 370
419, 376
419, 379
419, 380
420, 21
420, 63
420, 83
420, 107
420, 164
420, 165
420, 170
420, 171
420, 178
420, 192
420, 204
420, 216
420, 222
420, 226
420, 227
420, 231
420, 239
420, 253
420, 255
420, 256
420, 261
421, 100
421, 267
421, 312
421, 361
421, 364
421, 368
421, 369
421, 371
421, 394
421, 410
421, 428
421, 439
421, 443
421, 452
423, 369
423, 371
423, 394
423, 410
423, 428
423, 439
423, 443
423, 452
424, 95
424, 100
424, 139
424, 141
424, 219
424, 222
424, 253
424, 260
424, 267
424, 278
424, 293
424, 299
424, 305
424, 334
424, 335
424, 373
424, 400
425, 10
425, 18
425, 306
425, 437
426, 354
430, 226
430, 229
430, 231
430, 255
430, 274
430, 275
430, 282
430, 285
430, 286
430, 311
430, 314
430, 328
430, 350
430, 352
430, 354
430, 363
430, 370
430, 376
430, 379
430, 380
430, 382
432, 63
432, 107
432, 274
432, 353
432, 363
432, 450
432, 454
433, 95
433, 100
433, 139
433, 141
433, 219
433, 222
433, 253
433, 260
433, 267
433, 278
433, 293
433, 299
433, 305
433, 334
433, 335
433, 373
433, 400
438, 170
438, 228
438, 300
438, 340
438, 406
442, 95
442, 100
442, 141
442, 219
442, 222
442, 253
442, 260
442, 267
442, 278
442, 293
442, 299
442, 305
442, 334
442, 335
442, 373
442, 400
446, 5
446, 104
446, 155
446, 209
446, 230
446, 374
446, 449
455, 18
457, 63
457, 353
458, 55
458, 280
458, 283
458, 422
459, 394
459, 410
459, 428
459, 439
459, 443
459, 452
end