500
4
0, 0.11208432440641125, 0.5798450111449157
1, 0.6261649082081966, 0.16011078342917118
2, 0.11617751708131674, 0.6887210659404114
3, 0.9953111877237316, 0.06832242642670461
4, 0.41041300754859567, 0.9606740971345797
5, 0.8490370168834496, 0.547106641549504
6, 0.40598492959782595, 0.7420080308266762
7, 0.9680547464227854, 0.3747497437765618
8, 0.1615493968207966, 0.5813356564895867
9, 0.47880363369923307, 0.5317047948211625
10, 0.22219583558364586, 0.6680809870398565
11, 0.82002296695652, 0.7869725711708185
12, 0.020007943799870143, 0.6408706110204179
13, 0.06931135561303159, 0.7730380781729758
14, 0.03533562993793404, 0.12494187525870659
15, 0.6777862775752738, 0.5627747424494107
16, 0.15570959155371134, 0.06060736889810758
17, 0.2370989543135914, 0.8749844197299236
18, 0.9822858262494765, 0.7004033080315053
19, 0.0335942019578398, 0.8906188524205941
20, 0.2918589080911592, 0.06807143233272794
21, 0.9028090824406992, 0.30783153971232924
22, 0.21547148811171923, 0.7564231317841792
23, 0.4121586667850178, 0.48702906949566116
24, 0.10605760749012816, 0.6600087686092312
25, 0.27542680709302525, 0.1562883964410844
26, 0.4510538171745353, 0.3009778766775246
27, 0.2790669770882285, 0.145967392538493
28, 0.40711776101747954, 0.23616792337562187
29, 0.3690549569129742, 0.49148486774775135
30, 0.18199365450504146, 0.6368366982511396
31, 0.7583432697368011, 0.4301296734930419
32, 0.0604603773911202, 0.7382383996572087
33, 0.47620769287232934, 0.26151957311743845
34, 0.8899111111785023, 0.9281321387214595
35, 0.14998546638782362, 0.2755030953146079
36, 0.9090112919099733, 0.5311386074953935
37, 0.4965105780769006, 0.24367711841309114
38, 0.8862789504217776, 0.0186282435706685
39, 0.14809619439501442, 0.6878541421308303
40, 0.933759903889075, 0.2682711727670384
41, 0.3642319306593378, 0.7526669369929687
42, 0.008083995827524282, 0.8253912405708856
43, 0.7085642492631147, 0.10788620530053228
44, 0.2523032995225797, 0.8033730442132176
45, 0.8867702481790962, 0.270342211418547
46, 0.3641166847742393, 0.33128848433655056
47, 0.18326779200875565, 0.19321874127053096
48, 0.9854903239900838, 0.7027504075807273
49, 0.0429681745566618, 0.4822758164528155
50, 0.7252713597152626, 0.10806733382328926
51, 0.9692723173011303, 0.9079002135931209
52, 0.1536701358682926, 0.2726845256512088
53, 0.4346225451804665, 0.9250228621485601
54, 0.6627828348349895, 0.10597718951998392
55, 0.9732540525477718, 0.6792967467870714
56, 0.5120038033001084, 0.700098245544664
57, 0.3524885368491235, 0.11259249239603042
58, 0.6033769939219543, 0.4289002164686687
59, 0.06826012560845329, 0.2743591581844006
60, 0.4756268785501854, 0.8212771053439278
61, 0.7950334342166369, 0.6137673750778087
62, 0.12455147257706689, 0.24677992838208318
63, 0.6980179010940376, 0.785814946417422
64, 0.014362247799787675, 0.709338578966765
65, 0.5081508898685175, 0.5324504715279166
66, 0.5354824414446929, 0.3635030262150245
67, 0.2472159509888352, 0.5548245282303671
68, 0.8258216734304503, 0.3563909815601406
69, 0.03420920213241729, 0.3150498884429779
70, 0.31429351150535434, 0.2188851298744322
71, 0.008130553925768114, 0.9908047300326686
72, 0.008968637901704213, 0.4436913821315449
73, 0.05418756889578724, 0.15354228054220687
74, 0.39672773103098646, 0.5833538481186852
75, 0.33769262028192226, 0.7539358906950939
76, 0.18799372514165402, 0.22627506450826984
77, 0.5531480539141571, 0.7264682401455055
78, 0.19953850609120827, 0.7900263874855491
79, 0.8376903511673985, 0.5553358955601165
80, 0.06604430335398548, 0.3333554717601176
81, 0.8636062514759674, 0.3843050733148955
82, 0.7034000506048314, 0.9704143197563895
83, 0.980071821796809, 0.6021607391078817
84, 0.46083180068156737, 0.9933774845238549
85, 0.7322052814968516, 0.3227216034655972
86, 0.3840151560234276, 0.7908520003461939
87, 0.6471540575314396, 0.5624658113402267
88, 0.016852234075649397, 0.3002155678002626
89, 0.7089239610154598, 0.17719178627397747
90, 0.6456865078322026, 0.3843283162177745
91, 0.5940344456168687, 0.07690155037032254
92, 0.7647633790067385, 0.5394240127703237
93, 0.4303834894586487, 0.20537023091557738
94, 0.5726142832386162, 0.06833560694409058
95, 0.7481267642100079, 0.9893086697257297
96, 0.06171659403176999, 0.7774758589490163
97, 0.33503615871404413, 0.46253094036485654
98, 0.8233105622388158, 0.17140854928454552
99, 0.883318855604657, 0.3876373769046144
100, 0.6080464216158695, 0.9744380487357123
101, 0.42892763076450746, 0.2562116261075631
102, 0.5001413227678325, 0.08565278840326684
103, 0.08693076427132918, 0.5192977716469567
104, 0.0005183902825287579, 0.48176976050081544
105, 0.5768822468800984, 0.5507462330448096
106, 0.8370264030588146, 0.3175287063258414
107, 0.8655568192517727, 0.4127142192600287
108, 0.17537804531577805, 0.35858781824224406
109, 0.7613650181675916, 0.5671158812197595
110, 0.5769682667569549, 0.7752195371258964
111, 0.018560579269455424, 0.3757016427172477
112, 0.8806551340048239, 0.769308538793624
113, 0.17324880920862507, 0.6318777317529806
114, 0.2570858687105054, 0.5488435895168052
115, 0.09272073431642003, 0.44954851880941493
116, 0.7655919662956235, 0.5602179659236562
117, 0.44669856220930204, 0.8499678637987138
118, 0.43401873950520464, 0.4261832792193635
119, 0.8115180265291396, 0.5452144659908416
120, 0.4416733201258758, 0.24241643308250693
121, 0.1940470817161204, 0.11572225561730776
122, 0.6705342933230595, 0.9100878713176611
123, 0.537113868464038, 0.8599514162256151
124, 0.41400887443248857, 0.49475594227734576
125, 0.3414954969785461, 0.2817232781002258
126, 0.9018054988713367, 0.6376403337756404
127, 0.7830783230248168, 0.9265971710453862
128, 0.8525012438181124, 0.021867727220640343
129, 0.6479598095791039, 0.8273343718994548
130, 0.03808161937684895, 0.7553238028411643
131, 0.7883566037140229, 0.22272788089054973
132, 0.1538352751475246, 0.6298159080537492
133, 0.32298329148179417, 0.2114095191014611
134, 0.13101387629393735, 0.559622450192481
135, 0.35733585020909187, 0.9724162586415795
136, 0.12791337884867737, 0.3997760744290523
137, 0.5302471925486748, 0.742507324074679
138, 0.9703224232938232, 0.8391692912445097
139, 0.16153573840934787, 0.40221292675697196
140, 0.10980834952747565, 0.34207932889274517
141, 0.7234757562783681, 0.7962767878853597
142, 0.5513885097424054, 0.48204806735960004
143, 0.2426806445334665, 0.09502492037417754
144, 0.9148358218113178, 0.906040401456978
145, 0.2068421656773809, 0.6001300066756137
146, 0.7979462177429586, 0.15507676146398752
147, 0.3327401476208455, 0.3787048870170834
148, 0.2185859258052183, 0.14642343865107366
149, 0.7227238560964794, 0.18262451941283964
150, 0.2527355270978747, 0.4485082716843195
151, 0.9345849438567458, 0.723364005661295
152, 0.66450184111875, 0.1093668948407236
153, 0.7035041582028025, 0.8183633087972929
154, 0.4601241575998055, 0.251810354861835
155, 0.050704231164099944, 0.43117075653284453
156, 0.2482615449778346, 0.8589733559257006
157, 0.168685398138673, 0.5249135199033018
158, 0.8685864229033768, 0.08877417280067557
159, 0.2413805836516234, 0.9068565532800207
160, 0.7944929406245732, 0.26852828793520145
161, 0.9143191141863928, 0.04460201885210624
162, 0.495078000927184, 0.3225351358250287
163, 0.9107016436529731, 0.8172510739308524
164, 0.46897390688473206, 0.6640492932084171
165, 0.2370910235814001, 0.947210715545939
166, 0.5989090828839302, 0.7010595620031923
167, 0.7352146512107066, 0.27104896926732525
168, 0.013695068302523983, 0.07626620457666455
169, 0.7302584116482616, 0.5801531944563825
170, 0.726309727401148, 0.7536291664000204
171, 0.1694146590384974, 0.07928536829047528
172, 0.3555183315082677, 0.09294980987218071
173, 0.6081431213291825, 0.2008073134290902
174, 0.9518802912739562, 0.33326630655048217
175, 0.4130925983588136, 0.8435402425307482
176, 0.8809635269489171, 0.5531423374132138
177, 0.6508848184908611, 0.04460992967320576
178, 0.935812896603504, 0.02142385223176846
179, 0.6736143273803308, 0.7054293774145374
180, 0.3087355397770618, 0.5950188019075657
181, 0.6371574583280605, 0.39132287823003886
182, 0.28675173053535463, 0.164204488896721
183, 0.6634434797464399, 0.6462934723894704
184, 0.7729485795693084, 0.6678234479640172
185, 0.14385275076756532, 0.32443086120297726
186, 0.8865430503334569, 0.577037503856653
187, 0.9803260309576962, 0.26574354368152864
188, 0.29380964329754733, 0.6979044720476809
189, 0.8246690060345724, 0.5736806743749089
190, 0.5215373395478681, 0.26784564476476036
191, 0.9226397300315691, 0.010685189413472962
192, 0.08595622545031945, 0.6580067525747411
193, 0.24979028050705465, 0.38410356898288467
194, 0.14618966062924355, 0.5752533087236422
195, 0.1462399046703523, 0.45906051249599045
196, 0.6201928785862929, 0.6619247231915839
197, 0.25854928185746007, 0.5130438497674826
198, 0.9098692437684328, 0.39037100480514586
199, 0.28249088453636784, 0.19758079307175214
200, 0.2594517681116615, 0.4764534857801609
201, 0.2975621813824544, 0.7839906929324811
202, 0.2853397681835773, 0.5315529845383397
203, 0.6318201732292785, 0.5701867757628308
204, 0.42657479674951726, 0.5742844165588568
205, 0.17947793362138453, 0.797493616435095
206, 0.36568559373541154, 0.6195377083321559
207, 0.69640052194245, 0.08946126765448426
208, 0.9643573112912457, 0.7446360989726089
209, 0.08121515462211204, 0.4589950065406915
210, 0.05432774933180606, 0.5376249416618041
211, 0.9086309169016608, 0.5075430581246793
212, 0.2966102752668004, 0.5435787309793666
213, 0.9821634488793706, 0.6872141711287136
214, 0.8534017139598169, 0.00859792487198352
215, 0.7316714579710972, 0.5018370360988177
216, 0.4256900138235823, 0.04547709491885732
217, 0.6056621259037203, 0.6919202818181839
218, 0.0673340265466158, 0.6402860901321904
219, 0.9705498975051483, 0.17059808085945027
220, 0.37451369917168564, 0.24208481570406815
221, 0.010791027404965403, 0.5155096087345724
222, 0.5705397767796565, 0.9593759962784756
223, 0.2541254500715394, 0.2707465963259946
224, 0.6188406541485326, 0.02287473653475669
225, 0.23292074913539107, 0.8399077671679317
226, 0.9693486465537119, 0.34697154713400713
227, 0.7248141179333988, 0.390095150945156
228, 0.8144121025524258, 0.5474758578276541
229, 0.5788961133279467, 0.27108999516804033
230, 0.25436968138926996, 0.037669418304582925
231, 0.7815116438262893, 0.24732064669718745
232, 0.1479774365650942, 0.21586294878502632
233, 0.7425209991259392, 0.24291302939050652
234, 0.27635284275466654, 0.07868585906109893
235, 0.6049981997718522, 0.089507145135857
236, 0.9833172118931027, 0.6344346106322477
237, 0.16774760674825906, 0.24262082598984258
238, 0.24493840088597352, 0.4057913818093912
239, 0.6308301570496451, 0.39530705280066614
240, 0.20585468053400713, 0.4973063825202909
241, 0.9547244437683836, 0.5675715349334022
242, 0.10720441071946318, 0.17090035900886547
243, 0.3549114571149038, 0.03897770420480429
244, 0.1400148655771679, 0.5499709877135983
245, 0.3175771952444002, 0.08395673142763493
246, 0.3362154873427998, 0.2773158702514218
247, 0.992802128186899, 0.3534331005384733
248, 0.9702570049767043, 0.5673842955506722
249, 0.40662907949604543, 0.1331949770061136
250, 0.8084760441100752, 0.579221964335306
251, 0.25603836898429855, 0.45327848259091164
252, 0.7334383994707524, 0.51127087948598
253, 0.6425621620625338, 0.503114557713735
254, 0.12321397819432411, 0.10729707730501592
255, 0.8739387744791123, 0.1499775885896415
256, 0.08153580112340686, 0.6859210502409827
257, 0.563984074313111, 0.31614364153108987
258, 0.6976275833083966, 0.30423230196313455
259, 0.5768886368080964, 0.33050908420470526
260, 0.26103119252765805, 0.3617416082982693
261, 0.2934831266000887, 0.24285415485184958
262, 0.807605815585811, 0.3640920401219342
263, 0.5296270763450012, 0.7923558055803775
264, 0.7587807161689468, 0.34823739043563207
265, 0.19692411666522802, 0.30177118740366726
266, 0.6378331791874171, 0.2193079665715727
267, 0.5618551303898991, 0.13494398933438867
268, 0.2492729813883412, 0.5068412834076567
269, 0.2048439671257426, 0.8274276387530376
270, 0.7737913853463567, 0.06184320572685431
271, 0.9898926909838317, 0.3676135207168374
272, 0.9286575561064124, 0.3369991589215181
273, 0.2502223628519088, 0.9570170958272857
274, 0.6461146277317867, 0.7636193272821971
275, 0.20714814859656439, 0.7005748610001495
276, 0.9848319954680139, 0.9433678317231116
277, 0.24463677728187005, 0.3587356220685932
278, 0.19276540322682, 0.19374216280364964
279, 0.5382368660667414, 0.7297505774539003
280, 0.746097594104933, 0.9776741554769326
281, 0.6577886161575541, 0.8426428166849049
282, 0.2899182514265298, 0.10333444800129743
283, 0.85906428876454, 0.03407659196001489
284, 0.47047376432371724, 0.5802891649225569
285, 0.38951865972582966, 0.5283644374543205
286, 0.3726068009290807, 0.6151671474395818
287, 0.8462352671613973, 0.2724163864065886
288, 0.8168586221952361, 0.5252782808910885
289, 0.7043603461674327, 0.8497783771176911
290, 0.8431315968660348, 0.15042069831847216
291, 0.5604090386156574, 0.691388814791097
292, 0.46815510645628455, 0.7701912695842243
293, 0.4011933328892028, 0.19801658886592055
294, 0.009840876938572052, 0.13524565782074072
295, 0.4144491512472114, 0.10460618627013785
296, 0.23160622882472093, 0.5213179738810049
297, 0.3629551249278242, 0.05177448137288365
298, 0.23876966496261465, 0.22277398546899618
299, 0.34918603689397276, 0.7504901009091477
300, 0.2672996020141588, 0.7461196704008299
301, 0.8384896713075901, 0.36969977236562157
302, 0.1259264570266858, 0.11634198681259911
303, 0.6563593952162153, 0.8115160421269622
304, 0.29563448390141245, 0.884220931772925
305, 0.16235857929904773, 0.7873694036233614
306, 0.7731098904778692, 0.6318525734387566
307, 0.5147759193532471, 0.013828972383273963
308, 0.7010519418042167, 0.5194010065306676
309, 0.9243435952184882, 0.7909738896770281
310, 0.53862927909094, 0.5618502501818865
311, 0.533425561196377, 0.8129825363913288
312, 0.5031474323101855, 0.3103005165468712
313, 0.7825597709096399, 0.09410890656167814
314, 0.6464607706694742, 0.6929016536280088
315, 0.2835815703383562, 0.8490491686735169
316, 0.3974471622957454, 0.30148736456816083
317, 0.3889679043678381, 0.5725115365832562
318, 0.40076712526569735, 0.539100246140564
319, 0.1443789796613555, 0.4685557400472491
320, 0.28463701373794237, 0.37110554651993555
321, 0.901529802607113, 0.7882597710718068
322, 0.15994646906162602, 0.7603330962453739
323, 0.12714304127665343, 0.9884877283137672
324, 0.76725163429667, 0.13921701174866496
325, 0.3770956520875123, 0.3392733727826489
326, 0.3496827544447314, 0.49157533256668995
327, 0.5082713326954805, 0.9333027227101428
328, 0.8092992129882062, 0.2798817825959271
329, 0.6989754415372825, 0.481445667469216
330, 0.9552527133374717, 0.07846312911379993
331, 0.2802184579787589, 0.5209692622718899
332, 0.9984558627734504, 0.3378804804647003
333, 0.38794008672193003, 0.92605307143278
334, 0.5331040635440266, 0.02180819123281319
335, 0.9606182341965899, 0.8451353974452077
336, 0.22391174355350196, 0.19828983127184596
337, 0.9765992356608133, 0.7968346171432833
338, 0.5214093495900437, 0.8673078601997818
339, 0.6198149228455826, 0.7642337809634726
340, 0.1366511792697368, 0.5666718225340239
341, 0.7711693452582788, 0.7239131292562366
342, 0.45369928923634917, 0.8092683883502144
343, 0.6642485701062025, 0.4742016726424986
344, 0.6504527454520918, 0.8329661513958773
345, 0.9683948242592091, 0.7261949022502272
346, 0.7519212003156147, 0.8329517669277224
347, 0.331418237919633, 0.9228302444175879
348, 0.7850359463860941, 0.18390415432406726
349, 0.23355547233129692, 0.9912679739233033
350, 0.9775074977674718, 0.866250730989039
351, 0.9277548509103288, 0.5396273875775438
352, 0.11320719323073414, 0.15521178033510152
353, 0.8393025657967667, 0.5131717447651484
354, 0.20445801271804798, 0.5681208355938161
355, 0.4654832392465924, 0.5171963615035974
356, 0.2202266554723047, 0.21866812853155548
357, 0.6969992185892109, 0.9477441247442436
358, 0.3117529590024197, 0.8575962956872135
359, 0.7085798569590281, 0.4340651127391493
360, 0.07816669320104297, 0.7688785637948178
361, 0.3939142471519552, 0.8636373684703177
362, 0.8771019075024653, 0.6395821179914171
363, 0.031601214385465703, 0.688960341363754
364, 0.5709551820842486, 0.7950138744025577
365, 0.34577646981228716, 0.038004921567958205
366, 0.30021681709832915, 0.8114114409519152
367, 0.8865745719814179, 0.2571529576244931
368, 0.8871042327265237, 0.9228172690732206
369, 0.5718989187822612, 0.25425934003665196
370, 0.10449566098127139, 0.5359624575000717
371, 0.9089808145394139, 0.2840143469694759
372, 0.24189201726951026, 0.9924456516648328
373, 0.9457611020700051, 0.9761372786104352
374, 0.23353801723407663, 0.9290621377684719
375, 0.7374238089274329, 0.2494835856339418
376, 0.6443914689030896, 0.8643712917779821
377, 0.11079044815769923, 0.442727679679666
378, 0.530115090954931, 0.6740090186016305
379, 0.4206102906894701, 0.49703127714209316
380, 0.24240909100326113, 0.05938642095243285
381, 0.9862485802806087, 0.5656440970989646
382, 0.18831395210929625, 0.04553775119267722
383, 0.001956394128055261, 0.24520349407463526
384, 0.08591248055892564, 0.2625039048152378
385, 0.03236490674403192, 0.19615947692256863
386, 0.004961278211444875, 0.4719361185671396
387, 0.2660230509118262, 0.5257653476913137
388, 0.8249062351233677, 0.20573662102910406
389, 0.12959347692664713, 0.8459139028487516
390, 0.38730065251987433, 0.3167112314303364
391, 0.8715687291117384, 0.1852994113858203
392, 0.7610323613968148, 0.23252868790714065
393, 0.25871627025225596, 0.46645253118582664
394, 0.5226414410194934, 0.7696028242245062
395, 0.8294519739099013, 0.16903465579151256
396, 0.961309744933952, 0.39958515228389346
397, 0.5335340082349989, 0.643931543672142
398, 0.9614909583716904, 0.08176836735832316
399, 0.96149453250342, 0.5126048663714091
400, 0.7560646319662203, 0.9552542810128941
401, 0.4721263082850592, 0.3320637520560682
402, 0.4179656393378771, 0.978665581901175
403, 0.5493459994649549, 0.48731109156844876
404, 0.29589640210900237, 0.06208997093915769
405, 0.4478985235332278, 0.501756316130957
406, 0.7707333849768034, 0.3946742436247189
407, 0.7464196522715162, 0.3655902518935574
408, 0.8939502764959458, 0.8469364518160649
409, 0.40382588062361024, 0.5648634883307125
410, 0.25297925570782875, 0.7809346171301764
411, 0.14809198161010262, 0.7136464824974449
412, 0.016159341913327352, 0.4113780143517587
413, 0.7312866925696173, 0.7080345409860287
414, 0.02426254174254161, 0.2617565237112711
415, 0.2886661155590441, 0.103085749742719
416, 0.1643997618448838, 0.6026078416676631
417, 0.8713932741150835, 0.9712724906266852
418, 0.20002775303653364, 0.6271926881432692
419, 0.8101828252352219, 0.09922802144477272
420, 0.08899915273356618, 0.7362195701356099
421, 0.7094895392302686, 0.028211519758745363
422, 0.7055059955196523, 0.7170569654006959
423, 0.6215923014643322, 0.007015523183645733
424, 0.08892135170088666, 0.18308956242262409
425, 0.8700364684745888, 0.35818793181684494
426, 0.6148321808088034, 0.30945713425329
427, 0.9491405404908206, 0.5634542316502368
428, 0.8952611892637016, 0.6108631755687111
429, 0.9872441807689472, 0.04679705997772965
430, 0.45182939565330893, 0.017041127246442467
431, 0.36092949955057196, 0.7550464080534084
432, 0.8297076171685207, 0.1480537488239272
433, 0.554337724025937, 0.9623153804887485
434, 0.38883425396491267, 0.019539457111510727
435, 0.461848201147974, 0.6783659057198854
436, 0.3565989458399149, 0.6122978390829457
437, 0.07462285169323857, 0.4123462077713739
438, 0.46946953137515246, 0.6998222298676395
439, 0.15655938495549293, 0.07792268848116768
440, 0.09604138991811928, 0.1864145711584756
441, 0.4937181282538743, 0.673423870385134
442, 0.744618504851109, 0.36937076744173203
443, 0.7604915600584179, 0.6036687896437866
444, 0.9475095996816794, 0.7929701980927216
445, 0.928517397853418, 0.6351477546739034
446, 0.1793304362423077, 0.8807747489878841
447, 0.9195977828137628, 0.2251563956400946
448, 0.6353335598219823, 0.7265219400812242
449, 0.01797917581666597, 0.7345489180757703
450, 0.7919469054592919, 0.09693188341184134
451, 0.10255424109252398, 0.18313094826683407
452, 0.2801159316498749, 0.20076360329372622
453, 0.7939023530948848, 0.35205273532722836
454, 0.2870008542277006, 0.41512286773629137
455, 0.898609020436085, 0.5397060591345049
456, 0.7978010194930875, 0.021537719654996512
457, 0.7369645927168872, 0.19635727781811319
458, 0.7148835563274504, 0.9029067817387164
459, 0.4257430335047636, 0.020126389086855934
460, 0.8558775159666555, 0.2525985156269106
461, 0.8415994888597877, 0.6387143866315004
462, 0.10893702766351321, 0.4306584564030721
463, 0.7109526518181393, 0.7595382580737049
464, 0.9116259188312237, 0.0359934070505159
465, 0.9248741463137611, 0.4750990330092688
466, 0.22673137638781837, 0.21673281148912227
467, 0.395073988140079, 0.8301684990882672
468, 0.6065326132293063, 0.9451589461434796
469, 0.8474660351561881, 0.8427095321234576
470, 0.3840638411743281, 0.08293140591135961
471, 0.8616556525955262, 0.06343763353252285
472, 0.2805836056650892, 0.7480784267338126
473, 0.578191468444267, 0.17203831657221536
474, 0.22367705153020878, 0.5689903740511639
475, 0.7836055143105504, 0.47122616730828115
476, 0.4497118283286028, 0.6222120465535522
477, 0.5249438128252608, 0.06359326600877202
478, 0.6766927886681602, 0.789874516007797
479, 0.30956592287661766, 0.790451944309496
480, 0.4827775769005638, 0.1864659197017664
481, 0.48249745778937014, 0.3941260468667118
482, 0.8704815336253559, 0.9362731444907452
483, 0.8827640217437193, 0.388080121060301
484, 0.4135716277916812, 0.3718452506800919
485, 0.5237622329446101, 0.6585164829075739
486, 0.9473514449137292, 0.09186298026631634
487, 0.02811057480939605, 0.8429854049931426
488, 0.4010703869638429, 0.7144056540005801
489, 0.29818035598980797, 0.9832344813160312
490, 0.06346956248824676, 0.2868482888684507
491, 0.5437959765946909, 0.23053989678410391
492, 0.054308927573008536, 0.6121955694609541
493, 0.6400102198732368, 0.9224447294899352
494, 0.5755091611460336, 0.12015798388805521
495, 0.20151383199580086, 0.442297160303341
496, 0.8420142265984296, 0.2557842475246034
497, 0.522451579039395, 0.6229127891618966
498, 0.7689543339060735, 0.07471463232808329
499, 0.2959777159051987, 0.49656563195763714
end_nodes
0, 1
0, 2
0, 3
0, 4
0, 5
0, 6
0, 7
0, 8
0, 9
0, 10
0, 11
0, 12
0, 13
0, 14
0, 15
0, 16
0, 17
0, 18
0, 19
0, 20
0, 21
0, 22
23, 5
23, 7
23, 9
23, 11
23, 15
23, 18
23, 21
23, 31
23, 34
23, 36
23, 48
23, 51
23, 55
23, 58
23, 61
23, 65
23, 68
23, 79
23, 81
23, 83
23, 87
23, 92
24, 1
24, 4
24, 6
24, 16
24, 17
24, 22
24, 25
24, 26
24, 27
24, 28
24, 33
24, 34
24, 37
24, 38
24, 39
24, 41
24, 42
24, 43
24, 44
24, 46
24, 47
24, 50
29, 5
29, 7
29, 9
29, 11
29, 15
29, 18
29, 21
29, 31
29, 34
29, 36
29, 40
29, 45
29, 48
29, 51
29, 55
29, 58
29, 61
29, 63
29, 65
29, 68
29, 79
29, 81
30, 4
30, 6
30, 10
30, 11
30, 18
30, 34
30, 41
30, 44
30, 48
30, 51
30, 53
30, 55
30, 56
30, 60
30, 63
30, 75
30, 77
30, 82
30, 84
30, 86
30, 95
30, 100
32, 1
32, 20
32, 25
32, 26
32, 27
32, 28
32, 33
32, 37
32, 38
32, 42
32, 43
32, 46
32, 50
32, 54
32, 57
32, 70
32, 89
32, 91
32, 93
32, 94
32, 101
32, 102
35, 3
35, 5
35, 7
35, 9
35, 11
35, 15
35, 18
35, 21
35, 31
35, 34
35, 36
35, 40
35, 45
35, 48
35, 51
35, 55
35, 56
35, 58
35, 61
35, 63
35, 65
35, 66
49, 3
49, 4
49, 5
49, 6
49, 7
49, 8
49, 9
49, 10
49, 11
49, 15
49, 17
49, 18
49, 21
49, 22
49, 31
49, 34
49, 36
49, 39
49, 40
49, 41
49, 44
49, 45
52, 3
52, 5
52, 7
52, 9
52, 11
52, 15
52, 18
52, 21
52, 31
52, 34
52, 36
52, 40
52, 45
52, 48
52, 51
52, 55
52, 56
52, 58
52, 61
52, 63
52, 65
52, 66
59, 2
59, 3
59, 4
59, 5
59, 6
59, 7
59, 9
59, 10
59, 11
59, 15
59, 17
59, 18
59, 21
59, 22
59, 31
59, 34
59, 36
59, 40
59, 41
59, 44
59, 45
59, 48
62, 2
62, 3
62, 5
62, 7
62, 9
62, 11
62, 15
62, 18
62, 21
62, 31
62, 34
62, 36
62, 40
62, 45
62, 48
62, 51
62, 55
62, 56
62, 58
62, 61
62, 63
62, 65
64, 1
64, 26
64, 28
64, 33
64, 37
64, 38
64, 43
64, 46
64, 50
64, 54
64, 89
64, 91
64, 93
64, 94
64, 101
64, 102
64, 120
64, 125
64, 128
64, 147
64, 152
64, 154
67, 5
67, 6
67, 7
67, 9
67, 11
67, 15
67, 18
67, 31
67, 34
67, 36
67, 41
67, 48
67, 51
67, 53
67, 55
67, 56
67, 60
67, 61
67, 63
67, 65
67, 74
67, 77
69, 3
69, 4
69, 5
69, 6
69, 7
69, 8
69, 9
69, 10
69, 11
69, 15
69, 17
69, 18
69, 21
69, 22
69, 31
69, 34
69, 36
69, 39
69, 40
69, 41
69, 44
69, 45
71, 20
71, 25
71, 27
71, 57
71, 70
71, 133
71, 143
71, 172
71, 182
71, 199
71, 216
71, 223
71, 230
71, 234
71, 243
71, 245
71, 249
71, 261
71, 282
71, 295
71, 297
71, 298
72, 3
72, 4
72, 5
72, 6
72, 7
72, 8
72, 9
72, 10
72, 11
72, 15
72, 17
72, 18
72, 21
72, 22
72, 31
72, 34
72, 36
72, 39
72, 40
72, 41
72, 44
72, 45
73, 2
73, 3
73, 5
73, 7
73, 9
73, 11
73, 15
73, 18
73, 21
73, 31
73, 34
73, 36
73, 40
73, 45
73, 48
73, 51
73, 55
73, 56
73, 58
73, 61
73, 63
73, 65
76, 3
76, 5
76, 7
76, 13
76, 18
76, 19
76, 21
76, 31
76, 36
76, 40
76, 45
76, 48
76, 55
76, 58
76, 61
76, 66
76, 68
76, 79
76, 81
76, 83
76, 85
76, 90
80, 2
80, 3
80, 4
80, 5
80, 6
80, 7
80, 8
80, 9
80, 10
80, 11
80, 14
80, 15
80, 17
80, 18
80, 21
80, 22
80, 31
80, 34
80, 36
80, 39
80, 40
80, 41
88, 3
88, 4
88, 5
88, 6
88, 7
88, 8
88, 9
88, 10
88, 11
88, 15
88, 17
88, 18
88, 21
88, 22
88, 31
88, 34
88, 36
88, 39
88, 40
88, 41
88, 44
88, 45
96, 19
96, 20
96, 25
96, 27
96, 57
96, 70
96, 133
96, 143
96, 161
96, 172
96, 178
96, 182
96, 191
96, 199
96, 216
96, 223
96, 230
96, 234
96, 243
96, 245
96, 249
96, 261
97, 5
97, 7
97, 9
97, 11
97, 15
97, 18
97, 21
97, 31
97, 34
97, 36
97, 40
97, 45
97, 48
97, 51
97, 55
97, 58
97, 61
97, 63
97, 65
97, 66
97, 68
97, 79
98, 255
103, 3
103, 4
103, 5
103, 6
103, 7
103, 8
103, 9
103, 10
103, 11
103, 15
103, 17
103, 18
103, 21
103, 22
103, 31
103, 34
103, 36
103, 39
103, 40
103, 41
103, 44
103, 45
104, 3
104, 4
104, 5
104, 6
104, 7
104, 8
104, 9
104, 10
104, 11
104, 15
104, 17
104, 18
104, 21
104, 22
104, 31
104, 34
104, 36
104, 39
104, 40
104, 41
104, 44
104, 45
108, 3
108, 5
108, 6
108, 7
108, 9
108, 11
108, 15
108, 18
108, 21
108, 31
108, 34
108, 36
108, 40
108, 45
108, 48
108, 51
108, 55
108, 56
108, 58
108, 60
108, 61
108, 63
111, 3
111, 4
111, 5
111, 6
111, 7
111, 8
111, 9
111, 10
111, 11
111, 15
111, 17
111, 18
111, 21
111, 22
111, 31
111, 34
111, 36
111, 39
111, 40
111, 41
111, 44
111, 45
113, 4
113, 6
113, 10
113, 11
113, 18
113, 22
113, 34
113, 38
113, 41
113, 43
113, 44
113, 48
113, 50
113, 51
113, 53
113, 55
113, 56
113, 60
113, 61
113, 63
113, 75
113, 77
114, 5
114, 6
114, 7
114, 9
114, 11
114, 15
114, 31
114, 34
114, 36
114, 41
114, 48
114, 51
114, 55
114, 56
114, 60
114, 61
114, 63
114, 65
114, 68
114, 74
114, 77
114, 79
115, 2
115, 3
115, 4
115, 5
115, 6
115, 7
115, 8
115, 9
115, 10
115, 14
115, 15
115, 17
115, 21
115, 22
115, 31
115, 36
115, 39
115, 40
115, 41
115, 44
115, 45
115, 48
118, 21
118, 31
118, 36
118, 40
118, 45
118, 58
118, 68
118, 79
118, 81
118, 83
118, 85
118, 90
118, 92
118, 99
118, 106
118, 107
118, 109
118, 116
118, 119
118, 126
118, 160
118, 167
121, 3
121, 429
124, 9
124, 15
124, 48
124, 51
124, 55
124, 61
124, 65
124, 68
124, 79
124, 81
124, 83
124, 87
124, 92
124, 99
124, 105
124, 107
124, 109
124, 112
124, 116
124, 119
124, 126
124, 138
130, 1
130, 20
130, 25
130, 26
130, 27
130, 28
130, 33
130, 37
130, 38
130, 43
130, 46
130, 50
130, 54
130, 89
130, 91
130, 93
130, 94
130, 101
130, 102
130, 120
130, 125
130, 128
131, 388
131, 391
132, 1
132, 4
132, 6
132, 10
132, 17
132, 22
132, 26
132, 33
132, 37
132, 38
132, 41
132, 43
132, 44
132, 48
132, 50
132, 51
132, 53
132, 54
132, 55
132, 56
132, 60
132, 61
134, 1
134, 3
134, 4
134, 6
134, 8
134, 10
134, 17
134, 20
134, 21
134, 22
134, 25
134, 26
134, 27
134, 28
134, 33
134, 37
134, 40
134, 41
134, 43
134, 44
134, 45
134, 46
136, 2
136, 3
136, 4
136, 6
136, 10
136, 16
136, 40
136, 41
136, 45
136, 48
136, 51
136, 53
136, 55
136, 56
136, 58
136, 60
136, 61
136, 63
136, 65
136, 66
136, 68
136, 74
139, 3
139, 6
139, 13
139, 40
139, 41
139, 45
139, 48
139, 51
139, 53
139, 55
139, 56
139, 58
139, 60
139, 61
139, 63
139, 65
139, 66
139, 68
139, 74
139, 75
139, 77
139, 79
140, 2
140, 3
140, 4
140, 6
140, 10
140, 41
140, 45
140, 48
140, 51
140, 53
140, 55
140, 56
140, 58
140, 60
140, 61
140, 63
140, 65
140, 66
140, 68
140, 74
140, 75
140, 77
142, 55
142, 79
142, 83
142, 92
142, 107
142, 109
142, 116
142, 119
142, 126
142, 176
142, 186
142, 189
142, 211
142, 215
142, 228
142, 236
142, 241
142, 248
142, 250
142, 252
142, 253
142, 288
146, 12
146, 330
146, 429
148, 13
148, 19
148, 360
148, 420
149, 12
149, 429
150, 28
150, 33
150, 37
150, 46
150, 48
150, 51
150, 54
150, 55
150, 56
150, 58
150, 61
150, 63
150, 65
150, 66
150, 68
150, 74
150, 77
150, 79
150, 81
150, 82
150, 83
150, 85
155, 4
155, 8
155, 10
155, 17
155, 22
155, 39
155, 41
155, 44
155, 48
155, 51
155, 53
155, 55
155, 56
155, 58
155, 60
155, 61
155, 63
155, 65
155, 66
155, 68
155, 74
155, 75
157, 1
157, 4
157, 10
157, 26
157, 28
157, 33
157, 37
157, 41
157, 46
157, 51
157, 53
157, 54
157, 55
157, 56
157, 57
157, 58
157, 60
157, 61
157, 63
157, 65
157, 66
157, 68
158, 12
162, 89
162, 178
162, 191
162, 255
162, 266
162, 290
162, 324
162, 330
162, 348
162, 388
162, 391
162, 395
162, 398
162, 419
162, 429
162, 432
162, 450
162, 457
162, 464
162, 471
162, 486
168, 4
168, 10
168, 17
168, 22
168, 39
168, 44
168, 51
168, 53
168, 56
168, 58
168, 60
168, 61
168, 63
168, 65
168, 66
168, 68
168, 74
168, 75
168, 77
168, 78
168, 79
168, 81
173, 50
173, 214
173, 270
173, 498
185, 51
185, 56
185, 58
185, 60
185, 61
185, 63
185, 65
185, 66
185, 68
185, 74
185, 77
185, 79
185, 81
185, 82
185, 83
185, 85
185, 87
185, 90
185, 92
185, 95
185, 99
185, 100
190, 43
190, 50
190, 214
190, 270
190, 498
192, 1
192, 4
192, 17
192, 19
192, 20
192, 22
192, 25
192, 26
192, 27
192, 28
192, 33
192, 37
192, 38
192, 39
192, 43
192, 44
192, 46
192, 50
192, 53
192, 54
192, 60
192, 75
193, 56
193, 58
193, 63
193, 65
193, 66
193, 68
193, 77
193, 79
193, 81
193, 83
193, 85
193, 87
193, 90
193, 92
193, 99
193, 102
193, 105
193, 106
193, 107
193, 109
193, 110
193, 112
194, 1
194, 8
194, 10
194, 17
194, 22
194, 26
194, 28
194, 33
194, 37
194, 38
194, 43
194, 44
194, 46
194, 50
194, 53
194, 54
194, 56
194, 57
194, 58
194, 60
194, 63
194, 65
195, 10
195, 13
195, 20
195, 47
195, 53
195, 56
195, 58
195, 60
195, 63
195, 65
195, 66
195, 68
195, 74
195, 75
195, 77
195, 79
195, 81
195, 82
195, 83
195, 84
195, 85
195, 86
197, 56
197, 58
197, 60
197, 65
197, 68
197, 74
197, 77
197, 79
197, 81
197, 82
197, 83
197, 85
197, 87
197, 90
197, 92
197, 95
197, 99
197, 100
197, 105
197, 106
197, 107
197, 109
200, 1
200, 26
200, 33
200, 37
200, 38
200, 43
200, 50
200, 54
200, 66
200, 68
200, 74
200, 77
200, 79
200, 81
200, 82
200, 83
200, 85
200, 87
200, 90
200, 92
200, 95
200, 99
202, 60
202, 68
202, 74
202, 77
202, 79
202, 81
202, 82
202, 83
202, 87
202, 92
202, 95
202, 99
202, 100
202, 105
202, 106
202, 107
202, 109
202, 110
202, 112
202, 116
202, 119
202, 122
204, 83
204, 109
204, 112
204, 126
204, 127
204, 129
204, 138
204, 141
204, 144
204, 151
204, 153
204, 163
204, 166
204, 169
204, 170
204, 179
204, 183
204, 184
204, 186
204, 189
204, 196
204, 203
209, 8
209, 17
209, 22
209, 39
209, 44
209, 53
209, 60
209, 66
209, 68
209, 74
209, 75
209, 77
209, 78
209, 79
209, 81
209, 82
209, 83
209, 84
209, 85
209, 86
209, 87
209, 90
210, 8
210, 17
210, 22
210, 39
210, 44
210, 53
210, 60
210, 66
210, 68
210, 74
210, 75
210, 77
210, 78
210, 79
210, 81
210, 82
210, 83
210, 84
210, 85
210, 86
210, 87
210, 90
212, 60
212, 74
212, 77
212, 79
212, 82
212, 83
212, 87
212, 92
212, 95
212, 99
212, 100
212, 105
212, 107
212, 109
212, 110
212, 112
212, 116
212, 119
212, 122
212, 123
212, 126
212, 127
218, 1
218, 17
218, 22
218, 26
218, 28
218, 33
218, 37
218, 38
218, 39
218, 43
218, 44
218, 46
218, 50
218, 53
218, 54
218, 60
218, 75
218, 77
218, 78
218, 82
218, 84
218, 86
220, 102
220, 334
221, 8
221, 17
221, 39
221, 44
221, 53
221, 66
221, 74
221, 75
221, 77
221, 78
221, 79
221, 81
221, 82
221, 83
221, 84
221, 85
221, 86
221, 87
221, 90
221, 92
221, 95
221, 99
229, 12
229, 89
229, 161
229, 178
229, 290
229, 324
229, 330
229, 398
229, 419
229, 429
229, 432
229, 457
229, 464
229, 471
229, 486
232, 66
232, 79
232, 81
232, 83
232, 85
232, 87
232, 90
232, 92
232, 99
232, 105
232, 106
232, 107
232, 109
232, 112
232, 116
232, 119
232, 126
232, 138
232, 151
232, 160
232, 163
232, 167
233, 388
233, 391
237, 66
237, 81
237, 83
237, 85
237, 87
237, 90
237, 92
237, 99
237, 105
237, 106
237, 107
237, 109
237, 112
237, 116
237, 119
237, 126
237, 138
237, 144
237, 151
237, 160
237, 163
237, 167
238, 28
238, 66
238, 74
238, 77
238, 81
238, 82
238, 83
238, 85
238, 87
238, 90
238, 92
238, 93
238, 95
238, 99
238, 102
238, 105
238, 106
238, 107
238, 109
238, 110
238, 112
238, 116
240, 1
240, 26
240, 28
240, 33
240, 37
240, 42
240, 43
240, 46
240, 53
240, 54
240, 66
240, 74
240, 75
240, 77
240, 81
240, 82
240, 83
240, 84
240, 85
240, 86
240, 87
240, 90
242, 2
242, 81
242, 83
242, 85
242, 90
242, 92
242, 99
242, 106
242, 107
242, 109
242, 116
242, 119
242, 126
242, 160
242, 167
242, 174
242, 176
242, 181
242, 186
242, 187
242, 189
242, 198
244, 1
244, 8
244, 25
244, 26
244, 27
244, 28
244, 33
244, 37
244, 43
244, 46
244, 53
244, 54
244, 74
244, 75
244, 77
244, 78
244, 81
244, 82
244, 84
244, 85
244, 86
244, 87
246, 42
246, 102
246, 160
246, 167
246, 187
246, 219
246, 231
246, 255
246, 258
246, 287
246, 290
246, 293
246, 307
246, 328
246, 330
246, 334
246, 367
246, 371
246, 375
246, 388
246, 391
246, 395
251, 33
251, 37
251, 46
251, 54
251, 74
251, 82
251, 85
251, 87
251, 90
251, 91
251, 92
251, 94
251, 95
251, 99
251, 100
251, 101
251, 105
251, 106
251, 107
251, 109
251, 110
251, 112
254, 2
254, 323
254, 389
256, 1
256, 19
256, 20
256, 25
256, 26
256, 27
256, 28
256, 33
256, 37
256, 38
256, 43
256, 46
256, 50
256, 54
256, 57
256, 70
256, 78
256, 84
256, 89
256, 91
256, 93
256, 94
257, 219
257, 231
257, 255
257, 290
257, 375
257, 388
257, 391
257, 392
257, 395
257, 398
257, 486
259, 160
259, 167
259, 219
259, 231
259, 258
259, 287
259, 328
259, 367
259, 375
259, 388
259, 391
259, 392
259, 447
259, 460
259, 496
260, 85
260, 87
260, 90
260, 92
260, 99
260, 105
260, 106
260, 107
260, 109
260, 112
260, 116
260, 119
260, 126
260, 138
260, 141
260, 144
260, 151
260, 153
260, 160
260, 163
260, 166
260, 167
265, 85
265, 87
265, 90
265, 92
265, 99
265, 105
265, 106
265, 107
265, 109
265, 112
265, 116
265, 119
265, 126
265, 127
265, 138
265, 141
265, 144
265, 151
265, 153
265, 160
265, 163
265, 166
268, 38
268, 50
268, 74
268, 82
268, 85
268, 87
268, 89
268, 90
268, 92
268, 95
268, 99
268, 100
268, 105
268, 106
268, 107
268, 109
268, 110
268, 112
268, 116
268, 117
268, 119
268, 122
275, 53
275, 75
275, 82
275, 84
275, 86
275, 95
275, 100
275, 117
275, 122
275, 123
275, 127
275, 135
275, 175
275, 201
275, 222
275, 280
275, 299
275, 300
275, 304
275, 311
275, 315
275, 327
277, 57
277, 70
277, 85
277, 87
277, 90
277, 92
277, 99
277, 105
277, 106
277, 107
277, 109
277, 112
277, 116
277, 119
277, 126
277, 127
277, 138
277, 141
277, 144
277, 151
277, 153
277, 160
278, 13
278, 19
278, 219
278, 255
278, 290
278, 330
278, 360
278, 388
278, 391
278, 395
278, 398
278, 420
278, 429
278, 432
278, 447
278, 486
284, 112
284, 126
284, 138
284, 141
284, 144
284, 151
284, 153
284, 163
284, 166
284, 169
284, 170
284, 179
284, 183
284, 184
284, 196
284, 208
284, 213
284, 217
284, 236
284, 250
284, 274
284, 276
285, 87
285, 92
285, 105
285, 109
285, 112
285, 116
285, 119
285, 126
285, 127
285, 138
285, 141
285, 144
285, 151
285, 153
285, 163
285, 166
285, 169
285, 170
285, 176
285, 179
285, 183
285, 184
294, 39
294, 53
294, 75
294, 78
294, 82
294, 84
294, 86
294, 90
294, 92
294, 95
294, 99
294, 100
294, 105
294, 106
294, 107
294, 109
294, 110
294, 112
294, 116
294, 117
294, 119
294, 122
296, 38
296, 50
296, 53
296, 82
296, 86
296, 89
296, 90
296, 95
296, 99
296, 100
296, 105
296, 106
296, 107
296, 109
296, 110
296, 112
296, 116
296, 117
296, 119
296, 122
296, 123
296, 126
302, 2
302, 323
302, 389
305, 14
305, 165
305, 349
305, 372
312, 38
312, 191
312, 255
312, 283
312, 290
312, 313
312, 330
312, 348
312, 395
312, 398
312, 419
312, 429
312, 432
312, 450
312, 457
312, 471
312, 486
316, 91
316, 177
316, 235
316, 267
316, 494
317, 82
317, 95
317, 109
317, 110
317, 112
317, 116
317, 122
317, 126
317, 127
317, 129
317, 137
317, 138
317, 141
317, 144
317, 151
317, 153
317, 163
317, 164
317, 166
317, 169
317, 170
317, 179
318, 105
318, 109
318, 112
318, 116
318, 119
318, 126
318, 127
318, 138
318, 141
318, 144
318, 151
318, 153
318, 163
318, 166
318, 169
318, 170
318, 176
318, 179
318, 183
318, 184
318, 186
318, 189
319, 13
319, 20
319, 47
319, 75
319, 82
319, 84
319, 86
319, 90
319, 95
319, 99
319, 100
319, 105
319, 106
319, 107
319, 110
319, 112
319, 116
319, 117
319, 119
319, 122
319, 123
319, 126
320, 28
320, 42
320, 93
320, 94
320, 99
320, 102
320, 105
320, 106
320, 107
320, 112
320, 116
320, 119
320, 125
320, 126
320, 138
320, 141
320, 144
320, 151
320, 160
320, 163
320, 167
320, 169
322, 14
322, 159
322, 165
322, 205
322, 273
322, 349
322, 372
322, 374
325, 154
325, 177
325, 235
325, 267
325, 421
325, 494
326, 105
326, 106
326, 107
326, 112
326, 116
326, 119
326, 126
326, 127
326, 129
326, 138
326, 141
326, 144
326, 151
326, 153
326, 163
326, 166
326, 169
326, 170
326, 174
326, 176
326, 179
326, 181
331, 95
331, 100
331, 105
331, 106
331, 107
331, 110
331, 116
331, 119
331, 122
331, 123
331, 126
331, 127
331, 129
331, 137
331, 138
331, 141
331, 144
331, 151
331, 153
331, 163
331, 164
331, 166
336, 160
336, 187
336, 219
336, 231
336, 255
336, 287
336, 290
336, 330
336, 367
336, 375
336, 388
336, 391
336, 395
336, 398
336, 429
336, 432
336, 447
336, 460
336, 486
336, 496
340, 1
340, 8
340, 12
340, 25
340, 26
340, 27
340, 28
340, 33
340, 37
340, 38
340, 43
340, 46
340, 50
340, 54
340, 57
340, 75
340, 78
340, 84
340, 86
340, 89
340, 91
340, 93
343, 211
343, 329
343, 351
343, 353
343, 381
343, 399
343, 455
343, 465
343, 475
352, 2
352, 106
352, 160
352, 167
352, 174
352, 187
352, 198
352, 219
352, 226
352, 227
352, 231
352, 247
352, 255
352, 258
352, 262
352, 264
352, 271
352, 272
352, 287
352, 290
352, 301
352, 323
354, 75
354, 84
354, 86
354, 95
354, 100
354, 105
354, 110
354, 117
354, 119
354, 122
354, 123
354, 126
354, 127
354, 129
354, 137
354, 138
354, 141
354, 144
354, 151
354, 153
354, 163
354, 164
355, 119
355, 126
355, 138
355, 144
355, 151
355, 163
355, 169
355, 170
355, 176
355, 179
355, 183
355, 184
355, 186
355, 189
355, 203
355, 208
355, 211
355, 213
355, 215
355, 228
355, 236
355, 241
356, 106
356, 160
356, 167
356, 174
356, 176
356, 181
356, 187
356, 198
356, 211
356, 219
356, 226
356, 227
356, 231
356, 239
356, 241
356, 247
356, 248
356, 255
356, 258
356, 262
356, 264
356, 271
363, 1
363, 26
363, 28
363, 33
363, 37
363, 38
363, 43
363, 46
363, 50
363, 54
363, 89
363, 91
363, 93
363, 94
363, 101
363, 102
363, 120
363, 125
363, 128
363, 147
363, 152
363, 154
369, 38
369, 283
369, 313
369, 450
370, 2
370, 8
370, 14
370, 39
370, 75
370, 78
370, 84
370, 86
370, 95
370, 100
370, 106
370, 110
370, 117
370, 122
370, 123
370, 127
370, 129
370, 135
370, 137
370, 138
370, 141
370, 143
377, 2
377, 75
377, 78
377, 84
377, 86
377, 95
377, 100
377, 110
377, 117
377, 122
377, 123
377, 127
377, 129
377, 135
377, 137
377, 138
377, 141
377, 144
377, 145
377, 151
377, 153
377, 156
379, 138
379, 144
379, 151
379, 163
379, 169
379, 170
379, 174
379, 176
379, 179
379, 183
379, 184
379, 186
379, 189
379, 196
379, 198
379, 203
379, 208
379, 211
379, 213
379, 215
379, 226
379, 228
380, 13
380, 19
380, 360
380, 420
383, 8
383, 39
383, 75
383, 78
383, 84
383, 86
383, 95
383, 100
383, 110
383, 117
383, 122
383, 123
383, 127
383, 129
383, 135
383, 137
383, 138
383, 141
383, 144
383, 145
383, 151
383, 153
384, 2
384, 84
384, 86
384, 95
384, 100
384, 110
384, 117
384, 122
384, 123
384, 127
384, 129
384, 135
384, 137
384, 138
384, 141
384, 144
384, 151
384, 153
384, 160
384, 163
384, 164
384, 166
385, 39
385, 78
385, 84
385, 86
385, 95
385, 100
385, 110
385, 117
385, 122
385, 123
385, 127
385, 129
385, 135
385, 137
385, 138
385, 141
385, 144
385, 145
385, 151
385, 153
385, 156
385, 159
386, 8
386, 39
386, 78
386, 84
386, 86
386, 100
386, 110
386, 117
386, 122
386, 123
386, 127
386, 129
386, 135
386, 137
386, 141
386, 144
386, 145
386, 151
386, 153
386, 156
386, 159
386, 160
387, 100
387, 110
387, 122
387, 123
387, 127
387, 129
387, 137
387, 141
387, 144
387, 151
387, 153
387, 163
387, 164
387, 166
387, 169
387, 170
387, 174
387, 176
387, 179
387, 180
387, 181
387, 183
390, 154
390, 177
390, 235
390, 267
390, 421
390, 494
393, 1
393, 26
393, 33
393, 37
393, 43
393, 50
393, 54
393, 91
393, 100
393, 110
393, 122
393, 123
393, 127
393, 128
393, 129
393, 137
393, 141
393, 144
393, 152
393, 153
393, 154
393, 160
401, 38
401, 191
401, 255
401, 283
401, 290
401, 313
401, 330
401, 348
401, 388
401, 391
401, 395
401, 398
401, 419
401, 429
401, 432
401, 450
401, 457
401, 471
401, 486
403, 176
403, 186
403, 189
403, 211
403, 213
403, 215
403, 228
403, 236
403, 241
403, 248
403, 250
403, 252
403, 253
403, 288
403, 308
403, 329
403, 351
403, 353
403, 362
403, 381
403, 396
403, 399
405, 163
405, 169
405, 170
405, 176
405, 179
405, 183
405, 184
405, 186
405, 189
405, 198
405, 203
405, 208
405, 211
405, 213
405, 215
405, 228
405, 236
405, 241
405, 247
405, 248
405, 250
405, 252
409, 127
409, 129
409, 141
409, 153
409, 163
409, 166
409, 169
409, 170
409, 176
409, 179
409, 183
409, 184
409, 186
409, 189
409, 196
409, 203
409, 208
409, 213
409, 217
409, 228
409, 236
409, 241
411, 14
411, 78
411, 84
411, 135
411, 156
411, 159
411, 165
411, 205
411, 225
411, 269
411, 273
411, 304
411, 315
411, 333
411, 347
411, 349
411, 358
411, 372
411, 374
411, 402
411, 489
412, 8
412, 78
412, 84
412, 86
412, 100
412, 110
412, 117
412, 122
412, 123
412, 127
412, 129
412, 135
412, 137
412, 141
412, 145
412, 153
412, 156
412, 159
412, 160
412, 163
412, 164
412, 165
414, 78
414, 86
414, 110
414, 117
414, 122
414, 123
414, 127
414, 129
414, 135
414, 137
414, 145
414, 153
414, 156
414, 159
414, 160
414, 163
414, 164
414, 165
414, 166
414, 167
414, 169
414, 170
416, 1
416, 26
416, 33
416, 37
416, 38
416, 43
416, 46
416, 50
416, 54
416, 89
416, 91
416, 94
416, 101
416, 117
416, 120
416, 122
416, 123
416, 128
416, 129
416, 135
416, 137
416, 145
424, 2
424, 153
424, 160
424, 163
424, 166
424, 167
424, 169
424, 170
424, 174
424, 176
424, 179
424, 181
424, 183
424, 184
424, 186
424, 187
424, 189
424, 196
424, 198
424, 203
424, 208
424, 211
426, 167
426, 219
426, 231
426, 375
426, 388
426, 391
426, 392
426, 447
437, 78
437, 117
437, 122
437, 123
437, 129
437, 135
437, 137
437, 145
437, 156
437, 159
437, 160
437, 164
437, 165
437, 166
437, 167
437, 169
437, 170
437, 174
437, 175
437, 176
437, 179
437, 180
440, 2
440, 160
440, 167
440, 169
440, 170
440, 174
440, 176
440, 179
440, 181
440, 183
440, 184
440, 186
440, 187
440, 189
440, 196
440, 198
440, 203
440, 208
440, 211
440, 213
440, 215
440, 217
446, 14
449, 1
449, 26
449, 28
449, 33
449, 37
449, 38
449, 43
449, 46
449, 50
449, 54
449, 89
449, 91
449, 93
449, 94
449, 101
449, 102
449, 120
449, 125
449, 128
449, 147
449, 152
449, 154
451, 2
451, 160
451, 167
451, 169
451, 174
451, 176
451, 181
451, 183
451, 184
451, 186
451, 187
451, 189
451, 198
451, 203
451, 208
451, 211
451, 213
451, 215
451, 219
451, 226
451, 227
451, 228
454, 46
454, 91
454, 94
454, 101
454, 120
454, 129
454, 154
454, 166
454, 167
454, 169
454, 170
454, 174
454, 176
454, 177
454, 179
454, 181
454, 183
454, 184
454, 186
454, 187
454, 189
454, 196
462, 2
462, 78
462, 117
462, 123
462, 129
462, 135
462, 137
462, 145
462, 156
462, 159
462, 164
462, 165
462, 166
462, 167
462, 169
462, 170
462, 174
462, 175
462, 176
462, 179
462, 180
462, 181
466, 167
466, 174
466, 181
466, 187
466, 198
466, 211
466, 219
466, 226
466, 227
466, 231
466, 239
466, 247
466, 248
466, 255
466, 258
466, 262
466, 264
466, 271
466, 272
466, 287
466, 290
466, 301
474, 117
474, 123
474, 129
474, 137
474, 164
474, 166
474, 169
474, 170
474, 175
474, 176
474, 179
474, 180
474, 183
474, 184
474, 186
474, 188
474, 189
474, 196
474, 203
474, 206
474, 208
474, 211
481, 167
481, 174
481, 181
481, 187
481, 198
481, 219
481, 226
481, 227
481, 231
481, 239
481, 247
481, 258
481, 262
481, 264
481, 271
481, 272
481, 287
481, 301
481, 328
481, 332
481, 367
481, 371
484, 38
484, 128
484, 167
484, 187
484, 191
484, 214
484, 219
484, 231
484, 255
484, 258
484, 283
484, 287
484, 290
484, 313
484, 328
484, 330
484, 348
484, 367
484, 371
484, 375
484, 388
484, 391
487, 20
487, 25
487, 27
487, 57
487, 70
487, 133
487, 143
487, 172
487, 182
487, 199
487, 216
487, 223
487, 230
487, 234
487, 243
487, 245
487, 249
487, 261
487, 282
487, 295
487, 297
487, 298
490, 2
490, 14
490, 78
490, 117
490, 123
490, 129
490, 135
490, 137
490, 145
490, 156
490, 159
490, 164
490, 165
490, 166
490, 167
490, 169
490, 170
490, 174
490, 175
490, 176
490, 179
490, 180
491, 1
491, 456
492, 28
492, 46
492, 78
492, 91
492, 93
492, 94
492, 101
492, 102
492, 117
492, 120
492, 123
492, 135
492, 137
492, 154
492, 156
492, 159
492, 164
492, 165
492, 166
492, 169
492, 170
492, 174
495, 57
495, 70
495, 102
495, 117
495, 137
495, 164
495, 166
495, 170
495, 172
495, 174
495, 175
495, 176
495, 179
495, 180
495, 181
495, 183
495, 184
495, 186
495, 187
495, 189
495, 196
495, 198
499, 137
499, 164
499, 166
499, 170
499, 174
499, 176
499, 179
499, 181
499, 183
499, 184
499, 186
499, 187
499, 189
499, 196
499, 198
499, 203
499, 208
499, 211
499, 213
499, 215
499, 217
499, 219
end