580
4
0, 0.237591418055338, 0.8797122887697354
1, 0.6732108708591481, 0.48055444452488716
2, 0.23070590472865704, 0.3605438638275803
3, 0.30613168725416084, 0.6435296852787091
4, 0.41870593366733433, 0.15826809650140927
5, 0.16482151606852002, 0.9623122812922361
6, 0.9831186877790646, 0.923535301627094
7, 0.07287894860060307, 0.40338505831640104
8, 0.7219038013839908, 0.6923779579009338
9, 0.4233556856641507, 0.760065733112959
10, 0.27328464556337617, 0.9434107965850147
11, 0.38336710304281796, 0.22316750817443176
12, 0.15558767768831494, 0.5952033643295559
13, 0.5604635980442977, 0.4129018406625836
14, 0.9564812858927247, 0.4286972914392869
15, 0.17027951051759027, 0.42864164510876845
16, 0.7123350038188714, 0.05299950088542826
17, 0.6433109827740815, 0.8020225360939968
18, 0.3733748568557911, 0.3397972750504339
19, 0.9721613168662819, 0.10306776751751345
20, 0.6192825209183879, 0.9182555420591128
21, 0.544400078881759, 0.3947613348936875
22, 0.8839132053201446, 0.5398087132382849
23, 0.40907828655436407, 0.6428663011472104
24, 0.8916137459256658, 0.5071334951795899
25, 0.556830462940309, 0.07262538548825737
26, 0.3023094279570916, 0.4772470156031199
27, 0.24570354594584154, 0.8117177297352648
28, 0.45936275277041827, 0.5193455459780904
29, 0.6806416851095718, 0.6225428678215541
30, 0.7934448201443309, 0.9834223053981392
31, 0.21902165449265643, 0.7195520238463284
32, 0.3668036318766704, 0.5137759816028572
33, 0.8066441517088196, 0.11955114199735362
34, 0.7174045937510951, 0.5346912237079587
35, 0.2265773480634412, 0.8971362557113962
36, 0.15555069397098253, 0.04579596995917212
37, 0.9357716556667041, 0.7387444353884197
38, 0.29915293645966223, 0.8770228541150904
39, 0.2986737815056312, 0.8031163542361341
40, 0.35416315194333436, 0.36184889020831434
41, 0.848313776322335, 0.8485843677592105
42, 0.9580002281112323, 0.33032758215579594
43, 0.7108417215786018, 0.4771960948386762
44, 0.5527889932343335, 0.17590798411684871
45, 0.9466036361652873, 0.8914893806558554
46, 0.9895145838673814, 0.6233557393161278
47, 0.8893206281211035, 0.3439060228140991
48, 0.5254026960234859, 0.1578804199849244
49, 0.8005747084091521, 0.9033554656313112
50, 0.484628640854322, 0.9355574925495522
51, 0.18136159406698937, 0.9281910349652253
52, 0.7694569125428002, 0.18974372223635594
53, 0.987638104112607, 0.35658950895044716
54, 0.9555593806880336, 0.09557576271389157
55, 0.19757744157732027, 0.6463361388236563
56, 0.6410107997283356, 0.21332001681810497
57, 0.17280857555861795, 0.14073737877807269
58, 0.007077959926535371, 0.24310153781132016
59, 0.48916557893598245, 0.8660527475777807
60, 0.46064655900982265, 0.2866002558480504
61, 0.49871677972418793, 0.908069236672994
62, 0.42747821701880795, 0.7415387534382301
63, 0.5872248440471882, 0.7560046585853194
64, 0.758734242431148, 0.972528432391712
65, 0.2723279515407512, 0.3801488165025433
66, 0.3875589958108915, 0.7989225520523714
67, 0.3001910470074196, 0.8148842695445613
68, 0.34648475671302936, 0.335376685324411
69, 0.8580629570476072, 0.6057677560215571
70, 0.9788272406308298, 0.3280316869397861
71, 0.4496258638177858, 0.9939979057466147
72, 0.11431328167266208, 0.14589959132015295
73, 0.567097641872405, 0.11051644614265044
74, 0.5142451955120265, 0.25973100037363617
75, 0.2039601689037468, 0.20757297555246534
76, 0.9751608350992917, 0.1247334558138612
77, 0.8126029458108767, 0.3492374595364045
78, 0.43278280933798785, 0.3946174824286246
79, 0.40789678100665505, 0.14821979917720685
80, 0.639621899389402, 0.33055995508749314
81, 0.07136354138420276, 0.9802409762699631
82, 0.7996513913193293, 0.7172898298579076
83, 0.33016042242940424, 0.984981462002482
84, 0.891047737670202, 0.8765199093002612
85, 0.7069359794081032, 0.7451855720943368
86, 0.03255133638033503, 0.7650185525611327
87, 0.5132356894546877, 0.22769920876393024
88, 0.09588384798102645, 0.39077802089637403
89, 0.36714628967579643, 0.43795070493941035
90, 0.23325648553349188, 0.9888406750603262
91, 0.09833985439477166, 0.18438117687011735
92, 0.9105693066845069, 0.6659271474853918
93, 0.5175377587752323, 0.1953820112155623
94, 0.807461444568823, 0.3781465838259016
95, 0.6415466103033398, 0.6733114675324455
96, 0.7794257673807545, 0.3078068883110383
97, 0.9315289949242184, 0.07978616521880544
98, 0.18871236013962034, 0.4644460995515368
99, 0.7294694964080919, 0.5081970166160038
100, 0.6960842511591211, 0.6177273497163557
101, 0.6955340170248282, 0.33937529315630255
102, 0.8854820886458618, 0.15262668180257455
103, 0.7365043501491186, 0.0954318634394622
104, 0.2028327320660871, 0.5469528599360337
105, 0.8401006254515552, 0.2937727380209927
106, 0.8486706266454003, 0.5430174904436891
107, 0.10374528063955879, 0.936949647316009
108, 0.30989539365477015, 0.5696861034996058
109, 0.7305095648231672, 0.7269161780654002
110, 0.15886994583787095, 0.7234404549684452
111, 0.5338251350523228, 0.17436807204912808
112, 0.28413904010057367, 0.3350227718330906
113, 0.906637458214659, 0.7450187694081185
114, 0.12712053743218976, 0.2302198303549926
115, 0.6604476228317416, 0.6008316016767902
116, 0.9337924184561714, 0.5781310678067944
117, 0.14444733181562197, 0.9034148658435251
118, 0.5407961535902359, 0.5990558789789521
119, 0.19800446158913543, 0.30106329049461
120, 0.7280885412770599, 0.32254559341213795
121, 0.7916870407691631, 0.7496626274859047
122, 0.5898043926782044, 0.7813336049769786
123, 0.806605598240366, 0.006420939652545088
124, 0.37675948600622944, 0.9989884296592445
125, 0.05081227124174237, 0.960025584976908
126, 0.38913148957846155, 0.7554557367097259
127, 0.4064471965086748, 0.5399629134225428
128, 0.14888706772239202, 0.284837946705615
129, 0.9145608711827031, 0.48891886999389256
130, 0.005512123124975399, 0.392899821587001
131, 0.0897958826569013, 0.7697923161976356
132, 0.12623192314365883, 0.46953701910658385
133, 0.4837120807253007, 0.48263001685723217
134, 0.5803134877117961, 0.8296404748385834
135, 0.8345981874852876, 0.7714737409274987
136, 0.9980313657744287, 0.6982149963182156
137, 0.004501597547961422, 0.2074297578447094
138, 0.6005620798845974, 0.5214003837673632
139, 0.17579062727888206, 0.4509024182459366
140, 0.9371748265185599, 0.15968894842748793
141, 0.09756376560445823, 0.14980419931372746
142, 0.6439341086466659, 0.9260986559038652
143, 0.8820300697197544, 0.8971721845220102
144, 0.2282615267139546, 0.6071960713183151
145, 0.6841123491864447, 0.39427643633360165
146, 0.270185206692393, 0.5926265340051496
147, 0.1367145983536675, 0.526046237946121
148, 0.2899407518607403, 0.9077765571783395
149, 0.43241674096098315, 0.5414433806442275
150, 0.8124949270806134, 0.42341102724963886
151, 0.13417515489867105, 0.0361572625320532
152, 0.4330070236140703, 0.03627289017030788
153, 0.56812182155056, 0.39366525121172213
154, 0.7769036226463278, 0.83217721981082
155, 0.6044471073247586, 0.2889251305054501
156, 0.6508430409429506, 0.5127822600015618
157, 0.43568406471033394, 0.3360869674703957
158, 0.9991333129622384, 0.6822734138876589
159, 0.4284895033916686, 0.611725639327559
160, 0.006602061058165187, 0.2758365907420558
161, 0.758353129038708, 0.8628399176722236
162, 0.33121497152464896, 0.6554162022244854
163, 0.6616682546611325, 0.47007149880066756
164, 0.8276168716197452, 0.14469890634359162
165, 0.9816368260553623, 0.7493411895462317
166, 0.19693477442085716, 0.03291335673240636
167, 0.41475089430221523, 0.1504252512266685
168, 0.6481322803019485, 0.5204282312894966
169, 0.917546662535558, 0.7270514903075611
170, 0.9874165562981784, 0.6178690563795329
171, 0.9033014686416471, 0.60175650830862
172, 0.9295761822229275, 0.5266106685461459
173, 0.2804464902072674, 0.15840051499200103
174, 0.3780932238864918, 0.44460492855382705
175, 0.8385251416326629, 0.5514040945257147
176, 0.7680038737934495, 0.47593980947457415
177, 0.6373278605757801, 0.45631116705054076
178, 0.8054500320550789, 0.608303037095895
179, 0.5118586770776652, 0.9492766066609205
180, 0.559363824613223, 0.09487309758481288
181, 0.9850542817609667, 0.03485386230927345
182, 0.48125268316035597, 0.510539066592496
183, 0.22128749059378394, 0.33454573837502266
184, 0.8165408173933075, 0.4579916790152425
185, 0.619661251093692, 0.30378549961615076
186, 0.9343850745574622, 0.9212785215562952
187, 0.3942915164164096, 0.9097210311674266
188, 0.567012220116853, 0.07396743321881205
189, 0.3502814809736716, 0.35168840342934615
190, 0.018081951173862243, 0.7153672213779013
191, 0.12172203609094923, 0.48982491217805957
192, 0.22244706434513095, 0.30057916917422023
193, 0.1897353360550046, 0.4001859761314689
194, 0.5946833624564056, 0.06555469692230298
195, 0.356615387588332, 0.16332302041279034
196, 0.23727843041260177, 0.5704771460658874
197, 0.4895271357690103, 0.2787609427826562
198, 0.17941006559936445, 0.695709387557017
199, 0.7162902390189572, 0.9607696983039294
200, 0.07569891256495398, 0.846103852643828
201, 0.6196481283830474, 0.6307582020697989
202, 0.8084002421453234, 0.19546414298846437
203, 0.7519237044765513, 0.9548062039851014
204, 0.30070036213372187, 0.8686043446767936
205, 0.7637137894783965, 0.06028414626284617
206, 0.9291673059494486, 0.6106081278173702
207, 0.7811996822158237, 0.04506661062978956
208, 0.26176604264851644, 0.7997148277418815
209, 0.19714228493839736, 0.8028249406956949
210, 0.9912112964315587, 0.2557515835466604
211, 0.9229617919683597, 0.9805148009417157
212, 0.7066366361073049, 0.20821756132992297
213, 0.9399383203074299, 0.14337401033346864
214, 0.47596101671184754, 0.04660332291888347
215, 0.6828788997117807, 0.03664058581528884
216, 0.12316847869894199, 0.6206437869889616
217, 0.5972258610887842, 0.28200002041916306
218, 0.8485925148172214, 0.320765906176789
219, 0.49317084686233803, 0.21312160057540552
220, 0.20473116955601411, 0.1619023090364936
221, 0.7168674297582465, 0.13095605775847874
222, 0.2512593826417797, 0.9636292287336505
223, 0.2863812079738659, 0.055263633084008834
224, 0.8365444623524083, 0.914587866986184
225, 0.9574837752710246, 0.24634976257500896
226, 0.5898005108707436, 0.41194567712342645
227, 0.26970943102630984, 0.7608261875955451
228, 0.36486876093691345, 0.3910719250053877
229, 0.12530919633329596, 0.49853609863093806
230, 0.7177377800391551, 0.24252206777792595
231, 0.5906889228309606, 0.28257497311301794
232, 0.31436714094456686, 0.8318662509750552
233, 0.06856149781631538, 0.11474774556460676
234, 0.928369637237373, 0.4039951150958915
235, 0.17096640689483455, 0.38665273632297426
236, 0.7791263775743371, 0.9154490002966312
237, 0.48946017382640006, 0.4619407436849635
238, 0.5222706480279398, 0.34306754527751726
239, 0.2855051306145049, 0.9031350043031908
240, 0.2965906223342435, 0.4949446910666
241, 0.1890088417192276, 0.20752472789006216
242, 0.5545255359730358, 0.12142914685561601
243, 0.9644536241022282, 0.37548257238362615
244, 0.19648628187831252, 0.6828425826354766
245, 0.21470970921337795, 0.32719216042125177
246, 0.028341613523277465, 0.047182542875655153
247, 0.6482520513922956, 0.7534547807325548
248, 0.7777402054887737, 0.2147954569505064
249, 0.6152120195607436, 0.4171822098955644
250, 0.6895034487456086, 0.9033912049094094
251, 0.9059362779821505, 0.3526130571986785
252, 0.4431404105913611, 0.7273330300116753
253, 0.5019714890625818, 0.06107595436046154
254, 0.7901268315575511, 0.17489698172458157
255, 0.31204395539648644, 0.2573765613771968
256, 0.20805730128250455, 0.7782668814749406
257, 0.2920437151760068, 0.9923621312118398
258, 0.07059802812940874, 0.5112365831582582
259, 0.9589246081833317, 0.6903212876823395
260, 0.15559939981815185, 0.49305648697234483
261, 0.2626660020728574, 0.5561908031447295
262, 0.1458923323050374, 0.7386235320236127
263, 0.7406539136818829, 0.5096635175231953
264, 0.8078201276190116, 0.3268034543917442
265, 0.2638967171586877, 0.78493775229692
266, 0.00699426915361856, 0.9175990974114274
267, 0.20972440060789843, 0.4609013039226538
268, 0.6599346698765426, 0.8260044613826517
269, 0.1762842289967811, 0.12723390336197904
270, 0.5186374825205671, 0.3643629375898414
271, 0.9773182469689746, 0.3307517427572645
272, 0.17981135319330455, 0.8385384066384871
273, 0.4710622507753788, 0.090532784698242
274, 0.6086402506581835, 0.35015214815846785
275, 0.5973091497501801, 0.22854273951048554
276, 0.3715089223457533, 0.9081087799746365
277, 0.4617207482942015, 0.9148923011784855
278, 0.5455082433453327, 0.2832269279885047
279, 0.4399811254698268, 0.511741360109035
280, 0.23120896061330087, 0.7239784043921761
281, 0.9892206138315258, 0.9440869874227723
282, 0.8542187246871342, 0.6389402116184042
283, 0.17090145858001082, 0.8515621905429933
284, 0.059129824957994015, 0.4964241166741229
285, 0.23357212202854338, 0.16539703717445386
286, 0.48555576019117463, 0.8340522789938479
287, 0.8735790440085218, 0.4599511279350107
288, 0.4705183490764616, 0.6779202268593204
289, 0.2860209028345747, 0.13112610756456233
290, 0.3999199101113783, 0.419556902064405
291, 0.9260039117920604, 0.46430579335195754
292, 0.8641842144270367, 0.046060634926486044
293, 0.6643564783654613, 0.4890065592318392
294, 0.8283599724759527, 0.3324730178019226
295, 0.7012077486018616, 0.06736870378902793
296, 0.32357097381247313, 0.7757832108535785
297, 0.005018885082064828, 0.8831373025765668
298, 0.3943122861184928, 0.3144190145119288
299, 0.6441860163830054, 0.21538410435070965
300, 0.9788185334237572, 0.9155835369718569
301, 0.2743830371650742, 0.3402735319297644
302, 0.10787731360279318, 0.36188559096350337
303, 0.5635069087898412, 0.7762670351313732
304, 0.09216871483111233, 0.5385731628655637
305, 0.27666663191948715, 0.0575471050881331
306, 0.7385779270044451, 0.35158034431181584
307, 0.8068495430712339, 0.30454562986655753
308, 0.2925120458569048, 0.3389521342311842
309, 0.2419143771738007, 0.5821252444622476
310, 0.011559275151390103, 0.039985007935368744
311, 0.6604886827496864, 0.20949387660843088
312, 0.8420286022227694, 0.9518154928587822
313, 0.9148582181473542, 0.5323756818111075
314, 0.23761121946560004, 0.016876633808994623
315, 0.765275508157713, 0.2610877878855039
316, 0.21236696960843682, 0.2037331291912866
317, 0.919997869997427, 0.9647250453674912
318, 0.8466933515489801, 0.11416675355291217
319, 0.22096779407075928, 0.18510429181838617
320, 0.05814107149200509, 0.2240226163842688
321, 0.7634948075057468, 0.33560923065088333
322, 0.5775583207026806, 0.8059938832508922
323, 0.2214774098362804, 0.4906743251530399
324, 0.279056313481448, 0.7442746250051829
325, 0.7855449230600857, 0.970845100454399
326, 0.027716028982995744, 0.26868811566840345
327, 0.03505671488170625, 0.4112420359418346
328, 0.8098121249828975, 0.667522084921901
329, 0.7073736549500261, 0.432136476788224
330, 0.8453012155523375, 0.4272274627459355
331, 0.6233692963037594, 0.644737801090847
332, 0.18451064670187234, 0.05129768423940939
333, 0.2722998291999684, 0.3546535796453294
334, 0.14461691812016952, 0.28581980151473463
335, 0.6564724307678996, 0.4330320779899469
336, 0.27760586008693444, 0.44060954742789193
337, 0.4850750229678188, 0.30561279484549797
338, 0.21195061018729788, 0.8108352336385259
339, 0.5191466700906046, 0.24197316620470322
340, 0.9684451593069117, 0.9520949336346822
341, 0.01189990251380224, 0.4426361067539897
342, 0.2521741848355259, 0.74505380235681
343, 0.01866430317649359, 0.24415492690107132
344, 0.3790517371297881, 0.029702418388728224
345, 0.97988977997681, 0.3504353001352051
346, 0.7291506162941964, 0.591608252264015
347, 0.5109415420896319, 0.12702270056437936
348, 0.41192992028381303, 0.2209820937658855
349, 0.9682663470041859, 0.5155310071087821
350, 0.42052157785926225, 0.34258242082039037
351, 0.9335530059300106, 0.547394587129094
352, 0.46859431900388504, 0.6934508129009116
353, 0.9287904350090114, 0.4916976553885196
354, 0.7224583926150354, 0.59225405608817
355, 0.6903003992168781, 0.4985228740667512
356, 0.8531350705945709, 0.728147030421271
357, 0.6396707885635495, 0.7532804090422565
358, 0.8968981204849495, 0.3656857956801617
359, 0.1552929231229757, 0.45166929564983893
360, 0.4917464533986875, 0.2084192741613724
361, 0.43184767134347024, 0.08463104111400654
362, 0.335090144645543, 0.7708358313269621
363, 0.8027060584915096, 0.2774074684200044
364, 0.5871653207138722, 0.8754122471640431
365, 0.9894930619095027, 0.3945441783367154
366, 0.30317522955542564, 0.3632897077553934
367, 0.6962942905496393, 0.7225779700072431
368, 0.46737003890942475, 0.1189003582173721
369, 0.6602402954403812, 0.613634304496108
370, 0.3214513041748569, 0.2731640835765001
371, 0.14434751747149677, 0.6030260741076119
372, 0.4309488125310602, 0.10042989896001386
373, 0.6349056198593954, 0.3695620293211893
374, 0.11498132817553919, 0.040089461253492664
375, 0.3203058846860052, 0.25523240952861814
376, 0.41663577023790865, 0.5143683744536509
377, 0.7372133827841978, 0.06247580003744513
378, 0.007487442161787317, 0.5074278482854248
379, 0.49893740807593323, 0.023443511518105864
380, 0.8522848873979096, 0.9699486592894173
381, 0.5376229757239767, 0.2867783100269361
382, 0.14532509234420843, 0.8113118806406243
383, 0.8524313588190031, 0.1543796499698904
384, 0.32287322867681045, 0.904821026168825
385, 0.24446580881209412, 0.918527302017341
386, 0.269191542821027, 0.08251062558451727
387, 0.5488491701708978, 0.3415317657852084
388, 0.7935080118496749, 0.9675783028772103
389, 0.6798974837220065, 0.8447974797160707
390, 0.2616083127726756, 0.937698873438792
391, 0.7297339364525608, 0.8342228833881787
392, 0.2020364866283677, 0.6097960548993846
393, 0.13913109465883755, 0.006381231981345881
394, 0.27631072451853034, 0.6039599788827528
395, 0.5938583576746511, 0.36853556415118494
396, 0.7565217037501439, 0.7526537618004452
397, 0.22231073520158384, 0.33588275133192713
398, 0.48181811543594855, 0.6040206054009516
399, 0.16316479465627065, 0.25762317251151656
400, 0.5313779700335713, 0.04119895980918553
401, 0.09556878173414374, 0.8483733133417057
402, 0.6926057284541951, 0.3263134166876197
403, 0.822272706558355, 0.40027882416337757
404, 0.7269080743069457, 0.14332911900497436
405, 0.8509236922847837, 0.49396410973645644
406, 0.5946288765289254, 0.5687905498214487
407, 0.6868696547478212, 0.28595789681779415
408, 0.7936335634446519, 0.7432365160847781
409, 0.3579235508377494, 0.5723454839691428
410, 0.8617292182791202, 0.082477902317039
411, 0.2751793877382004, 0.4201856455558245
412, 0.5203998030853841, 0.18120975186818045
413, 0.2087317638479821, 0.28924364799649604
414, 0.3981812091189155, 0.1933671983254276
415, 0.055818857695780766, 0.8825839804315707
416, 0.20341982712794449, 0.7179420482011839
417, 0.7590694314201984, 0.2113963527993994
418, 0.6229128231957276, 0.18507818059124925
419, 0.581370148967352, 0.3675548214528074
420, 0.7383230248197696, 0.6649134876788705
421, 0.5412070932737947, 0.31887261415039825
422, 0.17786138481959712, 0.3894494822592415
423, 0.5519024803796648, 0.6120442577831497
424, 0.009791504759035119, 0.33299076383124326
425, 0.04950108011308407, 0.9254653000744182
426, 0.7521978419608367, 0.8476631613171127
427, 0.9258204274873296, 0.5617321393792665
428, 0.6611670101651463, 0.5431694123536939
429, 0.05555282802694772, 0.1322681299809323
430, 0.17128300670136398, 0.983172156192604
431, 0.9311928399584459, 0.02269066384417262
432, 0.012395723769663136, 0.30015977550482553
433, 0.9096549472739974, 0.8167863453243562
434, 0.905806498544636, 0.6567427643775304
435, 0.37203359717525253, 0.3083525667044601
436, 0.9036586936941855, 0.31240800936902013
437, 0.0009509911819860495, 0.5624253545703894
438, 0.7833399292461765, 0.7634676739713577
439, 0.21079573931171436, 0.8110140755131247
440, 0.7890362682870559, 0.9804973721141884
441, 0.8659806021269407, 0.6527493403120862
442, 0.8703982560683128, 0.9215208705173467
443, 0.19372000559385938, 0.4368736165312298
444, 0.39004820090929815, 0.6007619173042004
445, 0.4219133196425081, 0.4867823860103071
446, 0.20748600178789223, 0.9214601043400514
447, 0.41324005301043865, 0.11782349174022466
448, 0.723488998059609, 0.09063216054563183
449, 0.19711572374263153, 0.8195886572653893
450, 0.22402195203008834, 0.2206308049543153
451, 0.7630244116524854, 0.8643911018343985
452, 0.3546272797178528, 0.9114947234435331
453, 0.5107291371188991, 0.5086580086554287
454, 0.4768176938458566, 0.9952332211981053
455, 0.7106204547507511, 0.7418213757692547
456, 0.6524810971017585, 0.6843172306337895
457, 0.7784478757492462, 0.44641750683727577
458, 0.3487663994498261, 0.6650945386967205
459, 0.5840323649782914, 0.6293360572569562
460, 0.9400813681622521, 0.44757889399093675
461, 0.1826030757735172, 0.8921757327295441
462, 0.31288054846759894, 0.25086898477405495
463, 0.5144384263322592, 0.38338011723499454
464, 0.36391700517579806, 0.2148703387331775
465, 0.06494481854897538, 0.7692937937702996
466, 0.9237800166993775, 0.3396992295131499
467, 0.17181054117140626, 0.1709908629540603
468, 0.18088764929056367, 0.8093486624405155
469, 0.503527450201812, 0.5456817410865572
470, 0.7201051309627242, 0.8412309199399665
471, 0.20838279536734539, 0.6355727637950923
472, 0.8503480672733015, 0.36959205998267897
473, 0.9163548789369352, 0.6182642564038283
474, 0.9488005590193814, 0.6368672168069209
475, 0.004796854000286066, 0.8409075136517373
476, 0.493520804874796, 0.9505390288638974
477, 0.3372663878533777, 0.5679163134067065
478, 0.29346351301640605, 0.35585805935216597
479, 0.19565266932699565, 0.5868823283255739
480, 0.5499925265741147, 0.9356396373457092
481, 0.9023070761111025, 0.28674886812917133
482, 0.27902182108713725, 0.9759749672512423
483, 0.6701666660288845, 0.9642663048674911
484, 0.7643784666254183, 0.23347375254927905
485, 0.07317717399323398, 0.40518344816928586
486, 0.4898284326424318, 0.8945542010614732
487, 0.3951792278558304, 0.342175419345484
488, 0.36158412350668157, 0.795884256940536
489, 0.6761918949576137, 0.615725019757276
490, 0.5211533974337939, 0.6756594070246655
491, 0.10941736659928292, 0.1480892568439378
492, 0.10393198578303942, 0.6074350537939311
493, 0.4595861560305309, 0.7927602474998706
494, 0.17871575411234852, 0.5880239948283541
495, 0.7182509583784386, 0.5311829457570263
496, 0.9772835806278702, 0.8849372185573963
497, 0.24644861996718637, 0.34396202114497754
498, 0.44620631814017986, 0.9549661984770136
499, 0.16353051098323246, 0.44152583303657733
500, 0.6976726124042453, 0.4589661685257719
501, 0.9502153478460215, 0.9731686728953187
502, 0.5275259504922913, 0.9887888482530065
503, 0.3789226231906254, 0.8026313459959356
504, 0.0068755513045318795, 0.3045647463153075
505, 0.21875313946677655, 0.023738687075130493
506, 0.3164618067655798, 0.23006989804984235
507, 0.13025753226912729, 0.11812319990372977
508, 0.02833186543993449, 0.4454705372128571
509, 0.872528578675949, 0.14981459030882938
510, 0.31157446194787586, 0.8359391041256735
511, 0.5603567526073813, 0.8282749281417133
512, 0.045001682063699366, 0.8481650498574406
513, 0.2922560539652781, 0.30420797701835744
514, 0.022677522073110135, 0.6372808466108856
515, 0.390713510216265, 0.5835972588430545
516, 0.818372007533605, 0.48022698799717267
517, 0.7702931508645688, 0.30229906619776736
518, 0.8225956990168112, 0.1397842443421211
519, 0.7444122195601092, 0.43298598310431946
520, 0.10654449038525293, 0.6371998538931706
521, 0.7479363538836226, 0.6520587091383618
522, 0.3422310779326425, 0.5511869574198079
523, 0.036686989756634314, 0.09060174734558424
524, 0.8733685627363044, 0.015179766493195856
525, 0.7165713700220752, 0.7351549221781123
526, 0.47622687891093385, 0.06919290450128623
527, 0.7108294654401561, 0.3931087925500649
528, 0.06037130161326276, 0.6813947032344553
529, 0.4990521276599049, 0.36149324155391926
530, 0.3282551430523335, 0.8322563516166201
531, 0.1486720410634329, 0.6216849489265032
532, 0.20472724094202033, 0.741070470295224
533, 0.7344121934652867, 0.6449742618446486
534, 0.8978920261943565, 0.9708066065337616
535, 0.6098092267357973, 0.25093395562199117
536, 0.20713707582576624, 0.5521855380215551
537, 0.42902708195564787, 0.16188782521905898
538, 0.028060369344652614, 0.8211410199125794
539, 0.5333861923369833, 0.9351809059871281
540, 0.17614057570220687, 0.28894041711291574
541, 0.39471101782552753, 0.38721018548724506
542, 0.881840417418496, 0.3375013346070773
543, 0.8628443633684165, 0.24555853705710884
544, 0.09842053305183418, 0.8290125466880071
545, 0.2775436941751771, 0.8096584995401128
546, 0.30830403399245876, 0.19947952972736038
547, 0.5579538447476476, 0.7155049771743912
548, 0.8828385507472934, 0.03187960855525507
549, 0.5571548904152326, 0.23148189933919583
550, 0.7391325978901089, 0.058783802457962664
551, 0.28283375748242157, 0.2763576436701606
552, 0.14180142884079372, 0.004459504157985905
553, 0.15227767626866906, 0.036876529431712934
554, 0.27968096017676836, 0.9233588590003133
555, 0.8218489626838152, 0.6696026948388822
556, 0.08849352488387296, 0.16688078566915332
557, 0.3886797033934847, 0.2208548488410268
558, 0.9535118998019405, 0.3398462250001888
559, 0.7870963116380929, 0.5188349566006114
560, 0.4494443723259135, 0.7852363930540458
561, 0.8199976448597174, 0.10562408999674311
562, 0.2492960515926259, 0.34549589663314095
563, 0.8605719079431643, 0.8822605917849855
564, 0.20001761006787766, 0.7166986782506565
565, 0.3459379007784611, 0.960397232938244
566, 0.9189560795758257, 0.864871095934315
567, 0.060212586270828594, 0.41559853252440715
568, 0.9244780098932829, 0.6599228639468497
569, 0.7580497942952774, 0.11614011085176512
570, 0.3396547979965935, 0.6867577596814265
571, 0.9292930179675936, 0.9959639125608123
572, 0.5404292703271664, 0.3340950844778354
573, 0.8265398674202823, 0.46623243964370187
574, 0.2638131414890551, 0.8186214508883252
575, 0.31352634298818294, 0.1852293977380146
576, 0.5484865395631383, 0.7512903842604137
577, 0.7500143693335161, 0.14245173555806612
578, 0.8280023174801285, 0.3837873834974086
579, 0.8114664844409333, 0.8063707356679453
end_nodes
0, 1
0, 2
0, 3
0, 4
0, 5
0, 6
0, 7
0, 8
0, 9
0, 10
0, 11
0, 12
0, 13
0, 14
0, 15
0, 16
0, 17
0, 18
0, 19
0, 20
0, 21
0, 22
0, 23
0, 24
26, 90
26, 195
26, 344
26, 370
26, 375
26, 464
27, 1
27, 2
27, 3
27, 4
27, 6
27, 8
27, 9
27, 11
27, 14
27, 15
27, 17
27, 18
27, 19
27, 20
27, 22
27, 24
27, 25
27, 29
27, 30
27, 32
27, 34
27, 36
27, 37
27, 38
28, 16
28, 19
28, 54
28, 56
28, 102
28, 103
28, 133
28, 155
28, 181
28, 205
28, 217
28, 221
28, 231
28, 237
28, 295
28, 299
28, 311
28, 377
28, 387
28, 418
28, 448
28, 535
28, 550
31, 1
31, 6
31, 8
31, 9
31, 14
31, 15
31, 17
31, 19
31, 20
31, 22
31, 24
31, 29
31, 30
31, 34
31, 36
31, 37
31, 41
31, 42
31, 43
31, 45
31, 46
31, 47
31, 49
31, 50
33, 5
35, 1
35, 3
35, 4
35, 6
35, 7
35, 8
35, 9
35, 10
35, 11
35, 12
35, 13
35, 14
35, 15
35, 16
35, 17
35, 18
35, 20
35, 21
35, 22
35, 23
35, 24
35, 25
35, 29
35, 30
39, 1
39, 5
39, 6
39, 8
39, 9
39, 13
39, 14
39, 16
39, 17
39, 19
39, 20
39, 21
39, 22
39, 23
39, 24
39, 25
39, 29
39, 30
39, 34
39, 37
39, 41
39, 42
39, 43
39, 44
40, 11
40, 79
40, 152
40, 167
40, 361
40, 372
40, 414
40, 447
40, 557
48, 25
51, 1
51, 3
51, 4
51, 6
51, 8
51, 9
51, 10
51, 11
51, 14
51, 17
51, 18
51, 19
51, 20
51, 22
51, 24
51, 25
51, 29
51, 30
51, 34
51, 37
51, 38
51, 41
51, 42
51, 43
52, 5
55, 1
55, 6
55, 8
55, 9
55, 14
55, 15
55, 17
55, 19
55, 20
55, 22
55, 24
55, 29
55, 30
55, 34
55, 37
55, 41
55, 42
55, 43
55, 45
55, 46
55, 47
55, 49
55, 50
55, 53
58, 1
58, 6
58, 8
58, 9
58, 10
58, 14
58, 17
58, 19
58, 20
58, 22
58, 24
58, 29
58, 30
58, 34
58, 37
58, 38
58, 41
58, 42
58, 43
58, 45
58, 46
58, 47
58, 49
58, 50
62, 6
62, 8
62, 14
62, 17
62, 22
62, 24
62, 29
62, 34
62, 37
62, 41
62, 42
62, 45
62, 46
62, 49
62, 53
62, 63
62, 69
62, 70
62, 82
62, 84
62, 85
62, 92
62, 95
62, 99
65, 173
65, 223
65, 289
65, 301
65, 305
65, 333
66, 6
66, 8
66, 14
66, 17
66, 20
66, 22
66, 24
66, 29
66, 30
66, 37
66, 41
66, 45
66, 46
66, 49
66, 59
66, 63
66, 64
66, 69
66, 82
66, 84
66, 85
66, 92
66, 95
66, 100
67, 1
67, 6
67, 8
67, 9
67, 13
67, 14
67, 16
67, 17
67, 19
67, 20
67, 21
67, 22
67, 23
67, 24
67, 29
67, 30
67, 34
67, 37
67, 41
67, 42
67, 43
67, 44
67, 45
67, 46
68, 152
74, 44
74, 194
75, 166
77, 218
78, 25
78, 93
78, 111
78, 180
78, 188
78, 242
78, 412
80, 5
81, 1
81, 6
81, 8
81, 9
81, 10
81, 14
81, 17
81, 19
81, 20
81, 22
81, 24
81, 29
81, 30
81, 34
81, 37
81, 38
81, 41
81, 42
81, 43
81, 45
81, 46
81, 47
81, 49
81, 50
86, 1
86, 6
86, 8
86, 9
86, 10
86, 14
86, 17
86, 19
86, 20
86, 22
86, 24
86, 29
86, 30
86, 34
86, 37
86, 38
86, 41
86, 42
86, 43
86, 45
86, 46
86, 47
86, 49
86, 50
87, 73
87, 111
87, 242
88, 310
96, 19
96, 76
96, 140
96, 213
97, 5
98, 151
98, 374
98, 393
98, 399
98, 422
98, 507
98, 552
98, 553
101, 5
104, 36
104, 57
104, 151
104, 193
104, 374
104, 393
104, 399
104, 422
104, 443
104, 467
104, 507
104, 540
104, 552
104, 553
107, 1
107, 6
107, 8
107, 9
107, 10
107, 14
107, 17
107, 19
107, 20
107, 22
107, 24
107, 29
107, 30
107, 34
107, 37
107, 38
107, 41
107, 42
107, 43
107, 45
107, 46
107, 47
107, 49
107, 50
108, 1
108, 4
108, 11
108, 14
108, 18
108, 19
108, 42
108, 43
108, 47
108, 53
108, 54
108, 70
108, 76
108, 79
108, 94
108, 102
108, 105
108, 138
108, 140
108, 150
108, 152
108, 156
108, 163
108, 167
110, 1
110, 6
110, 8
110, 9
110, 10
110, 14
110, 17
110, 19
110, 20
110, 22
110, 24
110, 29
110, 30
110, 34
110, 37
110, 38
110, 41
110, 42
110, 43
110, 45
110, 46
110, 47
110, 49
110, 50
114, 72
117, 1
117, 6
117, 8
117, 9
117, 10
117, 14
117, 17
117, 19
117, 20
117, 22
117, 24
117, 29
117, 30
117, 34
117, 37
117, 38
117, 41
117, 42
117, 43
117, 45
117, 46
117, 47
117, 49
117, 50
118, 1
118, 14
118, 34
118, 42
118, 43
118, 47
118, 53
118, 70
118, 94
118, 99
118, 150
118, 156
118, 168
118, 176
118, 184
118, 210
118, 218
118, 225
118, 234
118, 243
118, 251
118, 263
118, 271
118, 287
119, 241
119, 332
120, 5
120, 102
120, 181
125, 1
125, 6
125, 8
125, 9
125, 10
125, 14
125, 17
125, 19
125, 20
125, 22
125, 24
125, 29
125, 30
125, 34
125, 37
125, 38
125, 41
125, 42
125, 43
125, 45
125, 46
125, 47
125, 49
125, 50
126, 6
126, 8
126, 9
126, 14
126, 17
126, 22
126, 24
126, 29
126, 30
126, 34
126, 37
126, 41
126, 42
126, 43
126, 45
126, 46
126, 47
126, 49
126, 53
126, 63
126, 64
126, 69
126, 70
126, 82
127, 44
127, 194
127, 215
127, 278
127, 376
127, 381
127, 529
127, 549
130, 1
130, 6
130, 8
130, 9
130, 10
130, 14
130, 17
130, 19
130, 20
130, 22
130, 24
130, 29
130, 30
130, 34
130, 37
130, 38
130, 41
130, 42
130, 43
130, 45
130, 46
130, 47
130, 49
130, 50
131, 1
131, 6
131, 8
131, 9
131, 10
131, 14
131, 17
131, 19
131, 20
131, 22
131, 24
131, 29
131, 30
131, 34
131, 37
131, 38
131, 41
131, 42
131, 43
131, 45
131, 46
131, 47
131, 49
131, 50
132, 310
132, 320
132, 523
137, 1
137, 6
137, 8
137, 9
137, 10
137, 14
137, 17
137, 19
137, 20
137, 22
137, 24
137, 29
137, 30
137, 34
137, 37
137, 38
137, 41
137, 42
137, 43
137, 45
137, 46
137, 47
137, 49
137, 50
139, 128
139, 334
139, 374
139, 507
144, 1
144, 14
144, 19
144, 22
144, 24
144, 29
144, 34
144, 36
144, 42
144, 43
144, 46
144, 47
144, 53
144, 54
144, 57
144, 69
144, 70
144, 76
144, 92
144, 94
144, 95
144, 99
144, 100
144, 102
145, 19
145, 76
145, 140
145, 213
145, 363
145, 517
146, 1
146, 19
146, 22
146, 24
146, 34
146, 42
146, 43
146, 47
146, 53
146, 54
146, 70
146, 76
146, 94
146, 99
146, 102
146, 105
146, 106
146, 112
146, 129
146, 138
146, 140
146, 150
146, 156
146, 163
148, 6
148, 17
148, 20
148, 30
148, 37
148, 41
148, 45
148, 46
148, 49
148, 50
148, 59
148, 61
148, 64
148, 71
148, 82
148, 83
148, 84
148, 85
148, 92
148, 109
148, 113
148, 121
148, 122
148, 124
149, 16
149, 19
149, 54
149, 56
149, 102
149, 181
149, 215
149, 217
149, 231
149, 238
149, 270
149, 275
149, 295
149, 387
149, 418
149, 421
149, 463
149, 535
149, 550
149, 572
159, 1
159, 13
159, 34
159, 42
159, 43
159, 47
159, 53
159, 54
159, 70
159, 76
159, 94
159, 99
159, 102
159, 105
159, 123
159, 138
159, 140
159, 150
159, 153
159, 156
159, 163
159, 168
159, 176
159, 181
160, 1
160, 6
160, 8
160, 9
160, 10
160, 17
160, 20
160, 22
160, 24
160, 29
160, 30
160, 34
160, 37
160, 38
160, 41
160, 42
160, 43
160, 45
160, 46
160, 47
160, 49
160, 50
160, 53
160, 54
162, 8
162, 25
162, 29
162, 34
162, 37
162, 42
162, 43
162, 44
162, 46
162, 47
162, 53
162, 54
162, 60
162, 69
162, 70
162, 73
162, 76
162, 82
162, 85
162, 92
162, 93
162, 94
162, 95
162, 99
164, 5
177, 76
177, 140
177, 213
177, 306
177, 307
177, 321
177, 527
177, 543
182, 54
182, 76
182, 102
182, 103
182, 123
182, 140
182, 155
182, 181
182, 185
182, 205
182, 207
182, 213
182, 221
182, 299
182, 311
182, 377
182, 404
182, 419
182, 448
182, 550
183, 166
183, 316
189, 11
189, 79
189, 152
189, 414
189, 447
189, 557
190, 6
190, 8
190, 9
190, 10
190, 17
190, 20
190, 29
190, 30
190, 37
190, 38
190, 41
190, 43
190, 45
190, 46
190, 47
190, 49
190, 50
190, 53
190, 54
190, 59
190, 61
190, 63
190, 64
190, 69
191, 9
191, 20
191, 30
191, 37
191, 41
191, 45
191, 46
191, 47
191, 49
191, 50
191, 53
191, 54
191, 59
191, 61
191, 63
191, 64
191, 69
191, 70
191, 71
191, 76
191, 82
191, 84
191, 85
191, 92
196, 2
196, 47
196, 54
196, 70
196, 76
196, 94
196, 102
196, 105
196, 140
196, 166
196, 181
196, 192
196, 210
196, 213
196, 218
196, 220
196, 225
196, 251
196, 264
196, 271
196, 285
196, 294
196, 306
196, 307
197, 73
197, 111
197, 180
197, 188
197, 242
198, 9
198, 10
198, 12
198, 20
198, 30
198, 38
198, 41
198, 45
198, 46
198, 47
198, 49
198, 50
198, 53
198, 54
198, 59
198, 61
198, 63
198, 64
198, 69
198, 70
198, 71
198, 76
198, 82
198, 83
200, 9
200, 10
200, 38
200, 41
200, 45
200, 46
200, 49
200, 50
200, 53
200, 54
200, 59
200, 61
200, 63
200, 64
200, 69
200, 70
200, 71
200, 76
200, 82
200, 83
200, 84
200, 85
200, 92
200, 94
202, 5
204, 13
204, 45
204, 49
204, 50
204, 59
204, 61
204, 63
204, 64
204, 69
204, 71
204, 82
204, 84
204, 85
204, 92
204, 95
204, 100
204, 103
204, 106
204, 109
204, 113
204, 116
204, 121
204, 122
204, 123
208, 2
208, 3
208, 4
208, 11
208, 18
208, 25
208, 32
208, 44
208, 45
208, 49
208, 50
208, 53
208, 54
208, 59
208, 60
208, 61
208, 63
208, 64
208, 69
208, 70
208, 71
208, 73
208, 76
208, 79
209, 7
209, 10
209, 38
209, 49
209, 50
209, 53
209, 54
209, 59
209, 61
209, 63
209, 64
209, 69
209, 70
209, 71
209, 76
209, 82
209, 83
209, 84
209, 85
209, 92
209, 94
209, 95
209, 99
209, 100
216, 10
216, 38
216, 50
216, 53
216, 54
216, 59
216, 61
216, 63
216, 64
216, 69
216, 70
216, 71
216, 76
216, 82
216, 83
216, 84
216, 85
216, 92
216, 94
216, 95
216, 99
216, 100
216, 102
216, 105
222, 2
222, 7
222, 12
222, 15
222, 36
222, 57
222, 64
222, 71
222, 72
222, 83
222, 91
222, 112
222, 124
222, 128
222, 141
222, 147
222, 151
222, 166
222, 173
222, 192
222, 193
222, 211
222, 220
222, 223
226, 5
226, 524
227, 3
227, 4
227, 11
227, 18
227, 25
227, 32
227, 44
227, 50
227, 53
227, 54
227, 59
227, 60
227, 61
227, 63
227, 64
227, 69
227, 70
227, 71
227, 73
227, 76
227, 79
227, 82
227, 84
227, 85
228, 214
228, 348
228, 526
228, 537
229, 50
229, 53
229, 54
229, 59
229, 61
229, 63
229, 64
229, 69
229, 70
229, 71
229, 76
229, 82
229, 84
229, 85
229, 92
229, 94
229, 95
229, 99
229, 100
229, 102
229, 105
229, 106
229, 109
229, 113
230, 5
230, 524
232, 13
232, 21
232, 53
232, 56
232, 59
232, 61
232, 63
232, 64
232, 69
232, 70
232, 71
232, 82
232, 84
232, 85
232, 92
232, 95
232, 99
232, 100
232, 103
232, 106
232, 109
232, 113
232, 115
232, 116
235, 151
235, 374
235, 507
239, 59
239, 61
239, 63
239, 64
239, 71
239, 82
239, 83
239, 84
239, 85
239, 92
239, 109
239, 113
239, 121
239, 122
239, 124
239, 134
239, 135
239, 136
239, 142
239, 143
239, 154
239, 158
239, 161
239, 165
240, 90
240, 195
240, 255
240, 344
240, 370
240, 375
240, 462
240, 464
240, 506
240, 575
244, 38
244, 53
244, 54
244, 59
244, 61
244, 63
244, 64
244, 69
244, 70
244, 71
244, 72
244, 76
244, 82
244, 84
244, 85
244, 91
244, 92
244, 94
244, 95
244, 99
244, 100
244, 102
244, 105
244, 106
245, 166
245, 220
248, 5
249, 5
252, 53
252, 63
252, 69
252, 70
252, 82
252, 84
252, 85
252, 92
252, 95
252, 99
252, 100
252, 106
252, 109
252, 113
252, 115
252, 116
252, 121
252, 122
252, 129
252, 135
252, 136
252, 143
252, 150
252, 154
254, 5
256, 10
256, 12
256, 38
256, 53
256, 54
256, 59
256, 61
256, 63
256, 64
256, 69
256, 70
256, 71
256, 72
256, 76
256, 82
256, 83
256, 84
256, 85
256, 91
256, 92
256, 94
256, 95
256, 99
256, 100
258, 10
258, 38
258, 53
258, 54
258, 59
258, 61
258, 63
258, 64
258, 69
258, 70
258, 71
258, 76
258, 82
258, 83
258, 84
258, 85
258, 92
258, 94
258, 95
258, 99
258, 100
258, 102
258, 105
258, 106
260, 91
260, 141
260, 233
260, 556
261, 54
261, 76
261, 102
261, 105
261, 140
261, 173
261, 181
261, 195
261, 210
261, 213
261, 218
261, 223
261, 225
261, 264
261, 289
261, 294
261, 301
261, 305
261, 306
261, 307
261, 321
261, 333
261, 344
261, 363
262, 10
262, 38
262, 54
262, 59
262, 61
262, 63
262, 64
262, 69
262, 70
262, 71
262, 76
262, 82
262, 83
262, 84
262, 85
262, 92
262, 94
262, 95
262, 99
262, 100
262, 102
262, 105
262, 106
262, 109
265, 3
265, 4
265, 11
265, 18
265, 25
265, 32
265, 44
265, 59
265, 60
265, 61
265, 63
265, 64
265, 69
265, 70
265, 71
265, 73
265, 76
265, 79
265, 82
265, 84
265, 85
265, 89
265, 92
265, 93
266, 10
266, 38
266, 59
266, 61
266, 63
266, 64
266, 69
266, 71
266, 82
266, 83
266, 84
266, 85
266, 92
266, 94
266, 95
266, 99
266, 100
266, 102
266, 105
266, 106
266, 109
266, 113
266, 115
266, 116
267, 36
267, 57
267, 241
267, 269
267, 332
267, 467
272, 10
272, 38
272, 59
272, 61
272, 63
272, 64
272, 69
272, 71
272, 82
272, 83
272, 84
272, 85
272, 92
272, 94
272, 95
272, 99
272, 100
272, 102
272, 105
272, 106
272, 109
272, 113
272, 115
272, 116
279, 16
279, 215
279, 238
279, 270
279, 275
279, 278
279, 295
279, 381
279, 418
279, 421
279, 463
279, 572
280, 36
280, 57
280, 59
280, 61
280, 63
280, 64
280, 71
280, 82
280, 84
280, 85
280, 92
280, 94
280, 95
280, 99
280, 100
280, 102
280, 105
280, 106
280, 109
280, 113
280, 115
280, 116
280, 121
280, 122
283, 59
283, 61
283, 71
283, 83
283, 84
283, 85
283, 92
283, 94
283, 95
283, 99
283, 100
283, 102
283, 105
283, 106
283, 109
283, 113
283, 115
283, 116
283, 121
283, 122
283, 124
283, 129
283, 134
283, 135
284, 59
284, 61
284, 71
284, 83
284, 84
284, 85
284, 92
284, 94
284, 95
284, 99
284, 100
284, 102
284, 105
284, 106
284, 109
284, 113
284, 115
284, 116
284, 121
284, 122
284, 124
284, 129
284, 134
284, 135
288, 94
288, 95
288, 99
288, 100
288, 106
288, 109
288, 113
288, 115
288, 116
288, 129
288, 136
288, 150
288, 156
288, 158
288, 165
288, 168
288, 169
288, 170
288, 171
288, 172
288, 175
288, 176
288, 178
288, 184
292, 5
296, 5
296, 13
296, 16
296, 21
296, 23
296, 56
296, 61
296, 84
296, 94
296, 95
296, 99
296, 100
296, 102
296, 103
296, 105
296, 106
296, 109
296, 113
296, 115
296, 116
296, 121
296, 122
296, 123
296, 129
297, 71
297, 83
297, 94
297, 95
297, 99
297, 100
297, 102
297, 105
297, 106
297, 109
297, 113
297, 115
297, 116
297, 121
297, 122
297, 124
297, 129
297, 134
297, 135
297, 136
297, 138
297, 140
297, 142
297, 143
298, 214
298, 273
298, 526
302, 246
302, 429
302, 523
304, 83
304, 94
304, 95
304, 99
304, 100
304, 102
304, 105
304, 106
304, 109
304, 113
304, 115
304, 116
304, 121
304, 122
304, 124
304, 129
304, 134
304, 135
304, 136
304, 138
304, 140
304, 142
304, 143
304, 150
309, 2
309, 102
309, 105
309, 138
309, 140
309, 150
309, 156
309, 163
309, 166
309, 168
309, 176
309, 181
309, 184
309, 192
309, 210
309, 213
309, 218
309, 225
309, 234
309, 243
309, 251
309, 264
309, 271
309, 285
315, 5
318, 5
323, 166
323, 220
323, 316
323, 332
324, 3
324, 4
324, 11
324, 18
324, 25
324, 32
324, 44
324, 60
324, 73
324, 79
324, 89
324, 93
324, 95
324, 100
324, 105
324, 106
324, 109
324, 111
324, 113
324, 115
324, 116
324, 121
324, 122
324, 129
327, 83
327, 100
327, 105
327, 106
327, 109
327, 113
327, 115
327, 116
327, 121
327, 122
327, 124
327, 129
327, 134
327, 135
327, 136
327, 138
327, 140
327, 142
327, 143
327, 150
327, 154
327, 156
327, 158
327, 161
329, 218
329, 225
329, 294
329, 481
335, 140
335, 213
335, 306
335, 307
335, 321
335, 363
335, 543
336, 112
336, 173
336, 223
336, 289
336, 551
337, 73
337, 111
337, 194
337, 242
338, 7
338, 11
338, 12
338, 72
338, 79
338, 83
338, 91
338, 100
338, 105
338, 106
338, 109
338, 113
338, 115
338, 116
338, 121
338, 122
338, 124
338, 128
338, 129
338, 134
338, 135
338, 136
338, 138
338, 140
339, 194
341, 83
341, 105
341, 106
341, 109
341, 113
341, 115
341, 116
341, 121
341, 122
341, 124
341, 129
341, 134
341, 135
341, 136
341, 138
341, 140
341, 142
341, 143
341, 150
341, 154
341, 156
341, 158
341, 161
341, 163
342, 2
342, 4
342, 11
342, 18
342, 79
342, 89
342, 105
342, 106
342, 109
342, 113
342, 115
342, 116
342, 121
342, 122
342, 129
342, 134
342, 135
342, 136
342, 138
342, 140
342, 142
342, 143
342, 150
342, 152
352, 106
352, 109
352, 113
352, 115
352, 116
352, 121
352, 129
352, 135
352, 136
352, 150
352, 158
352, 165
352, 169
352, 170
352, 171
352, 172
352, 175
352, 176
352, 178
352, 184
352, 201
352, 206
352, 210
352, 234
359, 91
359, 141
359, 491
359, 556
362, 13
362, 16
362, 21
362, 56
362, 103
362, 106
362, 109
362, 113
362, 115
362, 116
362, 121
362, 122
362, 123
362, 129
362, 133
362, 134
362, 135
362, 136
362, 140
362, 142
362, 143
362, 150
362, 153
362, 154
366, 255
366, 344
366, 462
366, 506
366, 575
371, 83
371, 109
371, 113
371, 115
371, 116
371, 121
371, 122
371, 124
371, 129
371, 134
371, 135
371, 136
371, 138
371, 140
371, 142
371, 143
371, 150
371, 154
371, 156
371, 158
371, 161
371, 163
371, 165
371, 168
373, 5
373, 524
378, 83
378, 113
378, 115
378, 116
378, 121
378, 122
378, 124
378, 129
378, 134
378, 135
378, 136
378, 138
378, 140
378, 142
378, 143
378, 150
378, 154
378, 156
378, 158
378, 161
378, 163
378, 165
378, 168
378, 169
382, 83
382, 115
382, 116
382, 121
382, 122
382, 124
382, 129
382, 134
382, 135
382, 136
382, 138
382, 140
382, 142
382, 143
382, 150
382, 154
382, 156
382, 158
382, 161
382, 163
382, 165
382, 168
382, 169
382, 170
383, 5
385, 2
385, 4
385, 7
385, 11
385, 12
385, 13
385, 15
385, 16
385, 18
385, 21
385, 25
385, 32
385, 36
385, 44
385, 56
385, 57
385, 60
385, 72
385, 73
385, 79
385, 83
385, 89
385, 91
385, 93
390, 2
390, 13
390, 15
390, 36
390, 57
390, 72
390, 83
390, 91
390, 103
390, 112
390, 123
390, 124
390, 128
390, 141
390, 142
390, 143
390, 151
390, 153
390, 154
390, 161
390, 166
390, 173
390, 179
390, 185
392, 15
392, 36
392, 72
392, 115
392, 116
392, 121
392, 128
392, 129
392, 135
392, 136
392, 138
392, 140
392, 150
392, 151
392, 156
392, 158
392, 163
392, 165
392, 168
392, 169
392, 170
392, 171
392, 172
392, 175
394, 11
394, 79
394, 112
394, 115
394, 116
394, 129
394, 138
394, 140
394, 150
394, 152
394, 156
394, 163
394, 167
394, 168
394, 170
394, 171
394, 172
394, 173
394, 175
394, 176
394, 178
394, 181
394, 184
394, 195
397, 166
397, 316
398, 138
398, 140
398, 150
398, 156
398, 163
398, 210
398, 213
398, 218
398, 225
398, 251
398, 264
398, 271
398, 293
398, 294
398, 306
398, 307
398, 321
398, 358
398, 363
398, 403
398, 436
398, 466
398, 472
398, 481
401, 115
401, 121
401, 122
401, 124
401, 129
401, 134
401, 135
401, 136
401, 138
401, 142
401, 143
401, 150
401, 154
401, 156
401, 158
401, 161
401, 163
401, 165
401, 168
401, 169
401, 170
401, 171
401, 172
401, 175
402, 5
406, 150
406, 168
406, 176
406, 184
406, 210
406, 225
406, 234
406, 243
406, 251
406, 263
406, 271
406, 330
406, 345
406, 355
406, 358
406, 365
406, 403
406, 436
406, 457
406, 466
406, 472
406, 519
406, 542
406, 558
407, 5
407, 524
409, 25
409, 44
409, 60
409, 73
409, 93
409, 111
409, 157
409, 180
409, 188
409, 194
409, 219
409, 242
409, 347
409, 360
409, 400
409, 412
410, 5
411, 173
411, 223
411, 289
411, 305
411, 551
413, 166
415, 121
415, 122
415, 124
415, 129
415, 134
415, 135
415, 136
415, 138
415, 142
415, 143
415, 150
415, 154
415, 156
415, 158
415, 161
415, 163
415, 165
415, 168
415, 169
415, 170
415, 171
415, 172
415, 175
415, 176
416, 15
416, 72
416, 91
416, 121
416, 122
416, 124
416, 128
416, 129
416, 134
416, 135
416, 136
416, 138
416, 141
416, 142
416, 143
416, 150
416, 154
416, 156
416, 158
416, 161
416, 163
416, 165
416, 168
416, 169
423, 129
423, 150
423, 172
423, 176
423, 184
423, 210
423, 225
423, 234
423, 243
423, 251
423, 263
423, 271
423, 287
423, 291
423, 313
423, 330
423, 345
423, 349
423, 353
423, 355
423, 358
423, 365
423, 403
423, 405
424, 122
424, 124
424, 134
424, 135
424, 136
424, 138
424, 142
424, 143
424, 154
424, 156
424, 158
424, 161
424, 163
424, 165
424, 168
424, 169
424, 170
424, 171
424, 172
424, 175
424, 176
424, 178
424, 179
424, 181
425, 122
425, 124
425, 134
425, 135
425, 136
425, 138
425, 142
425, 143
425, 154
425, 156
425, 158
425, 161
425, 163
425, 165
425, 168
425, 169
425, 170
425, 171
425, 172
425, 175
425, 176
425, 178
425, 179
425, 181
428, 176
428, 184
428, 234
428, 243
428, 251
428, 263
428, 271
428, 330
428, 345
428, 358
428, 365
428, 457
428, 466
428, 516
428, 558
428, 573
430, 3
430, 4
430, 11
430, 13
430, 16
430, 18
430, 21
430, 23
430, 25
430, 32
430, 44
430, 56
430, 60
430, 73
430, 79
430, 89
430, 93
430, 103
430, 111
430, 123
430, 133
430, 152
430, 153
430, 155
432, 124
432, 134
432, 135
432, 136
432, 142
432, 143
432, 154
432, 156
432, 158
432, 161
432, 163
432, 165
432, 168
432, 169
432, 170
432, 171
432, 172
432, 175
432, 176
432, 178
432, 179
432, 181
432, 184
432, 186
435, 4
435, 79
435, 152
435, 167
435, 361
435, 372
435, 414
435, 447
437, 124
437, 134
437, 135
437, 136
437, 138
437, 142
437, 143
437, 154
437, 156
437, 158
437, 161
437, 163
437, 165
437, 168
437, 169
437, 170
437, 171
437, 172
437, 175
437, 176
437, 178
437, 179
437, 181
437, 184
439, 7
439, 11
439, 12
439, 72
439, 79
439, 91
439, 124
439, 134
439, 135
439, 136
439, 138
439, 141
439, 142
439, 143
439, 147
439, 152
439, 154
439, 156
439, 158
439, 161
439, 163
439, 165
439, 168
439, 169
444, 16
444, 181
444, 210
444, 213
444, 215
444, 218
444, 225
444, 238
444, 264
444, 270
444, 275
444, 278
444, 294
444, 295
444, 306
444, 307
444, 321
444, 363
444, 381
444, 387
444, 418
444, 421
444, 436
444, 463
445, 44
445, 73
445, 194
445, 549
446, 3
446, 4
446, 11
446, 13
446, 16
446, 18
446, 21
446, 23
446, 25
446, 32
446, 44
446, 56
446, 60
446, 73
446, 79
446, 89
446, 93
446, 103
446, 111
446, 123
446, 124
446, 133
446, 134
446, 136
449, 7
449, 124
449, 134
449, 138
449, 142
449, 143
449, 154
449, 156
449, 158
449, 161
449, 163
449, 165
449, 168
449, 169
449, 170
449, 171
449, 172
449, 175
449, 176
449, 178
449, 179
449, 181
449, 184
449, 186
453, 123
453, 207
453, 212
453, 274
453, 395
453, 404
453, 524
453, 569
453, 577
458, 16
458, 44
458, 73
458, 93
458, 111
458, 156
458, 158
458, 163
458, 165
458, 168
458, 169
458, 170
458, 171
458, 172
458, 175
458, 176
458, 178
458, 180
458, 181
458, 184
458, 188
458, 194
458, 201
458, 206
459, 171
459, 172
459, 175
459, 178
459, 184
459, 234
459, 243
459, 263
459, 271
459, 287
459, 291
459, 313
459, 330
459, 345
459, 346
459, 349
459, 351
459, 353
459, 354
459, 365
459, 369
459, 405
459, 427
459, 460
461, 134
461, 142
461, 143
461, 154
461, 158
461, 161
461, 165
461, 168
461, 169
461, 170
461, 171
461, 172
461, 175
461, 176
461, 178
461, 179
461, 181
461, 184
461, 186
461, 187
461, 195
461, 199
461, 201
461, 203
465, 142
465, 143
465, 154
465, 158
465, 161
465, 163
465, 165
465, 168
465, 169
465, 170
465, 171
465, 172
465, 175
465, 176
465, 178
465, 179
465, 181
465, 184
465, 186
465, 187
465, 199
465, 201
465, 203
465, 206
468, 142
468, 143
468, 154
468, 158
468, 161
468, 163
468, 165
468, 168
468, 169
468, 170
468, 171
468, 172
468, 175
468, 176
468, 178
468, 179
468, 181
468, 184
468, 186
468, 187
468, 199
468, 201
468, 203
468, 206
469, 181
469, 524
471, 15
471, 36
471, 57
471, 72
471, 128
471, 142
471, 151
471, 154
471, 158
471, 161
471, 163
471, 165
471, 168
471, 169
471, 170
471, 171
471, 172
471, 175
471, 176
471, 178
471, 181
471, 184
471, 186
471, 193
475, 154
475, 158
475, 161
475, 165
475, 169
475, 170
475, 171
475, 172
475, 175
475, 176
475, 178
475, 179
475, 181
475, 184
475, 186
475, 187
475, 199
475, 201
475, 203
475, 206
475, 210
475, 211
475, 213
475, 218
478, 546
479, 15
479, 72
479, 128
479, 151
479, 181
479, 210
479, 213
479, 218
479, 225
479, 234
479, 243
479, 251
479, 264
479, 271
479, 293
479, 294
479, 306
479, 307
479, 321
479, 330
479, 334
479, 345
479, 358
479, 363
482, 2
482, 15
482, 36
482, 57
482, 72
482, 91
482, 112
482, 128
482, 141
482, 151
482, 166
482, 173
482, 192
482, 193
482, 220
482, 223
482, 233
482, 241
482, 246
482, 255
482, 257
482, 269
482, 285
482, 289
485, 154
485, 161
485, 165
485, 169
485, 170
485, 171
485, 172
485, 175
485, 176
485, 178
485, 179
485, 181
485, 184
485, 186
485, 187
485, 199
485, 201
485, 203
485, 206
485, 210
485, 211
485, 213
485, 218
485, 224
488, 161
488, 165
488, 169
488, 170
488, 171
488, 172
488, 175
488, 176
488, 178
488, 184
488, 186
488, 199
488, 201
488, 203
488, 206
488, 211
488, 224
488, 234
488, 236
488, 243
488, 247
488, 250
488, 251
488, 259
490, 169
490, 170
490, 171
490, 172
490, 175
490, 178
490, 184
490, 201
490, 206
490, 234
490, 243
490, 259
490, 263
490, 271
490, 282
490, 287
490, 291
490, 313
490, 328
490, 330
490, 331
490, 345
490, 346
490, 349
492, 161
492, 169
492, 170
492, 171
492, 172
492, 175
492, 176
492, 178
492, 179
492, 184
492, 186
492, 187
492, 199
492, 201
492, 203
492, 206
492, 210
492, 211
492, 213
492, 218
492, 224
492, 225
492, 234
492, 236
494, 72
494, 91
494, 141
494, 210
494, 213
494, 218
494, 225
494, 233
494, 251
494, 264
494, 271
494, 294
494, 306
494, 307
494, 321
494, 363
494, 436
494, 466
494, 472
494, 481
494, 491
494, 517
494, 542
494, 543
497, 314
499, 72
499, 491
503, 170
503, 171
503, 172
503, 175
503, 178
503, 186
503, 199
503, 201
503, 203
503, 206
503, 211
503, 224
503, 234
503, 236
503, 243
503, 247
503, 250
503, 259
503, 268
503, 281
503, 282
503, 286
503, 287
503, 291
504, 170
504, 171
504, 175
504, 178
504, 179
504, 184
504, 186
504, 187
504, 199
504, 201
504, 203
504, 206
504, 210
504, 211
504, 213
504, 218
504, 224
504, 225
504, 234
504, 236
504, 243
504, 247
504, 250
504, 251
508, 178
508, 179
508, 184
508, 186
508, 187
508, 199
508, 201
508, 203
508, 206
508, 210
508, 211
508, 213
508, 218
508, 224
508, 225
508, 234
508, 236
508, 243
508, 247
508, 250
508, 251
508, 257
508, 259
508, 263
510, 13
510, 21
510, 56
510, 103
510, 123
510, 153
510, 155
510, 178
510, 179
510, 185
510, 186
510, 187
510, 199
510, 201
510, 203
510, 205
510, 206
510, 207
510, 210
510, 211
510, 212
510, 217
510, 221
510, 224
512, 178
512, 179
512, 186
512, 187
512, 199
512, 201
512, 203
512, 206
512, 210
512, 211
512, 213
512, 218
512, 224
512, 225
512, 234
512, 236
512, 243
512, 247
512, 250
512, 251
512, 257
512, 259
512, 263
512, 264
514, 179
514, 186
514, 187
514, 199
514, 201
514, 203
514, 206
514, 210
514, 211
514, 213
514, 218
514, 224
514, 225
514, 234
514, 236
514, 243
514, 247
514, 250
514, 251
514, 257
514, 259
514, 263
514, 264
514, 268
515, 44
515, 194
515, 213
515, 215
515, 238
515, 270
515, 275
515, 278
515, 363
515, 381
515, 418
515, 421
515, 517
515, 529
515, 543
515, 549
520, 179
520, 186
520, 187
520, 199
520, 201
520, 203
520, 206
520, 210
520, 211
520, 213
520, 218
520, 224
520, 225
520, 234
520, 236
520, 243
520, 247
520, 250
520, 251
520, 257
520, 259
520, 263
520, 264
520, 268
528, 179
528, 186
528, 187
528, 199
528, 201
528, 203
528, 206
528, 210
528, 211
528, 213
528, 218
528, 224
528, 225
528, 234
528, 236
528, 243
528, 247
528, 250
528, 251
528, 257
528, 259
528, 263
528, 264
528, 268
530, 179
530, 186
530, 187
530, 199
530, 201
530, 203
530, 206
530, 211
530, 224
530, 234
530, 236
530, 243
530, 247
530, 250
530, 259
530, 263
530, 268
530, 271
530, 277
530, 281
530, 282
530, 286
530, 287
530, 291
531, 7
531, 179
531, 186
531, 187
531, 199
531, 201
531, 203
531, 206
531, 210
531, 211
531, 213
531, 218
531, 224
531, 225
531, 234
531, 236
531, 243
531, 247
531, 250
531, 251
531, 257
531, 259
531, 263
531, 264
532, 72
532, 91
532, 128
532, 141
532, 179
532, 186
532, 187
532, 199
532, 201
532, 203
532, 206
532, 210
532, 211
532, 213
532, 218
532, 224
532, 225
532, 233
532, 234
532, 236
532, 243
532, 246
532, 247
532, 250
536, 36
536, 57
536, 151
536, 193
536, 269
536, 393
536, 399
536, 443
536, 467
536, 540
536, 552
536, 553
538, 179
538, 186
538, 187
538, 199
538, 201
538, 203
538, 206
538, 210
538, 211
538, 218
538, 224
538, 225
538, 234
538, 236
538, 243
538, 247
538, 250
538, 251
538, 257
538, 259
538, 263
538, 264
538, 268
538, 271
544, 179
544, 186
544, 187
544, 199
544, 201
544, 203
544, 206
544, 211
544, 218
544, 224
544, 225
544, 234
544, 236
544, 243
544, 247
544, 250
544, 251
544, 257
544, 259
544, 263
544, 264
544, 268
544, 271
544, 276
545, 13
545, 16
545, 21
545, 25
545, 32
545, 44
545, 56
545, 60
545, 73
545, 93
545, 103
545, 111
545, 123
545, 133
545, 153
545, 155
545, 157
545, 174
545, 180
545, 185
545, 186
545, 187
545, 188
545, 194
554, 187
554, 199
554, 203
554, 211
554, 224
554, 236
554, 250
554, 268
554, 276
554, 277
554, 281
554, 300
554, 312
554, 317
554, 325
554, 340
554, 364
554, 380
554, 388
554, 389
554, 391
554, 426
554, 433
554, 438
562, 314
564, 72
564, 91
564, 141
564, 187
564, 199
564, 201
564, 203
564, 206
564, 211
564, 218
564, 224
564, 225
564, 233
564, 234
564, 236
564, 243
564, 246
564, 247
564, 250
564, 251
564, 259
564, 263
564, 264
564, 268
567, 187
567, 199
567, 203
567, 206
567, 211
567, 224
567, 225
567, 236
567, 243
567, 247
567, 250
567, 251
567, 257
567, 259
567, 263
567, 264
567, 268
567, 271
567, 276
567, 277
567, 281
567, 282
567, 286
567, 287
570, 16
570, 25
570, 44
570, 73
570, 93
570, 111
570, 180
570, 188
570, 194
570, 215
570, 224
570, 231
570, 238
570, 242
570, 243
570, 247
570, 251
570, 259
570, 263
570, 264
570, 268
570, 270
570, 271
570, 275
574, 2
574, 4
574, 11
574, 16
574, 18
574, 21
574, 25
574, 32
574, 44
574, 56
574, 60
574, 73
574, 79
574, 89
574, 93
574, 103
574, 111
574, 112
574, 123
574, 133
574, 152
574, 155
574, 157
574, 167
end