100
4
0, 0.31217078667179, 0.44379163298331925
1, 0.2496019197860746, 0.8779343677037941
2, 0.9406110225307256, 0.38006741192281546
3, 0.9345554034299566, 0.12303871998037208
4, 0.917277957535007, 0.9959313497585585
5, 0.17960125021323237, 0.2846163534937399
6, 0.027047603535474196, 0.9321502218842945
7, 0.57633290112195, 0.8052427740009477
8, 0.0430691574283365, 0.9731530517127525
9, 0.09905461932870674, 0.9061793203490651
10, 0.8188105262611807, 0.4288348701901993
11, 0.24199398168968977, 0.06507508463399037
12, 0.3748032265854253, 0.5883928204494089
13, 0.7638176488013354, 0.4877835601510263
14, 0.6273944257329336, 0.4409773435080967
15, 0.7587123550216939, 0.9133327351280479
16, 0.45572198448245727, 0.6920556695987122
17, 0.9096848509608273, 0.1943905467195216
18, 0.07430890158994663, 0.3903568564256411
19, 0.29944926621804646, 0.6679061418052513
20, 0.14924389767369672, 0.5108508746309879
21, 0.4259622256768125, 0.7647211890610208
22, 0.9156756600709741, 0.4324477511546789
23, 0.9272158410238734, 0.11645841254926137
24, 0.14371894695541954, 0.12947525391191728
25, 0.9964301830445199, 0.7849232361580429
26, 0.4489344415251231, 0.025413988390532105
27, 0.41214974270438187, 0.830914843331429
28, 0.9481151472840446, 0.13955975973210588
29, 0.34705778016676614, 0.9624589285132766
30, 0.5555448304421583, 0.7779178474611584
31, 0.4180330870545068, 0.006978174039207752
32, 0.5615663185331221, 0.19048191921710944
33, 0.6813856578865622, 0.508651974193898
34, 0.8868228959076095, 0.07696895294431438
35, 0.48691078423570344, 0.31983103363224685
36, 0.6059498896131612, 0.19689797119853147
37, 0.6394202627492076, 0.09766369426008747
38, 0.18739927651008315, 0.17922193070790782
39, 0.9729883817364396, 0.9200838347509483
40, 0.3325071944696798, 0.7510023287467994
41, 0.6578438516128985, 0.07430492134789812
42, 0.14539364099921004, 0.0950577845770757
43, 0.9746930490758737, 0.929457367192036
44, 0.10063968375302013, 0.7596848187294092
45, 0.6994210357187488, 0.8982271337138431
46, 0.022196059072306817, 0.8443816638426624
47, 0.6837030113622147, 0.6570100694859394
48, 0.9347918285614016, 0.5427681847201818
49, 0.0731161415660857, 0.6471591882725349
50, 0.24209487192588697, 0.7326593238218425
51, 0.7469549938672835, 0.30068336316515787
52, 0.8658502981681627, 0.11843515168713115
53, 0.5293406721606668, 0.5254578099846077
54, 0.2676822188874377, 0.8372521327203742
55, 0.16455675272109493, 0.15757076548354543
56, 0.4764412960630563, 0.3542279127289092
57, 0.8038532451463585, 0.5090038956660157
58, 0.005285367899735105, 0.6899921588456631
59, 0.4843243167291664, 0.9788269983902996
60, 0.026249370971159314, 0.8659152945264517
61, 0.01563099784966193, 0.7623940989377764
62, 0.667204415164365, 0.6646987433696346
63, 0.3507633600966841, 0.439277297501913
64, 0.7942036107753045, 0.5789658783805419
65, 0.9236051581516904, 0.9782814930484626
66, 0.8010931551108138, 0.11428977425621534
67, 0.9608789516462035, 0.5191662634184644
68, 0.893500067230535, 0.2881670533764127
69, 0.8638269701013933, 0.6080249780146324
70, 0.3596800448632107, 0.7327660100112161
71, 0.3476726505832459, 0.5041776857921343
72, 0.7896303306416091, 0.18186016802701088
73, 0.3971610513161523, 0.0889317646133786
74, 0.7226979021189504, 0.5707263899694145
75, 0.729062773632086, 0.4722492152488723
76, 0.4900244896324789, 0.6183602429251848
77, 0.29338584985654315, 0.27472591094447596
78, 0.016222303337469657, 0.8996368511575438
79, 0.1198651607935941, 0.2563587287007415
80, 0.6895823181571228, 0.6189251318488947
81, 0.6149182355775278, 0.42332757688490674
82, 0.15745973552545267, 0.45211078100360125
83, 0.8979011835751236, 0.23682360711318184
84, 0.5322318047048568, 0.8317950438809304
85, 0.5644520132668656, 0.1666525308844251
86, 0.8102660178411808, 0.8921786865265624
87, 0.3297877746441068, 0.7528863798485145
88, 0.1298680489352757, 0.8438244002329353
89, 0.4667678325975595, 0.5912393209697597
90, 0.5296198959839268, 0.015608331542676046
91, 0.09527236691966257, 0.8670367939252034
92, 0.4997366508651947, 0.10684978853342586
93, 0.7991746725485303, 0.32867649478741323
94, 0.6168271732321202, 0.31273782265840677
95, 0.1066758833260496, 0.8338730971343027
96, 0.4283879443412226, 0.6925684571613734
97, 0.6214817946971003, 0.35949166309512026
98, 0.8245828720044392, 0.7249113293955584
99, 0.7245327895666317, 0.8682740197041566
end_nodes
0, 1
0, 2
0, 3
0, 4
0, 5
0, 6
0, 7
0, 8
0, 9
0, 10
11, 1
11, 6
11, 7
11, 8
11, 9
11, 12
11, 16
11, 19
11, 21
11, 27
13, 18
13, 48
13, 67
14, 1
14, 2
14, 7
14, 10
14, 16
14, 18
14, 21
14, 22
14, 27
14, 29
15, 5
15, 79
20, 2
20, 3
20, 6
20, 8
20, 10
20, 17
20, 22
20, 23
20, 28
20, 44
24, 1
24, 6
24, 7
24, 8
24, 9
24, 12
24, 16
24, 19
24, 21
24, 27
26, 1
26, 6
26, 7
26, 8
26, 9
26, 12
26, 16
26, 19
26, 21
26, 27
30, 5
30, 7
30, 59
30, 79
30, 84
31, 1
31, 6
31, 7
31, 8
31, 9
31, 12
31, 16
31, 19
31, 21
31, 27
32, 1
32, 6
32, 7
32, 8
32, 9
32, 12
32, 16
32, 19
32, 21
32, 27
33, 7
33, 59
33, 84
34, 1
34, 6
34, 7
34, 8
34, 9
34, 12
34, 16
34, 19
34, 21
34, 27
35, 1
35, 3
35, 6
35, 8
35, 9
35, 12
35, 16
35, 17
35, 19
35, 21
36, 1
36, 6
36, 8
36, 9
36, 12
36, 16
36, 19
36, 21
36, 27
36, 29
37, 9
37, 12
37, 16
37, 19
37, 21
37, 27
37, 29
37, 40
37, 44
37, 46
38, 12
38, 19
38, 27
38, 29
38, 40
38, 44
38, 46
38, 49
38, 50
38, 54
41, 29
41, 40
41, 44
41, 46
41, 49
41, 50
41, 54
41, 58
41, 59
41, 60
42, 29
42, 40
42, 44
42, 46
42, 49
42, 50
42, 54
42, 58
42, 59
42, 60
45, 5
45, 79
47, 98
51, 29
51, 40
51, 54
51, 59
51, 70
51, 83
51, 84
51, 87
51, 96
52, 29
52, 40
52, 44
52, 46
52, 49
52, 50
52, 54
52, 58
52, 59
52, 60
53, 22
53, 25
53, 29
53, 40
53, 54
53, 59
53, 70
53, 80
53, 84
53, 87
55, 29
55, 40
55, 44
55, 46
55, 49
55, 50
55, 54
55, 58
55, 59
55, 60
56, 3
56, 17
56, 23
56, 28
56, 40
56, 44
56, 46
56, 49
56, 50
56, 54
57, 48
63, 2
63, 3
63, 10
63, 17
63, 22
63, 23
63, 25
63, 28
63, 39
63, 40
64, 69
66, 44
66, 46
66, 49
66, 50
66, 54
66, 58
66, 59
66, 60
66, 61
66, 70
71, 2
71, 4
71, 5
71, 10
71, 22
71, 25
71, 39
71, 43
71, 44
71, 46
72, 3
72, 23
72, 46
72, 49
72, 50
72, 54
72, 58
72, 59
72, 60
72, 61
73, 49
73, 50
73, 58
73, 60
73, 61
73, 70
73, 78
73, 84
73, 87
73, 88
75, 18
75, 22
75, 67
75, 84
76, 4
76, 5
76, 39
76, 43
76, 65
76, 79
76, 84
76, 86
76, 96
77, 49
77, 50
77, 58
77, 60
77, 61
77, 70
77, 78
77, 84
77, 87
77, 88
81, 2
81, 10
81, 18
81, 22
81, 67
81, 70
81, 84
81, 87
81, 96
82, 2
82, 3
82, 10
82, 17
82, 22
82, 23
82, 28
82, 58
82, 60
82, 61
85, 58
85, 60
85, 61
85, 70
85, 78
85, 84
85, 87
85, 88
85, 91
85, 95
89, 4
89, 5
89, 39
89, 43
89, 65
89, 70
89, 79
89, 86
89, 87
89, 96
90, 61
90, 70
90, 78
90, 87
90, 88
90, 91
90, 95
90, 96
92, 61
92, 70
92, 78
92, 87
92, 88
92, 91
92, 95
92, 96
93, 68
94, 3
94, 17
94, 28
94, 61
94, 78
94, 83
94, 87
94, 88
94, 91
94, 95
97, 68
97, 78
97, 83
97, 88
97, 91
97, 95
97, 96
99, 5
99, 79
end