220
4
0, 0.3978983900821662, 0.6918546698971878
1, 0.010634271481044344, 0.3581492554557997
2, 0.6142702837741703, 0.8194627807698055
3, 0.2552110873121587, 0.7297309343127104
4, 0.40670164372147666, 0.04388889152773412
5, 0.568897546631799, 0.7116435293347221
6, 0.15064168258984267, 0.0626991357858554
7, 0.7184815373396206, 0.47438155284848105
8, 0.6165092184059844, 0.007411386403199827
9, 0.318087826804096, 0.13964758031910685
10, 0.5798456131726147, 0.7615454992530668
11, 0.3868339114019341, 0.2728874872874064
12, 0.851574603547003, 0.2767717416532274
13, 0.4789360540394192, 0.5651485111528427
14, 0.5821049068238243, 0.16590138075602345
15, 0.7618881949822841, 0.5061815172191905
16, 0.010511103491330775, 0.31849842048882815
17, 0.7973281869795203, 0.9995320567609326
18, 0.19064880110717675, 0.6765871457427167
19, 0.19140119407019485, 0.85168906320127
20, 0.18196645831667424, 0.7745102392543366
21, 0.009462897070407816, 0.04348722186009757
22, 0.047336044376011355, 0.06783263456678323
23, 0.4209055198588839, 0.9637757982554586
24, 0.5753930901647719, 0.42864377833627865
25, 0.8438628464034883, 0.5323612367769147
26, 0.4174792331814051, 0.7146308368745843
27, 0.486502822585949, 0.3494272897386672
28, 0.5734176413234013, 0.7381472038703096
29, 0.8180933350354711, 0.1128145936407483
30, 0.7311860876733481, 0.3732737707103372
31, 0.12723147034962257, 0.7953089298064949
32, 0.7244341142255494, 0.6573412800843496
33, 0.9900420369894035, 0.8446513395226651
34, 0.01928328861829942, 0.5208711481138192
35, 0.8801785147104121, 0.2736540314670921
36, 0.25428214282205686, 0.052489369734321834
37, 0.255538186379624, 0.8329738697430228
38, 0.04613802287650959, 0.09150080471207567
39, 0.717841285649427, 0.21776281022598365
40, 0.07814319325338992, 0.021115984512180108
41, 0.19500628695638478, 0.32656114812146786
42, 0.33995565994946275, 0.11701897496873204
43, 0.5499899703994284, 0.168889774685531
44, 0.5609049821776568, 0.9516824361711257
45, 0.916207905658174, 0.9987858116142204
46, 0.7952849426095834, 0.33015100473886116
47, 0.667107570257883, 0.23874382464121058
48, 0.2783791450584705, 0.28303579847387195
49, 0.23915574360924474, 0.9693948138430685
50, 0.18689474525298067, 0.10009589335454072
51, 0.7298078265035381, 0.5743958028151964
52, 0.6362888641678076, 0.29842848556712187
53, 0.1555616419890773, 0.2038196720327663
54, 0.08389758067982112, 0.7512099502306319
55, 0.5018243262556676, 0.9143743916007496
56, 0.4996124414939114, 0.439023283849057
57, 0.9674833423201855, 0.2846018720508302
58, 0.49683291443657907, 0.6810131365353621
59, 0.7543375644356797, 0.606208717106073
60, 0.5778436304986023, 0.8287342172476432
61, 0.7807695863451748, 0.8834575846846472
62, 0.8340486419084464, 0.667452308577433
63, 0.6756716340485296, 0.5512434441064902
64, 0.4425025250282022, 0.24214827769754577
65, 0.4452939477223452, 0.5679172935193073
66, 0.1299542831166417, 0.6809266772722964
67, 0.23464385850087532, 0.4145449425941099
68, 0.9850650672032782, 0.10382910197896111
69, 0.5941049520201429, 0.3461328693540212
70, 0.05747172600635253, 0.09628553158291553
71, 0.16966553749838675, 0.13621314909404636
72, 0.4189534774522998, 0.7907371561269656
73, 0.6205495168389812, 0.47915420233876427
74, 0.4055916193681409, 0.4738056607321395
75, 0.0306267229635786, 0.7592388910767965
76, 0.08707759249793323, 0.1298507259798788
77, 0.6288790359728692, 0.36088732786027655
78, 0.9971297695441521, 0.5642714561631493
79, 0.2869420692125937, 0.8396351891573537
80, 0.8380580703154651, 0.9096798177132269
81, 0.0008500453775874828, 0.3201840147350271
82, 0.8701970918006139, 0.4396873710907895
83, 0.8298148785043546, 0.8665533130405173
84, 0.9621662743023311, 0.1854502309531012
85, 0.09581320981014518, 0.6662723331283384
86, 0.7348708650350876, 0.24435105612700858
87, 0.6233428939476249, 0.4962891179858431
88, 0.32316819597161894, 0.9197693549032147
89, 0.5741263348855238, 0.808855038008836
90, 0.9106820023247522, 0.4995078819565083
91, 0.33818706963564826, 0.9494599660073698
92, 0.8402021081596422, 0.4246033436960255
93, 0.598541337915305, 0.6681063733589039
94, 0.36543358178856666, 0.6089785395145857
95, 0.39428383206594064, 0.3692480699610192
96, 0.9842370776202252, 0.05195843292906355
97, 0.44681192622490595, 0.48968456193448695
98, 0.047059744045723884, 0.5012414100496497
99, 0.7123341245897254, 0.47362808030776715
100, 0.29964212815286406, 0.08422608026168821
101, 0.4220051497354209, 0.1717262018222646
102, 0.11930794286532342, 0.45133683371128575
103, 0.1127353765181881, 0.861350981852292
104, 0.7941077212181452, 0.26643683764179493
105, 0.6468917646383521, 0.7545431125410245
106, 0.8648965870487796, 0.004741622166278492
107, 0.24798702304859666, 0.5773100512269536
108, 0.13009578366299202, 0.2923206655179956
109, 0.537828397135282, 0.6672591675639198
110, 0.7322756886215813, 0.693911647195731
111, 0.5424302906946774, 0.5427694572652776
112, 0.5943107509518938, 0.403218207838001
113, 0.3732154061424816, 0.9030549105354146
114, 0.6044558110789634, 0.02358431150024165
115, 0.025150477560869633, 0.49608603848468924
116, 0.7911226304400152, 0.2995702110962841
117, 0.8375879845076315, 0.5977993753986763
118, 0.6288241426296748, 0.8974199848462028
119, 0.6107823232442287, 0.8433545211053277
120, 0.024014125467914482, 0.42307633892286156
121, 0.03893101379456554, 0.9207113693556886
122, 0.7712973868864729, 0.26496788810889305
123, 0.4349499944425932, 0.44365336531463706
124, 0.5443745517631207, 0.3390513482985317
125, 0.6616713378958748, 0.40987770641275134
126, 0.1860901277121405, 0.9577941985273287
127, 0.2606392198578257, 0.5532307006981282
128, 0.6163199630477932, 0.9667252717224553
129, 0.9529809988948001, 0.6207638855887865
130, 0.5681974323818377, 0.413821502611905
131, 0.227826536394804, 0.48882749781104307
132, 0.07117394541020972, 0.6313846564993275
133, 0.3763652692193372, 0.42319861843406537
134, 0.5877389470175974, 0.13752192541391195
135, 0.3704650700585179, 0.5112226088153163
136, 0.8702665725518968, 0.2653896932334052
137, 0.9216715161930802, 0.2096443290103842
138, 0.21135413755421806, 0.10637799565242456
139, 0.9682178024031359, 0.7158691761701927
140, 0.5257183363368008, 0.5531889835383585
141, 0.11439301171853755, 0.9426363082449719
142, 0.24551976914801377, 0.3025568517426853
143, 0.24931630495223844, 0.9180865951154874
144, 0.8366437163961903, 0.19335136157136956
145, 0.3810670518278011, 0.2344401587037076
146, 0.11671418871279349, 0.10499751488494957
147, 0.40566853084849064, 0.8593185194165471
148, 0.8705176029002791, 0.20394852375871841
149, 0.5696849644284787, 0.6937106337377857
150, 0.1765213926645104, 0.7729847180034005
151, 0.9338643048963227, 0.7144978276961848
152, 0.45246079727606636, 0.43935301764623913
153, 0.737373069071665, 0.4966544988088908
154, 0.15102175877052382, 0.25057104832814325
155, 0.38640729314671307, 0.8624778171798377
156, 0.7992999020783917, 0.2778624960026771
157, 0.14398913273220026, 0.7052756556166943
158, 0.23980154301116108, 0.9856898592764348
159, 0.408560718490402, 0.4218882305430731
160, 0.31238617566848237, 0.38119767933078297
161, 0.9630259615820586, 0.32929221279415277
162, 0.40610965962298673, 0.9092870561086098
163, 0.8879885123651953, 0.09765448261756748
164, 0.32789880374350866, 0.3244781297730429
165, 0.3891413634884463, 0.5575621086592862
166, 0.861432745259589, 0.5557167841461016
167, 0.2735666072954488, 0.44210799829529024
168, 0.43772982149725204, 0.6488089281782452
169, 0.002100350703633014, 0.18984921548195166
170, 0.49972548434315145, 0.3215561710428745
171, 0.9163317890107711, 0.8687235462755802
172, 0.21106407791532844, 0.24376070365988467
173, 0.753500598519058, 0.18715827198492418
174, 0.3176128330628136, 0.9609815048669336
175, 0.6774910327692539, 0.126914530935183
176, 0.135552031900965, 0.18178939889076384
177, 0.4538573066009506, 0.9829296654482483
178, 0.030283952108131507, 0.9966484663390762
179, 0.01226724805297641, 0.8102422618608753
180, 0.7859969381437983, 0.4420084697938793
181, 0.6755923482490929, 0.3050712862610514
182, 0.37672769911322035, 0.16904889379069277
183, 0.39992515266506645, 0.6766255429766144
184, 0.6263318844526132, 0.3914926650813405
185, 0.34047451098576376, 0.891484054604229
186, 0.9609608412655896, 0.5456633516400744
187, 0.7209849486389173, 0.710364449933761
188, 0.31568469182923053, 0.200387767556088
189, 0.6498116069084715, 0.2512442700511157
190, 0.33456315320355434, 0.18560093974647807
191, 0.4490577235114812, 0.8952077699140882
192, 0.9991869296211101, 0.4073079682003624
193, 0.5264802682428077, 0.46826180359890535
194, 0.8937599253402347, 0.21377456100946235
195, 0.8224054436926582, 0.7281081529835386
196, 0.9743228700258191, 0.33515820248231654
197, 0.953991619126675, 0.8519346683407034
198, 0.09687981725806194, 0.12448601146193938
199, 0.015170135123127038, 0.5950848503189025
200, 0.7492422918109329, 0.9579884670967391
201, 0.8071171880383954, 0.28263485313207337
202, 0.32492918179397123, 0.7984863071236995
203, 0.7754712184035653, 0.16550421975649887
204, 0.15034169141085196, 0.5578050517051892
205, 0.5324761016204063, 0.9006352253757163
206, 0.48155826629610654, 0.9664306621671688
207, 0.24787041611734395, 0.24831707525628277
208, 0.9625314319107829, 0.31656545046061957
209, 0.16647428936972053, 0.04135128556034151
210, 0.07097758090065331, 0.715097379986572
211, 0.628388152521037, 0.6175973288165962
212, 0.23977180447574564, 0.8447453212815368
213, 0.8546961741488246, 0.9850498167036673
214, 0.1787512850561307, 0.06463938556299476
215, 0.035089932906770094, 0.08998092477656505
216, 0.7910380058917125, 0.5264878202577945
217, 0.08115624299682767, 0.7540726274456168
218, 0.5543235805362139, 0.9661562256680831
219, 0.6116196108795606, 0.11943733050693728
end_nodes
0, 1
0, 2
0, 3
0, 4
0, 5
0, 6
0, 7
0, 8
0, 9
0, 10
0, 11
0, 12
0, 13
0, 14
15, 3
15, 18
15, 20
15, 31
15, 54
15, 66
15, 75
15, 82
15, 85
15, 92
15, 103
15, 121
15, 150
15, 157
16, 44
16, 55
16, 118
16, 128
16, 205
16, 218
17, 1
17, 81
17, 102
17, 107
17, 120
17, 127
17, 183
19, 4
19, 6
19, 7
19, 8
19, 9
19, 11
19, 12
19, 13
19, 14
19, 21
19, 22
19, 24
19, 27
19, 29
23, 4
23, 6
23, 7
23, 8
23, 9
23, 11
23, 12
23, 13
23, 14
23, 21
23, 22
23, 24
23, 27
23, 29
25, 3
25, 18
25, 20
25, 31
25, 54
25, 66
25, 75
25, 85
25, 103
25, 121
25, 150
25, 157
25, 179
25, 210
26, 2
26, 3
26, 4
26, 6
26, 7
26, 8
26, 9
26, 10
26, 11
26, 12
26, 13
26, 14
26, 20
26, 24
28, 7
28, 12
28, 30
28, 33
28, 35
28, 46
28, 57
28, 63
28, 68
28, 82
28, 84
28, 92
28, 96
28, 99
32, 3
32, 18
32, 20
32, 31
32, 54
32, 66
32, 75
32, 85
32, 103
32, 121
32, 150
32, 157
32, 179
32, 210
34, 2
34, 5
34, 10
34, 33
34, 45
34, 60
34, 61
34, 80
34, 83
34, 89
34, 105
34, 110
34, 119
34, 139
37, 4
37, 6
37, 7
37, 8
37, 9
37, 11
37, 12
37, 13
37, 14
37, 21
37, 22
37, 24
37, 27
37, 29
41, 118
41, 128
49, 4
49, 6
49, 7
49, 8
49, 9
49, 11
49, 12
49, 13
49, 14
49, 21
49, 22
49, 24
49, 27
49, 29
51, 3
51, 18
51, 20
51, 31
51, 54
51, 66
51, 75
51, 85
51, 103
51, 121
51, 150
51, 157
51, 179
51, 210
58, 3
58, 7
58, 8
58, 12
58, 14
58, 18
58, 20
58, 24
58, 29
58, 30
58, 31
58, 35
58, 39
58, 43
59, 3
59, 18
59, 20
59, 31
59, 54
59, 66
59, 75
59, 85
59, 103
59, 121
59, 150
59, 157
59, 179
59, 210
62, 3
62, 18
62, 20
62, 31
62, 54
62, 66
62, 75
62, 85
62, 103
62, 121
62, 150
62, 157
62, 179
62, 210
65, 4
65, 8
65, 14
65, 27
65, 43
65, 64
65, 97
65, 101
65, 114
65, 123
65, 134
65, 152
65, 170
65, 219
67, 44
67, 118
67, 128
67, 205
72, 4
72, 6
72, 7
72, 8
72, 9
72, 11
72, 12
72, 13
72, 14
72, 21
72, 22
72, 24
72, 27
72, 29
73, 29
73, 30
73, 39
73, 68
73, 86
73, 96
73, 104
73, 106
73, 116
73, 122
73, 125
73, 144
73, 148
73, 156
74, 4
74, 11
74, 42
74, 95
74, 145
74, 182
78, 3
78, 18
78, 20
78, 31
78, 54
78, 66
78, 75
78, 85
78, 103
78, 121
78, 150
78, 157
78, 179
78, 210
79, 4
79, 6
79, 7
79, 8
79, 9
79, 11
79, 12
79, 13
79, 14
79, 21
79, 22
79, 24
79, 27
79, 29
87, 12
87, 29
87, 30
87, 35
87, 39
87, 46
87, 68
87, 84
87, 86
87, 96
87, 104
87, 106
87, 116
87, 122
88, 4
88, 6
88, 7
88, 8
88, 9
88, 11
88, 12
88, 13
88, 14
88, 21
88, 22
88, 24
88, 27
88, 29
90, 3
90, 18
90, 20
90, 31
90, 54
90, 66
90, 75
90, 85
90, 103
90, 121
90, 150
90, 157
90, 179
90, 210
91, 4
91, 6
91, 7
91, 8
91, 9
91, 11
91, 12
91, 13
91, 14
91, 21
91, 22
91, 24
91, 27
91, 29
93, 3
93, 18
93, 20
93, 31
93, 35
93, 54
93, 57
93, 66
93, 68
93, 75
93, 82
93, 84
93, 85
93, 92
94, 118
94, 128
98, 2
98, 5
98, 10
98, 33
98, 45
98, 60
98, 61
98, 80
98, 83
98, 89
98, 105
98, 110
98, 119
98, 139
108, 44
108, 55
108, 118
108, 128
108, 205
108, 218
109, 3
109, 7
109, 12
109, 18
109, 20
109, 24
109, 29
109, 30
109, 31
109, 35
109, 39
109, 46
109, 47
109, 52
111, 8
111, 24
111, 29
111, 39
111, 47
111, 52
111, 68
111, 69
111, 77
111, 86
111, 96
111, 104
111, 106
111, 112
113, 4
113, 6
113, 7
113, 8
113, 9
113, 11
113, 13
113, 14
113, 21
113, 22
113, 24
113, 27
113, 29
113, 30
115, 2
115, 5
115, 10
115, 33
115, 45
115, 60
115, 61
115, 80
115, 83
115, 89
115, 105
115, 110
115, 119
115, 139
117, 3
117, 18
117, 20
117, 31
117, 54
117, 66
117, 75
117, 85
117, 103
117, 121
117, 150
117, 157
117, 179
117, 210
126, 4
126, 6
126, 9
126, 11
126, 13
126, 14
126, 21
126, 22
126, 24
126, 27
126, 30
126, 35
126, 36
126, 38
129, 18
129, 20
129, 31
129, 54
129, 66
129, 75
129, 85
129, 103
129, 121
129, 150
129, 157
129, 179
129, 210
129, 217
131, 44
131, 55
131, 118
131, 128
131, 205
131, 218
132, 2
132, 5
132, 10
132, 33
132, 45
132, 60
132, 61
132, 80
132, 83
132, 89
132, 105
132, 110
132, 119
132, 139
133, 9
133, 42
133, 100
133, 190
135, 36
135, 164
140, 39
140, 47
140, 52
140, 69
140, 77
140, 86
140, 96
140, 104
140, 106
140, 112
140, 114
140, 122
140, 124
140, 125
141, 6
141, 9
141, 11
141, 13
141, 21
141, 22
141, 27
141, 30
141, 35
141, 36
141, 38
141, 39
141, 40
141, 42
143, 6
143, 13
143, 21
143, 22
143, 27
143, 30
143, 35
143, 36
143, 38
143, 39
143, 40
143, 42
143, 43
143, 46
147, 21
147, 22
147, 27
147, 30
147, 35
147, 36
147, 38
147, 39
147, 40
147, 42
147, 43
147, 46
147, 47
147, 48
149, 30
149, 31
149, 35
149, 39
149, 46
149, 54
149, 57
149, 63
149, 68
149, 75
149, 82
149, 84
149, 86
149, 92
153, 18
153, 54
153, 57
153, 66
153, 75
153, 85
153, 157
153, 180
153, 210
153, 217
154, 118
155, 21
155, 22
155, 30
155, 35
155, 36
155, 38
155, 39
155, 40
155, 42
155, 43
155, 46
155, 47
155, 48
155, 50
158, 30
158, 35
158, 36
158, 38
158, 39
158, 40
158, 42
158, 43
158, 46
158, 47
158, 48
158, 50
158, 52
158, 53
159, 145
159, 182
160, 48
162, 30
162, 35
162, 36
162, 38
162, 39
162, 40
162, 42
162, 43
162, 46
162, 47
162, 48
162, 50
162, 52
162, 53
165, 36
165, 42
165, 100
165, 164
165, 188
165, 190
166, 54
166, 66
166, 75
166, 85
166, 103
166, 121
166, 150
166, 157
166, 179
166, 210
166, 217
167, 118
168, 35
168, 39
168, 42
168, 43
168, 46
168, 47
168, 52
168, 56
168, 64
168, 66
168, 68
168, 69
168, 77
168, 84
169, 44
169, 55
169, 118
169, 128
169, 205
169, 218
174, 36
174, 38
174, 40
174, 42
174, 43
174, 46
174, 47
174, 48
174, 50
174, 52
174, 53
174, 56
174, 57
174, 63
177, 36
177, 38
177, 40
177, 42
177, 43
177, 46
177, 47
177, 48
177, 50
177, 52
177, 53
177, 56
177, 57
177, 63
178, 36
178, 38
178, 40
178, 42
178, 43
178, 46
178, 47
178, 48
178, 50
178, 52
178, 53
178, 56
178, 57
178, 64
185, 36
185, 38
185, 40
185, 42
185, 43
185, 46
185, 47
185, 48
185, 50
185, 52
185, 53
185, 56
185, 57
185, 63
186, 85
186, 103
186, 121
186, 150
186, 157
186, 179
186, 210
186, 217
191, 36
191, 38
191, 40
191, 43
191, 47
191, 48
191, 50
191, 52
191, 53
191, 56
191, 57
191, 63
191, 64
191, 68
192, 103
192, 121
192, 150
192, 157
192, 179
192, 210
192, 217
199, 2
199, 5
199, 10
199, 33
199, 45
199, 60
199, 61
199, 80
199, 83
199, 89
199, 105
199, 110
199, 119
199, 139
200, 1
200, 81
200, 102
200, 107
200, 120
200, 127
200, 183
202, 38
202, 40
202, 43
202, 47
202, 48
202, 50
202, 52
202, 53
202, 56
202, 57
202, 64
202, 68
202, 69
202, 70
204, 2
204, 5
204, 10
204, 33
204, 45
204, 60
204, 61
204, 80
204, 83
204, 89
204, 105
204, 110
204, 119
204, 139
206, 38
206, 40
206, 48
206, 50
206, 52
206, 53
206, 56
206, 57
206, 63
206, 64
206, 68
206, 69
206, 70
206, 71
207, 214
211, 57
211, 63
211, 68
211, 82
211, 84
211, 92
211, 103
211, 121
211, 136
211, 137
211, 150
211, 161
211, 179
211, 180
212, 40
212, 48
212, 50
212, 52
212, 53
212, 56
212, 57
212, 64
212, 68
212, 69
212, 70
212, 71
212, 76
212, 77
215, 44
215, 55
215, 118
215, 128
215, 205
215, 218
216, 179
216, 210
216, 217
end