440
4
0, 0.7302798068322027, 0.25852990499010553
1, 0.5937850997179324, 0.5746371937386878
2, 0.9265167248992997, 0.9014835382011326
3, 0.6851020070358612, 0.8657074619439565
4, 0.23126559650389333, 0.5632897287694052
5, 0.40891703985442174, 0.4778886726630558
6, 0.9100466649356074, 0.49645430595079554
7, 0.8696221870036591, 0.4825533663388023
8, 0.5279273325845677, 0.5010316472762818
9, 0.640868842238557, 0.5730438784098776
10, 0.11545292485314396, 0.8834823667251057
11, 0.6032001805462575, 0.7718763091901811
12, 0.6412825998666686, 0.21296635361476524
13, 0.42639943163315963, 0.5215539456842132
14, 0.869539509730204, 0.15887047678262367
15, 0.6157168583156368, 0.9524372698891388
16, 0.7029234640515127, 0.6636093421677662
17, 0.5726321837001421, 0.665994238006282
18, 0.043926059233279746, 0.36158175309148743
19, 0.5977765122567894, 0.9101246957679151
20, 0.6967099282290299, 0.4406914001369081
21, 0.9504802643960797, 0.8691456591185804
22, 0.6747882768001089, 0.807196916040152
23, 0.2121071899600857, 0.09685245161545497
24, 0.5985720042184168, 0.310825974938017
25, 0.1592978313865666, 0.38353548227607615
26, 0.5838108922490851, 0.27809466754312673
27, 0.3328686898294172, 0.7934226665809229
28, 0.5046699638644789, 0.44214680933463124
29, 0.3388712188275975, 0.831436821305643
30, 0.6727712968641536, 0.6637040076113271
31, 0.8592486091491252, 0.8303773630035867
32, 0.6910826129181219, 0.8408706578484769
33, 0.5650742551870187, 0.20453364461510348
34, 0.4430153570010056, 0.10723423801268883
35, 0.7944215675371279, 0.7961017123768737
36, 0.71647818953043, 0.38095786348096183
37, 0.3320502344797096, 0.48272217574015075
38, 0.3033642682475888, 0.5917976883646769
39, 0.7763104085608129, 0.550715416850432
40, 0.8143711433074148, 0.8764940293325234
41, 0.4822846489797492, 0.637080010464075
42, 0.5049794793023091, 0.8217530153587446
43, 0.30940220756778924, 0.04727131423893105
44, 0.07000742937065363, 0.5473094294328394
45, 0.10645843249492648, 0.31263988202732373
46, 0.3340224373157815, 0.2062436027398853
47, 0.8870760562197543, 0.9937655884989937
48, 0.4361603336048687, 0.4937754434764632
49, 0.8822835412741298, 0.49975114421952005
50, 0.854885159302048, 0.132409556248404
51, 0.4387840468973876, 0.8078222411554036
52, 0.5620401210490934, 0.4302878593427786
53, 0.3000752654357093, 0.3283245886903696
54, 0.014503654091448603, 0.20769510230448485
55, 0.7758395805672328, 0.2756418149201342
56, 0.9331610689447039, 0.8380051118037829
57, 0.9396322796291043, 0.45234306127056456
58, 0.26313441390400394, 0.6996894264396692
59, 0.7584794696766332, 0.9197058644263186
60, 0.44704292674072643, 0.3769693933663105
61, 0.7622996324319912, 0.7160881144930931
62, 0.2357372069230348, 0.17684297326639886
63, 0.5711630066373428, 0.37784144952917265
64, 0.1659425824369981, 0.6399309573905584
65, 0.7238115715235183, 0.18066630422864216
66, 0.970137260357316, 0.8429735174780537
67, 0.7623542175889936, 0.7716285182377732
68, 0.6075161100676192, 0.8368188974168019
69, 0.9001206461238738, 0.7561630463798711
70, 0.8391357496119952, 0.8840145320498132
71, 0.315521982502626, 0.37893276717080016
72, 0.057185310209887485, 0.3410883490333313
73, 0.42178608036535037, 0.3538270609303945
74, 0.6246573812796542, 0.3010703479220541
75, 0.587622715446094, 0.971634819764715
76, 0.3960417027340728, 0.4969415813821979
77, 0.630398746188995, 0.8200787319798765
78, 0.5688656420659058, 0.21470586394600155
79, 0.3334493794837723, 0.1404101376270458
80, 0.17845984485934485, 0.0013457444630718962
81, 0.28786753907705886, 0.007003246154333453
82, 0.82775455745203, 0.43331667030252663
83, 0.9494381893122846, 0.03038954551217421
84, 0.5337308622308707, 0.736599756367923
85, 0.8862613857673618, 0.6798161179927248
86, 0.021906186881349043, 0.3895311787893908
87, 0.09238671689958977, 0.2395798264728073
88, 0.4488625898032048, 0.6509472143630658
89, 0.31817191247597165, 0.267453276728127
90, 0.9594763405189198, 0.8834381788181864
91, 0.8149146723158459, 0.16194299061581063
92, 0.5461512503698693, 0.1867908149233266
93, 0.5987471648001997, 0.12679539702446352
94, 0.3043185549945987, 0.3624668357210694
95, 0.4267441213032891, 0.90062758891076
96, 0.47777015982755133, 0.43212393319569875
97, 0.3898692167422876, 0.7470851237650193
98, 0.3458580369384239, 0.6276474444770969
99, 0.970237684742232, 0.8818222109081651
100, 0.3196519846250966, 0.3038644666114435
101, 0.9418538201753074, 0.5010119519063534
102, 0.7303593442360348, 0.19318652556027438
103, 0.6497813962455745, 0.8347920415496936
104, 0.29877519026650246, 0.4352374413888076
105, 0.893685677871823, 0.8247230021927312
106, 0.5075410826798581, 0.3945072286999983
107, 0.7578205939446249, 0.504097079537183
108, 0.9367000950218727, 0.29828058126902157
109, 0.8599264158346228, 0.7435494145420699
110, 0.37375455980217465, 0.47583820612354655
111, 0.6371857302948807, 0.2546785990797392
112, 0.13149037817935427, 0.4234121714627235
113, 0.363379052220803, 0.041393848644934006
114, 0.33168196815233153, 0.902237790755632
115, 0.3711787702443242, 0.2658397174366478
116, 0.33879255206298675, 0.4257749596943752
117, 0.30070812682311465, 0.6810376323710103
118, 0.19070143254103966, 0.9635463937494615
119, 0.5680436839038446, 0.7699616236847034
120, 0.4330560976456287, 0.20218791514596268
121, 0.8798646082016952, 0.8944538765823534
122, 0.4822865810580632, 0.3305821363811242
123, 0.358590496523833, 0.02726307590584498
124, 0.7136531422884548, 0.30570677826365245
125, 0.24705052212908551, 0.5823180411985442
126, 0.9353550496186187, 0.6857720622166562
127, 0.8050469516037825, 0.2954661393171042
128, 0.5280814375006009, 0.3794500761397851
129, 0.9563953859606981, 0.1028220152351107
130, 0.0643463503747026, 0.274281525149941
131, 0.7452484420139683, 0.36668045625643086
132, 0.26596463787225433, 0.49465096814482046
133, 0.299335116084962, 0.9830379114911886
134, 0.5494255447089663, 0.2316295695855788
135, 0.2935079567431822, 0.8229142329360085
136, 0.2096165847196092, 0.4605598291313423
137, 0.36687776242120496, 0.007810138496817776
138, 0.9524185322845785, 0.04599601294611433
139, 0.3682266380342898, 0.21489601421036397
140, 0.5336258960325742, 0.3887936107398213
141, 0.6378864603002855, 0.0020702449251993604
142, 0.15133912355784196, 0.9642487753347315
143, 0.9510245352296803, 0.9652564827657996
144, 0.6610616549592525, 0.06193037504094856
145, 0.5024225285796888, 0.9213048744863015
146, 0.1274470585752302, 0.22307098311461326
147, 0.8194383300365397, 0.0262115279538897
148, 0.3090769435388864, 0.1702104953025665
149, 0.015153929730863824, 0.12140703308642298
150, 0.2160213721463743, 0.3144176040095906
151, 0.1763454315544839, 0.6344012159033583
152, 0.7044698697664362, 0.19530771331039443
153, 0.7076463964912839, 0.7572513791168681
154, 0.4348994828229503, 0.699185888461144
155, 0.2818613315838574, 0.4230987173516946
156, 0.6860826755745841, 0.4049528696985659
157, 0.09870891635130785, 0.338583933650882
158, 0.008450998536745358, 0.9225107715626366
159, 0.9271320987156834, 0.8268827166549442
160, 0.12130304664180624, 0.1010110816998222
161, 0.3790005026537231, 0.46798085956182167
162, 0.7812045700039536, 0.6238971912818146
163, 0.7722384947908086, 0.46889076859235623
164, 0.4625901572087221, 0.9076005598285648
165, 0.15743019594975194, 0.34988703408699495
166, 0.20169764376764054, 0.9894123652588341
167, 0.973902719030505, 0.4993629534696289
168, 0.8263724118833474, 0.33456748780090795
169, 0.6340424430620496, 0.9076666778313612
170, 0.7858594723114454, 0.13894852198252483
171, 0.710795728554668, 0.2455036747523084
172, 0.16842562340622602, 0.4707247839383757
173, 0.057304711368290184, 0.9678503331549996
174, 0.3723023311807999, 0.9671268524693123
175, 0.13253973549796794, 0.25413111522793763
176, 0.8971449080294791, 0.9962532851290291
177, 0.13122981421431446, 0.8747746715156518
178, 0.565256718628559, 0.9854927884954368
179, 0.17243163432094744, 0.8587806348867827
180, 0.9309219297426744, 0.7416398766053071
181, 0.9646092450369813, 0.9715955210107501
182, 0.4371832164960354, 0.8639424856583026
183, 0.78968722392457, 0.002830707190868531
184, 0.9452497915329978, 0.5319559698500989
185, 0.6393352175737398, 0.9223584016982329
186, 0.27165959249515403, 0.8813163803929767
187, 0.3685606956427262, 0.6725827482257614
188, 0.6796408624850143, 0.14809736665506879
189, 0.9948265135044884, 0.8012139258076298
190, 0.6701144597588804, 0.7552002807632886
191, 0.9250350857481244, 0.7254493208351809
192, 0.9670485463909057, 0.9882416458016918
193, 0.8452113468416877, 0.7570510672524111
194, 0.7863476850874516, 0.4463226155271868
195, 0.6632656544965504, 0.12207242252423034
196, 0.2568697971201117, 0.7448686514960938
197, 0.7232737462800358, 0.5102483469899834
198, 0.8164669202930029, 0.12631528948413584
199, 0.9307856659643227, 0.6997179304295555
200, 0.15354204429541185, 0.5709772369520034
201, 0.06838270608308439, 0.9638564347615783
202, 0.46219976467913826, 0.4725359655408523
203, 0.3465835188234626, 0.48143975016580876
204, 0.1502965853414735, 0.6217838865272206
205, 0.9581682371005742, 0.6470494897491724
206, 0.96514650352494, 0.8806637374440237
207, 0.3367377185267473, 0.6276925115638943
208, 0.324977254670217, 0.24747012100820587
209, 0.548997064581761, 0.08924820686956247
210, 0.747567739165229, 0.7478016291993763
211, 0.6663744595582161, 0.797192225261654
212, 0.4156817857944368, 0.893660885287275
213, 0.050260792524884024, 0.3448756971708268
214, 0.947817816306518, 0.5533906149450185
215, 0.4868466329552448, 0.7803095074848744
216, 0.49751726174403865, 0.0640552686765179
217, 0.38658229431239444, 0.7837703832034125
218, 0.4975925161465744, 0.8509590478192187
219, 0.8265687251425737, 0.4914441483568629
220, 0.32295708041227444, 0.7484445559139196
221, 0.11382099721851191, 0.3095736082623398
222, 0.5995496844394755, 0.2791448168773094
223, 0.40219532000094516, 0.33242908273394345
224, 0.6989274255423337, 0.7435729991843132
225, 0.9299466363662445, 0.8552670763481651
226, 0.9022987606088416, 0.8941142670811278
227, 0.5733634396630187, 0.43187980332479836
228, 0.2873579625677636, 0.3327840816438967
229, 0.9100514463399622, 0.4420904974021628
230, 0.20575419683106855, 0.201427908754932
231, 0.10478098058346219, 0.5165921351354558
232, 0.014433229727969343, 0.9213497039982205
233, 0.5178055728488541, 0.3545338388492709
234, 0.14039108108227527, 0.20206919371350984
235, 0.5783864323735542, 0.3519725186521878
236, 0.015365865111053423, 0.855511562515678
237, 0.18668061968461058, 0.7219620715918872
238, 0.04933690033298932, 0.9687360716685217
239, 0.6837652029975826, 0.9265648014830757
240, 0.6717679945303104, 0.0619966082020994
241, 0.6418709009286209, 0.15828972040345568
242, 0.150922864501161, 0.7362248710195233
243, 0.8561154198666878, 0.8722139019257115
244, 0.817637683060961, 0.4380597730086955
245, 0.9684670601197415, 0.6051099871572342
246, 0.04639304072039996, 0.7386972506961836
247, 0.8021631863033837, 0.6235892977995469
248, 0.4158226848219452, 0.6363381659400876
249, 0.9653681644214352, 0.3700944991802929
250, 0.9827662661515353, 0.22005321543301204
251, 0.5647744047883169, 0.3088099417378738
252, 0.23768933473597187, 0.2945005828300765
253, 0.2626347249623242, 0.20790203115089412
254, 0.7535837501008305, 0.3736245088718829
255, 0.27412268075305324, 0.8692611315219313
256, 0.8625793350629147, 0.25873159751528196
257, 0.7107476617502476, 0.36969941217604274
258, 0.6666957272382025, 0.3845181750426562
259, 0.882508902839756, 0.42126072727478237
260, 0.0973134583247185, 0.8915381029105072
261, 0.8825777200671594, 0.7397581461229595
262, 0.830901012543745, 0.14899958635895239
263, 0.4565916408741706, 0.04932739761667537
264, 0.5911300795035757, 0.14080067735407464
265, 0.3052358815265648, 0.7360555947167798
266, 0.9958575554995044, 0.7827394598952877
267, 0.6022002058200517, 0.08186030699495317
268, 0.8246610830278398, 0.6811124676903992
269, 0.7987272186116884, 0.6795482425415926
270, 0.27627273128895524, 0.45202804494869586
271, 0.34080212010671906, 0.665775707694867
272, 0.6830623517909312, 0.02041296494119682
273, 0.29768901586441376, 0.8266839413906264
274, 0.5382773397945724, 0.9505663664727719
275, 0.9330832985967955, 0.48430875031143195
276, 0.3553836728651867, 0.01843709769818791
277, 0.430436537969911, 0.24719868862135008
278, 0.9223275334427741, 0.26514480274689833
279, 0.11579729982602083, 0.4618429077558883
280, 0.8338992918070525, 0.8047498885935741
281, 0.1176038231739781, 0.995664800260472
282, 0.6197673590851535, 0.23763556726108714
283, 0.5840637630354729, 0.6473541872166495
284, 0.8358391515367031, 0.45684529930480633
285, 0.25578333806644493, 0.6272152800373184
286, 0.5084858535708521, 0.2750813776384937
287, 0.13347195412103308, 0.5807221863522486
288, 0.7083458057176473, 0.4955293904588973
289, 0.22572440290128415, 0.6623063421241856
290, 0.6600424044090518, 0.22303914466648322
291, 0.941986737963023, 0.44250137299807724
292, 0.997564855121306, 0.25355408675146884
293, 0.6765788987115929, 0.14282878700466373
294, 0.4432710536455302, 0.4700406173870333
295, 0.720233465935643, 0.5194759756204527
296, 0.9178436131018624, 0.8749528331820305
297, 0.2624900592636602, 0.7995228295888744
298, 0.28775230063720036, 0.836953906036706
299, 0.7048284493793255, 0.7736150239495486
300, 0.43407792471205264, 0.4703249249546877
301, 0.058733092007629106, 0.053408088657716624
302, 0.6792798842982393, 0.06952758321430297
303, 0.9020711655401688, 0.7760523348312041
304, 0.7153070324038808, 0.5225587744965761
305, 0.40855569703046446, 0.11783689503342554
306, 0.7217823011789748, 0.4836247243643984
307, 0.6510176743937958, 0.07865805282129534
308, 0.709309913622112, 0.25710649492285764
309, 0.12781585610804413, 0.8254599176055258
310, 0.24945775900947975, 0.30596498352529045
311, 0.8510877101192218, 0.7262471989402556
312, 0.0988218483002562, 0.2668576242918671
313, 0.7741541378680358, 0.6085571091151346
314, 0.24710633794484826, 0.39538102987396595
315, 0.343630689403297, 0.10427416823674707
316, 0.12245795855101138, 0.9933962356490021
317, 0.14876622188594624, 0.09755649899634655
318, 0.4926250264264561, 0.3229184842838446
319, 0.049321047155470366, 0.7223066715983346
320, 0.6138689800947262, 0.1796273052590085
321, 0.9611846042693771, 0.1527816229278084
322, 0.004181330249751203, 0.46224889467573305
323, 0.5760604277377168, 0.6804552928014675
324, 0.8470616285740272, 0.8958082790015629
325, 0.42479388177620236, 0.0907557935101182
326, 0.44507139348007374, 0.8297462150195116
327, 0.8766298823370483, 0.29053749042902655
328, 0.06957546155608685, 0.9796186716231249
329, 0.804808168611782, 0.4599830987213299
330, 0.1077246995977138, 0.9619073345907008
331, 0.7952093744835544, 0.44980386022393093
332, 0.9631913043191374, 0.914949884226943
333, 0.2811319974216444, 0.40380792980765456
334, 0.5614703426235913, 0.9377334274816995
335, 0.2761754146238439, 0.8907624849617916
336, 0.052465158813431834, 0.023123873321335253
337, 0.13586469281002866, 0.5713281623637616
338, 0.292403127358808, 0.24839256225516682
339, 0.09510553679560807, 0.6764731359994226
340, 0.011633914109184018, 0.24976430338934663
341, 0.3762418952495268, 0.9403090821236059
342, 0.026450307296787323, 0.8805632826365943
343, 0.21738760827370485, 0.080812868342105
344, 0.7509103211225664, 0.5505710242365037
345, 0.8863933369964533, 0.7878532661281897
346, 0.40152548584209025, 0.18492530060767143
347, 0.638916724591151, 0.5664728725350181
348, 0.4950273774384992, 0.8900127629934673
349, 0.20506894315661617, 0.2182813978122633
350, 0.44475372736489416, 0.3517036734454294
351, 0.7390477173329805, 0.31627188581635735
352, 0.058880138341115607, 0.0570917868321249
353, 0.5489572854447988, 0.10678559193822756
354, 0.6180746936339246, 0.25780083208638394
355, 0.7767471302541683, 0.7643601480994382
356, 0.6020118325346538, 0.03865262480369558
357, 0.8444281302706252, 0.41217826641392874
358, 0.8757445653297288, 0.33867688772390003
359, 0.050630010108457246, 0.1379301755965313
360, 0.9902462204023929, 0.7175878262087251
361, 0.6354162893214973, 0.7830903205634776
362, 0.004224224005229482, 0.948598820108978
363, 0.03348572448091136, 0.7563535986367231
364, 0.018500817060067454, 0.7300739982548148
365, 0.8644615152552793, 0.370385501907453
366, 0.998904653960076, 0.10080744471776071
367, 0.8329262626715037, 0.2591185678810869
368, 0.38062610925706186, 0.6095603671497124
369, 0.4116082905265753, 0.4138780640878369
370, 0.6333071999755424, 0.9782626600402358
371, 0.29676651818235167, 0.9266909974853796
372, 0.9717579113344024, 0.995069231850733
373, 0.3019884766622337, 0.6737358915150338
374, 0.040337614540471134, 0.9327985311162574
375, 0.3123319384594634, 0.8060751058851634
376, 0.4370303662557161, 0.30423062126511613
377, 0.9536301847447147, 0.21700770044446416
378, 0.36571208167661395, 0.07554391771498747
379, 0.03278384833374581, 0.31845036949514116
380, 0.26309983374650336, 0.25401619619975635
381, 0.18220085367576644, 0.5902147492872919
382, 0.04268154744761399, 0.755576941332367
383, 0.28863658967037853, 0.5097292491125409
384, 0.32068208916947827, 0.48368503726127254
385, 0.6582000786106067, 0.14508418320118455
386, 0.8101967548033913, 0.1726850787565376
387, 0.6926850489276262, 0.3248182672719604
388, 0.40245179745083537, 0.4022835639781024
389, 0.12708823511498613, 0.5374419892632764
390, 0.5369302526443407, 0.8099491401799779
391, 0.8534163962289031, 0.26073033730736117
392, 0.6892079078318466, 0.45441546125715004
393, 0.576546782934492, 0.2892112310054661
394, 0.5458217412631785, 0.4457185270763183
395, 0.9283802788251886, 0.23308944709521728
396, 0.6665342863187478, 0.16416335635095025
397, 0.18210092373183917, 0.8101535350517669
398, 0.6421315527248281, 0.8726695667319551
399, 0.19161308804166977, 0.5353980250643122
400, 0.8605236648873946, 0.3544014553102849
401, 0.6412434053227021, 0.06465668764366939
402, 0.2717488094275877, 0.8138883604209495
403, 0.6199335892553992, 0.49011340453616914
404, 0.2605041911060695, 0.6579669219810909
405, 0.6030395260104976, 0.16617925924362387
406, 0.9404967924801803, 0.11873999568477167
407, 0.7740281769573153, 0.5039525307684838
408, 0.8352591757799539, 0.5681143273105288
409, 0.20822414250485266, 0.9944697522011724
410, 0.753880679667008, 0.36940514484689624
411, 0.14168358378878387, 0.5333163872252183
412, 0.421674810209258, 0.6118850516379919
413, 0.3001794837914563, 0.8881148255354933
414, 0.6799689905950892, 0.008418625615713271
415, 0.7058780183727683, 0.7127342126639297
416, 0.1347419378787006, 0.016981497292125836
417, 0.3854938928458419, 0.9302910230614652
418, 0.7733714301988708, 0.8601281537715019
419, 0.4666122714833728, 0.3099278477678271
420, 0.06202418634617579, 0.7062150464177928
421, 0.3647841336336526, 0.34691849090427407
422, 0.3110246995390291, 0.7292824507171717
423, 0.2839213532142336, 0.22562360321721908
424, 0.463345067462851, 0.17776625976705562
425, 0.5474383674369966, 0.5168666652329015
426, 0.5211353858117106, 0.13921709556082873
427, 0.6453932605152806, 0.15280238106811517
428, 0.12476751570316313, 0.37879553023922996
429, 0.4117685938674983, 0.8432451355273549
430, 0.8897261979329196, 0.9074128896512896
431, 0.8713574315845423, 0.5391844312131526
432, 0.12129585518525454, 0.1838819014702895
433, 0.015153241170444143, 0.257368419865704
434, 0.6029307792349539, 0.6479090867709023
435, 0.7227437008446014, 0.7710163604833739
436, 0.9292736489022172, 0.16679307628799744
437, 0.1881951902580674, 0.4235189837255926
438, 0.20075069690363068, 0.6530687449713187
439, 0.4860179412621427, 0.5688288132182473
end_nodes
0, 1
0, 2
0, 3
0, 4
0, 5
0, 6
0, 7
0, 8
0, 9
0, 10
0, 11
0, 12
0, 13
0, 14
0, 15
0, 16
0, 17
0, 18
0, 19
0, 20
21, 141
21, 144
21, 152
21, 188
21, 195
21, 293
21, 307
21, 332
21, 356
21, 401
23, 108
23, 127
23, 249
23, 256
23, 278
23, 292
23, 301
23, 327
23, 336
23, 367
23, 391
23, 395
24, 38
24, 44
24, 60
24, 71
24, 73
24, 104
24, 108
24, 112
24, 116
24, 132
24, 136
24, 155
24, 158
24, 172
24, 231
24, 232
24, 233
24, 236
24, 237
24, 242
25, 250
26, 71
26, 94
26, 108
26, 112
26, 223
26, 256
26, 278
26, 279
26, 292
26, 314
26, 322
26, 333
26, 336
26, 343
26, 367
26, 391
26, 395
26, 416
26, 421
26, 437
27, 118
27, 166
27, 186
27, 255
28, 10
28, 13
28, 58
28, 64
28, 98
28, 117
28, 151
28, 158
28, 173
28, 177
28, 196
28, 201
28, 207
28, 232
28, 236
28, 237
28, 238
28, 242
28, 246
28, 260
29, 413
30, 15
30, 19
30, 75
30, 77
30, 103
30, 169
30, 178
30, 185
30, 361
30, 370
30, 398
31, 47
31, 176
32, 239
33, 34
33, 43
33, 80
33, 81
33, 108
33, 113
33, 256
33, 278
33, 292
33, 305
33, 315
33, 325
33, 367
33, 378
33, 391
33, 395
33, 416
36, 1
36, 3
36, 9
36, 11
36, 15
36, 17
36, 19
36, 20
36, 22
36, 42
36, 51
36, 68
36, 75
36, 77
36, 84
36, 95
36, 103
36, 119
36, 145
36, 153
37, 200
37, 287
37, 337
39, 35
39, 40
39, 59
39, 61
39, 67
39, 70
39, 162
39, 269
39, 313
39, 355
39, 418
41, 114
41, 133
41, 166
41, 217
41, 371
41, 409
41, 413
45, 108
45, 256
45, 278
45, 292
45, 367
45, 391
45, 395
46, 108
46, 256
46, 278
46, 292
46, 367
46, 391
46, 395
48, 158
48, 232
48, 236
48, 237
48, 242
48, 246
48, 289
48, 309
48, 342
48, 362
48, 363
48, 374
48, 404
49, 267
49, 385
49, 396
50, 1
50, 2
50, 3
50, 8
50, 9
50, 10
50, 11
50, 13
50, 15
50, 16
50, 17
50, 19
50, 20
50, 22
50, 35
50, 38
50, 40
50, 42
50, 47
50, 51
52, 10
52, 58
52, 98
52, 117
52, 118
52, 135
52, 142
52, 158
52, 166
52, 173
52, 177
52, 179
52, 186
52, 187
52, 196
52, 201
52, 220
52, 232
52, 238
52, 248
53, 108
53, 250
53, 256
53, 278
53, 292
53, 391
54, 108
54, 256
54, 278
54, 292
54, 367
54, 391
54, 395
55, 1
55, 2
55, 3
55, 4
55, 5
55, 9
55, 11
55, 15
55, 16
55, 17
55, 19
55, 20
55, 22
55, 35
55, 40
55, 42
55, 44
55, 47
55, 51
55, 56
57, 12
57, 34
57, 43
57, 80
57, 81
57, 92
57, 93
57, 113
57, 123
57, 137
57, 209
57, 216
57, 241
57, 263
57, 264
57, 276
57, 290
57, 305
57, 315
57, 320
62, 108
62, 256
62, 278
62, 292
62, 367
62, 391
62, 395
63, 4
63, 5
63, 10
63, 13
63, 14
63, 38
63, 58
63, 64
63, 76
63, 96
63, 98
63, 110
63, 117
63, 125
63, 129
63, 151
63, 158
63, 161
63, 173
63, 177
65, 1
65, 2
65, 3
65, 9
65, 10
65, 11
65, 13
65, 15
65, 17
65, 19
65, 22
65, 35
65, 38
65, 40
65, 42
65, 47
65, 51
65, 56
65, 58
65, 59
66, 141
66, 144
66, 152
66, 188
66, 195
66, 293
66, 307
66, 356
66, 401
69, 143
69, 181
69, 192
69, 225
69, 356
69, 372
72, 108
72, 256
72, 278
72, 292
72, 367
72, 391
72, 395
74, 10
74, 13
74, 38
74, 44
74, 58
74, 60
74, 71
74, 73
74, 80
74, 98
74, 104
74, 108
74, 112
74, 116
74, 117
74, 132
74, 136
74, 155
74, 158
74, 172
78, 43
78, 80
78, 81
78, 108
78, 127
78, 256
78, 278
78, 292
78, 305
78, 315
78, 367
78, 378
78, 391
78, 395
78, 416
79, 108
79, 127
79, 249
79, 256
79, 278
79, 292
79, 336
79, 343
79, 367
79, 391
79, 395
82, 2
82, 43
82, 56
82, 80
82, 105
82, 141
82, 143
82, 144
82, 152
82, 159
82, 181
82, 188
82, 192
82, 195
82, 225
82, 261
82, 293
82, 296
82, 303
82, 305
83, 1
83, 2
83, 3
83, 8
83, 9
83, 10
83, 11
83, 13
83, 15
83, 16
83, 17
83, 19
83, 20
83, 22
83, 35
83, 38
83, 40
83, 42
83, 47
83, 51
85, 56
85, 141
85, 143
85, 144
85, 152
85, 159
85, 181
85, 188
85, 192
85, 195
85, 225
85, 293
85, 307
85, 332
85, 356
85, 372
85, 401
86, 250
87, 108
87, 256
87, 278
87, 292
87, 367
87, 391
87, 395
88, 97
88, 118
88, 166
88, 186
88, 255
88, 335
88, 409
88, 413
89, 108
89, 256
89, 278
89, 292
89, 367
89, 391
89, 395
90, 141
90, 144
90, 152
90, 188
90, 195
90, 293
90, 307
90, 356
90, 401
91, 1
91, 2
91, 3
91, 8
91, 9
91, 10
91, 11
91, 13
91, 15
91, 16
91, 17
91, 19
91, 20
91, 22
91, 35
91, 38
91, 40
91, 42
91, 47
91, 51
99, 141
99, 144
99, 152
99, 188
99, 195
99, 293
99, 307
99, 356
99, 401
100, 108
100, 256
100, 278
100, 292
100, 367
100, 391
100, 395
101, 12
101, 34
101, 43
101, 80
101, 81
101, 92
101, 93
101, 113
101, 123
101, 137
101, 209
101, 216
101, 241
101, 263
101, 264
101, 276
101, 290
101, 305
101, 315
101, 320
102, 1
102, 2
102, 3
102, 9
102, 10
102, 11
102, 13
102, 15
102, 17
102, 19
102, 20
102, 22
102, 35
102, 38
102, 40
102, 42
102, 47
102, 51
102, 56
102, 58
106, 4
106, 38
106, 110
106, 161
106, 200
106, 203
106, 204
106, 236
106, 242
106, 285
106, 287
106, 289
106, 337
106, 342
106, 381
106, 383
106, 384
106, 399
106, 438
107, 3
107, 35
107, 40
107, 59
107, 61
107, 67
107, 210
107, 239
107, 299
107, 313
107, 344
107, 355
107, 418
107, 435
109, 121
109, 176
109, 226
109, 430
111, 34
111, 43
111, 71
111, 80
111, 81
111, 92
111, 94
111, 108
111, 112
111, 113
111, 123
111, 223
111, 249
111, 256
111, 276
111, 278
111, 279
111, 292
111, 305
111, 314
115, 108
115, 256
115, 278
115, 292
115, 367
115, 391
115, 395
120, 108
120, 256
120, 278
120, 292
120, 336
120, 343
120, 367
120, 391
120, 395
122, 71
122, 73
122, 112
122, 279
122, 314
122, 322
122, 333
122, 437
124, 1
124, 3
124, 4
124, 5
124, 8
124, 9
124, 10
124, 11
124, 15
124, 17
124, 19
124, 20
124, 22
124, 34
124, 42
124, 43
124, 51
124, 59
124, 64
124, 68
126, 141
126, 144
126, 152
126, 188
126, 195
126, 293
126, 307
126, 356
126, 401
128, 4
128, 38
128, 110
128, 132
128, 161
128, 200
128, 203
128, 204
128, 236
128, 237
128, 242
128, 285
128, 287
128, 289
128, 337
128, 342
128, 381
128, 383
128, 384
128, 399
130, 108
130, 256
130, 278
130, 292
130, 367
130, 391
130, 395
131, 3
131, 9
131, 11
131, 15
131, 16
131, 17
131, 19
131, 22
131, 35
131, 40
131, 42
131, 43
131, 47
131, 59
131, 61
131, 67
131, 68
131, 70
131, 75
131, 77
134, 80
134, 256
134, 278
134, 292
134, 315
134, 336
134, 343
134, 367
134, 391
134, 395
134, 416
138, 1
138, 2
138, 3
138, 8
138, 9
138, 10
138, 11
138, 13
138, 15
138, 16
138, 17
138, 19
138, 20
138, 22
138, 35
138, 38
138, 40
138, 42
138, 47
138, 51
139, 256
139, 278
139, 292
139, 367
139, 391
139, 395
140, 4
140, 38
140, 110
140, 125
140, 158
140, 161
140, 200
140, 203
140, 204
140, 232
140, 236
140, 237
140, 242
140, 285
140, 287
140, 289
140, 309
140, 337
140, 339
140, 342
146, 367
146, 391
146, 395
147, 1
147, 2
147, 3
147, 9
147, 10
147, 11
147, 13
147, 15
147, 16
147, 17
147, 19
147, 20
147, 22
147, 35
147, 38
147, 40
147, 42
147, 47
147, 51
147, 56
148, 367
148, 395
154, 166
154, 217
154, 371
154, 409
154, 413
156, 1
156, 9
156, 11
156, 15
156, 17
156, 19
156, 42
156, 51
156, 68
156, 75
156, 77
156, 84
156, 95
156, 114
156, 119
156, 133
156, 145
156, 164
156, 169
156, 174
163, 35
163, 40
163, 47
163, 59
163, 61
163, 67
163, 70
163, 162
163, 176
163, 210
163, 243
163, 247
163, 269
163, 280
163, 313
163, 324
163, 355
163, 418
163, 435
165, 250
167, 12
167, 34
167, 43
167, 80
167, 81
167, 92
167, 93
167, 113
167, 123
167, 137
167, 209
167, 216
167, 241
167, 263
167, 264
167, 276
167, 290
167, 305
167, 315
167, 320
168, 12
168, 34
168, 43
168, 80
168, 81
168, 92
168, 93
168, 113
168, 123
168, 137
168, 209
168, 216
168, 241
168, 263
168, 264
168, 276
168, 290
168, 305
168, 315
168, 320
170, 1
170, 2
170, 3
170, 8
170, 9
170, 10
170, 11
170, 13
170, 15
170, 16
170, 17
170, 19
170, 20
170, 22
170, 35
170, 38
170, 40
170, 42
170, 47
170, 51
171, 1
171, 3
171, 8
171, 9
171, 10
171, 11
171, 13
171, 15
171, 17
171, 19
171, 22
171, 38
171, 42
171, 44
171, 51
171, 58
171, 59
171, 60
171, 61
171, 67
180, 141
180, 144
180, 152
180, 188
180, 195
180, 293
180, 307
180, 356
180, 401
183, 1
183, 2
183, 3
183, 9
183, 10
183, 11
183, 13
183, 15
183, 16
183, 17
183, 19
183, 20
183, 22
183, 35
183, 38
183, 40
183, 42
183, 47
183, 51
183, 56
184, 12
184, 34
184, 43
184, 80
184, 81
184, 92
184, 93
184, 113
184, 123
184, 137
184, 209
184, 216
184, 241
184, 263
184, 264
184, 276
184, 290
184, 305
184, 315
184, 320
189, 141
189, 144
189, 152
189, 188
189, 195
189, 293
189, 307
189, 356
189, 401
191, 141
191, 144
191, 152
191, 188
191, 195
191, 293
191, 307
191, 356
191, 401
193, 47
193, 176
193, 243
194, 2
194, 35
194, 40
194, 47
194, 59
194, 61
194, 67
194, 70
194, 105
194, 121
194, 143
194, 162
194, 176
194, 195
194, 226
194, 243
194, 247
194, 268
194, 269
194, 280
197, 3
197, 15
197, 16
197, 19
197, 22
197, 68
197, 75
197, 77
197, 103
197, 153
197, 169
197, 178
197, 185
197, 190
197, 211
197, 224
197, 239
197, 299
197, 334
197, 361
198, 1
198, 2
198, 3
198, 8
198, 9
198, 10
198, 11
198, 13
198, 15
198, 16
198, 17
198, 19
198, 20
198, 22
198, 35
198, 38
198, 40
198, 42
198, 47
198, 51
199, 141
199, 144
199, 152
199, 188
199, 195
199, 293
199, 307
199, 356
199, 401
202, 58
202, 158
202, 232
202, 236
202, 237
202, 242
202, 246
202, 289
202, 309
202, 319
202, 342
202, 362
202, 363
202, 364
202, 374
202, 404
202, 420
205, 141
205, 144
205, 152
205, 188
205, 195
205, 293
205, 307
205, 356
205, 401
206, 141
206, 144
206, 152
206, 188
206, 195
206, 293
206, 307
206, 356
206, 401
214, 267
214, 385
214, 396
219, 2
219, 47
219, 56
219, 105
219, 121
219, 141
219, 143
219, 144
219, 152
219, 159
219, 176
219, 181
219, 188
219, 192
219, 195
219, 225
219, 226
219, 261
219, 293
219, 296
222, 18
222, 71
222, 73
222, 80
222, 94
222, 112
222, 172
222, 223
222, 250
222, 279
222, 314
222, 315
222, 318
222, 322
222, 333
222, 336
222, 343
222, 416
222, 421
222, 437
227, 10
227, 118
227, 135
227, 142
227, 166
227, 173
227, 177
227, 179
227, 186
227, 187
227, 196
227, 201
227, 220
227, 238
227, 248
227, 255
227, 260
227, 265
227, 271
227, 273
228, 250
229, 12
229, 34
229, 43
229, 80
229, 81
229, 92
229, 93
229, 113
229, 123
229, 137
229, 209
229, 216
229, 241
229, 263
229, 264
229, 276
229, 290
229, 305
229, 315
229, 320
235, 4
235, 10
235, 13
235, 38
235, 44
235, 58
235, 98
235, 110
235, 117
235, 132
235, 158
235, 161
235, 173
235, 177
235, 196
235, 200
235, 201
235, 203
235, 204
235, 207
240, 1
240, 2
240, 3
240, 9
240, 10
240, 11
240, 13
240, 15
240, 17
240, 19
240, 22
240, 35
240, 38
240, 40
240, 42
240, 47
240, 51
240, 56
240, 58
240, 59
244, 2
244, 47
244, 56
244, 105
244, 121
244, 141
244, 143
244, 144
244, 152
244, 159
244, 176
244, 181
244, 188
244, 192
244, 195
244, 225
244, 226
244, 243
244, 261
244, 293
245, 267
245, 385
245, 396
251, 44
251, 71
251, 73
251, 104
251, 112
251, 136
251, 155
251, 172
251, 231
251, 279
251, 314
251, 322
251, 333
251, 350
251, 437
254, 3
254, 11
254, 16
254, 22
254, 35
254, 40
254, 43
254, 47
254, 59
254, 61
254, 67
254, 68
254, 70
254, 75
254, 77
254, 80
254, 103
254, 119
254, 121
254, 145
257, 1
257, 9
257, 11
257, 17
257, 20
257, 22
257, 42
257, 51
257, 68
257, 75
257, 77
257, 84
257, 95
257, 103
257, 114
257, 119
257, 133
257, 145
257, 153
257, 164
258, 1
258, 17
258, 42
258, 51
258, 84
258, 95
258, 97
258, 114
258, 118
258, 119
258, 133
258, 135
258, 142
258, 145
258, 164
258, 166
258, 174
258, 182
258, 186
258, 212
259, 12
259, 34
259, 43
259, 80
259, 81
259, 92
259, 93
259, 113
259, 123
259, 137
259, 209
259, 216
259, 241
259, 263
259, 264
259, 276
259, 290
259, 305
259, 315
259, 320
262, 1
262, 2
262, 8
262, 9
262, 13
262, 16
262, 20
262, 22
262, 35
262, 38
262, 40
262, 42
262, 51
262, 56
262, 58
262, 59
262, 61
262, 67
262, 68
262, 70
266, 141
266, 144
266, 152
266, 188
266, 195
266, 293
266, 307
266, 356
266, 401
272, 2
272, 13
272, 35
272, 40
272, 51
272, 56
272, 58
272, 59
272, 61
272, 67
272, 68
272, 70
272, 75
272, 77
272, 84
272, 95
272, 98
272, 103
272, 105
272, 114
275, 12
275, 34
275, 43
275, 80
275, 81
275, 92
275, 93
275, 113
275, 123
275, 137
275, 209
275, 216
275, 241
275, 263
275, 264
275, 276
275, 290
275, 305
275, 315
275, 320
282, 34
282, 43
282, 80
282, 81
282, 92
282, 113
282, 123
282, 276
282, 305
282, 315
282, 325
282, 343
282, 378
282, 416
284, 2
284, 56
284, 141
284, 143
284, 144
284, 152
284, 159
284, 181
284, 188
284, 192
284, 195
284, 225
284, 293
284, 296
284, 303
284, 307
284, 332
284, 356
284, 372
284, 401
288, 68
288, 75
288, 77
288, 103
288, 153
288, 169
288, 178
288, 185
288, 190
288, 211
288, 239
288, 274
288, 299
288, 334
288, 361
288, 370
288, 398
288, 415
291, 12
291, 34
291, 43
291, 80
291, 81
291, 92
291, 93
291, 113
291, 123
291, 137
291, 209
291, 216
291, 241
291, 263
291, 264
291, 276
291, 290
291, 305
291, 315
291, 320
294, 14
294, 64
294, 76
294, 125
294, 129
294, 151
294, 158
294, 236
294, 237
294, 242
294, 246
294, 285
294, 289
294, 319
294, 339
294, 342
294, 363
294, 364
294, 404
294, 420
295, 16
295, 68
295, 75
295, 77
295, 103
295, 153
295, 169
295, 178
295, 185
295, 190
295, 211
295, 224
295, 239
295, 299
295, 361
295, 370
295, 398
295, 415
295, 435
300, 14
300, 64
300, 76
300, 125
300, 151
300, 204
300, 246
300, 319
300, 339
300, 364
300, 420
300, 438
302, 13
302, 56
302, 58
302, 59
302, 61
302, 67
302, 68
302, 70
302, 75
302, 77
302, 84
302, 95
302, 98
302, 103
302, 105
302, 114
302, 117
302, 118
302, 119
302, 121
304, 16
304, 68
304, 75
304, 77
304, 103
304, 153
304, 169
304, 178
304, 185
304, 190
304, 211
304, 239
304, 299
304, 334
304, 361
304, 370
304, 398
304, 415
304, 435
306, 16
306, 68
306, 75
306, 77
306, 103
306, 153
306, 169
306, 178
306, 185
306, 190
306, 211
306, 224
306, 239
306, 274
306, 299
306, 334
306, 361
306, 370
306, 398
306, 415
308, 8
308, 12
308, 34
308, 43
308, 44
308, 58
308, 59
308, 60
308, 68
308, 71
308, 73
308, 75
308, 77
308, 80
308, 81
308, 84
308, 93
308, 94
308, 95
308, 97
311, 121
311, 176
311, 430
321, 4
321, 5
321, 44
321, 60
321, 64
321, 71
321, 73
321, 76
321, 94
321, 96
321, 104
321, 110
321, 112
321, 116
321, 125
321, 132
321, 136
321, 151
321, 155
321, 161
329, 56
329, 70
329, 105
329, 121
329, 141
329, 143
329, 144
329, 152
329, 159
329, 176
329, 181
329, 188
329, 192
329, 195
329, 225
329, 226
329, 243
329, 261
329, 268
329, 280
331, 70
331, 105
331, 121
331, 143
331, 176
331, 181
331, 188
331, 192
331, 195
331, 225
331, 226
331, 243
331, 247
331, 261
331, 268
331, 269
331, 280
331, 293
331, 296
331, 303
345, 105
346, 336
346, 343
351, 16
351, 20
351, 34
351, 43
351, 59
351, 61
351, 67
351, 68
351, 70
351, 75
351, 77
351, 80
351, 81
351, 84
351, 92
351, 95
351, 97
351, 103
351, 113
351, 114
354, 43
354, 81
354, 94
354, 112
354, 223
354, 305
354, 314
354, 315
354, 322
354, 336
354, 343
354, 378
354, 416
354, 421
354, 437
357, 6
357, 12
357, 34
357, 81
357, 92
357, 93
357, 113
357, 123
357, 137
357, 209
357, 216
357, 241
357, 263
357, 264
357, 267
357, 276
357, 290
357, 305
357, 315
357, 320
358, 12
358, 34
358, 81
358, 92
358, 93
358, 113
358, 123
358, 137
358, 209
358, 216
358, 241
358, 249
358, 263
358, 264
358, 276
358, 290
358, 305
358, 315
358, 320
358, 325
360, 141
360, 144
360, 152
360, 188
360, 293
360, 307
360, 356
360, 401
365, 12
365, 34
365, 81
365, 92
365, 93
365, 113
365, 123
365, 137
365, 209
365, 216
365, 241
365, 263
365, 264
365, 276
365, 290
365, 305
365, 315
365, 320
365, 325
365, 336
366, 4
366, 5
366, 44
366, 60
366, 64
366, 71
366, 73
366, 76
366, 94
366, 96
366, 104
366, 110
366, 112
366, 116
366, 125
366, 132
366, 136
366, 151
366, 155
366, 161
369, 44
369, 132
369, 389
369, 399
369, 411
375, 118
375, 273
375, 298
376, 18
376, 250
377, 4
377, 5
377, 44
377, 60
377, 64
377, 71
377, 73
377, 76
377, 94
377, 96
377, 104
377, 110
377, 112
377, 116
377, 125
377, 132
377, 136
377, 151
377, 155
377, 161
382, 14
382, 129
386, 8
386, 16
386, 20
386, 56
386, 58
386, 59
386, 61
386, 67
386, 68
386, 70
386, 75
386, 77
386, 84
386, 95
386, 97
386, 98
386, 103
386, 105
386, 114
386, 117
387, 4
387, 5
387, 8
387, 64
387, 68
387, 75
387, 76
387, 77
387, 81
387, 84
387, 95
387, 96
387, 97
387, 110
387, 114
387, 118
387, 119
387, 125
387, 133
387, 135
388, 44
388, 389
388, 411
393, 71
393, 73
393, 94
393, 112
393, 172
393, 223
393, 250
393, 279
393, 314
393, 318
393, 322
393, 333
393, 336
393, 343
393, 416
393, 421
393, 437
394, 58
394, 98
394, 117
394, 118
394, 135
394, 142
394, 158
394, 173
394, 177
394, 179
394, 187
394, 196
394, 201
394, 220
394, 232
394, 238
394, 248
394, 255
394, 260
394, 265
400, 12
400, 34
400, 92
400, 93
400, 113
400, 123
400, 137
400, 209
400, 216
400, 241
400, 263
400, 264
400, 276
400, 290
400, 305
400, 315
400, 320
400, 325
400, 336
400, 343
403, 84
403, 95
403, 114
403, 133
403, 164
403, 174
403, 182
403, 212
403, 215
403, 218
403, 326
403, 341
403, 348
403, 371
403, 417
403, 429
406, 4
406, 5
406, 44
406, 60
406, 64
406, 71
406, 73
406, 76
406, 94
406, 96
406, 104
406, 110
406, 112
406, 116
406, 125
406, 132
406, 136
406, 151
406, 155
406, 161
407, 59
407, 61
407, 67
407, 70
407, 162
407, 210
407, 243
407, 269
407, 280
407, 313
407, 324
407, 355
407, 418
408, 105
408, 121
408, 143
408, 176
408, 181
408, 192
408, 225
408, 226
408, 261
408, 293
408, 296
408, 303
408, 307
408, 356
408, 372
408, 401
408, 430
410, 16
410, 59
410, 61
410, 67
410, 68
410, 70
410, 75
410, 77
410, 103
410, 119
410, 121
410, 145
410, 153
410, 162
410, 164
410, 169
410, 176
410, 178
410, 185
410, 190
412, 142
412, 187
412, 220
412, 265
412, 281
412, 297
412, 316
412, 328
412, 330
412, 402
412, 422
414, 56
414, 58
414, 59
414, 61
414, 67
414, 68
414, 70
414, 75
414, 77
414, 84
414, 95
414, 98
414, 103
414, 105
414, 114
414, 117
414, 118
414, 119
414, 121
414, 133
419, 94
419, 112
419, 223
419, 250
419, 322
419, 421
424, 127
424, 315
424, 343
424, 416
425, 97
425, 114
425, 118
425, 133
425, 135
425, 142
425, 166
425, 186
425, 217
425, 255
425, 273
425, 281
425, 298
425, 316
425, 335
425, 371
425, 409
425, 413
427, 6
428, 250
431, 141
431, 144
431, 152
431, 307
431, 356
431, 401
436, 4
436, 5
436, 44
436, 60
436, 64
436, 71
436, 73
436, 76
436, 94
436, 96
436, 104
436, 110
436, 112
436, 116
436, 125
436, 132
436, 136
436, 151
436, 155
436, 161
439, 118
439, 135
439, 142
439, 166
439, 186
439, 220
439, 255
439, 273
439, 281
439, 298
439, 316
439, 335
439, 402
439, 409
end