480
4
0, 0.770702931074754, 0.3953310007791033
1, 0.17416733817761265, 0.7132537614775261
2, 0.019587217718480376, 0.21837502453042623
3, 0.09727902827593204, 0.6783927920391972
4, 0.2429181248438883, 0.12753493346467237
5, 0.243487774454187, 0.18638935491235353
6, 0.974241387044618, 0.294765445066709
7, 0.0033537714408696795, 0.8336089501198598
8, 0.1459154034193495, 0.5699507234637488
9, 0.5860322857544096, 0.5183767369028431
10, 0.786044885381383, 0.9143143944382919
11, 0.3377845369456963, 0.35588556908329094
12, 0.20920116607556405, 0.30202031451584077
13, 0.7713080144244563, 0.3241192676173231
14, 0.8198790961836788, 0.9824381233479164
15, 0.8442615981114573, 0.441668290249256
16, 0.7458762319077661, 0.6270279792007041
17, 0.026776033304851232, 0.30944496355922213
18, 0.5473293538646772, 0.3185730102823515
19, 0.5954187323387633, 0.5303571349390012
20, 0.34798963335887745, 0.7066055087415403
21, 0.5573872174074063, 0.059776972451844546
22, 0.12225116499026589, 0.8964705580105431
23, 0.785174443768425, 0.9031314391341985
24, 0.18971006765913168, 0.45892834681832406
25, 0.6313893681238228, 0.6590553205716413
26, 0.17025068276535937, 0.4806840152256322
27, 0.9159447976491378, 0.1797277392853368
28, 0.9926029702602217, 0.6923879720038987
29, 0.20145884227918998, 0.6660300767498365
30, 0.7970546770861796, 0.137139377835657
31, 0.7402020109725437, 0.9541269925760874
32, 0.46295568977412926, 0.37840873227834826
33, 0.016015055963578217, 0.9827632907043846
34, 0.8917954797376103, 0.1393962993873099
35, 0.0400096107963166, 0.19720092827263702
36, 0.6189316277040314, 0.45489436645265446
37, 0.10599251866445014, 0.0749604788112872
38, 0.5880198470874991, 0.9616880641407209
39, 0.6862636952691312, 0.32280195605868245
40, 0.5610325605359393, 0.25988236895167005
41, 0.917372266794565, 0.8199065115599943
42, 0.41335399895969405, 0.7392642308678312
43, 0.29476944526179516, 0.8377408869910551
44, 0.08266296651084615, 0.4404611526773149
45, 0.317770749772496, 0.41218070564999887
46, 0.6477828733840758, 0.05156632867166733
47, 0.41034572022861826, 0.1707289992895612
48, 0.4639458501224941, 0.7156264491159625
49, 0.9393369638988404, 0.5544374616400284
50, 0.603579470780971, 0.6678791284620331
51, 0.6457154602521757, 0.3256320667860443
52, 0.544558043585585, 0.9798028575186226
53, 0.9033937698231858, 0.21218372756472836
54, 0.7310583718467469, 0.904810255940755
55, 0.3729932635276708, 0.5632570510911972
56, 0.6800428595685781, 0.07013088976605941
57, 0.7178974440068656, 0.8760004938330959
58, 0.2634227305584954, 0.16460490724041987
59, 0.9078686130626132, 0.35565981030617133
60, 0.28747237589763874, 0.40910762170441306
61, 0.819752560294391, 0.8119934445381641
62, 0.3961439670616399, 0.9770410742042935
63, 0.7576009443457152, 0.9522606111800134
64, 0.39548078134358555, 0.9813061798731757
65, 0.6229225949229871, 0.8110760818160323
66, 0.8478350481848367, 0.7608342637170207
67, 0.15377117439499688, 0.6045009340811661
68, 0.7884206579162736, 0.37482187916278664
69, 0.8575447020012794, 0.2837698963228472
70, 0.7826077157878729, 0.20748351041253865
71, 0.1671235142259231, 0.30988558807737054
72, 0.06785151493692732, 0.48383028302066955
73, 0.557674283060974, 0.5109343932079558
74, 0.04805583093695254, 0.8306765050697122
75, 0.08732008250095846, 0.20034506158706966
76, 0.8363860816256993, 0.431539866569154
77, 0.6894604345661853, 0.8570253398016421
78, 0.6686654420553831, 0.1666638441175492
79, 0.23010777650930703, 0.3538075500267486
80, 0.48606494084233665, 0.6443471205717415
81, 0.5913601243961921, 0.06826920041095763
82, 0.8060533712069139, 0.4897732220357699
83, 0.057848026944942954, 0.392311863218604
84, 0.7599645909596022, 0.3127955689720686
85, 0.9253066778420405, 0.4601737170410506
86, 0.27940785382184985, 0.9058569949520324
87, 0.6375383679395039, 0.6338988293514736
88, 0.5248971760945448, 0.542744285275628
89, 0.42130111945845405, 0.9369899728725952
90, 0.7458515455737504, 0.5349614837775876
91, 0.959107387595505, 0.9216868305339778
92, 0.08125438225581516, 0.7577306061170906
93, 0.03827959712270723, 0.5688619816628313
94, 0.3830758457202489, 0.3583565222495476
95, 0.975331055200252, 0.38565917372046965
96, 0.005628956061760171, 0.34489788613982275
97, 0.21101189779471974, 0.2893621672545498
98, 0.23824602909143, 0.09999774096813863
99, 0.9329699344177823, 0.2255174048337869
100, 0.2792816389684203, 0.7480524638979938
101, 0.3435814772488033, 0.10497555328142594
102, 0.6876688248942862, 0.49674226746888994
103, 0.8975557117073761, 0.14242963879906523
104, 0.9483453329870887, 0.2834555734990244
105, 0.4333780870823438, 0.8210133117958678
106, 0.607087551422604, 0.708985420623607
107, 0.48317383806593206, 0.49980643496198596
108, 0.4064121862930973, 0.10810105261762248
109, 0.9018416566443762, 0.9059403613011079
110, 0.8516976993543572, 0.7537536605216328
111, 0.8700762835577628, 0.6031782975857511
112, 0.22203275594110294, 0.7317241560377732
113, 0.6695541206017294, 0.5128015064988694
114, 0.32354671432849746, 0.18896705555854543
115, 0.6036232643087036, 0.1685664305325596
116, 0.7883049535151118, 0.913770484190607
117, 0.8425298994289575, 0.4357152234757533
118, 0.7708210993682193, 0.2610530448136176
119, 0.37283877828411505, 0.9612978112138797
120, 0.057191187282979894, 0.44577790221436964
121, 0.19830284195477077, 0.3814592230612891
122, 0.7951861524504947, 0.8128551975077082
123, 0.6910007766944503, 0.09448431231778975
124, 0.06411793647917408, 0.07479254735052054
125, 0.9092917556564071, 0.19133966783648215
126, 0.7343817576152065, 0.19466656413829264
127, 0.8114090026753683, 0.9194905720864225
128, 0.18981822638056223, 0.7484563639105287
129, 0.2943029218234612, 0.6424362537137435
130, 0.11611381377867347, 0.5088553744316044
131, 0.9616460659634327, 0.03758253426040514
132, 0.4546830000374611, 0.24113629036305517
133, 0.42993775412514557, 0.7597842210600544
134, 0.6769870111159668, 0.15788094346820158
135, 0.5869970125482885, 0.2598645255416381
136, 0.39317975722117826, 0.43319439878101507
137, 0.7513101218982638, 0.3131152983792743
138, 0.9490294409617553, 0.5297935562988084
139, 0.3667743074851193, 0.5581615739341368
140, 0.02205686581195232, 0.8980750117696416
141, 0.08389587095275708, 0.3284210638735976
142, 0.4697826422379414, 0.8162430405237487
143, 0.47981888302449427, 0.25025358478755444
144, 0.6451014897725156, 0.05958837628924396
145, 0.7004015498425222, 0.47729259813041147
146, 0.7623915717029338, 0.3914082337988448
147, 0.38373723026401485, 0.0009332392990883953
148, 0.42717144307512434, 0.9808180924677401
149, 0.7153355606402918, 0.7188461088742409
150, 0.6162059568501251, 0.595384856923614
151, 0.9630994762506948, 0.31126333391201266
152, 0.7461237218106321, 0.01388565491761673
153, 0.6391994899419996, 0.37203904410963196
154, 0.8366963238613077, 0.07469404622517262
155, 0.785990036398243, 0.7088356772199286
156, 0.3687266239028858, 0.5429119868926959
157, 0.9127769136416589, 0.9781797458454862
158, 0.044166982854510595, 0.7727551130153382
159, 0.04254950065358287, 0.0008820121437229655
160, 0.08610062952300745, 0.9917960419958063
161, 0.47378900362670096, 0.03260155850741764
162, 0.4672582709746935, 0.023961255242196278
163, 0.5428956643357431, 0.6548561874507765
164, 0.893094355265771, 0.35293220660039504
165, 0.723867615064452, 0.21477129007645923
166, 0.27763063231966256, 0.7827907284479539
167, 0.2042332236524288, 0.04336057782105707
168, 0.9523697679132719, 0.11218563701244555
169, 0.5720901353551209, 0.17560708167959194
170, 0.5740343855681607, 0.47558157581514926
171, 0.9526173286905717, 0.22399253362604477
172, 0.44235473558081895, 0.7193652229749594
173, 0.8007361924852017, 0.7023452442053469
174, 0.24496285650866934, 0.8344083143051608
175, 0.6930071171604432, 0.30365189766949774
176, 0.9377335798256237, 0.11058923887511973
177, 0.6382954176570481, 0.33826359723612565
178, 0.38994937289117915, 0.032219292656541665
179, 0.060436138426519515, 0.29209249542792626
180, 0.9252450972732471, 0.26589036882683303
181, 0.2605446898171313, 0.02703744301978417
182, 0.5368753124199469, 0.15763747793159189
183, 0.4844648616786045, 0.28212371243201806
184, 0.9923611180346934, 0.30041092286152316
185, 0.379360097506917, 0.8472063661006325
186, 0.42427408284952317, 0.7947077486022348
187, 0.015141531001414466, 0.1983527626109275
188, 0.5560463543346131, 0.49508646922988186
189, 0.7163945757446393, 0.9369497838156172
190, 0.44023130221648765, 0.3440459018335581
191, 0.6629337503522706, 0.06782547138307471
192, 0.8947277065614839, 0.8496082385329365
193, 0.5862225965725317, 0.9040826610219096
194, 0.6241126742825438, 0.7620417274508221
195, 0.2046241515009909, 0.7898745465923518
196, 0.511057523115765, 0.3752530846078138
197, 0.6286970606956411, 0.6756304544976048
198, 0.8567107537262075, 0.8083169905188812
199, 0.7624951499465491, 0.7217848491378229
200, 0.9690130962123972, 0.48065114315888824
201, 0.26030522631487807, 0.22867085456503278
202, 0.4246155891781146, 0.3195249215966548
203, 0.9234316154144979, 0.8955456408402682
204, 0.46469159635235147, 0.2619932819128018
205, 0.9990097017805524, 0.4629359807096669
206, 0.15531016595464775, 0.7676808254553337
207, 0.5679035332324102, 0.3922905939300595
208, 0.645414895630072, 0.33916774990190535
209, 0.34090713628363, 0.8414591710874
210, 0.7165486218934661, 0.32837655845160063
211, 0.2895946357734126, 0.7498985822944594
212, 0.9251608904244083, 0.8661877354362887
213, 0.13669235012232217, 0.7834813914544572
214, 0.07724740335711744, 0.34390712448965044
215, 0.15134040548077876, 0.546710092845335
216, 0.5458161867143528, 0.22968668136506853
217, 0.2817276995429864, 0.5661951555221816
218, 0.8702924743895772, 0.03039206653398907
219, 0.566740061586008, 0.28082127259070744
220, 0.9203235440472141, 0.25333691215626397
221, 0.36728139899607415, 0.3369637565853144
222, 0.47575509935625493, 0.6047513372869262
223, 0.0010092117360855912, 0.9925529187294413
224, 0.7673874509836992, 0.5587634975261636
225, 0.19313183482941876, 0.19662038143098237
226, 0.047059389672492236, 0.5376514711682323
227, 0.20554344603657781, 0.2813171547793143
228, 0.986931949644938, 0.9153284686245751
229, 0.9984175347102358, 0.5195097440991437
230, 0.7749723484542389, 0.4108933066587832
231, 0.11578724252208183, 0.10610252442657653
232, 0.20888315176449357, 0.9570177407495741
233, 0.05756338183094889, 0.6276413761391364
234, 0.952986081101112, 0.2827828203006737
235, 0.7126680505460269, 0.42469890960117995
236, 0.7827373899628937, 0.48794372910639505
237, 0.29902926130898544, 0.07037272289515617
238, 0.2158544878511912, 0.3071863707229623
239, 0.19982432162916675, 0.45739047233613506
240, 0.3095344058127599, 0.21558212921839626
241, 0.7132077211307898, 0.085710262203615
242, 0.2096780125906702, 0.3990287257316797
243, 0.44372187983740874, 0.3077207453390628
244, 0.34357974435416083, 0.4850974219264558
245, 0.6795255688297653, 0.03647503827868526
246, 0.10147069253919472, 0.43558774459462457
247, 0.8298055267282687, 0.7947050024669029
248, 0.2155161059521915, 0.23679375773840938
249, 0.4479186201527465, 0.4695159484021795
250, 0.7893355238836317, 0.055039970631495794
251, 0.14870198970344894, 0.462896385870345
252, 0.36461334719450167, 0.4274142827144569
253, 0.5676757054162692, 0.9346245683964615
254, 0.08112230317148361, 0.6962035430928608
255, 0.3281666945847401, 0.33495974172377396
256, 0.04444865676075693, 0.3121387396403291
257, 0.9977337590697056, 0.28789773851860756
258, 0.30474433885135666, 0.05724468933781701
259, 0.29255645701780764, 0.7966958768905039
260, 0.07048137251516995, 0.627083269628783
261, 0.6686741309794901, 0.33333599505182954
262, 0.004277302118908977, 0.972675058294695
263, 0.9597094183671613, 0.44820064526188463
264, 0.2204016328200259, 0.282369159435106
265, 0.37595093942721414, 0.14808227143795183
266, 0.6450461171413389, 0.24774344647187485
267, 0.6680659996575804, 0.7759008036630217
268, 0.3008651525500833, 0.6187484592367734
269, 0.04260232260917296, 0.08480779866171684
270, 0.20518288075751134, 0.40039409676895144
271, 0.7586207536070042, 0.8586470201918242
272, 0.7344807080306116, 0.23751503855202227
273, 0.020877203159072266, 0.46909679021675
274, 0.9065390486618524, 0.16834471850267274
275, 0.12046002323873228, 0.10820139591047462
276, 0.4108765056281958, 0.06328501466671266
277, 0.49076641774995566, 0.1258545350536876
278, 0.3445178939467065, 0.362699991470083
279, 0.8882960426847794, 0.7464534144366066
280, 0.06648505467353694, 0.5563901456144078
281, 0.9303193916846331, 0.9783893809287474
282, 0.8457709390324392, 0.25123126359812675
283, 0.3053437561650231, 0.8002881359826406
284, 0.2720220688935926, 0.6822986641002011
285, 0.8749895751293862, 0.5515076835364333
286, 0.9498155343697514, 0.904091232373549
287, 0.47462088683734993, 0.5949211564625948
288, 0.905575402934582, 0.1474374161837202
289, 0.4845189566023178, 0.13020417483821634
290, 0.30315688389399087, 0.7098940479280006
291, 0.4741926766672535, 0.4061538367637957
292, 0.7934065187788443, 0.6005011730507306
293, 0.9901550758526235, 0.41176583068075534
294, 0.44900560572286197, 0.08582619020709692
295, 0.865910252617166, 0.7632528562308192
296, 0.616757224974995, 0.44135467955726615
297, 0.19233735097450422, 0.8120940796912992
298, 0.5155493081179884, 0.13225396872845052
299, 0.640212634901423, 0.0023660209650749886
300, 0.24068899865977522, 0.168319359802924
301, 0.360067556441551, 0.2862974434564769
302, 0.08267275805025065, 0.37805472281338537
303, 0.257972475032219, 0.41533265010213505
304, 0.8474604308383306, 0.485400459120204
305, 0.9065848704716996, 0.5274415787001068
306, 0.7787935906472384, 0.9538722449784555
307, 0.6081261136370324, 0.3903094272163755
308, 0.6199969277660778, 0.4138598209666904
309, 0.010648756846212803, 0.5142213522773937
310, 0.2395390808934741, 0.6245958072430798
311, 0.6012009168073817, 0.35886719613112705
312, 0.7200512738867663, 0.5044433372630288
313, 0.08448612869615035, 0.33162147432645717
314, 0.232733226180459, 0.4281962330897975
315, 0.793854117894502, 0.836422706984306
316, 0.23443512136898204, 0.4895506759420627
317, 0.7314632434011242, 0.43504532602358825
318, 0.49332588842611114, 0.11658920723805999
319, 0.7949029626803813, 0.7306660610479511
320, 0.3850024049019334, 0.7184392661244847
321, 0.7632806307825888, 0.48486512870202314
322, 0.07283147497746889, 0.20609939379226716
323, 0.2731589929044629, 0.4567952917827174
324, 0.1521286756861916, 0.794482941467204
325, 0.9590422941354309, 0.024434862932167345
326, 0.08642340599874665, 0.9421672051279841
327, 0.46375459799484564, 0.7213616210939463
328, 0.08610488039746644, 0.9932124811238305
329, 0.3699409959539415, 0.40199458730520443
330, 0.6289029591607427, 0.6673117018816048
331, 0.792620014472457, 0.18363096105539978
332, 0.3403209180257891, 0.4356710841140583
333, 0.3286719379689862, 0.429658823973314
334, 0.026873721815598994, 0.11529472451428402
335, 0.5682502363060438, 0.4787747682574657
336, 0.6386405610398606, 0.1680733919493269
337, 0.5276305625089144, 0.14413981013779698
338, 0.2470612495726543, 0.579744621580367
339, 0.8739420325681387, 0.9635108705590512
340, 0.22986573140643618, 0.006863446848563437
341, 0.07862203116026267, 0.8192663302430657
342, 0.05723930534293864, 0.04105935794701587
343, 0.5236814585697837, 0.43041140467284955
344, 0.12217038940824732, 0.748633697630157
345, 0.2511653176165092, 0.8108529405296133
346, 0.5234800566918886, 0.24642109349071983
347, 0.8043706830843387, 0.6312049495815226
348, 0.3107995101187594, 0.9677374034299406
349, 0.19538456249095826, 0.7387797413109634
350, 0.14557229164326635, 0.7726391470422489
351, 0.47797238006497056, 0.6916341527686468
352, 0.14145513660607367, 0.26493879245706986
353, 0.19183444881022937, 0.2910350089657545
354, 0.22394052693235256, 0.5582402392717698
355, 0.5591732044569978, 0.772088264323262
356, 0.38124397977288016, 0.4046938137738615
357, 0.13592448571430582, 0.4769304015095047
358, 0.09577358368575006, 0.7434063616158105
359, 0.4751026375819998, 0.5238894973110235
360, 0.9978946655308497, 0.3012864916127621
361, 0.496877534706619, 0.8515153827713177
362, 0.7314744546301015, 0.3153629791993545
363, 0.7391538286120646, 0.6663160485487697
364, 0.15315679309335228, 0.7445346620919097
365, 0.7418157309466452, 0.7931563151826402
366, 0.39864998199236223, 0.2615859254851364
367, 0.07420837123132207, 0.7345814181758754
368, 0.865263183395525, 0.7781191178023642
369, 0.45117221727878365, 0.4543740267096118
370, 0.5971529664579014, 0.8346196971475416
371, 0.4625031050998646, 0.11775222325199841
372, 0.33161183540252703, 0.09869691183967999
373, 0.9929834599585124, 0.7902268992462563
374, 0.10548633822309161, 0.1967286459026042
375, 0.7326993136271124, 0.8341695227629851
376, 0.9809303546381439, 0.6382975942296258
377, 0.19368984631751596, 0.11329051029460935
378, 0.3725703294618137, 0.31603867228780647
379, 0.9339966641971841, 0.1475663409778052
380, 0.6995570940891758, 0.07175743551286962
381, 0.8020626805055184, 0.6627986628933322
382, 0.16006185402129847, 0.0846269665819035
383, 0.8191896836075526, 0.16099365106808983
384, 0.47949843713512996, 0.9481700573700939
385, 0.07144243917112703, 0.8388469751031059
386, 0.8605300575514317, 0.10908977126016295
387, 0.007779198639336737, 0.4804575349470781
388, 0.9826023484682818, 0.7949607880549798
389, 0.8995772830526526, 0.9655406578608586
390, 0.4105338376551546, 0.6213632256875953
391, 0.4151198070703298, 0.5105748567474689
392, 0.9688567089131073, 0.49455554949294667
393, 0.268630205481028, 0.3485464597980692
394, 0.4503293476063609, 0.10304749531577961
395, 0.9884153034777909, 0.29594877531159947
396, 0.35612722079436265, 0.21797797312317913
397, 0.5647240206624672, 0.3538114619947407
398, 0.926215918659649, 0.7491528943974506
399, 0.2744885436694112, 0.00695424431140268
400, 0.4530331388577137, 0.2817278539988409
401, 0.8790271379396212, 0.9174124972820529
402, 0.10076357234224176, 0.13784372399987133
403, 0.17510529144724707, 0.47734718282396327
404, 0.42159790829888366, 0.2631728227816791
405, 0.09682549383279881, 0.7807603196996098
406, 0.3510139426458697, 0.7902087571251674
407, 0.936033364365148, 0.8280687135855338
408, 0.7068953696164868, 0.7248751039204178
409, 0.6767220862202968, 0.26485220444540336
410, 0.02634165038012104, 0.2109656747709846
411, 0.757951693077773, 0.14646755314245996
412, 0.25741903306157843, 0.07672468204489691
413, 0.9704530132246267, 0.4589705054748834
414, 0.5101582026733579, 0.5517514144315856
415, 0.21649961793365613, 0.08820936259990708
416, 0.2511309940436498, 0.7010182589454832
417, 0.8921340040710811, 0.34142347811280993
418, 0.8400361640187974, 0.2079362932390355
419, 0.4621638130931526, 0.899081511494315
420, 0.5499431958278591, 0.38141316918046886
421, 0.5018977006348905, 0.9601576814623282
422, 0.706213315310101, 0.10029855001161514
423, 0.11023415310797635, 0.33235016324273314
424, 0.4498732042459108, 0.5266071822967529
425, 0.7820930284069276, 0.7426590255300369
426, 0.1871547477119736, 0.4474440925483518
427, 0.8462807592838382, 0.8175563797812219
428, 0.4224573484653009, 0.6853413391749263
429, 0.6029980896897462, 0.10080499048044633
430, 0.7037371677722128, 0.2979325863979133
431, 0.5366394456470222, 0.13452570105423056
432, 0.12674221745036374, 0.24767458461266545
433, 0.31050911641846646, 0.6581341442905653
434, 0.17035797897743854, 0.6488623110451918
435, 0.619368878948358, 0.7710793474116201
436, 0.229265179682418, 0.5145276936590014
437, 0.2670934046350063, 0.0733977855827187
438, 0.9789362360234181, 0.10049478500300302
439, 0.7916528088698628, 0.7859014082915692
440, 0.502046910706539, 0.7551289927386962
441, 0.096094533036157, 0.9390639453624335
442, 0.7844226138094251, 0.6154610637002266
443, 0.7012090985310884, 0.7165413108552262
444, 0.23339950130701936, 0.0151873127865082
445, 0.017989452494968416, 0.9197077306614504
446, 0.8059143335262334, 0.8889038088793927
447, 0.6869463965574792, 0.901676950784562
448, 0.6712098711164446, 0.023209234079368146
449, 0.3659694439023339, 0.9789519513226332
450, 0.8827408425877963, 0.6646869109124242
451, 0.9909987561427198, 0.9024497665675375
452, 0.7280955669465244, 0.9440068240405537
453, 0.730884510404511, 0.7058556203561124
454, 0.08646137743581672, 0.09027628297365975
455, 0.9235389036210389, 0.403400111520792
456, 0.198098180091549, 0.6279227176559564
457, 0.9690168864626713, 0.8992901847786091
458, 0.7057097483582414, 0.024844102140279323
459, 0.11209366349641281, 0.8806460126811512
460, 0.7838930578325001, 0.577363978607528
461, 0.9411300736752111, 0.14622697922013017
462, 0.23702304704315424, 0.6931601626764939
463, 0.8376851851178079, 0.6680364148260778
464, 0.18295055983624253, 0.9046238851578923
465, 0.6504802068533715, 0.07323141248319998
466, 0.8212698664501827, 0.8496523705180092
467, 0.17897080683559508, 0.06001756105546008
468, 0.096868838774127, 0.8824250453624402
469, 0.40161567296428446, 0.25971025537421766
470, 0.9079154176176323, 0.377487348630264
471, 0.4353202562043549, 0.2801390792638777
472, 0.6721953398429857, 0.21048906118796074
473, 0.2930576619247012, 0.7702982155384462
474, 0.9981333707544705, 0.589595435611634
475, 0.08446849832819503, 0.7292682490699814
476, 0.923990395188938, 0.813281126438017
477, 0.14500196204167148, 0.8363847364612792
478, 0.01960492894588195, 0.18747154409644284
479, 0.4607812763473097, 0.9140988325448609
end_nodes
0, 1
0, 2
0, 3
0, 4
0, 5
0, 6
0, 7
0, 8
0, 9
0, 10
0, 11
0, 12
0, 13
0, 14
0, 15
0, 16
0, 17
0, 18
0, 19
0, 20
0, 21
22, 27
22, 34
22, 53
22, 68
22, 69
22, 99
22, 103
22, 125
22, 131
22, 154
22, 168
22, 171
22, 176
22, 180
22, 218
22, 220
22, 274
22, 282
22, 288
22, 325
22, 379
23, 10
23, 13
23, 30
23, 70
23, 101
23, 108
23, 118
23, 147
23, 178
23, 181
23, 237
23, 250
23, 258
23, 276
23, 331
23, 340
23, 372
23, 399
23, 437
23, 444
24, 95
24, 251
24, 273
24, 293
24, 387
24, 455
24, 470
25, 27
25, 34
25, 53
25, 68
25, 69
25, 99
25, 103
25, 125
25, 131
25, 154
25, 168
25, 171
25, 176
25, 180
25, 218
25, 220
25, 274
25, 282
25, 288
25, 325
25, 379
28, 21
28, 39
28, 40
28, 46
28, 56
28, 78
28, 81
28, 101
28, 108
28, 115
28, 123
28, 134
28, 135
28, 144
28, 147
28, 161
28, 162
28, 165
28, 169
28, 175
28, 178
29, 6
29, 151
29, 184
29, 257
29, 395
29, 417
31, 13
31, 30
31, 70
31, 118
31, 250
31, 331
32, 17
32, 79
32, 96
32, 141
32, 214
32, 256
32, 278
32, 293
32, 313
32, 393
32, 423
33, 27
33, 34
33, 53
33, 68
33, 69
33, 99
33, 103
33, 125
33, 131
33, 154
33, 168
33, 171
33, 176
33, 180
33, 218
33, 220
33, 274
33, 282
33, 288
33, 325
33, 379
35, 413
36, 6
36, 59
36, 67
36, 101
36, 107
36, 139
36, 156
36, 164
36, 181
36, 217
36, 233
36, 237
36, 257
36, 258
36, 260
36, 338
36, 340
36, 360
36, 372
36, 391
36, 395
37, 85
37, 200
37, 392
38, 27
38, 34
38, 53
38, 68
38, 69
38, 99
38, 103
38, 125
38, 131
38, 154
38, 168
38, 171
38, 176
38, 180
38, 218
38, 220
38, 274
38, 282
38, 288
38, 325
38, 379
41, 21
41, 39
41, 40
41, 46
41, 56
41, 78
41, 81
41, 101
41, 108
41, 115
41, 123
41, 134
41, 135
41, 144
41, 147
41, 161
41, 162
41, 165
41, 169
41, 175
41, 178
42, 27
42, 34
42, 53
42, 68
42, 69
42, 99
42, 103
42, 125
42, 131
42, 154
42, 168
42, 171
42, 176
42, 180
42, 218
42, 220
42, 274
42, 282
42, 288
42, 325
42, 379
43, 27
43, 34
43, 53
43, 68
43, 69
43, 99
43, 103
43, 125
43, 131
43, 154
43, 168
43, 171
43, 176
43, 180
43, 218
43, 220
43, 274
43, 282
43, 288
43, 325
43, 379
44, 293
45, 293
47, 15
47, 101
47, 138
47, 167
47, 181
47, 229
47, 237
47, 258
47, 340
47, 372
47, 412
47, 437
47, 444
48, 27
48, 34
48, 53
48, 68
48, 69
48, 99
48, 103
48, 125
48, 131
48, 154
48, 168
48, 171
48, 176
48, 180
48, 218
48, 220
48, 274
48, 282
48, 288
48, 325
48, 379
49, 21
49, 39
49, 40
49, 46
49, 56
49, 78
49, 81
49, 101
49, 108
49, 115
49, 123
49, 134
49, 135
49, 144
49, 147
49, 161
49, 162
49, 165
49, 169
49, 175
49, 178
50, 27
50, 34
50, 53
50, 68
50, 69
50, 99
50, 103
50, 125
50, 131
50, 154
50, 168
50, 171
50, 176
50, 180
50, 218
50, 220
50, 274
50, 282
50, 288
50, 325
50, 379
51, 40
51, 58
51, 85
51, 101
51, 108
51, 114
51, 124
51, 132
51, 135
51, 143
51, 147
51, 159
51, 161
51, 162
51, 169
51, 178
51, 181
51, 182
51, 200
51, 216
51, 229
52, 27
52, 34
52, 53
52, 68
52, 69
52, 99
52, 103
52, 125
52, 131
52, 154
52, 168
52, 171
52, 176
52, 180
52, 218
52, 220
52, 274
52, 282
52, 288
52, 325
52, 379
54, 13
54, 30
54, 70
54, 118
54, 250
54, 331
55, 6
55, 151
55, 184
55, 257
55, 395
55, 417
57, 27
57, 34
57, 53
57, 68
57, 69
57, 99
57, 103
57, 125
57, 131
57, 154
57, 168
57, 171
57, 176
57, 180
57, 218
57, 220
57, 274
57, 282
57, 288
57, 325
57, 379
60, 293
61, 21
61, 39
61, 40
61, 46
61, 56
61, 78
61, 81
61, 101
61, 108
61, 115
61, 123
61, 134
61, 135
61, 144
61, 147
61, 161
61, 162
61, 165
61, 169
61, 175
61, 178
62, 27
62, 34
62, 53
62, 68
62, 69
62, 99
62, 103
62, 125
62, 131
62, 154
62, 168
62, 171
62, 176
62, 180
62, 218
62, 220
62, 274
62, 282
62, 288
62, 325
62, 379
63, 13
63, 30
63, 70
63, 118
63, 250
63, 331
64, 27
64, 34
64, 53
64, 68
64, 69
64, 99
64, 103
64, 125
64, 131
64, 154
64, 168
64, 171
64, 176
64, 180
64, 218
64, 220
64, 274
64, 282
64, 288
64, 325
64, 379
65, 27
65, 34
65, 53
65, 68
65, 69
65, 99
65, 103
65, 125
65, 131
65, 154
65, 168
65, 171
65, 176
65, 180
65, 218
65, 220
65, 274
65, 282
65, 288
65, 325
65, 379
66, 21
66, 39
66, 40
66, 46
66, 56
66, 78
66, 81
66, 101
66, 108
66, 115
66, 123
66, 134
66, 135
66, 144
66, 147
66, 161
66, 162
66, 165
66, 169
66, 175
66, 178
71, 179
73, 1
73, 6
73, 7
73, 104
73, 151
73, 184
73, 257
73, 344
73, 364
73, 395
73, 405
73, 417
73, 462
75, 413
76, 4
76, 11
76, 17
76, 21
76, 46
76, 56
76, 78
76, 79
76, 81
76, 94
76, 96
76, 99
76, 123
76, 134
76, 141
76, 144
76, 159
76, 165
76, 167
76, 171
76, 179
77, 27
77, 34
77, 53
77, 68
77, 69
77, 99
77, 103
77, 125
77, 131
77, 154
77, 168
77, 171
77, 176
77, 180
77, 218
77, 220
77, 274
77, 282
77, 288
77, 325
77, 379
80, 27
80, 34
80, 53
80, 68
80, 69
80, 99
80, 103
80, 125
80, 131
80, 154
80, 168
80, 171
80, 176
80, 180
80, 218
80, 220
80, 274
80, 282
80, 288
80, 325
80, 379
82, 21
82, 39
82, 40
82, 46
82, 56
82, 78
82, 81
82, 99
82, 101
82, 108
82, 115
82, 123
82, 134
82, 135
82, 144
82, 147
82, 161
82, 162
82, 165
82, 169
82, 171
83, 293
84, 10
84, 14
84, 46
84, 56
84, 116
84, 123
84, 131
84, 144
84, 154
84, 165
84, 191
84, 218
84, 241
84, 245
84, 299
84, 325
84, 380
84, 383
84, 386
84, 422
84, 448
86, 27
86, 34
86, 53
86, 68
86, 69
86, 99
86, 103
86, 125
86, 131
86, 154
86, 168
86, 171
86, 176
86, 180
86, 218
86, 220
86, 274
86, 282
86, 288
86, 325
86, 379
87, 27
87, 34
87, 53
87, 68
87, 69
87, 99
87, 103
87, 125
87, 131
87, 154
87, 168
87, 171
87, 176
87, 180
87, 218
87, 220
87, 274
87, 282
87, 288
87, 325
87, 379
88, 7
88, 112
88, 128
88, 213
88, 341
89, 27
89, 34
89, 53
89, 68
89, 69
89, 99
89, 103
89, 125
89, 131
89, 154
89, 168
89, 171
89, 176
89, 180
89, 218
89, 220
89, 274
89, 282
89, 288
89, 325
89, 379
90, 21
90, 27
90, 34
90, 39
90, 40
90, 46
90, 53
90, 68
90, 69
90, 78
90, 81
90, 99
90, 101
90, 103
90, 108
90, 115
90, 125
90, 131
90, 134
90, 135
90, 144
91, 21
91, 39
91, 40
91, 46
91, 56
91, 78
91, 81
91, 101
91, 108
91, 115
91, 123
91, 134
91, 135
91, 144
91, 147
91, 161
91, 162
91, 165
91, 169
91, 175
91, 178
92, 6
92, 151
92, 184
92, 257
92, 395
92, 417
98, 229
102, 27
102, 34
102, 40
102, 53
102, 68
102, 69
102, 101
102, 103
102, 108
102, 125
102, 131
102, 147
102, 154
102, 161
102, 162
102, 168
102, 171
102, 176
102, 178
102, 180
102, 181
105, 27
105, 34
105, 53
105, 68
105, 69
105, 103
105, 125
105, 154
105, 168
105, 176
105, 180
105, 218
105, 220
105, 274
105, 282
105, 288
105, 325
105, 379
105, 383
105, 386
105, 418
106, 168
106, 176
106, 180
106, 218
106, 220
106, 274
106, 282
106, 288
106, 325
106, 379
106, 383
106, 386
106, 418
106, 438
106, 461
109, 21
109, 39
109, 40
109, 46
109, 56
109, 78
109, 81
109, 101
109, 108
109, 115
109, 123
109, 134
109, 135
109, 144
109, 147
109, 161
109, 162
109, 165
109, 169
109, 175
109, 178
110, 21
110, 39
110, 40
110, 46
110, 56
110, 78
110, 81
110, 101
110, 108
110, 115
110, 123
110, 134
110, 135
110, 144
110, 147
110, 161
110, 162
110, 165
110, 169
110, 175
110, 178
111, 21
111, 39
111, 40
111, 46
111, 56
111, 78
111, 81
111, 101
111, 108
111, 115
111, 123
111, 134
111, 135
111, 144
111, 147
111, 161
111, 162
111, 165
111, 169
111, 175
111, 178
113, 101
113, 181
113, 220
113, 237
113, 258
113, 274
113, 282
113, 288
113, 340
113, 372
113, 379
113, 383
113, 386
113, 399
113, 418
113, 437
113, 438
113, 444
113, 461
117, 4
117, 11
117, 17
117, 79
117, 94
117, 96
117, 141
117, 167
117, 214
117, 256
117, 278
117, 313
117, 342
117, 382
117, 393
117, 412
117, 423
119, 383
119, 386
119, 418
119, 438
119, 461
120, 293
121, 293
122, 21
122, 39
122, 40
122, 46
122, 56
122, 78
122, 81
122, 101
122, 108
122, 115
122, 134
122, 135
122, 144
122, 147
122, 161
122, 162
122, 169
122, 175
122, 178
122, 181
122, 182
126, 10
126, 14
126, 116
126, 241
126, 380
126, 458
127, 21
127, 39
127, 40
127, 46
127, 56
127, 78
127, 81
127, 101
127, 108
127, 115
127, 123
127, 134
127, 135
127, 144
127, 147
127, 161
127, 162
127, 169
127, 175
127, 178
127, 181
129, 6
129, 151
129, 184
129, 257
129, 395
129, 417
133, 383
133, 386
133, 418
133, 438
133, 461
136, 293
136, 387
137, 10
137, 14
137, 46
137, 56
137, 78
137, 116
137, 123
137, 134
137, 144
137, 165
137, 191
137, 241
137, 245
137, 299
137, 380
137, 383
137, 386
137, 422
137, 448
137, 458
137, 465
142, 383
142, 386
142, 418
142, 438
142, 461
145, 21
145, 40
145, 101
145, 108
145, 115
145, 135
145, 147
145, 161
145, 162
145, 169
145, 178
145, 181
145, 182
145, 216
145, 237
145, 258
145, 276
145, 277
145, 289
145, 294
145, 298
146, 1
146, 2
146, 4
146, 5
146, 6
146, 10
146, 12
146, 14
146, 17
146, 18
146, 21
146, 26
146, 39
146, 46
146, 56
146, 72
146, 74
146, 78
146, 81
146, 93
146, 97
148, 383
148, 386
148, 418
148, 438
148, 461
149, 383
149, 386
149, 418
149, 438
149, 461
150, 383
150, 386
150, 418
150, 438
150, 461
152, 10
152, 14
152, 116
153, 2
153, 12
153, 40
153, 97
153, 101
153, 108
153, 135
153, 147
153, 161
153, 162
153, 178
153, 179
153, 181
153, 182
153, 190
153, 202
153, 216
153, 227
153, 237
153, 238
153, 258
155, 21
155, 30
155, 39
155, 40
155, 46
155, 56
155, 78
155, 81
155, 108
155, 115
155, 123
155, 134
155, 135
155, 144
155, 147
155, 161
155, 162
155, 165
155, 169
155, 175
155, 178
157, 21
157, 39
157, 40
157, 46
157, 56
157, 78
157, 81
157, 108
157, 115
157, 123
157, 134
157, 135
157, 144
157, 147
157, 161
157, 162
157, 165
157, 169
157, 175
157, 178
157, 181
158, 6
158, 151
158, 184
158, 257
158, 395
158, 417
160, 383
160, 386
160, 418
160, 438
160, 461
163, 383
163, 386
163, 418
163, 438
163, 461
166, 383
166, 386
166, 418
166, 438
166, 461
170, 6
170, 67
170, 164
170, 217
170, 233
170, 257
170, 260
170, 338
170, 395
172, 383
172, 386
172, 418
172, 438
172, 461
173, 21
173, 39
173, 40
173, 46
173, 56
173, 78
173, 81
173, 108
173, 115
173, 123
173, 134
173, 135
173, 144
173, 147
173, 161
173, 162
173, 165
173, 169
173, 175
173, 178
173, 181
174, 383
174, 386
174, 418
174, 438
174, 461
177, 5
177, 40
177, 135
177, 147
177, 161
177, 162
177, 169
177, 178
177, 181
177, 182
177, 183
177, 216
177, 237
177, 240
177, 258
177, 276
177, 277
177, 289
177, 294
177, 298
177, 318
185, 383
185, 386
185, 418
185, 438
185, 461
186, 383
186, 386
186, 418
186, 438
186, 461
187, 413
188, 6
188, 151
188, 184
188, 257
188, 395
188, 417
189, 13
189, 30
189, 70
189, 118
189, 250
189, 331
192, 21
192, 39
192, 46
192, 56
192, 78
192, 81
192, 115
192, 123
192, 134
192, 135
192, 144
192, 161
192, 162
192, 165
192, 169
192, 175
192, 178
192, 181
192, 182
192, 191
192, 210
193, 383
193, 386
193, 418
193, 438
193, 461
194, 383
194, 386
194, 418
194, 438
194, 461
195, 445
196, 11
196, 17
196, 79
196, 94
196, 141
196, 256
196, 313
196, 393
196, 423
197, 383
197, 386
197, 418
197, 438
197, 461
198, 39
198, 56
198, 78
198, 81
198, 115
198, 123
198, 134
198, 144
198, 165
198, 169
198, 175
198, 181
198, 182
198, 191
198, 210
198, 216
198, 237
198, 241
198, 245
198, 258
198, 266
199, 13
199, 30
199, 70
199, 81
199, 115
199, 118
199, 169
199, 181
199, 182
199, 216
199, 237
199, 250
199, 258
199, 266
199, 276
199, 277
199, 289
199, 294
199, 298
199, 318
199, 331
201, 413
203, 39
203, 115
203, 123
203, 134
203, 165
203, 175
203, 181
203, 182
203, 191
203, 210
203, 216
203, 237
203, 241
203, 245
203, 258
203, 266
203, 276
203, 277
203, 289
203, 294
203, 298
204, 269
204, 300
204, 396
205, 2
205, 11
205, 12
205, 17
205, 79
205, 94
205, 96
205, 97
205, 141
205, 179
205, 190
205, 202
205, 214
205, 221
205, 227
205, 238
205, 255
205, 256
205, 264
205, 278
205, 313
207, 11
207, 17
207, 79
207, 96
207, 141
207, 181
207, 214
207, 237
207, 256
207, 258
207, 278
207, 293
207, 313
207, 340
207, 372
207, 393
207, 399
207, 423
207, 437
207, 444
208, 5
208, 181
208, 182
208, 216
208, 237
208, 258
208, 269
208, 276
208, 277
208, 289
208, 294
208, 298
208, 300
208, 318
208, 337
208, 340
208, 342
208, 371
208, 372
208, 394
208, 396
209, 418
209, 438
209, 461
211, 459
212, 39
212, 123
212, 165
212, 175
212, 181
212, 182
212, 191
212, 210
212, 216
212, 237
212, 241
212, 245
212, 258
212, 266
212, 276
212, 277
212, 289
212, 294
212, 298
212, 299
212, 318
219, 159
219, 181
219, 229
219, 237
219, 258
219, 276
219, 289
219, 294
219, 340
219, 371
219, 372
219, 394
219, 399
219, 437
219, 444
222, 100
222, 297
222, 445
222, 468
222, 477
223, 418
223, 438
223, 461
224, 10
224, 13
224, 30
224, 70
224, 116
224, 118
224, 165
224, 175
224, 182
224, 191
224, 210
224, 216
224, 237
224, 245
224, 250
224, 258
224, 266
224, 276
224, 277
224, 289
224, 294
228, 175
228, 182
228, 191
228, 210
228, 216
228, 237
228, 241
228, 245
228, 258
228, 266
228, 276
228, 277
228, 289
228, 294
228, 298
228, 299
228, 318
228, 336
228, 337
228, 340
228, 362
230, 8
230, 11
230, 12
230, 14
230, 17
230, 30
230, 67
230, 70
230, 79
230, 94
230, 96
230, 97
230, 107
230, 141
230, 175
230, 179
230, 182
230, 190
230, 191
230, 210
230, 214
232, 438
232, 461
234, 1
234, 7
234, 344
234, 364
234, 462
235, 1
235, 6
235, 7
235, 8
235, 67
235, 74
235, 96
235, 107
235, 112
235, 128
235, 151
235, 182
235, 184
235, 206
235, 213
235, 214
235, 216
235, 217
235, 233
235, 237
235, 257
236, 14
236, 30
236, 70
236, 182
236, 191
236, 210
236, 216
236, 237
236, 241
236, 245
236, 250
236, 258
236, 266
236, 276
236, 277
236, 289
236, 294
236, 298
236, 299
236, 318
236, 331
239, 95
239, 251
239, 273
239, 293
239, 387
239, 455
239, 470
242, 293
243, 2
243, 410
243, 413
246, 293
247, 182
247, 191
247, 210
247, 216
247, 237
247, 241
247, 245
247, 258
247, 266
247, 276
247, 277
247, 289
247, 294
247, 298
247, 299
247, 318
247, 336
247, 337
247, 340
247, 362
247, 371
248, 413
249, 93
249, 280
249, 436
252, 293
254, 6
254, 151
254, 184
254, 257
254, 395
254, 417
261, 58
261, 114
261, 124
261, 132
261, 143
261, 182
261, 216
261, 229
261, 237
261, 258
261, 266
261, 276
261, 277
261, 289
261, 294
261, 298
261, 318
261, 337
261, 340
261, 371
261, 394
263, 2
263, 11
263, 12
263, 17
263, 79
263, 94
263, 96
263, 97
263, 141
263, 179
263, 190
263, 202
263, 214
263, 221
263, 227
263, 238
263, 255
263, 256
263, 264
263, 278
263, 313
265, 15
265, 138
265, 167
265, 229
265, 340
265, 437
265, 444
268, 6
268, 151
268, 184
268, 257
268, 395
268, 417
270, 293
271, 13
271, 30
271, 70
271, 118
271, 237
271, 250
271, 258
271, 331
271, 340
271, 372
271, 399
271, 437
271, 444
272, 10
272, 14
272, 116
272, 241
272, 245
272, 380
272, 422
272, 448
272, 458
279, 182
279, 191
279, 210
279, 216
279, 241
279, 245
279, 258
279, 266
279, 276
279, 277
279, 289
279, 294
279, 298
279, 299
279, 318
279, 336
279, 337
279, 340
279, 362
279, 371
279, 372
281, 182
281, 191
281, 210
281, 216
281, 241
281, 245
281, 266
281, 276
281, 277
281, 289
281, 294
281, 298
281, 299
281, 318
281, 336
281, 337
281, 340
281, 362
281, 371
281, 372
281, 380
284, 7
285, 182
285, 191
285, 210
285, 216
285, 241
285, 245
285, 266
285, 276
285, 277
285, 289
285, 294
285, 298
285, 299
285, 318
285, 336
285, 337
285, 340
285, 362
285, 371
285, 372
285, 380
286, 191
286, 210
286, 216
286, 241
286, 245
286, 266
286, 276
286, 277
286, 289
286, 294
286, 298
286, 299
286, 318
286, 336
286, 337
286, 340
286, 362
286, 371
286, 372
286, 380
286, 394
287, 140
287, 290
291, 293
292, 191
292, 210
292, 216
292, 241
292, 245
292, 266
292, 276
292, 277
292, 289
292, 294
292, 298
292, 299
292, 318
292, 336
292, 337
292, 340
292, 362
292, 371
292, 372
292, 380
292, 394
295, 191
295, 210
295, 216
295, 241
295, 245
295, 266
295, 276
295, 277
295, 289
295, 294
295, 298
295, 299
295, 318
295, 336
295, 337
295, 340
295, 362
295, 371
295, 372
295, 380
295, 394
296, 8
296, 93
296, 215
296, 340
296, 372
296, 399
296, 437
296, 444
301, 410
301, 413
302, 293
303, 293
304, 191
304, 210
304, 241
304, 245
304, 266
304, 276
304, 277
304, 289
304, 294
304, 298
304, 299
304, 318
304, 336
304, 337
304, 340
304, 362
304, 371
304, 372
304, 380
304, 394
304, 399
305, 191
305, 210
305, 241
305, 245
305, 266
305, 276
305, 277
305, 289
305, 294
305, 298
305, 299
305, 318
305, 336
305, 337
305, 340
305, 362
305, 371
305, 372
305, 380
305, 394
305, 399
306, 13
306, 30
306, 70
306, 118
306, 250
306, 331
307, 11
307, 17
307, 79
307, 94
307, 96
307, 141
307, 179
307, 214
307, 256
307, 278
307, 293
307, 313
307, 372
307, 393
307, 399
307, 420
307, 423
307, 437
307, 444
308, 26
308, 72
308, 96
308, 130
308, 251
308, 293
308, 309
308, 316
308, 357
308, 372
308, 399
308, 403
308, 437
308, 444
310, 6
310, 151
310, 184
310, 257
310, 395
310, 417
311, 2
311, 12
311, 97
311, 202
311, 227
311, 264
311, 294
311, 352
311, 353
311, 371
311, 372
311, 378
311, 394
311, 397
311, 399
311, 410
311, 413
311, 432
311, 437
311, 444
312, 266
312, 277
312, 289
312, 298
312, 318
312, 336
312, 337
312, 371
312, 372
312, 394
312, 399
312, 429
312, 431
312, 437
312, 444
314, 293
315, 266
315, 277
315, 298
315, 299
315, 318
315, 336
315, 337
315, 371
315, 394
315, 399
315, 409
315, 429
315, 431
315, 437
315, 444
315, 465
315, 472
317, 20
317, 191
317, 262
317, 266
317, 297
317, 298
317, 299
317, 318
317, 336
317, 337
317, 371
317, 394
317, 399
317, 409
317, 429
317, 430
317, 431
317, 437
317, 444
317, 459
317, 465
319, 14
319, 191
319, 210
319, 241
319, 245
319, 266
319, 299
319, 318
319, 336
319, 337
319, 362
319, 371
319, 380
319, 394
319, 399
319, 409
319, 422
319, 429
319, 430
319, 431
319, 437
321, 10
321, 13
321, 14
321, 30
321, 70
321, 116
321, 118
321, 210
321, 241
321, 245
321, 250
321, 299
321, 318
321, 331
321, 336
321, 337
321, 362
321, 371
321, 380
321, 394
321, 399
322, 413
323, 72
323, 357
332, 387
335, 6
335, 67
335, 151
335, 164
335, 217
335, 257
335, 338
335, 395
335, 417
339, 210
339, 241
339, 245
339, 299
339, 336
339, 337
339, 362
339, 371
339, 380
339, 394
339, 399
339, 409
339, 422
339, 429
339, 430
339, 431
339, 437
339, 444
339, 448
339, 458
339, 465
343, 26
343, 130
343, 309
346, 138
346, 229
346, 399
346, 437
346, 444
347, 210
347, 299
347, 336
347, 337
347, 362
347, 371
347, 380
347, 394
347, 399
347, 409
347, 422
347, 429
347, 430
347, 431
347, 437
347, 444
347, 448
347, 458
347, 465
347, 472
358, 6
358, 151
358, 184
358, 257
358, 395
358, 417
359, 6
359, 151
359, 184
359, 257
359, 395
359, 417
365, 13
365, 30
365, 70
365, 118
365, 250
365, 331
365, 371
365, 394
365, 399
365, 437
365, 444
367, 6
367, 151
367, 184
367, 257
367, 395
367, 417
368, 299
368, 336
368, 337
368, 362
368, 380
368, 394
368, 399
368, 409
368, 422
368, 429
368, 430
368, 431
368, 437
368, 444
368, 448
368, 458
368, 465
368, 472
369, 226
373, 336
373, 337
373, 362
373, 380
373, 394
373, 409
373, 422
373, 429
373, 430
373, 431
373, 437
373, 444
373, 448
373, 458
373, 465
373, 472
374, 413
375, 13
375, 30
375, 70
375, 118
375, 250
375, 331
376, 336
376, 362
376, 380
376, 394
376, 409
376, 422
376, 429
376, 430
376, 431
376, 444
376, 448
376, 458
376, 465
376, 472
377, 85
377, 200
377, 392
381, 336
381, 362
381, 380
381, 394
381, 409
381, 422
381, 429
381, 430
381, 431
381, 448
381, 458
381, 465
381, 472
388, 362
388, 380
388, 409
388, 422
388, 429
388, 430
388, 431
388, 448
388, 458
388, 465
388, 472
389, 362
389, 380
389, 409
389, 422
389, 429
389, 430
389, 431
389, 448
389, 458
389, 465
389, 472
390, 385
398, 362
398, 409
398, 422
398, 429
398, 430
398, 431
398, 448
398, 458
398, 465
398, 472
400, 366
401, 409
401, 422
401, 429
401, 430
401, 431
401, 448
401, 458
401, 465
401, 472
404, 334
404, 402
407, 409
407, 422
407, 429
407, 430
407, 431
407, 448
407, 458
407, 465
407, 472
411, 10
411, 14
411, 116
414, 7
414, 112
414, 128
414, 213
414, 341
415, 229
424, 6
424, 257
425, 30
425, 70
425, 116
425, 250
425, 331
425, 409
425, 429
425, 430
425, 431
425, 465
425, 472
427, 409
427, 422
427, 429
427, 430
427, 431
427, 448
427, 458
427, 465
427, 472
433, 7
433, 364
434, 6
434, 151
434, 184
434, 257
434, 395
434, 417
439, 409
439, 429
439, 430
439, 431
439, 448
439, 465
439, 472
442, 14
442, 30
442, 70
442, 250
442, 331
442, 409
442, 422
442, 429
442, 430
442, 431
442, 448
442, 458
442, 465
442, 472
446, 409
446, 429
446, 430
446, 431
446, 448
446, 465
446, 472
450, 409
450, 422
450, 429
450, 430
450, 431
450, 448
450, 458
450, 465
450, 472
451, 409
451, 422
451, 430
451, 448
451, 458
451, 465
451, 472
452, 13
452, 30
452, 70
452, 118
452, 250
452, 331
457, 422
457, 430
457, 448
457, 458
457, 472
460, 14
460, 30
460, 70
460, 250
460, 331
460, 422
460, 458
460, 472
463, 458
463, 472
467, 229
475, 151
475, 184
475, 257
475, 395
475, 417
478, 413
end