580
4
0, 0.9991696660029793, 0.6158143107037938
1, 0.43202655653230704, 0.7342143367875741
2, 0.2987721328267705, 0.9940086262236819
3, 0.36739897066152993, 0.3151891773848946
4, 0.7165721622414355, 0.11480367148929538
5, 0.9268011898859058, 0.05331398102327667
6, 0.8129830673899762, 0.1320309573268994
7, 0.07224156694215689, 0.5511344896684314
8, 0.7781829018730272, 0.20185686963714833
9, 0.06700120322419068, 0.4854734203743849
10, 0.5874022437710336, 0.866765883983631
11, 0.8394547352144068, 0.09859344917978685
12, 0.45855909639327797, 0.4281001361966219
13, 0.07981506364201074, 0.05209936821183336
14, 0.23023433857756181, 0.4337724655376336
15, 0.7367230550869208, 0.11229765261858204
16, 0.9675751791794396, 0.23317130067786407
17, 0.02469648467022023, 0.9460538883903794
18, 0.19449964629559213, 0.7116966516239838
19, 0.06941187021131456, 0.1615323524198501
20, 0.7328392952409388, 0.7984034370986398
21, 0.7007187521151024, 0.8689659170333014
22, 0.8515448608314846, 0.05480477934141792
23, 0.9820044073603993, 0.04809967773364898
24, 0.1873090814819468, 0.17106391906500307
25, 0.3004666987455954, 0.023240211720416126
26, 0.46568176350694523, 0.263940310009641
27, 0.10061418837230673, 0.592442084776118
28, 0.3162663778155661, 0.8865423929218014
29, 0.4534058467861888, 0.6669367419864732
30, 0.7075869570903531, 0.9058275413510761
31, 0.8576491034776241, 0.6060428020854299
32, 0.1363827283464416, 0.037873452705799115
33, 0.7635039819888321, 0.7267884386033213
34, 0.25841942477923907, 0.868783696468282
35, 0.8671411212971731, 0.5848760355362375
36, 0.2573675991608233, 0.5378825719762852
37, 0.20657437110772048, 0.5704795722927632
38, 0.5393319260518902, 0.2808247002086478
39, 0.9154777401295471, 0.47213956164239834
40, 0.12492752414409736, 0.6642326401855254
41, 0.3514739360997381, 0.6790160513957052
42, 0.33915345510835937, 0.04534161059272879
43, 0.4851088873737577, 0.7769298307424382
44, 0.8940046576223678, 0.478357571067759
45, 0.8878076075681905, 0.7130238648494085
46, 0.5088585044932507, 0.16686314267549462
47, 0.04684892046632705, 0.23955034971322686
48, 0.8455834567546879, 0.3948585821976974
49, 0.21645437150703617, 0.2563293752271776
50, 0.5386399597948818, 0.36838997351198177
51, 0.9486304547105769, 0.8993247090434687
52, 0.16619473456075784, 0.3465765378232428
53, 0.9923213559210254, 0.47469463751196384
54, 0.4306775476330307, 0.16545474900022183
55, 0.7150643697381733, 0.23184930799810255
56, 0.12719756550920147, 0.062269160055183015
57, 0.6455276988042841, 0.4776873103425373
58, 0.24849246164561223, 0.8691110624048121
59, 0.9722287705726165, 0.630756189273597
60, 0.23670012168247012, 0.21573997212187124
61, 0.817382552254991, 0.8516752066625397
62, 0.048921854380084784, 0.9445631987219986
63, 0.47534747531739285, 0.39195860741439725
64, 0.30429262838076154, 0.7911824644426128
65, 0.20600577627484773, 0.11180683725364338
66, 0.8310007250184334, 0.33531586068181984
67, 0.813249790763935, 0.5372505682943944
68, 0.20141619637166908, 0.2803719711666155
69, 0.24641749694810278, 0.18684646354140433
70, 0.9420107495228013, 0.49816851882111224
71, 0.3462041498152406, 0.6058522151628186
72, 0.7853867053442443, 0.31386309288588277
73, 0.9516398577588825, 0.05143539563132904
74, 0.22302441942820672, 0.3539116581299224
75, 0.04514716011364639, 0.31017447377497076
76, 0.01145835402108275, 0.7421312840361716
77, 0.10157916647078835, 0.9071141309194025
78, 0.5889273661407756, 0.1440960212361525
79, 0.023221554793221855, 0.7641548922768208
80, 0.543496579292281, 0.933465717851172
81, 0.861035222159033, 0.20694300978735447
82, 0.7146462368881945, 0.5126393563299374
83, 0.049753844636984956, 0.07607427810370693
84, 0.4474640839082187, 0.7449523609502311
85, 0.9851669957208411, 0.9428338065575865
86, 0.27768805745465286, 0.43509787625445384
87, 0.011484865007338363, 0.3502093551750447
88, 0.8314873940190699, 0.15273673496892104
89, 0.559508107177399, 0.15869099696655464
90, 0.7268132516307688, 0.8233492509204962
91, 0.5281137549649005, 0.1520952042194832
92, 0.1609710177337087, 0.40610768382481466
93, 0.5232841004328066, 0.7265268369203138
94, 0.2638297008103593, 0.9479655499493367
95, 0.11643930804608715, 0.8272460349716639
96, 0.5914250458032633, 0.8514886786821014
97, 0.17103614342956275, 0.21739385294599034
98, 0.35613902158534905, 0.11450849875122981
99, 0.2414990079798982, 0.07853972245073115
100, 0.5236981621536984, 0.8059762745095419
101, 0.947457566009114, 0.4682062894949415
102, 0.22629715221780256, 0.3994313564123332
103, 0.5235936692963852, 0.23564746262133096
104, 0.3287844117830846, 0.1083998070020028
105, 0.30219802141518415, 0.8787284259268147
106, 0.9106706783664212, 0.7180711537184304
107, 0.6854475704575337, 0.021036459439277122
108, 0.1521686925540916, 0.9614729418426788
109, 0.4199469477631588, 0.10362505513768994
110, 0.6355928229879327, 0.4563981139569089
111, 0.3153443220674381, 0.7465816061626336
112, 0.5111557092489649, 0.9711622227271215
113, 0.9555487822430314, 0.18423609717240874
114, 0.4391944732320143, 0.14342945453492806
115, 0.57661774521896, 0.8228108092794009
116, 0.12700238519807316, 0.0030872897289755397
117, 0.6631737083538243, 0.4613002575127626
118, 0.26156382644800047, 0.12448031636124568
119, 0.12165763549057429, 0.11475913398942927
120, 0.6103013337396449, 0.7854613477144888
121, 0.9996062222844825, 0.5621563646854834
122, 0.802892149376579, 0.980984760920444
123, 0.747846552441556, 0.3313687930722339
124, 0.9957474537149059, 0.6161277154487071
125, 0.5351886884525573, 0.28871711171500125
126, 0.9229394783305352, 0.34571377225848143
127, 0.5936755976532874, 0.5837385697234653
128, 0.04183320567515669, 0.6849872609028042
129, 0.7453469115136274, 0.9439058241817003
130, 0.027398188307627303, 0.26772333776850754
131, 0.44615753621485643, 0.6777494496404322
132, 0.8184962726317625, 0.8969534308078567
133, 0.7543583504917163, 0.7140457899109878
134, 0.6799655193698987, 0.5604559908786029
135, 0.5412576872488482, 0.4338354747411298
136, 0.6921876474126067, 0.5970845121211326
137, 0.8233415934323185, 0.005706125997886113
138, 0.4087746550285072, 0.37884999497266103
139, 0.6731269923425388, 0.9473623489883014
140, 0.5770660817771706, 0.3868857490938806
141, 0.37078912801852426, 0.48519186486539256
142, 0.5443665785509201, 0.43136957461450975
143, 0.7333707454709766, 0.6700845236966975
144, 0.12393784130573204, 0.4215027240107728
145, 0.6531463665683569, 0.8921805655562275
146, 0.3305459191023865, 0.27791038012686053
147, 0.2311531137703452, 0.35554296406275854
148, 0.29771090882221374, 0.6313820510383983
149, 0.5486126037705059, 0.41643080893100737
150, 0.15071273390661233, 0.4059184808566999
151, 0.20556616328529143, 0.6817202300142067
152, 0.7574166251385597, 0.33873216885091917
153, 0.4958650228196452, 0.3954798737772023
154, 0.9849217492880371, 0.15098544762901522
155, 0.3482542871921511, 0.7433807034464274
156, 0.9977590177125851, 0.8354359248121564
157, 0.5389768492429065, 0.47405328494837384
158, 0.18862721433108665, 0.9941002859431458
159, 0.5163502219039374, 0.7009230510200622
160, 0.9842764743267841, 0.3001256676312062
161, 0.6496508517884072, 0.6409648305275114
162, 0.8334076570116327, 0.9687670417814944
163, 0.4367938699902344, 0.9561569352240795
164, 0.13413980852691598, 0.8577519471775388
165, 0.5404474077186775, 0.06367851339597741
166, 0.38234639613511856, 0.3469617687243711
167, 0.05538604887675891, 0.23335326638464837
168, 0.7428850367109168, 0.22098299510786545
169, 0.7390719713276083, 0.6590568945082337
170, 0.3016117893783212, 0.6751575518330696
171, 0.20349582812776779, 0.4268522123409906
172, 0.2081844547534054, 0.06323154602306646
173, 0.4853902527106617, 0.6974896755548745
174, 0.5877726111152402, 0.4277831481086871
175, 0.7243058756915187, 0.3595927852471965
176, 0.57083757532955, 0.5150779181938074
177, 0.07171521843702944, 0.056803301606848766
178, 0.9256745912741212, 0.34679826906211586
179, 0.04560264717741791, 0.43209959007882004
180, 0.8371533615121772, 0.5655383512420817
181, 0.5271573486918959, 0.8012423597296698
182, 0.487278282643935, 0.9382555701368572
183, 0.39244790691315, 0.8932142269598948
184, 0.7942681456816465, 0.15514951038771485
185, 0.7010590839957954, 0.10176159980712718
186, 0.6178924458335497, 0.7660791899209087
187, 0.47727396146134915, 0.40559581632346076
188, 0.28197079513704537, 0.7514722398743936
189, 0.24464354927955312, 0.6720232160212688
190, 0.17893968691558226, 0.7109498648679221
191, 0.8477592342325279, 0.9475131267313329
192, 0.451841528677126, 0.9083916434027823
193, 0.8446240615603938, 0.5410410372084486
194, 0.4116070152759277, 0.6139910377166508
195, 0.7144679458093715, 0.9895253898374509
196, 0.6916928440913498, 0.09893376314990387
197, 0.047465507004092244, 0.22727584164068038
198, 0.15347587952705122, 0.7184195221179827
199, 0.5316921062880613, 0.13123031366758675
200, 0.5618022097388239, 0.055136136691370075
201, 0.21922291315800557, 0.9852167073797347
202, 0.3520521613708163, 0.6642865593626384
203, 0.5837425316040704, 0.8323759880327094
204, 0.48146640929594353, 0.7140294365877909
205, 0.003007415945117331, 0.8694429813459486
206, 0.3384158795058839, 0.4204294678721068
207, 0.3905927149139554, 0.8716640202677741
208, 0.18362801607145918, 0.9300166528778847
209, 0.8030247178985364, 0.7929721235720918
210, 0.23870226197054834, 0.07852609166777924
211, 0.5340270070464052, 0.2426787267603091
212, 0.9402835115737042, 0.7486011216720634
213, 0.3167665527141199, 0.8386548596371146
214, 0.8550551644473204, 0.8036239039379598
215, 0.5417331108532343, 0.32206961311503635
216, 0.41568818031278054, 0.8022087997502706
217, 0.14323974581243792, 0.5338787018307724
218, 0.7330125406781721, 0.8782009435403206
219, 0.6494736217119824, 0.07272589637131932
220, 0.5352537989909144, 0.39706983904587567
221, 0.3446529511156806, 0.6231503654691526
222, 0.9511090293396074, 0.8758939532115578
223, 0.21655023975974463, 0.8355493631852019
224, 0.225228869944881, 0.44089536643148486
225, 0.16647241338877217, 0.9470241663840764
226, 0.8638144775190649, 0.35736434693508234
227, 0.13011006769205635, 0.5550544291197728
228, 0.41216334248113873, 0.8551251273021018
229, 0.7423667292298207, 0.061658261255677194
230, 0.4165698244792708, 0.1416291905705246
231, 0.7081262814971977, 0.15671202754413804
232, 0.07020720457640339, 0.6488038038490468
233, 0.03615535812004134, 0.22611743506033788
234, 0.9115620780499455, 0.41939118582288604
235, 0.9513405164296487, 0.2648566899757294
236, 0.0749870647231331, 0.49557866405440554
237, 0.4666978232663792, 0.24320242751785837
238, 0.716007317873101, 0.7509289089560399
239, 0.5084615226988397, 0.7579845133927311
240, 0.4126012911635065, 0.21819794308689455
241, 0.6899176312702868, 0.29578399448877646
242, 0.11047503079901755, 0.9347575673257911
243, 0.5770894937664699, 0.40448952315576847
244, 0.7645739356190904, 0.30974184771041124
245, 0.8209616816551327, 0.2392788341005443
246, 0.24122570299665458, 0.5089374582388035
247, 0.95456179080023, 0.6852323537740851
248, 0.41384982997920516, 0.3326375787857444
249, 0.5769267130791655, 0.7458506185401966
250, 0.6825273398840919, 0.48348433472169916
251, 0.3114942667645968, 0.2600671194938613
252, 0.8565915629191517, 0.5904515898314825
253, 0.43900680758135746, 0.749850690719675
254, 0.22599874298603673, 0.8296150957134745
255, 0.6019376336728357, 0.5080537622764708
256, 0.2386149172117441, 0.8731554779162768
257, 0.9830728112748095, 0.6731340417556626
258, 0.17837607776857334, 0.9824462799108172
259, 0.8367351547698859, 0.17974947058681323
260, 0.7035797310351511, 0.9756137514586856
261, 0.5470503858917217, 0.0008015309949540583
262, 0.32507278378993576, 0.18738027299239757
263, 0.265619825511312, 0.6616514731010352
264, 0.8398596402917158, 0.7484952164141763
265, 0.900306204247807, 0.751131208292569
266, 0.23374542008608434, 0.2597001403178446
267, 0.2777060028723938, 0.32222963841539054
268, 0.02850457472096013, 0.38467823319074324
269, 0.8549908545523945, 0.5598716486874812
270, 0.19394869976376095, 0.6718113030022594
271, 0.23683264391974201, 0.3905331801761719
272, 0.7359101281063933, 0.519460004320724
273, 0.6185564374644534, 0.23914495449255968
274, 0.16241472346943275, 0.43641073892395077
275, 0.7788953230045709, 0.3052715428186348
276, 0.09490998265732731, 0.698207254106562
277, 0.1749277876373707, 0.22878180374791346
278, 0.37845754812831744, 0.9748430979239342
279, 0.21207514423506646, 0.24877978274730905
280, 0.4678868448428142, 0.891893014010488
281, 0.9854306631078035, 0.5526665294578925
282, 0.3584916646281744, 0.8108097874020839
283, 0.27225949259962046, 0.05490808642115752
284, 0.8448331147242767, 0.9206268425576359
285, 0.4239119053138187, 0.46223756545130035
286, 0.7094219977783067, 0.525689834419215
287, 0.29504599733968584, 0.6233938552107255
288, 0.15879808632474968, 0.8031759756116729
289, 0.2040671793570601, 0.6288554175889879
290, 0.6032251233252771, 0.455264117550477
291, 0.7720722676627712, 0.29216499950168573
292, 0.20599438316223895, 0.9128596349963253
293, 0.37798942520455603, 0.7793514470978568
294, 0.7392642736568081, 0.1309032774978406
295, 0.7433389133214153, 0.7553124048843164
296, 0.06393866271189386, 0.17280956871399256
297, 0.4958923199751044, 0.12189267394909697
298, 0.8466440589784385, 0.4755843521051434
299, 0.7037586775168108, 0.9991064648842121
300, 0.27672068296480734, 0.08284966336308242
301, 0.26326712111116635, 0.8606537125398663
302, 0.519205714655374, 0.9312223616553968
303, 0.5371036995426944, 0.45733294899104804
304, 0.7194722031698492, 0.27038254061864586
305, 0.9481153472357174, 0.38456779498980065
306, 0.257431358367483, 0.9046602766941182
307, 0.6083027789009235, 0.1889867313009571
308, 0.31062683492337806, 0.8821317268503462
309, 0.9734494915676475, 0.00911943753321487
310, 0.5181623914456047, 0.16687113795503272
311, 0.592088792429514, 0.4855163497824718
312, 0.9255953502896318, 0.7959738043174043
313, 0.668750155276808, 0.18962804651644638
314, 0.5489893148196735, 0.49597732255906835
315, 0.2850533796940814, 0.4725512419192711
316, 0.02681696858526994, 0.757452006462537
317, 0.09772996605932738, 0.2949527768786422
318, 0.18432125041256708, 0.5974259723315269
319, 0.3145277590287522, 0.976934597811337
320, 0.17035918629874813, 0.1651352203850195
321, 0.2125860093798142, 0.28858627427881545
322, 0.6838920168115722, 0.02887433442760412
323, 0.5485685897733708, 0.6563947943649504
324, 0.008846043098875378, 0.07776861589703121
325, 0.009145977693474139, 0.6581968623866278
326, 0.03451614321883312, 0.06463230922094276
327, 0.38169190894915916, 0.6716749104315177
328, 0.42446884622230563, 0.44707227739682
329, 0.31804359644944846, 0.2224731377727044
330, 0.5465812300364723, 0.6919329829241954
331, 0.3602544532195996, 0.7425601249302708
332, 0.5306015437519268, 0.33786405986343515
333, 0.6867057858735179, 0.45483984578821557
334, 0.6780939118793765, 0.7117415119689047
335, 0.18364994959838443, 0.2864459538325179
336, 0.33073056327315176, 0.8923287012088446
337, 0.10386509379206743, 0.3223594953469805
338, 0.05342752260383232, 0.9906076429233109
339, 0.08867339336442248, 0.9269373405173312
340, 0.49220939633901684, 0.55341527755262
341, 0.11478015781452744, 0.35586184971752066
342, 0.8622240102017427, 0.6467604217575622
343, 0.76199372870127, 0.22352122905093585
344, 0.9958945495376919, 0.38291736381762564
345, 0.6567775631556857, 0.6855672730558975
346, 0.46480281086097597, 0.9731476846708397
347, 0.8662705949646176, 0.17224331874926235
348, 0.6929966156166686, 0.5061916936142037
349, 0.3061490390882632, 0.4427865338299052
350, 0.8611043123811083, 0.7751134504306038
351, 0.6683986035587596, 0.4635639750837288
352, 0.36512055796216614, 0.41437125116224927
353, 0.12451594572555047, 0.010636499445128678
354, 0.1552233564613642, 0.18253713922859416
355, 0.5522176929919839, 0.23276607611223876
356, 0.7803073453713597, 0.4483047351651851
357, 0.02571899443172332, 0.6518086857640704
358, 0.22396595384826512, 0.9764459179036932
359, 0.04473032563330748, 0.8923776456445524
360, 0.8076628859477021, 0.25195691665519093
361, 0.15922066448710726, 0.8586879019725527
362, 0.5108222484526596, 0.5127889053693641
363, 0.6882600736366267, 0.22902686976729247
364, 0.834362860310292, 0.7723737737985991
365, 0.7221011261290525, 0.9973933984151582
366, 0.7330251995762871, 0.5852693626748402
367, 0.6906928075282932, 0.32515791830489604
368, 0.8307005979978996, 0.3427008980399706
369, 0.22280169903604885, 0.2533806752997806
370, 0.604080657378912, 0.5486301591283128
371, 0.6093792688394154, 0.30639661811041075
372, 0.655886973253299, 0.04834002348324995
373, 0.27815006367511574, 0.8736500138512404
374, 0.6315261549312742, 0.28954005179871856
375, 0.13830664050351105, 0.3488423741723685
376, 0.7509946843962163, 0.9251243727083257
377, 0.6336057821767431, 0.5771997060913574
378, 0.9640910536036712, 0.8949724105039185
379, 0.39315221745818063, 0.6133703668124477
380, 0.9013461180120436, 0.9329452563683996
381, 0.5791255834996478, 0.6759608970168514
382, 0.8228397172573225, 0.5547718569043365
383, 0.3015138109318398, 0.38836440293674157
384, 0.2633699100427651, 0.8795178280571838
385, 0.04898972206854746, 0.9754754834127708
386, 0.116395039392853, 0.5878916250761113
387, 0.06033276388234343, 0.5129094023076641
388, 0.6512175043905828, 0.06233294155153657
389, 0.35474993930843424, 0.41764278717169034
390, 0.7820506835414641, 0.6405924153937954
391, 0.029378278688102277, 0.5078858124905368
392, 0.17565658938291706, 0.6882063301482356
393, 0.8752775410518909, 0.1342124163716072
394, 0.1268177465039565, 0.7492180388291874
395, 0.08754099847380803, 0.40387465796168065
396, 0.7645338508517212, 0.925156605067183
397, 0.15658236901786626, 0.04447067877036914
398, 0.7498561875948135, 0.9416960726311168
399, 0.9229258270222314, 0.406968577291803
400, 0.20411102122660896, 0.3453651062219286
401, 0.1355884581239596, 0.6033757467046248
402, 0.3272827947162088, 0.02663637748019565
403, 0.11460754436651877, 0.9334288819966935
404, 0.3803031572335419, 0.6261978095882771
405, 0.7825793332063268, 0.5002847597425324
406, 0.6710100093837161, 0.43747459597695526
407, 0.6953444790543704, 0.10409074308817623
408, 0.75949531716503, 0.4769565343144587
409, 0.15544582888924818, 0.4171128613005969
410, 0.8012202053530632, 0.7476253342998244
411, 0.44400125245309385, 0.9245665582751
412, 0.469706396620886, 0.2542202007676353
413, 0.8689941149004268, 0.8940872288697401
414, 0.6518948573239493, 0.49700426530629893
415, 0.9461185919490932, 0.08352078902733384
416, 0.66567701628945, 0.500176064408737
417, 0.857874807529797, 0.7686766276841941
418, 0.7148951308789931, 0.42820029691874495
419, 0.4780830057131118, 0.91518097740187
420, 0.40966732760400726, 0.9840904409784199
421, 0.09056039610419808, 0.11664906104604944
422, 0.7283946520035818, 0.09899265953111558
423, 0.042942700587422555, 0.08505958346424414
424, 0.8987336888857066, 0.5295187534461863
425, 0.889808075842882, 0.6641512975908659
426, 0.847135403513008, 0.817538539453522
427, 0.7725512598302229, 0.062388635066229825
428, 0.11597233221038572, 0.8448495944604328
429, 0.6837733113925419, 0.9051894450170974
430, 0.505125625487509, 0.9501696599069813
431, 0.7857486354146295, 0.004792462390072583
432, 0.18289008238604765, 0.8245600800186368
433, 0.6934776123260017, 0.4508238211850244
434, 0.6125733303284057, 0.16528180721313857
435, 0.12109737832023271, 0.16575458108134922
436, 0.9143237218772363, 0.6952193432092413
437, 0.5329391142119584, 0.36338915827282525
438, 0.05352899754064622, 0.8468149991923993
439, 0.0011915750821024362, 0.44591489186892563
440, 0.2630954541610141, 0.45658577772186437
441, 0.0687010931044919, 0.6821694150400731
442, 0.7847986967395733, 0.9117838266947897
443, 0.2920998021678999, 0.8436433469237496
444, 0.9437391442066003, 0.9512509221983826
445, 0.22466860463350735, 0.5729408355593122
446, 0.9514689981869902, 0.6818658343269085
447, 0.08890604205909003, 0.9830643027852396
448, 0.8831876343500612, 0.14919827822277376
449, 0.6290788104089918, 0.172379660542181
450, 0.6386107955730776, 0.8477069509842456
451, 0.5218128585461718, 0.6540862226820513
452, 0.3769098206526039, 0.21070260634272808
453, 0.38637216766914095, 0.3402943831752041
454, 0.16823947388379856, 0.11696982282121582
455, 0.5390716394365471, 0.3434334487719982
456, 0.23077111183972365, 0.6118163182051617
457, 0.09156042154665966, 0.02558797866184792
458, 0.7933078272227563, 0.6392135569742736
459, 0.0406777817074071, 0.7626468208226627
460, 0.916475591999378, 0.19267083178180355
461, 0.18527979440556175, 0.8000445123645956
462, 0.26421634811979977, 0.947747076688387
463, 0.19339299482231798, 0.7050820389881158
464, 0.41433175609406947, 0.7670018498905328
465, 0.800912520609122, 0.5701001272925875
466, 0.41953695791523127, 0.509191922511335
467, 0.33124560446019724, 0.8583045457313535
468, 0.8833423750649874, 0.272514390067078
469, 0.9926963443356063, 0.5577409454950303
470, 0.4157603046217585, 0.32758141303394983
471, 0.809456462857625, 0.7107445855775684
472, 0.19404092571950082, 0.435636275534137
473, 0.5850081019057446, 0.8816636218185447
474, 0.5263423330872717, 0.05905690588404211
475, 0.4142980143681644, 0.18676364870216344
476, 0.5259249529201732, 0.17243300552421004
477, 0.1787698760798715, 0.061850799499290954
478, 0.3930583855968457, 0.7932497703470056
479, 0.6946474632350786, 0.44201450399780706
480, 0.6489583606458854, 0.48863526794148826
481, 0.6154840135988765, 0.5584114292224404
482, 0.17367829708224647, 0.339054272118571
483, 0.7455481812556611, 0.7774309107706995
484, 0.42621758302109447, 0.26769276698449285
485, 0.27630194243790684, 0.20665461343664837
486, 0.7184867459980917, 0.11803597660245846
487, 0.14498841779797345, 0.8872144800038225
488, 0.033578523672382454, 0.288054500251958
489, 0.9687304959137449, 0.47521312181914777
490, 0.886284120209949, 0.6488775843603035
491, 0.5149283883349882, 0.45580500375639244
492, 0.9097809715736931, 0.35443023812775254
493, 0.6148047324231614, 0.8331232993292532
494, 0.8687319376702539, 0.7389501701512616
495, 0.4935435525110271, 0.8515027443707556
496, 0.4335834599600268, 0.6817715935545937
497, 0.9276218746802485, 0.5476762099837436
498, 0.42466163611214913, 0.5443169721549902
499, 0.563938291348841, 0.5968164128794725
500, 0.694965694490649, 0.6187306471092876
501, 0.2693487144097402, 0.7987411903389408
502, 0.7536708823758232, 0.9797804157473208
503, 0.20035376760208956, 0.5857403264904132
504, 0.38233447275939736, 0.16403709820010093
505, 0.20134484627583127, 0.26888018853639606
506, 0.3203673378940418, 0.15296659691211412
507, 0.4044014662083293, 0.7494032726693292
508, 0.4643153712441248, 0.8558352537739214
509, 0.5470696611642126, 0.13583869464493015
510, 0.151633419207295, 0.054110376973341534
511, 0.8593310431783815, 0.9532210947781847
512, 0.38225180474410936, 0.688716348859858
513, 0.36168456161937745, 0.7686795769445975
514, 0.8713585994042871, 0.41565230724683344
515, 0.9552419657286045, 0.6709439006868037
516, 0.12349324577413467, 0.12441208369372891
517, 0.7092025114727362, 0.8510842152938255
518, 0.8909103926808413, 0.19604910928113484
519, 0.6597013002642389, 0.30605259401651586
520, 0.9985633329772917, 0.840340916072662
521, 0.5887415435150813, 0.0028811039685039397
522, 0.22106279656596317, 0.3474986167227173
523, 0.6736572582726262, 0.37538413378843216
524, 0.1673607965920123, 0.630547194132032
525, 0.07965645017310707, 0.2493183288007037
526, 0.8005208641856228, 0.5685423525229321
527, 0.1401610795981929, 0.9491453569180108
528, 0.9867043989528944, 0.22843071779073842
529, 0.47097083867986245, 0.3170292517542095
530, 0.8575384467314278, 0.2771489161283728
531, 0.020260828045121526, 0.7651652201299431
532, 0.6933129417483268, 0.3570691033943699
533, 0.16710385276328266, 0.603698730136604
534, 0.3080263486015412, 0.4771325477788112
535, 0.3124620964343192, 0.7462917256608077
536, 0.21932871324833136, 0.5334171295543201
537, 0.6158617520288793, 0.7963985418898557
538, 0.6058391733008642, 0.7558179790111513
539, 0.466604975444853, 0.2025313667971167
540, 0.728426438623097, 0.9428570562441732
541, 0.7424658558627661, 0.09730673665559886
542, 0.14218310003079282, 0.28854418916209146
543, 0.7016659628656081, 0.08467665744248032
544, 0.02450814228289455, 0.09480944320957696
545, 0.5335434682573226, 0.8644842368052839
546, 0.6359721149511909, 0.6192163640794026
547, 0.604343199541181, 0.09331063290151642
548, 0.4474556928449295, 0.2337000655376602
549, 0.39036949043419156, 0.012039111976999917
550, 0.879326444907895, 0.34682783439039255
551, 0.023754993357054333, 0.5402751538067277
552, 0.11646772237440561, 0.20826120360453138
553, 0.27904411225658066, 0.929371596875838
554, 0.8623650753742423, 0.6060733641895709
555, 0.29321535646106067, 0.010142369775680171
556, 0.08934201914620732, 0.32811211652020233
557, 0.8384521857545942, 0.145666527024506
558, 0.9788404250010575, 0.9543077174834153
559, 0.09871582744088803, 0.06840618401096576
560, 0.8029311073824343, 0.04863378430049192
561, 0.766648745172613, 0.5622879765995044
562, 0.6586470469975895, 0.7091184500110812
563, 0.41068460178508936, 0.40271629017445865
564, 0.09363623800835763, 0.24946277140628248
565, 0.8732974481054064, 0.21435836837783662
566, 0.05929563587353137, 0.15527676263380907
567, 0.28131313318958306, 0.03109123256343993
568, 0.4052798803500397, 0.9173913842287617
569, 0.5943459015145908, 0.0864195563047585
570, 0.9820220877584046, 0.27617680148674995
571, 0.7856981870936037, 0.9569786906856973
572, 0.5295448555143151, 0.3483596012930156
573, 0.7465992654443354, 0.8933084797740386
574, 0.5734490351354337, 0.2866792777280007
575, 0.8864603155550312, 0.6005478237187463
576, 0.20708820109285897, 0.3861533607322022
577, 0.5181284461641954, 0.03388765598016363
578, 0.07700711347225131, 0.7070080791291228
579, 0.44767016866040477, 0.7910453778036205
end_nodes
0, 1
0, 2
0, 3
0, 4
0, 5
0, 6
0, 7
0, 8
0, 9
0, 10
0, 11
0, 12
0, 13
0, 14
0, 15
0, 16
0, 17
0, 18
0, 19
0, 20
0, 21
0, 22
0, 23
0, 24
26, 13
26, 19
26, 24
26, 25
26, 32
26, 42
26, 47
26, 49
26, 56
26, 60
26, 65
26, 69
26, 83
26, 97
26, 98
26, 99
26, 104
26, 116
26, 118
26, 119
26, 130
26, 167
26, 172
26, 177
28, 62
28, 108
28, 158
28, 208
28, 225
28, 242
28, 258
28, 292
28, 306
28, 338
28, 358
28, 385
28, 403
28, 447
28, 527
29, 7
29, 9
29, 17
29, 18
29, 27
29, 37
29, 40
29, 41
29, 62
29, 64
29, 76
29, 77
29, 79
29, 95
29, 111
29, 128
29, 148
29, 151
29, 155
29, 164
29, 170
29, 188
29, 189
29, 190
30, 1
30, 2
30, 3
30, 4
30, 5
30, 6
30, 7
30, 8
30, 9
30, 11
30, 12
30, 13
30, 14
30, 15
30, 16
30, 17
30, 18
30, 19
30, 22
30, 23
30, 24
30, 25
30, 27
30, 32
31, 1
31, 2
31, 3
31, 4
31, 5
31, 6
31, 7
31, 8
31, 9
31, 10
31, 11
31, 12
31, 13
31, 14
31, 15
31, 16
31, 17
31, 18
31, 19
31, 20
31, 21
31, 22
31, 23
31, 24
33, 1
33, 2
33, 3
33, 4
33, 5
33, 6
33, 7
33, 8
33, 9
33, 10
33, 11
33, 12
33, 13
33, 14
33, 15
33, 16
33, 17
33, 18
33, 19
33, 20
33, 21
33, 22
33, 23
33, 24
34, 17
34, 62
34, 77
34, 242
34, 256
34, 338
34, 339
34, 385
34, 403
34, 447
34, 487
34, 527
35, 1
35, 2
35, 3
35, 4
35, 5
35, 6
35, 7
35, 8
35, 9
35, 10
35, 11
35, 12
35, 13
35, 14
35, 15
35, 16
35, 17
35, 18
35, 19
35, 20
35, 21
35, 22
35, 23
35, 24
36, 7
36, 9
36, 27
36, 179
36, 217
36, 227
36, 236
36, 386
36, 387
36, 391
36, 439
36, 536
36, 551
38, 13
38, 19
38, 24
38, 25
38, 32
38, 42
38, 47
38, 49
38, 54
38, 56
38, 60
38, 65
38, 68
38, 69
38, 75
38, 83
38, 97
38, 98
38, 99
38, 104
38, 109
38, 114
38, 116
38, 118
39, 1
39, 2
39, 3
39, 4
39, 5
39, 6
39, 7
39, 8
39, 9
39, 10
39, 11
39, 12
39, 13
39, 14
39, 15
39, 16
39, 17
39, 18
39, 19
39, 20
39, 21
39, 22
39, 23
39, 24
43, 17
43, 58
43, 62
43, 64
43, 76
43, 77
43, 79
43, 94
43, 95
43, 105
43, 108
43, 158
43, 164
43, 201
43, 205
43, 207
43, 208
43, 223
43, 225
43, 242
43, 254
43, 256
43, 258
43, 288
44, 1
44, 2
44, 3
44, 4
44, 5
44, 6
44, 7
44, 8
44, 9
44, 10
44, 11
44, 12
44, 13
44, 14
44, 15
44, 16
44, 17
44, 18
44, 19
44, 20
44, 21
44, 22
44, 23
44, 24
45, 1
45, 2
45, 3
45, 4
45, 5
45, 6
45, 7
45, 8
45, 9
45, 10
45, 11
45, 12
45, 13
45, 14
45, 15
45, 16
45, 17
45, 18
45, 19
45, 20
45, 21
45, 22
45, 23
45, 24
46, 13
46, 25
46, 32
46, 42
46, 56
46, 65
46, 83
46, 98
46, 99
46, 104
46, 109
46, 114
46, 116
46, 118
46, 172
46, 177
46, 210
46, 230
46, 283
46, 300
46, 324
46, 326
46, 353
46, 397
48, 2
48, 3
48, 4
48, 5
48, 6
48, 7
48, 8
48, 9
48, 11
48, 12
48, 13
48, 14
48, 15
48, 17
48, 18
48, 19
48, 22
48, 24
48, 25
48, 27
48, 32
48, 37
48, 40
48, 41
50, 3
50, 9
50, 13
50, 14
50, 19
50, 24
50, 25
50, 32
50, 42
50, 47
50, 49
50, 52
50, 54
50, 56
50, 60
50, 65
50, 68
50, 69
50, 74
50, 75
50, 83
50, 86
50, 87
50, 92
51, 1
51, 2
51, 3
51, 4
51, 5
51, 6
51, 7
51, 8
51, 9
51, 11
51, 12
51, 13
51, 14
51, 15
51, 16
51, 17
51, 18
51, 19
51, 22
51, 23
51, 24
51, 25
51, 27
51, 32
53, 1
53, 2
53, 3
53, 4
53, 5
53, 6
53, 7
53, 8
53, 9
53, 10
53, 11
53, 12
53, 13
53, 14
53, 15
53, 16
53, 17
53, 18
53, 19
53, 20
53, 21
53, 22
53, 23
53, 24
55, 13
55, 19
55, 24
55, 25
55, 32
55, 42
55, 54
55, 56
55, 60
55, 65
55, 69
55, 78
55, 83
55, 89
55, 91
55, 97
55, 98
55, 99
55, 104
55, 107
55, 109
55, 114
55, 116
55, 118
57, 3
57, 7
57, 9
57, 12
57, 13
57, 14
57, 17
57, 18
57, 19
57, 24
57, 25
57, 27
57, 32
57, 37
57, 40
57, 41
57, 42
57, 47
57, 49
57, 52
57, 54
57, 56
57, 60
57, 63
59, 1
59, 2
59, 3
59, 4
59, 5
59, 6
59, 7
59, 8
59, 9
59, 10
59, 11
59, 12
59, 13
59, 14
59, 15
59, 16
59, 17
59, 18
59, 19
59, 20
59, 21
59, 22
59, 23
59, 24
61, 1
61, 2
61, 3
61, 4
61, 5
61, 6
61, 7
61, 8
61, 9
61, 11
61, 12
61, 13
61, 14
61, 15
61, 16
61, 17
61, 18
61, 19
61, 21
61, 22
61, 23
61, 24
61, 25
61, 27
66, 3
66, 4
66, 6
66, 7
66, 8
66, 9
66, 11
66, 12
66, 13
66, 14
66, 15
66, 18
66, 19
66, 22
66, 24
66, 25
66, 27
66, 32
66, 37
66, 40
66, 41
66, 42
66, 47
66, 49
67, 1
67, 2
67, 3
67, 4
67, 5
67, 6
67, 7
67, 8
67, 9
67, 10
67, 11
67, 12
67, 13
67, 14
67, 15
67, 17
67, 18
67, 19
67, 22
67, 24
67, 25
67, 27
67, 32
67, 37
70, 1
70, 2
70, 3
70, 4
70, 5
70, 6
70, 7
70, 8
70, 9
70, 10
70, 11
70, 12
70, 13
70, 14
70, 15
70, 16
70, 17
70, 18
70, 19
70, 20
70, 21
70, 22
70, 23
70, 24
71, 7
71, 9
71, 27
71, 37
71, 40
71, 76
71, 79
71, 128
71, 148
71, 151
71, 198
71, 217
71, 227
71, 232
71, 236
71, 270
71, 276
71, 287
71, 289
71, 316
71, 318
71, 325
71, 357
71, 386
72, 3
72, 4
72, 7
72, 8
72, 9
72, 12
72, 13
72, 14
72, 15
72, 19
72, 24
72, 25
72, 27
72, 32
72, 42
72, 47
72, 49
72, 52
72, 54
72, 56
72, 60
72, 63
72, 65
72, 68
81, 4
81, 6
81, 11
81, 15
81, 22
81, 25
81, 42
81, 88
81, 107
81, 116
81, 137
81, 165
81, 184
81, 185
81, 196
81, 200
81, 219
81, 229
81, 231
81, 259
81, 261
81, 283
81, 294
81, 322
82, 3
82, 7
82, 9
82, 12
82, 13
82, 14
82, 17
82, 18
82, 19
82, 24
82, 25
82, 27
82, 32
82, 37
82, 40
82, 41
82, 42
82, 47
82, 49
82, 52
82, 54
82, 56
82, 58
82, 60
84, 17
84, 18
84, 58
84, 62
84, 64
84, 76
84, 77
84, 79
84, 95
84, 105
84, 108
84, 111
84, 128
84, 155
84, 158
84, 164
84, 188
84, 190
84, 198
84, 205
84, 208
84, 223
84, 225
84, 242
85, 1
85, 2
85, 3
85, 4
85, 5
85, 6
85, 7
85, 8
85, 9
85, 11
85, 12
85, 14
85, 15
85, 16
85, 17
85, 18
85, 19
85, 22
85, 23
85, 24
85, 25
85, 27
85, 32
85, 37
90, 1
90, 2
90, 3
90, 4
90, 5
90, 6
90, 7
90, 8
90, 10
90, 11
90, 12
90, 14
90, 15
90, 16
90, 17
90, 18
90, 21
90, 22
90, 23
90, 25
90, 27
90, 32
90, 37
90, 40
93, 1
93, 17
93, 18
93, 27
93, 40
93, 41
93, 58
93, 62
93, 64
93, 76
93, 77
93, 79
93, 94
93, 95
93, 105
93, 108
93, 111
93, 128
93, 151
93, 155
93, 158
93, 164
93, 170
93, 188
96, 2
96, 112
96, 163
96, 182
96, 192
96, 278
96, 302
96, 319
96, 346
96, 411
96, 419
96, 420
96, 430
100, 2
100, 58
100, 62
100, 77
100, 94
100, 95
100, 105
100, 108
100, 158
100, 164
100, 183
100, 201
100, 205
100, 207
100, 208
100, 223
100, 225
100, 242
100, 254
100, 256
100, 258
100, 278
100, 292
100, 301
101, 1
101, 2
101, 3
101, 4
101, 5
101, 6
101, 8
101, 10
101, 11
101, 12
101, 14
101, 15
101, 16
101, 18
101, 20
101, 21
101, 22
101, 23
101, 25
101, 27
101, 32
101, 37
101, 40
101, 41
103, 25
103, 32
103, 42
103, 54
103, 56
103, 60
103, 65
103, 69
103, 83
103, 97
103, 98
103, 99
103, 104
103, 109
103, 114
103, 116
103, 118
103, 119
103, 167
103, 172
103, 177
103, 197
103, 210
103, 230
106, 1
106, 2
106, 3
106, 4
106, 5
106, 6
106, 8
106, 10
106, 11
106, 12
106, 14
106, 15
106, 16
106, 20
106, 21
106, 22
106, 23
106, 25
106, 27
106, 32
106, 37
106, 40
106, 41
106, 42
110, 12
110, 25
110, 27
110, 32
110, 37
110, 40
110, 42
110, 47
110, 49
110, 52
110, 54
110, 56
110, 60
110, 63
110, 65
110, 68
110, 69
110, 74
110, 75
110, 76
110, 79
110, 83
110, 86
110, 87
113, 5
113, 23
113, 73
113, 309
113, 415
115, 2
115, 62
115, 77
115, 94
115, 105
115, 108
115, 158
115, 163
115, 182
115, 183
115, 192
115, 201
115, 207
115, 208
115, 225
115, 242
115, 258
115, 278
115, 280
115, 292
115, 306
115, 308
115, 319
115, 336
117, 25
117, 27
117, 32
117, 37
117, 40
117, 41
117, 42
117, 47
117, 49
117, 52
117, 54
117, 56
117, 60
117, 63
117, 65
117, 68
117, 69
117, 74
117, 75
117, 76
117, 78
117, 79
117, 83
117, 86
120, 2
120, 58
120, 62
120, 64
120, 76
120, 77
120, 79
120, 94
120, 95
120, 105
120, 108
120, 158
120, 163
120, 164
120, 182
120, 183
120, 188
120, 192
120, 201
120, 205
120, 207
120, 208
120, 223
120, 225
121, 1
121, 2
121, 4
121, 5
121, 6
121, 8
121, 10
121, 11
121, 15
121, 16
121, 20
121, 21
121, 22
121, 23
121, 25
121, 27
121, 32
121, 37
121, 40
121, 41
121, 42
121, 47
121, 49
121, 52
122, 1
122, 4
122, 5
122, 6
122, 8
122, 11
122, 15
122, 16
122, 22
122, 23
122, 25
122, 27
122, 32
122, 37
122, 40
122, 41
122, 42
122, 47
122, 49
122, 52
122, 54
122, 56
122, 58
122, 60
123, 27
123, 32
123, 37
123, 42
123, 47
123, 49
123, 52
123, 54
123, 56
123, 60
123, 63
123, 65
123, 68
123, 69
123, 74
123, 75
123, 78
123, 83
123, 86
123, 87
123, 89
123, 91
123, 92
123, 97
124, 1
124, 5
124, 6
124, 8
124, 10
124, 11
124, 16
124, 20
124, 21
124, 22
124, 23
124, 27
124, 32
124, 37
124, 40
124, 41
124, 42
124, 47
124, 49
124, 52
124, 54
124, 56
124, 58
124, 60
125, 42
125, 47
125, 49
125, 54
125, 56
125, 60
125, 65
125, 68
125, 69
125, 75
125, 83
125, 87
125, 97
125, 98
125, 99
125, 104
125, 109
125, 114
125, 116
125, 118
125, 119
125, 130
125, 146
125, 167
126, 5
126, 10
126, 16
126, 20
126, 21
126, 23
126, 27
126, 37
126, 40
126, 41
126, 42
126, 47
126, 49
126, 52
126, 54
126, 56
126, 58
126, 60
126, 62
126, 63
126, 64
126, 65
126, 68
126, 69
127, 37
127, 40
127, 41
127, 47
127, 49
127, 52
127, 56
127, 58
127, 60
127, 62
127, 64
127, 65
127, 68
127, 69
127, 74
127, 75
127, 76
127, 77
127, 79
127, 83
127, 86
127, 87
127, 92
127, 95
129, 1
129, 16
129, 23
129, 37
129, 40
129, 41
129, 42
129, 47
129, 49
129, 52
129, 54
129, 56
129, 58
129, 60
129, 62
129, 63
129, 64
129, 65
129, 68
129, 69
129, 73
129, 74
129, 75
129, 76
131, 40
131, 41
131, 62
131, 64
131, 76
131, 77
131, 79
131, 95
131, 111
131, 128
131, 148
131, 151
131, 155
131, 164
131, 170
131, 188
131, 189
131, 190
131, 198
131, 202
131, 205
131, 223
131, 227
131, 232
132, 1
132, 16
132, 23
132, 37
132, 40
132, 41
132, 42
132, 47
132, 49
132, 52
132, 54
132, 56
132, 58
132, 60
132, 62
132, 63
132, 64
132, 65
132, 68
132, 69
132, 73
132, 74
132, 75
132, 76
133, 10
133, 37
133, 40
133, 41
133, 42
133, 47
133, 49
133, 52
133, 54
133, 56
133, 58
133, 60
133, 62
133, 63
133, 64
133, 65
133, 68
133, 69
133, 74
133, 75
133, 76
133, 77
133, 78
133, 79
134, 37
134, 40
134, 41
134, 42
134, 47
134, 49
134, 52
134, 54
134, 56
134, 58
134, 60
134, 62
134, 63
134, 64
134, 65
134, 68
134, 69
134, 74
134, 75
134, 76
134, 77
134, 79
134, 83
134, 86
135, 37
135, 47
135, 49
135, 52
135, 56
135, 60
135, 63
135, 65
135, 68
135, 69
135, 74
135, 75
135, 83
135, 86
135, 87
135, 92
135, 97
135, 98
135, 99
135, 102
135, 104
135, 116
135, 118
135, 119
136, 40
136, 41
136, 47
136, 49
136, 52
136, 54
136, 56
136, 58
136, 60
136, 62
136, 63
136, 64
136, 65
136, 68
136, 69
136, 74
136, 75
136, 76
136, 77
136, 78
136, 79
136, 83
136, 86
136, 87
139, 16
139, 40
139, 41
139, 47
139, 49
139, 52
139, 54
139, 56
139, 58
139, 60
139, 62
139, 63
139, 64
139, 65
139, 68
139, 69
139, 73
139, 74
139, 75
139, 76
139, 77
139, 78
139, 79
139, 80
140, 47
140, 49
140, 52
140, 54
140, 60
140, 63
140, 65
140, 68
140, 69
140, 74
140, 75
140, 83
140, 86
140, 87
140, 92
140, 97
140, 98
140, 99
140, 102
140, 104
140, 109
140, 114
140, 116
140, 118
141, 52
141, 75
141, 86
141, 87
141, 92
141, 102
141, 130
141, 144
141, 150
141, 167
141, 171
141, 179
141, 197
141, 217
141, 224
141, 227
141, 233
141, 236
141, 246
141, 268
141, 271
141, 274
141, 315
141, 317
142, 52
142, 63
142, 65
142, 68
142, 69
142, 74
142, 75
142, 83
142, 86
142, 87
142, 92
142, 97
142, 98
142, 99
142, 102
142, 104
142, 116
142, 118
142, 119
142, 130
142, 138
142, 144
142, 146
142, 147
143, 10
143, 41
143, 52
143, 54
143, 58
143, 62
143, 63
143, 64
143, 65
143, 68
143, 69
143, 74
143, 75
143, 76
143, 77
143, 78
143, 79
143, 80
143, 83
143, 86
143, 87
143, 89
143, 91
143, 92
149, 52
149, 63
149, 65
149, 68
149, 69
149, 74
149, 75
149, 83
149, 86
149, 87
149, 92
149, 97
149, 98
149, 99
149, 102
149, 104
149, 116
149, 118
149, 119
149, 130
149, 138
149, 144
149, 146
149, 147
152, 54
152, 63
152, 68
152, 69
152, 74
152, 75
152, 78
152, 83
152, 86
152, 87
152, 89
152, 91
152, 92
152, 97
152, 98
152, 99
152, 102
152, 104
152, 107
152, 109
152, 114
152, 116
152, 118
152, 119
153, 63
153, 68
153, 69
153, 74
153, 75
153, 83
153, 86
153, 87
153, 92
153, 97
153, 99
153, 102
153, 116
153, 118
153, 119
153, 130
153, 138
153, 144
153, 146
153, 147
153, 150
153, 166
153, 167
153, 171
156, 10
156, 21
156, 41
156, 54
156, 58
156, 62
156, 63
156, 64
156, 68
156, 73
156, 74
156, 75
156, 76
156, 77
156, 78
156, 79
156, 80
156, 83
156, 86
156, 87
156, 88
156, 89
156, 91
156, 92
157, 63
157, 68
157, 74
157, 75
157, 76
157, 83
157, 86
157, 87
157, 92
157, 97
157, 99
157, 102
157, 116
157, 118
157, 119
157, 128
157, 130
157, 138
157, 144
157, 146
157, 147
157, 150
157, 166
157, 167
159, 41
159, 58
159, 62
159, 64
159, 76
159, 77
159, 79
159, 94
159, 95
159, 105
159, 108
159, 111
159, 128
159, 148
159, 151
159, 155
159, 158
159, 164
159, 170
159, 173
159, 188
159, 189
159, 190
159, 198
160, 10
160, 20
160, 21
160, 58
160, 62
160, 63
160, 64
160, 73
160, 74
160, 75
160, 76
160, 77
160, 78
160, 79
160, 80
160, 83
160, 86
160, 87
160, 88
160, 89
160, 91
160, 92
160, 94
160, 95
161, 58
161, 62
161, 63
161, 64
161, 74
161, 76
161, 77
161, 79
161, 83
161, 86
161, 87
161, 92
161, 94
161, 95
161, 97
161, 98
161, 99
161, 102
161, 104
161, 105
161, 108
161, 111
161, 116
161, 118
162, 58
162, 62
162, 63
162, 64
162, 73
162, 74
162, 76
162, 77
162, 78
162, 79
162, 80
162, 86
162, 87
162, 88
162, 89
162, 91
162, 92
162, 94
162, 95
162, 97
162, 98
162, 99
162, 102
162, 104
168, 78
168, 89
168, 91
168, 98
168, 99
168, 104
168, 107
168, 109
168, 114
168, 116
168, 118
168, 119
168, 165
168, 172
168, 177
168, 185
168, 196
168, 199
168, 200
168, 210
168, 219
168, 229
168, 230
168, 231
169, 10
169, 58
169, 64
169, 74
169, 76
169, 77
169, 78
169, 79
169, 80
169, 86
169, 87
169, 89
169, 91
169, 92
169, 94
169, 95
169, 97
169, 98
169, 99
169, 102
169, 104
169, 105
169, 107
169, 108
174, 86
174, 87
174, 92
174, 97
174, 98
174, 99
174, 102
174, 104
174, 109
174, 114
174, 116
174, 118
174, 119
174, 128
174, 130
174, 138
174, 144
174, 146
174, 147
174, 150
174, 166
174, 167
174, 171
174, 172
175, 78
175, 86
175, 87
175, 89
175, 91
175, 92
175, 97
175, 98
175, 99
175, 102
175, 104
175, 107
175, 109
175, 114
175, 116
175, 118
175, 119
175, 128
175, 130
175, 138
175, 144
175, 146
175, 147
175, 150
176, 79
176, 86
176, 87
176, 92
176, 95
176, 97
176, 99
176, 102
176, 104
176, 116
176, 118
176, 119
176, 128
176, 130
176, 138
176, 144
176, 146
176, 147
176, 148
176, 150
176, 151
176, 166
176, 167
176, 170
178, 10
178, 20
178, 21
178, 58
178, 64
178, 73
178, 77
178, 78
178, 79
178, 80
178, 87
178, 88
178, 89
178, 91
178, 92
178, 94
178, 95
178, 97
178, 98
178, 99
178, 102
178, 104
178, 105
178, 107
180, 10
180, 20
180, 21
180, 64
180, 73
180, 77
180, 78
180, 79
180, 80
180, 88
180, 89
180, 91
180, 92
180, 94
180, 95
180, 97
180, 98
180, 99
180, 102
180, 104
180, 105
180, 107
180, 108
180, 109
181, 77
181, 94
181, 95
181, 105
181, 108
181, 158
181, 164
181, 183
181, 201
181, 205
181, 207
181, 208
181, 223
181, 225
181, 242
181, 254
181, 256
181, 258
181, 278
181, 292
181, 301
181, 306
181, 308
181, 319
186, 64
186, 94
186, 95
186, 105
186, 108
186, 111
186, 128
186, 151
186, 155
186, 158
186, 163
186, 164
186, 182
186, 183
186, 188
186, 189
186, 190
186, 192
186, 198
186, 201
186, 205
186, 207
186, 208
186, 223
187, 92
187, 97
187, 99
187, 102
187, 116
187, 118
187, 119
187, 130
187, 138
187, 144
187, 146
187, 147
187, 150
187, 166
187, 167
187, 171
187, 172
187, 177
187, 179
187, 197
187, 206
187, 210
187, 224
187, 233
191, 73
191, 78
191, 80
191, 88
191, 89
191, 91
191, 92
191, 94
191, 95
191, 97
191, 98
191, 99
191, 102
191, 104
191, 105
191, 107
191, 108
191, 109
191, 111
191, 112
191, 114
191, 116
191, 118
191, 119
193, 20
193, 21
193, 73
193, 78
193, 80
193, 88
193, 89
193, 91
193, 94
193, 95
193, 97
193, 98
193, 102
193, 104
193, 105
193, 107
193, 108
193, 109
193, 111
193, 112
193, 114
193, 116
193, 118
193, 119
194, 128
194, 148
194, 151
194, 170
194, 179
194, 189
194, 190
194, 198
194, 205
194, 217
194, 221
194, 227
194, 232
194, 236
194, 263
194, 270
194, 276
194, 287
194, 289
194, 316
194, 318
194, 325
194, 357
194, 386
195, 73
195, 78
195, 88
195, 89
195, 91
195, 94
195, 95
195, 98
195, 102
195, 104
195, 107
195, 108
195, 109
195, 111
195, 112
195, 114
195, 116
195, 118
195, 119
195, 128
195, 130
195, 137
195, 138
195, 144
203, 94
203, 108
203, 158
203, 163
203, 182
203, 183
203, 192
203, 201
203, 208
203, 225
203, 258
203, 278
203, 280
203, 302
203, 319
203, 336
203, 338
203, 346
203, 358
203, 385
203, 411
203, 419
203, 420
203, 430
204, 95
204, 105
204, 108
204, 111
204, 128
204, 151
204, 155
204, 158
204, 164
204, 170
204, 188
204, 189
204, 190
204, 198
204, 205
204, 208
204, 223
204, 225
204, 232
204, 242
204, 254
204, 256
204, 258
204, 263
209, 21
209, 73
209, 78
209, 80
209, 88
209, 89
209, 91
209, 94
209, 95
209, 98
209, 102
209, 104
209, 105
209, 107
209, 108
209, 109
209, 111
209, 112
209, 114
209, 116
209, 118
209, 119
209, 128
209, 130
211, 98
211, 109
211, 114
211, 118
211, 119
211, 167
211, 172
211, 177
211, 197
211, 210
211, 230
211, 233
211, 237
211, 240
211, 262
211, 277
211, 279
211, 283
211, 296
211, 300
211, 320
211, 324
211, 326
211, 329
212, 21
212, 73
212, 78
212, 80
212, 88
212, 89
212, 91
212, 94
212, 95
212, 102
212, 105
212, 107
212, 108
212, 109
212, 111
212, 112
212, 114
212, 119
212, 128
212, 130
212, 137
212, 138
212, 144
212, 145
213, 108
213, 164
213, 205
213, 208
213, 225
213, 242
213, 256
213, 292
213, 301
213, 338
213, 339
213, 359
213, 361
213, 384
213, 385
213, 403
213, 443
213, 447
213, 487
213, 527
214, 73
214, 78
214, 80
214, 88
214, 89
214, 91
214, 94
214, 102
214, 105
214, 107
214, 108
214, 109
214, 111
214, 112
214, 114
214, 119
214, 128
214, 130
214, 137
214, 138
214, 144
214, 145
214, 146
214, 147
215, 109
215, 114
215, 119
215, 130
215, 146
215, 147
215, 166
215, 167
215, 172
215, 177
215, 197
215, 210
215, 230
215, 233
215, 237
215, 240
215, 248
215, 251
215, 262
215, 266
215, 267
215, 268
215, 277
215, 279
216, 94
216, 105
216, 108
216, 158
216, 164
216, 201
216, 205
216, 208
216, 223
216, 225
216, 242
216, 254
216, 256
216, 258
216, 292
216, 301
216, 306
216, 308
216, 338
216, 339
216, 358
216, 359
216, 361
216, 373
218, 73
218, 78
218, 80
218, 88
218, 89
218, 91
218, 94
218, 102
218, 105
218, 107
218, 108
218, 109
218, 111
218, 112
218, 114
218, 119
218, 128
218, 130
218, 137
218, 138
218, 144
218, 145
218, 146
218, 147
220, 119
220, 130
220, 138
220, 144
220, 146
220, 147
220, 150
220, 166
220, 167
220, 171
220, 172
220, 177
220, 179
220, 197
220, 206
220, 210
220, 217
220, 224
220, 233
220, 236
220, 240
220, 248
220, 251
220, 262
222, 73
222, 78
222, 80
222, 88
222, 89
222, 91
222, 94
222, 105
222, 107
222, 109
222, 111
222, 112
222, 114
222, 128
222, 130
222, 137
222, 138
222, 144
222, 145
222, 146
222, 147
222, 148
222, 150
222, 151
226, 73
226, 88
226, 89
226, 91
226, 105
226, 107
226, 109
226, 111
226, 114
226, 128
226, 130
226, 137
226, 138
226, 144
226, 146
226, 147
226, 148
226, 150
226, 151
226, 155
226, 158
226, 164
226, 165
226, 166
228, 105
228, 158
228, 201
228, 207
228, 208
228, 225
228, 242
228, 258
228, 292
228, 306
228, 308
228, 336
228, 338
228, 339
228, 358
228, 385
228, 403
228, 447
228, 462
228, 527
228, 553
234, 20
234, 73
234, 80
234, 88
234, 89
234, 91
234, 107
234, 109
234, 111
234, 112
234, 114
234, 128
234, 130
234, 137
234, 138
234, 144
234, 145
234, 146
234, 147
234, 148
234, 150
234, 151
234, 154
234, 155
235, 73
235, 80
235, 88
235, 89
235, 91
235, 107
235, 109
235, 111
235, 112
235, 114
235, 128
235, 130
235, 137
235, 138
235, 144
235, 146
235, 147
235, 148
235, 150
235, 151
235, 154
235, 155
235, 158
235, 163
238, 80
238, 111
238, 112
238, 114
238, 128
238, 130
238, 138
238, 144
238, 146
238, 147
238, 148
238, 150
238, 151
238, 155
238, 158
238, 163
238, 164
238, 166
238, 167
238, 170
238, 171
238, 172
238, 173
238, 177
239, 111
239, 128
239, 155
239, 158
239, 164
239, 188
239, 190
239, 198
239, 201
239, 205
239, 207
239, 208
239, 223
239, 225
239, 242
239, 254
239, 256
239, 258
239, 276
239, 288
239, 292
239, 293
239, 301
239, 306
241, 89
241, 91
241, 130
241, 144
241, 146
241, 147
241, 150
241, 165
241, 166
241, 167
241, 172
241, 177
241, 179
241, 197
241, 199
241, 200
241, 210
241, 219
241, 230
241, 233
241, 237
241, 240
241, 248
241, 251
243, 138
243, 144
243, 146
243, 147
243, 150
243, 166
243, 167
243, 171
243, 172
243, 177
243, 179
243, 197
243, 206
243, 210
243, 217
243, 224
243, 227
243, 230
243, 233
243, 236
243, 237
243, 240
243, 246
243, 248
244, 107
244, 138
244, 144
244, 146
244, 147
244, 150
244, 165
244, 166
244, 167
244, 171
244, 172
244, 177
244, 179
244, 185
244, 196
244, 197
244, 199
244, 200
244, 206
244, 210
244, 217
244, 219
244, 224
244, 229
245, 88
245, 107
245, 137
245, 165
245, 167
245, 172
245, 177
245, 184
245, 185
245, 196
245, 197
245, 199
245, 200
245, 210
245, 219
245, 229
245, 230
245, 231
245, 233
245, 237
245, 240
245, 251
245, 261
245, 262
247, 20
247, 73
247, 80
247, 88
247, 107
247, 111
247, 112
247, 137
247, 138
247, 144
247, 145
247, 146
247, 147
247, 148
247, 150
247, 151
247, 154
247, 155
247, 158
247, 163
247, 164
247, 165
247, 166
247, 167
249, 111
249, 151
249, 155
249, 158
249, 164
249, 170
249, 183
249, 188
249, 189
249, 190
249, 192
249, 198
249, 201
249, 205
249, 207
249, 208
249, 223
249, 225
249, 232
249, 242
249, 254
249, 256
249, 258
249, 263
250, 111
250, 138
250, 144
250, 146
250, 147
250, 148
250, 150
250, 151
250, 155
250, 164
250, 165
250, 166
250, 167
250, 170
250, 171
250, 172
250, 177
250, 179
250, 188
250, 189
250, 190
250, 197
250, 198
250, 199
252, 20
252, 73
252, 80
252, 88
252, 107
252, 112
252, 137
252, 138
252, 145
252, 146
252, 147
252, 148
252, 150
252, 151
252, 154
252, 155
252, 158
252, 163
252, 164
252, 165
252, 166
252, 167
252, 170
252, 171
253, 155
253, 158
253, 164
253, 188
253, 190
253, 198
253, 205
253, 208
253, 223
253, 225
253, 242
253, 254
253, 256
253, 258
253, 276
253, 288
253, 292
253, 293
253, 301
253, 306
253, 316
253, 331
253, 338
253, 339
255, 138
255, 147
255, 148
255, 150
255, 151
255, 164
255, 166
255, 167
255, 170
255, 171
255, 172
255, 177
255, 179
255, 189
255, 190
255, 197
255, 198
255, 202
255, 205
255, 206
255, 210
255, 217
255, 221
255, 224
257, 20
257, 73
257, 80
257, 88
257, 107
257, 112
257, 137
257, 145
257, 148
257, 150
257, 151
257, 154
257, 155
257, 158
257, 163
257, 164
257, 165
257, 166
257, 167
257, 170
257, 171
257, 172
257, 173
257, 177
260, 73
260, 88
260, 112
260, 137
260, 148
260, 150
260, 151
260, 154
260, 155
260, 158
260, 163
260, 164
260, 165
260, 166
260, 167
260, 170
260, 171
260, 172
260, 177
260, 179
260, 182
260, 184
260, 185
260, 188
264, 20
264, 80
264, 88
264, 112
264, 137
264, 145
264, 148
264, 150
264, 151
264, 154
264, 155
264, 163
264, 165
264, 166
264, 167
264, 170
264, 171
264, 172
264, 173
264, 177
264, 179
264, 182
264, 183
264, 184
265, 80
265, 88
265, 112
265, 137
265, 145
265, 148
265, 150
265, 151
265, 154
265, 155
265, 163
265, 165
265, 166
265, 170
265, 171
265, 172
265, 173
265, 177
265, 179
265, 182
265, 183
265, 184
265, 185
265, 188
269, 80
269, 112
269, 137
269, 145
269, 148
269, 151
269, 154
269, 155
269, 163
269, 165
269, 166
269, 170
269, 171
269, 172
269, 173
269, 177
269, 179
269, 182
269, 183
269, 184
269, 185
269, 188
269, 189
269, 190
272, 148
272, 155
272, 165
272, 166
272, 170
272, 171
272, 172
272, 173
272, 177
272, 179
272, 183
272, 185
272, 188
272, 189
272, 190
272, 196
272, 197
272, 198
272, 199
272, 200
272, 201
272, 202
272, 205
272, 206
273, 165
273, 172
273, 177
273, 197
273, 199
273, 200
273, 210
273, 230
273, 233
273, 240
273, 261
273, 262
273, 277
273, 283
273, 296
273, 297
273, 300
273, 310
273, 320
273, 324
273, 326
273, 329
273, 353
273, 354
275, 165
275, 166
275, 171
275, 172
275, 177
275, 179
275, 185
275, 196
275, 197
275, 199
275, 200
275, 206
275, 210
275, 217
275, 219
275, 224
275, 229
275, 230
275, 231
275, 233
275, 236
275, 237
275, 240
275, 246
281, 112
281, 137
281, 145
281, 148
281, 154
281, 155
281, 163
281, 165
281, 166
281, 170
281, 171
281, 173
281, 177
281, 179
281, 182
281, 183
281, 184
281, 185
281, 188
281, 189
281, 190
281, 192
281, 196
281, 197
282, 205
282, 208
282, 223
282, 225
282, 242
282, 254
282, 256
282, 292
282, 301
282, 338
282, 339
282, 359
282, 361
282, 373
282, 384
282, 385
282, 403
282, 428
282, 432
282, 438
282, 443
282, 447
282, 487
282, 527
284, 112
284, 137
284, 148
284, 154
284, 163
284, 165
284, 170
284, 171
284, 179
284, 182
284, 183
284, 184
284, 185
284, 188
284, 189
284, 190
284, 192
284, 196
284, 197
284, 198
284, 199
284, 200
284, 201
284, 202
285, 171
285, 179
285, 197
285, 206
285, 217
285, 224
285, 227
285, 233
285, 236
285, 246
285, 266
285, 267
285, 268
285, 271
285, 274
285, 277
285, 279
285, 296
285, 315
285, 317
285, 321
285, 324
285, 326
285, 335
286, 148
286, 165
286, 170
286, 171
286, 179
286, 188
286, 189
286, 190
286, 197
286, 198
286, 199
286, 200
286, 201
286, 202
286, 205
286, 206
286, 207
286, 208
286, 210
286, 217
286, 219
286, 221
286, 223
286, 224
290, 171
290, 179
290, 189
290, 190
290, 197
290, 198
290, 206
290, 210
290, 217
290, 224
290, 227
290, 230
290, 232
290, 233
290, 236
290, 237
290, 240
290, 246
290, 248
290, 251
290, 262
290, 266
290, 267
290, 268
291, 165
291, 171
291, 179
291, 185
291, 196
291, 197
291, 199
291, 200
291, 206
291, 210
291, 219
291, 224
291, 229
291, 230
291, 231
291, 233
291, 236
291, 237
291, 240
291, 248
291, 251
291, 261
291, 262
291, 266
295, 112
295, 137
295, 145
295, 163
295, 165
295, 170
295, 173
295, 179
295, 182
295, 183
295, 184
295, 185
295, 188
295, 189
295, 190
295, 192
295, 196
295, 197
295, 198
295, 199
295, 200
295, 201
295, 202
295, 205
298, 112
298, 137
298, 163
298, 165
298, 170
298, 173
298, 179
298, 182
298, 183
298, 184
298, 185
298, 188
298, 189
298, 190
298, 192
298, 196
298, 197
298, 198
298, 199
298, 200
298, 201
298, 202
298, 205
298, 206
299, 112
299, 137
299, 154
299, 163
299, 165
299, 170
299, 182
299, 184
299, 185
299, 188
299, 189
299, 190
299, 196
299, 197
299, 198
299, 199
299, 200
299, 201
299, 202
299, 205
299, 206
299, 208
299, 210
299, 217
303, 206
303, 210
303, 217
303, 224
303, 227
303, 232
303, 233
303, 236
303, 246
303, 248
303, 251
303, 262
303, 266
303, 267
303, 268
303, 271
303, 274
303, 277
303, 279
303, 283
303, 289
303, 296
303, 300
303, 315
304, 185
304, 196
304, 199
304, 200
304, 210
304, 219
304, 230
304, 231
304, 233
304, 237
304, 240
304, 251
304, 261
304, 262
304, 266
304, 267
304, 277
304, 279
304, 283
304, 296
304, 297
304, 300
304, 310
304, 313
305, 137
305, 145
305, 154
305, 163
305, 173
305, 182
305, 183
305, 184
305, 185
305, 188
305, 189
305, 190
305, 192
305, 196
305, 198
305, 199
305, 200
305, 201
305, 202
305, 205
305, 206
305, 207
305, 208
305, 210
307, 199
307, 200
307, 210
307, 230
307, 261
307, 283
307, 297
307, 300
307, 310
307, 324
307, 326
307, 353
307, 397
307, 402
307, 421
307, 423
307, 454
307, 457
307, 474
307, 477
307, 506
307, 509
307, 510
307, 516
311, 189
311, 190
311, 198
311, 205
311, 206
311, 210
311, 217
311, 221
311, 224
311, 227
311, 230
311, 232
311, 233
311, 236
311, 237
311, 240
311, 246
311, 248
311, 251
311, 262
311, 263
311, 266
311, 267
311, 268
312, 137
312, 145
312, 154
312, 163
312, 173
312, 182
312, 183
312, 184
312, 185
312, 188
312, 189
312, 190
312, 192
312, 196
312, 198
312, 199
312, 200
312, 201
312, 202
312, 205
312, 206
312, 208
312, 210
312, 217
314, 189
314, 198
314, 206
314, 217
314, 221
314, 224
314, 227
314, 232
314, 233
314, 236
314, 246
314, 248
314, 251
314, 262
314, 263
314, 266
314, 267
314, 268
314, 270
314, 271
314, 274
314, 276
314, 277
314, 279
323, 173
323, 189
323, 198
323, 201
323, 202
323, 208
323, 217
323, 221
323, 223
323, 224
323, 225
323, 227
323, 232
323, 236
323, 242
323, 246
323, 254
323, 256
323, 258
323, 263
323, 268
323, 270
323, 274
323, 276
327, 189
327, 232
327, 263
327, 270
327, 276
327, 288
327, 289
327, 316
327, 325
327, 357
327, 359
327, 392
327, 394
327, 428
327, 438
327, 441
327, 459
327, 461
327, 463
327, 524
327, 531
327, 578
328, 206
328, 217
328, 224
328, 227
328, 233
328, 236
328, 246
328, 266
328, 267
328, 268
328, 271
328, 274
328, 277
328, 279
328, 296
328, 315
328, 317
328, 320
328, 321
328, 324
328, 326
328, 335
328, 337
328, 341
330, 173
330, 201
330, 202
330, 208
330, 217
330, 221
330, 223
330, 225
330, 227
330, 232
330, 236
330, 242
330, 254
330, 256
330, 258
330, 263
330, 270
330, 276
330, 287
330, 288
330, 289
330, 292
330, 293
330, 301
332, 230
332, 233
332, 237
332, 240
332, 248
332, 251
332, 262
332, 266
332, 267
332, 268
332, 271
332, 277
332, 279
332, 283
332, 296
332, 300
332, 317
332, 320
332, 321
332, 324
332, 326
332, 329
332, 335
332, 337
333, 199
333, 200
333, 202
333, 206
333, 217
333, 221
333, 224
333, 227
333, 230
333, 232
333, 233
333, 236
333, 237
333, 240
333, 246
333, 248
333, 251
333, 261
333, 262
333, 263
333, 266
333, 267
333, 268
333, 270
334, 163
334, 173
334, 182
334, 183
334, 192
334, 201
334, 202
334, 206
334, 207
334, 208
334, 217
334, 221
334, 223
334, 224
334, 225
334, 227
334, 232
334, 233
334, 236
334, 242
334, 246
334, 248
334, 251
334, 254
340, 206
340, 217
340, 221
340, 224
340, 227
340, 232
340, 233
340, 236
340, 246
340, 263
340, 268
340, 270
340, 271
340, 274
340, 276
340, 287
340, 289
340, 296
340, 315
340, 316
340, 317
340, 318
340, 321
340, 324
342, 145
342, 154
342, 163
342, 173
342, 182
342, 183
342, 184
342, 185
342, 192
342, 196
342, 199
342, 200
342, 201
342, 202
342, 206
342, 207
342, 217
342, 219
342, 221
342, 223
342, 224
342, 225
342, 227
342, 229
343, 185
343, 196
343, 199
343, 200
343, 219
343, 229
343, 230
343, 231
343, 261
343, 262
343, 283
343, 294
343, 296
343, 297
343, 300
343, 310
343, 313
343, 320
343, 322
343, 324
343, 326
343, 353
343, 354
343, 372
344, 145
344, 154
344, 163
344, 173
344, 182
344, 183
344, 184
344, 185
344, 192
344, 196
344, 199
344, 200
344, 201
344, 202
344, 206
344, 207
344, 219
344, 221
344, 223
344, 224
344, 225
344, 227
344, 229
344, 230
345, 173
345, 183
345, 192
345, 202
345, 207
345, 221
345, 223
345, 224
345, 225
345, 227
345, 232
345, 233
345, 236
345, 242
345, 246
345, 248
345, 251
345, 254
345, 256
345, 258
345, 263
345, 266
345, 267
345, 268
347, 229
347, 322
347, 427
347, 431
347, 521
347, 541
347, 557
347, 560
348, 199
348, 200
348, 202
348, 221
348, 223
348, 224
348, 225
348, 227
348, 230
348, 232
348, 233
348, 236
348, 237
348, 240
348, 242
348, 246
348, 248
348, 251
348, 254
348, 256
348, 258
348, 261
348, 262
348, 263
350, 145
350, 154
350, 173
350, 182
350, 183
350, 184
350, 185
350, 192
350, 196
350, 199
350, 200
350, 202
350, 207
350, 219
350, 221
350, 223
350, 224
350, 225
350, 227
350, 229
350, 230
350, 231
350, 232
350, 236
351, 202
351, 221
351, 227
351, 230
351, 232
351, 236
351, 237
351, 240
351, 246
351, 248
351, 251
351, 261
351, 262
351, 263
351, 266
351, 267
351, 268
351, 270
351, 271
351, 274
351, 276
351, 277
351, 279
351, 283
355, 230
355, 240
355, 262
355, 277
355, 283
355, 296
355, 297
355, 300
355, 310
355, 320
355, 324
355, 326
355, 329
355, 353
355, 354
355, 397
355, 402
355, 421
355, 423
355, 435
355, 452
355, 454
355, 457
355, 475
356, 183
356, 184
356, 185
356, 196
356, 202
356, 207
356, 219
356, 221
356, 223
356, 227
356, 229
356, 230
356, 231
356, 232
356, 236
356, 237
356, 240
356, 242
356, 246
356, 248
356, 251
356, 254
356, 256
356, 258
360, 184
360, 185
360, 196
360, 219
360, 229
360, 231
360, 237
360, 240
360, 251
360, 261
360, 262
360, 266
360, 277
360, 279
360, 283
360, 294
360, 296
360, 297
360, 300
360, 310
360, 313
360, 317
360, 320
360, 321
362, 232
362, 246
362, 251
362, 263
362, 266
362, 267
362, 268
362, 270
362, 271
362, 274
362, 276
362, 277
362, 279
362, 287
362, 289
362, 296
362, 315
362, 316
362, 317
362, 318
362, 320
362, 321
362, 324
362, 325
363, 219
363, 240
363, 261
363, 262
363, 283
363, 296
363, 297
363, 300
363, 310
363, 313
363, 320
363, 324
363, 326
363, 329
363, 353
363, 354
363, 372
363, 388
363, 397
363, 402
363, 421
363, 423
363, 434
363, 435
364, 145
364, 154
364, 173
364, 182
364, 183
364, 184
364, 192
364, 196
364, 202
364, 207
364, 219
364, 221
364, 223
364, 229
364, 231
364, 232
364, 237
364, 240
364, 242
364, 246
364, 248
364, 251
364, 254
364, 256
365, 154
365, 182
365, 184
365, 196
365, 202
365, 219
365, 229
365, 231
365, 232
365, 237
365, 240
365, 242
365, 246
365, 248
365, 251
365, 254
365, 256
365, 258
365, 259
365, 261
365, 262
365, 263
365, 266
365, 267
366, 173
366, 182
366, 192
366, 196
366, 202
366, 207
366, 219
366, 221
366, 231
366, 232
366, 237
366, 240
366, 242
366, 246
366, 248
366, 251
366, 254
366, 256
366, 258
366, 261
366, 262
366, 263
366, 266
366, 267
367, 219
367, 237
367, 240
367, 248
367, 251
367, 261
367, 262
367, 266
367, 267
367, 268
367, 271
367, 274
367, 277
367, 279
367, 283
367, 296
367, 297
367, 300
367, 310
367, 313
367, 317
367, 320
367, 321
367, 324
368, 184
368, 219
368, 221
368, 229
368, 231
368, 237
368, 246
368, 248
368, 251
368, 259
368, 261
368, 262
368, 263
368, 266
368, 267
368, 268
368, 270
368, 271
368, 274
368, 276
368, 277
368, 279
368, 283
368, 287
370, 221
370, 246
370, 248
370, 254
370, 262
370, 263
370, 266
370, 267
370, 268
370, 270
370, 271
370, 274
370, 276
370, 277
370, 279
370, 283
370, 287
370, 288
370, 289
370, 296
370, 300
370, 315
370, 316
370, 317
371, 237
371, 248
371, 266
371, 267
371, 268
371, 277
371, 279
371, 283
371, 296
371, 297
371, 300
371, 310
371, 317
371, 320
371, 321
371, 324
371, 326
371, 329
371, 335
371, 337
371, 341
371, 353
371, 354
371, 369
374, 237
374, 261
374, 266
374, 267
374, 268
374, 277
374, 279
374, 283
374, 296
374, 297
374, 300
374, 310
374, 317
374, 320
374, 321
374, 324
374, 326
374, 329
374, 335
374, 337
374, 341
374, 353
374, 354
374, 369
376, 154
376, 182
376, 184
376, 192
376, 219
376, 221
376, 229
376, 231
376, 237
376, 246
376, 248
376, 254
376, 256
376, 258
376, 259
376, 261
376, 263
376, 266
376, 267
376, 268
376, 270
376, 271
376, 274
376, 276
377, 221
377, 254
377, 256
377, 258
377, 263
377, 266
377, 267
377, 268
377, 270
377, 271
377, 274
377, 276
377, 277
377, 279
377, 283
377, 287
377, 288
377, 289
377, 292
377, 296
377, 300
377, 301
377, 306
377, 308
378, 145
378, 154
378, 184
378, 192
378, 219
378, 221
378, 229
378, 231
378, 254
378, 256
378, 258
378, 259
378, 261
378, 263
378, 267
378, 268
378, 270
378, 271
378, 274
378, 276
378, 277
378, 278
378, 279
378, 280
379, 263
379, 270
379, 276
379, 287
379, 289
379, 316
379, 318
379, 325
379, 357
379, 386
379, 387
379, 391
379, 392
379, 394
379, 401
379, 439
379, 441
379, 445
379, 456
379, 459
379, 463
379, 503
379, 524
379, 531
380, 154
380, 184
380, 192
380, 219
380, 229
380, 231
380, 254
380, 256
380, 258
380, 259
380, 261
380, 263
380, 267
380, 268
380, 270
380, 271
380, 274
380, 276
380, 277
380, 278
380, 279
380, 283
380, 287
380, 288
381, 173
381, 207
381, 254
381, 256
381, 258
381, 263
381, 270
381, 274
381, 276
381, 287
381, 288
381, 289
381, 292
381, 293
381, 301
381, 306
381, 308
381, 315
381, 316
381, 317
381, 318
381, 319
381, 325
381, 331
382, 145
382, 173
382, 192
382, 207
382, 229
382, 231
382, 259
382, 261
382, 270
382, 271
382, 274
382, 276
382, 277
382, 278
382, 279
382, 280
382, 283
382, 287
382, 288
382, 289
382, 292
382, 293
382, 294
382, 296
390, 145
390, 173
390, 192
390, 207
390, 229
390, 231
390, 259
390, 261
390, 270
390, 271
390, 274
390, 276
390, 277
390, 278
390, 279
390, 280
390, 283
390, 287
390, 288
390, 289
390, 292
390, 293
390, 294
390, 296
393, 431
393, 560
396, 154
396, 229
396, 231
396, 259
396, 261
396, 270
396, 271
396, 274
396, 276
396, 277
396, 278
396, 279
396, 283
396, 287
396, 288
396, 289
396, 292
396, 293
396, 294
396, 296
396, 297
396, 300
396, 301
396, 302
398, 154
398, 229
398, 231
398, 259
398, 261
398, 270
398, 271
398, 274
398, 276
398, 278
398, 279
398, 283
398, 287
398, 288
398, 289
398, 292
398, 293
398, 294
398, 296
398, 297
398, 300
398, 301
398, 302
398, 306
399, 145
399, 207
399, 229
399, 231
399, 259
399, 270
399, 271
399, 274
399, 276
399, 278
399, 279
399, 280
399, 287
399, 288
399, 289
399, 292
399, 293
399, 294
399, 296
399, 297
399, 300
399, 301
399, 302
399, 306
404, 270
404, 287
404, 289
404, 316
404, 318
404, 325
404, 357
404, 386
404, 387
404, 391
404, 392
404, 394
404, 401
404, 439
404, 441
404, 445
404, 456
404, 459
404, 463
404, 503
404, 524
404, 531
404, 533
404, 551
405, 207
405, 231
405, 271
405, 274
405, 278
405, 280
405, 287
405, 288
405, 289
405, 292
405, 293
405, 294
405, 296
405, 297
405, 300
405, 301
405, 306
405, 308
405, 310
405, 313
405, 315
405, 316
405, 317
405, 318
406, 271
406, 274
406, 287
406, 289
406, 297
406, 300
406, 310
406, 315
406, 316
406, 317
406, 318
406, 320
406, 321
406, 324
406, 325
406, 326
406, 329
406, 335
406, 337
406, 341
406, 349
406, 352
406, 353
406, 354
408, 231
408, 271
408, 287
408, 288
408, 289
408, 292
408, 294
408, 297
408, 300
408, 301
408, 306
408, 308
408, 310
408, 313
408, 315
408, 316
408, 317
408, 318
408, 319
408, 320
408, 321
408, 322
408, 324
408, 325
410, 145
410, 259
410, 278
410, 280
410, 287
410, 288
410, 289
410, 292
410, 293
410, 294
410, 297
410, 300
410, 301
410, 302
410, 306
410, 308
410, 309
410, 310
410, 313
410, 315
410, 316
410, 317
410, 318
410, 319
412, 300
412, 320
412, 324
412, 326
412, 329
412, 353
412, 354
412, 369
412, 397
412, 402
412, 421
412, 423
412, 435
412, 452
412, 454
412, 457
412, 475
412, 477
412, 485
412, 504
412, 506
412, 510
412, 516
412, 525
413, 259
413, 278
413, 280
413, 287
413, 288
413, 289
413, 292
413, 293
413, 294
413, 297
413, 301
413, 302
413, 306
413, 308
413, 309
413, 310
413, 313
413, 315
413, 316
413, 317
413, 318
413, 319
413, 320
413, 321
414, 287
414, 288
414, 289
414, 297
414, 310
414, 315
414, 316
414, 317
414, 318
414, 320
414, 321
414, 324
414, 325
414, 326
414, 329
414, 335
414, 337
414, 338
414, 339
414, 341
414, 349
414, 352
414, 353
414, 354
416, 287
416, 288
416, 289
416, 297
416, 310
416, 315
416, 316
416, 317
416, 318
416, 320
416, 321
416, 324
416, 325
416, 326
416, 329
416, 331
416, 335
416, 337
416, 338
416, 339
416, 341
416, 349
416, 352
416, 353
417, 259
417, 278
417, 280
417, 288
417, 292
417, 293
417, 294
417, 297
417, 301
417, 302
417, 306
417, 308
417, 309
417, 310
417, 313
417, 315
417, 316
417, 317
417, 318
417, 319
417, 320
417, 321
417, 322
417, 324
418, 288
418, 297
418, 310
418, 313
418, 315
418, 316
418, 317
418, 318
418, 320
418, 321
418, 322
418, 324
418, 325
418, 326
418, 329
418, 335
418, 337
418, 341
418, 349
418, 352
418, 353
418, 354
418, 357
418, 359
424, 259
424, 278
424, 280
424, 288
424, 292
424, 293
424, 294
424, 297
424, 301
424, 302
424, 306
424, 308
424, 309
424, 310
424, 313
424, 315
424, 316
424, 317
424, 318
424, 319
424, 320
424, 321
424, 322
424, 324
425, 259
425, 278
425, 280
425, 288
425, 293
425, 294
425, 297
425, 301
425, 302
425, 306
425, 308
425, 309
425, 310
425, 313
425, 315
425, 316
425, 317
425, 318
425, 319
425, 320
425, 321
425, 322
425, 324
425, 325
426, 259
426, 278
426, 280
426, 293
426, 294
426, 301
426, 302
426, 306
426, 308
426, 309
426, 310
426, 313
426, 315
426, 316
426, 317
426, 318
426, 319
426, 320
426, 321
426, 322
426, 325
426, 326
426, 329
426, 331
433, 310
433, 315
433, 316
433, 318
433, 320
433, 321
433, 325
433, 326
433, 329
433, 335
433, 337
433, 339
433, 341
433, 349
433, 352
433, 353
433, 354
433, 357
433, 359
433, 361
433, 369
433, 375
433, 383
433, 386
436, 259
436, 278
436, 280
436, 293
436, 294
436, 301
436, 302
436, 306
436, 308
436, 309
436, 310
436, 313
436, 315
436, 316
436, 318
436, 319
436, 321
436, 322
436, 325
436, 326
436, 329
436, 331
436, 335
436, 336
437, 321
437, 326
437, 329
437, 335
437, 337
437, 341
437, 353
437, 354
437, 369
437, 375
437, 383
437, 391
437, 395
437, 397
437, 400
437, 402
437, 409
437, 421
437, 423
437, 435
437, 439
437, 452
437, 453
437, 454
442, 259
442, 278
442, 293
442, 294
442, 301
442, 302
442, 306
442, 308
442, 309
442, 313
442, 315
442, 318
442, 319
442, 321
442, 322
442, 325
442, 326
442, 329
442, 331
442, 335
442, 336
442, 337
442, 338
442, 339
444, 259
444, 278
444, 293
444, 294
444, 301
444, 302
444, 306
444, 308
444, 309
444, 313
444, 315
444, 318
444, 319
444, 321
444, 322
444, 325
444, 326
444, 329
444, 331
444, 335
444, 336
444, 337
444, 338
444, 339
446, 259
446, 278
446, 280
446, 293
446, 294
446, 302
446, 306
446, 308
446, 309
446, 313
446, 318
446, 319
446, 322
446, 325
446, 326
446, 329
446, 331
446, 335
446, 336
446, 337
446, 338
446, 339
446, 341
446, 346
448, 431
448, 560
451, 325
451, 331
451, 338
451, 339
451, 357
451, 359
451, 361
451, 373
451, 384
451, 385
451, 386
451, 387
451, 391
451, 392
451, 394
451, 395
451, 401
451, 403
451, 409
451, 428
451, 432
451, 438
451, 439
451, 441
455, 329
455, 335
455, 337
455, 341
455, 353
455, 354
455, 369
455, 375
455, 383
455, 395
455, 397
455, 400
455, 402
455, 409
455, 421
455, 423
455, 435
455, 439
455, 452
455, 453
455, 454
455, 457
455, 470
455, 475
458, 259
458, 278
458, 280
458, 293
458, 294
458, 302
458, 306
458, 308
458, 309
458, 313
458, 319
458, 322
458, 325
458, 329
458, 331
458, 335
458, 336
458, 337
458, 338
458, 339
458, 341
458, 346
458, 349
458, 352
460, 415
460, 427
460, 431
460, 560
464, 293
464, 338
464, 339
464, 359
464, 361
464, 373
464, 384
464, 385
464, 394
464, 403
464, 428
464, 432
464, 438
464, 443
464, 447
464, 459
464, 461
464, 487
464, 501
464, 513
464, 527
464, 531
465, 259
465, 280
465, 293
465, 294
465, 302
465, 308
465, 313
465, 319
465, 322
465, 325
465, 329
465, 331
465, 335
465, 336
465, 337
465, 338
465, 339
465, 341
465, 346
465, 349
465, 352
465, 353
465, 354
465, 357
466, 325
466, 337
466, 341
466, 349
466, 357
466, 375
466, 386
466, 387
466, 391
466, 395
466, 400
466, 401
466, 409
466, 439
466, 440
466, 441
466, 445
466, 472
466, 482
466, 488
466, 503
466, 522
466, 524
466, 525
467, 338
467, 339
467, 373
467, 384
467, 385
467, 403
467, 447
467, 487
467, 527
468, 259
468, 294
468, 313
468, 322
468, 325
468, 329
468, 335
468, 337
468, 341
468, 349
468, 352
468, 353
468, 354
468, 357
468, 369
468, 372
468, 375
468, 383
468, 386
468, 387
468, 388
468, 389
468, 391
468, 395
469, 280
469, 293
469, 294
469, 302
469, 308
469, 309
469, 313
469, 319
469, 322
469, 329
469, 331
469, 335
469, 336
469, 337
469, 338
469, 339
469, 341
469, 346
469, 349
469, 352
469, 353
469, 354
469, 357
469, 358
471, 280
471, 302
471, 308
471, 309
471, 313
471, 319
471, 322
471, 331
471, 335
471, 336
471, 337
471, 338
471, 339
471, 341
471, 346
471, 349
471, 352
471, 353
471, 354
471, 357
471, 358
471, 359
471, 361
471, 369
476, 353
476, 397
476, 402
476, 423
476, 454
476, 457
476, 477
476, 510
476, 544
476, 549
476, 555
476, 559
476, 567
478, 338
478, 339
478, 359
478, 361
478, 373
478, 384
478, 385
478, 403
478, 428
478, 432
478, 438
478, 443
478, 447
478, 461
478, 487
478, 501
478, 527
479, 335
479, 337
479, 341
479, 349
479, 352
479, 353
479, 354
479, 357
479, 359
479, 369
479, 375
479, 383
479, 386
479, 387
479, 388
479, 389
479, 391
479, 392
479, 394
479, 395
479, 397
479, 400
479, 401
479, 402
480, 335
480, 337
480, 339
480, 341
480, 349
480, 352
480, 353
480, 354
480, 357
480, 359
480, 361
480, 369
480, 375
480, 383
480, 386
480, 387
480, 389
480, 391
480, 392
480, 394
480, 395
480, 397
480, 400
480, 401
481, 331
481, 335
481, 337
481, 338
481, 339
481, 341
481, 349
481, 352
481, 353
481, 354
481, 357
481, 359
481, 361
481, 369
481, 375
481, 383
481, 384
481, 385
481, 386
481, 387
481, 389
481, 391
481, 392
481, 394
483, 280
483, 302
483, 308
483, 309
483, 313
483, 319
483, 322
483, 331
483, 336
483, 337
483, 338
483, 339
483, 341
483, 346
483, 349
483, 352
483, 354
483, 357
483, 358
483, 359
483, 361
483, 369
483, 372
483, 373
489, 280
489, 302
489, 308
489, 309
489, 319
489, 322
489, 331
489, 336
489, 338
489, 339
489, 341
489, 346
489, 349
489, 352
489, 354
489, 357
489, 358
489, 359
489, 361
489, 369
489, 372
489, 373
489, 375
489, 383
490, 280
490, 302
490, 309
490, 319
490, 322
490, 331
490, 336
490, 341
490, 346
490, 349
490, 352
490, 354
490, 357
490, 358
490, 359
490, 361
490, 369
490, 372
490, 373
490, 375
490, 383
490, 384
490, 385
490, 386
491, 341
491, 349
491, 352
491, 354
491, 357
491, 369
491, 375
491, 383
491, 386
491, 387
491, 389
491, 391
491, 395
491, 397
491, 400
491, 401
491, 409
491, 421
491, 423
491, 435
491, 439
491, 440
491, 445
491, 453
492, 280
492, 302
492, 309
492, 319
492, 322
492, 331
492, 336
492, 346
492, 349
492, 352
492, 357
492, 358
492, 359
492, 361
492, 369
492, 372
492, 373
492, 375
492, 383
492, 384
492, 385
492, 386
492, 387
492, 388
493, 280
493, 302
493, 346
493, 358
493, 411
493, 419
493, 420
493, 430
493, 462
493, 473
493, 545
493, 568
494, 309
494, 322
494, 331
494, 336
494, 346
494, 349
494, 352
494, 357
494, 358
494, 359
494, 361
494, 369
494, 372
494, 373
494, 375
494, 383
494, 384
494, 385
494, 386
494, 387
494, 388
494, 389
494, 391
494, 392
495, 336
495, 358
495, 385
495, 447
495, 462
495, 527
495, 553
495, 568
496, 331
496, 357
496, 359
496, 361
496, 385
496, 386
496, 392
496, 394
496, 401
496, 403
496, 428
496, 432
496, 438
496, 441
496, 459
496, 461
496, 463
496, 487
496, 501
496, 512
496, 524
496, 531
496, 533
496, 535
497, 309
497, 322
497, 331
497, 336
497, 346
497, 349
497, 352
497, 357
497, 358
497, 359
497, 361
497, 369
497, 372
497, 373
497, 375
497, 383
497, 384
497, 385
497, 386
497, 387
497, 388
497, 389
497, 391
497, 392
498, 375
498, 386
498, 387
498, 391
498, 395
498, 401
498, 409
498, 439
498, 440
498, 441
498, 445
498, 456
498, 459
498, 472
498, 482
498, 488
498, 503
498, 524
498, 531
498, 533
498, 534
498, 536
498, 551
498, 556
499, 331
499, 349
499, 352
499, 359
499, 361
499, 369
499, 375
499, 383
499, 385
499, 386
499, 387
499, 389
499, 391
499, 392
499, 394
499, 395
499, 400
499, 401
499, 403
499, 409
499, 421
499, 423
499, 428
499, 432
500, 331
500, 336
500, 349
500, 352
500, 358
500, 359
500, 361
500, 369
500, 373
500, 375
500, 383
500, 384
500, 385
500, 386
500, 387
500, 389
500, 391
500, 392
500, 394
500, 395
500, 397
500, 400
500, 401
500, 402
502, 309
502, 331
502, 336
502, 346
502, 349
502, 352
502, 358
502, 359
502, 361
502, 369
502, 372
502, 373
502, 375
502, 383
502, 384
502, 385
502, 386
502, 387
502, 388
502, 389
502, 391
502, 392
502, 394
502, 395
508, 336
508, 358
508, 385
508, 403
508, 447
508, 462
508, 527
508, 553
508, 568
511, 309
511, 336
511, 346
511, 352
511, 358
511, 359
511, 361
511, 369
511, 372
511, 373
511, 375
511, 383
511, 384
511, 385
511, 386
511, 387
511, 388
511, 389
511, 391
511, 392
511, 394
511, 395
511, 397
511, 400
514, 309
514, 336
514, 346
514, 358
514, 361
514, 369
514, 372
514, 373
514, 375
514, 383
514, 384
514, 385
514, 386
514, 387
514, 388
514, 389
514, 391
514, 392
514, 394
514, 395
514, 397
514, 400
514, 401
514, 402
515, 309
515, 336
515, 346
515, 358
515, 361
515, 369
515, 372
515, 373
515, 375
515, 383
515, 384
515, 385
515, 387
515, 388
515, 389
515, 391
515, 392
515, 394
515, 395
515, 397
515, 400
515, 401
515, 402
515, 403
518, 372
518, 388
518, 422
518, 427
518, 431
518, 521
518, 541
518, 543
518, 557
518, 560
519, 375
519, 383
519, 395
519, 397
519, 400
519, 402
519, 409
519, 421
519, 423
519, 434
519, 435
519, 439
519, 449
519, 452
519, 453
519, 454
519, 457
519, 470
519, 474
519, 475
519, 477
519, 482
519, 484
519, 485
520, 346
520, 358
520, 361
520, 372
520, 373
520, 375
520, 383
520, 384
520, 387
520, 388
520, 389
520, 391
520, 392
520, 394
520, 395
520, 397
520, 400
520, 401
520, 402
520, 403
520, 407
520, 409
520, 411
520, 415
523, 375
523, 383
523, 387
523, 389
523, 391
523, 395
523, 397
523, 400
523, 401
523, 402
523, 409
523, 421
523, 423
523, 434
523, 435
523, 439
523, 440
523, 445
523, 449
523, 452
523, 453
523, 454
523, 457
523, 470
526, 346
526, 358
526, 372
526, 373
526, 383
526, 384
526, 387
526, 388
526, 389
526, 391
526, 392
526, 394
526, 395
526, 397
526, 400
526, 401
526, 402
526, 403
526, 407
526, 409
526, 411
526, 419
526, 420
526, 421
528, 346
528, 358
528, 372
528, 373
528, 383
528, 384
528, 387
528, 388
528, 389
528, 391
528, 392
528, 394
528, 395
528, 397
528, 400
528, 401
528, 402
528, 403
528, 407
528, 409
528, 411
528, 415
528, 419
528, 420
529, 397
529, 400
529, 421
529, 423
529, 435
529, 452
529, 454
529, 457
529, 477
529, 482
529, 484
529, 485
529, 488
529, 504
529, 505
529, 506
529, 510
529, 516
529, 522
529, 525
529, 542
529, 544
529, 552
529, 555
530, 372
530, 388
530, 389
530, 395
530, 397
530, 400
530, 402
530, 407
530, 409
530, 421
530, 422
530, 423
530, 427
530, 431
530, 434
530, 435
530, 439
530, 440
530, 449
530, 452
530, 453
530, 454
530, 457
530, 470
532, 372
532, 388
532, 389
532, 395
532, 397
532, 400
532, 401
532, 402
532, 409
532, 421
532, 423
532, 434
532, 435
532, 439
532, 440
532, 449
532, 452
532, 453
532, 454
532, 457
532, 470
532, 472
532, 474
532, 475
537, 346
537, 358
537, 373
537, 384
537, 403
537, 411
537, 419
537, 420
537, 428
537, 430
537, 432
537, 438
537, 443
537, 447
537, 461
537, 462
537, 487
537, 501
537, 527
537, 545
537, 553
537, 568
538, 373
538, 384
538, 392
538, 394
538, 401
538, 403
538, 411
538, 419
538, 420
538, 428
538, 432
538, 438
538, 441
538, 443
538, 447
538, 459
538, 461
538, 462
538, 463
538, 487
538, 501
538, 507
538, 512
538, 513
539, 397
539, 402
539, 421
539, 423
539, 435
539, 454
539, 457
539, 475
539, 477
539, 504
539, 506
539, 510
539, 516
539, 544
539, 555
539, 559
539, 566
539, 567
540, 346
540, 372
540, 373
540, 384
540, 388
540, 389
540, 392
540, 394
540, 395
540, 400
540, 401
540, 402
540, 403
540, 407
540, 409
540, 411
540, 415
540, 419
540, 420
540, 421
540, 422
540, 423
540, 427
540, 428
546, 373
546, 384
546, 389
546, 392
546, 394
546, 395
546, 400
546, 401
546, 403
546, 409
546, 421
546, 423
546, 428
546, 432
546, 435
546, 438
546, 439
546, 440
546, 441
546, 443
546, 445
546, 447
546, 452
546, 453
550, 372
550, 384
550, 388
550, 389
550, 392
550, 394
550, 400
550, 401
550, 402
550, 403
550, 407
550, 409
550, 415
550, 421
550, 422
550, 423
550, 427
550, 428
550, 431
550, 432
550, 434
550, 435
550, 438
550, 439
554, 346
554, 372
554, 388
554, 389
554, 392
554, 394
554, 400
554, 401
554, 402
554, 403
554, 407
554, 409
554, 411
554, 415
554, 419
554, 420
554, 421
554, 422
554, 423
554, 427
554, 428
554, 429
554, 430
554, 431
558, 372
558, 388
558, 389
558, 394
558, 400
558, 401
558, 402
558, 403
558, 407
558, 409
558, 411
558, 415
558, 419
558, 420
558, 421
558, 422
558, 423
558, 427
558, 428
558, 430
558, 431
558, 432
558, 434
558, 435
561, 372
561, 388
561, 402
561, 403
561, 407
561, 409
561, 411
561, 419
561, 420
561, 421
561, 422
561, 423
561, 427
561, 428
561, 430
561, 431
561, 432
561, 434
561, 435
561, 438
561, 439
561, 440
561, 441
561, 443
562, 409
562, 411
562, 419
562, 420
562, 421
562, 423
562, 428
562, 432
562, 435
562, 438
562, 439
562, 440
562, 441
562, 443
562, 445
562, 447
562, 456
562, 459
562, 461
562, 462
562, 463
562, 472
562, 482
562, 487
565, 388
565, 407
565, 422
565, 427
565, 431
565, 457
565, 474
565, 477
565, 486
565, 509
565, 510
565, 521
565, 541
565, 543
565, 547
565, 549
565, 555
565, 557
565, 560
565, 567
565, 569
565, 577
570, 388
570, 407
570, 409
570, 411
570, 415
570, 419
570, 420
570, 421
570, 422
570, 423
570, 427
570, 428
570, 429
570, 430
570, 431
570, 432
570, 434
570, 435
570, 438
570, 439
570, 440
570, 441
570, 445
570, 447
571, 388
571, 407
571, 409
571, 411
571, 415
571, 419
571, 420
571, 421
571, 422
571, 423
571, 427
571, 428
571, 430
571, 431
571, 432
571, 434
571, 435
571, 438
571, 439
571, 440
571, 441
571, 443
571, 445
571, 447
572, 409
572, 435
572, 439
572, 452
572, 453
572, 454
572, 457
572, 470
572, 472
572, 475
572, 477
572, 482
572, 484
572, 485
572, 488
572, 504
572, 505
572, 506
572, 510
572, 516
572, 522
572, 525
572, 542
572, 544
573, 407
573, 411
573, 415
573, 419
573, 420
573, 422
573, 427
573, 428
573, 429
573, 430
573, 431
573, 432
573, 434
573, 435
573, 438
573, 439
573, 440
573, 441
573, 443
573, 445
573, 447
573, 449
573, 452
573, 453
574, 435
574, 452
574, 454
574, 457
574, 475
574, 477
574, 482
574, 484
574, 485
574, 488
574, 504
574, 505
574, 506
574, 510
574, 516
574, 525
574, 542
574, 544
574, 548
574, 549
574, 552
574, 555
574, 556
574, 559
575, 407
575, 411
575, 415
575, 419
575, 420
575, 422
575, 427
575, 428
575, 429
575, 430
575, 431
575, 432
575, 434
575, 435
575, 438
575, 439
575, 440
575, 441
575, 443
575, 445
575, 447
575, 449
575, 450
575, 452
579, 428
579, 432
579, 438
579, 443
579, 447
579, 461
579, 462
579, 487
579, 501
579, 527
579, 553
end