260
4
0, 0.3115252142831032, 0.10510814585117112
1, 0.684303375983137, 0.016725769743801466
2, 0.4984225156432438, 0.4793325144622459
3, 0.018392430658657033, 0.9923082331338389
4, 0.5398296343574838, 0.6396090874844089
5, 0.6297231027671094, 0.0053309390995657235
6, 0.40290424053596996, 0.4659733093766989
7, 0.6285080918756083, 0.46172923063188553
8, 0.6670283226753222, 0.20335049819192863
9, 0.9949994861155492, 0.14770260793387813
10, 0.7497299526536793, 0.8541433147575742
11, 0.5432371219885003, 0.006043952279661924
12, 0.5036659600473908, 0.022371827655548904
13, 0.5708978137074767, 0.9248326359028042
14, 0.6527319954587623, 0.9509835126367396
15, 0.16735447389329994, 0.004309996314828979
16, 0.9284812784583597, 0.36262504737319756
17, 0.37970270800250594, 0.7519904729394016
18, 0.3001919747987739, 0.09742780703640563
19, 0.002839952203666063, 0.6989223624684087
20, 0.21490177806968935, 0.114431505969257
21, 0.875706886776384, 0.3760296482134281
22, 0.9889577642393336, 0.12460162086856352
23, 0.5044594505020098, 0.1407532513637988
24, 0.12883428778839745, 0.35152299305634516
25, 0.750997890619819, 0.7888160927720042
26, 0.6577488194086383, 0.596122592539037
27, 0.5413861533267763, 0.1379018255925577
28, 0.4533811148782705, 0.4656089802208747
29, 0.8283698178780672, 0.7907407284321749
30, 0.608743358358999, 0.6531209488561746
31, 0.33323026291628355, 0.9697236761685083
32, 0.654004239639826, 0.7648036856354324
33, 0.40770909090871355, 0.8650441524545227
34, 0.41240445140508786, 0.26775229257277544
35, 0.5226708508506467, 0.9538509114759403
36, 0.9348462065805325, 0.6362345742955199
37, 0.8106760725190976, 0.6128996521728264
38, 0.21625388559976644, 0.7768881825939002
39, 0.22994485915319485, 0.18724419763976397
40, 0.3530885833233346, 0.19574382619963093
41, 0.984285108072737, 0.16628129611357
42, 0.6116009615285559, 0.6456515035799526
43, 0.878692919957347, 0.6086118075875702
44, 0.8229187292614651, 0.0702807854422356
45, 0.7195581669262165, 0.579095990289407
46, 0.20435163753292773, 0.580054542386741
47, 0.47330545189129913, 0.02179070668430161
48, 0.6131082516531302, 0.24955782074039679
49, 0.38529788368562856, 0.8915612778093682
50, 0.2476775964240413, 0.040697510247613145
51, 0.5506827878452579, 0.34107716587919334
52, 0.06770278297732213, 0.23688547134171123
53, 0.8044627978810666, 0.08847512897684462
54, 0.40681820195715024, 0.26024643966640193
55, 0.5263031924596566, 0.6832483206617754
56, 0.6545788015747466, 0.4500700489157953
57, 0.41561198949524014, 0.9095630561785362
58, 0.15839758104453916, 0.6900094877587573
59, 0.4935176555160067, 0.7736296787810738
60, 0.6812088295460115, 0.5162986817193204
61, 0.22503802789375005, 0.576005457757523
62, 0.48417600776768455, 0.04351309811071058
63, 0.7902688638406313, 0.40538766520907965
64, 0.14979563691360176, 0.6913087205184586
65, 0.013108137683141674, 0.975597130769906
66, 0.23351460828032133, 0.53121976976839
67, 0.029478900912023098, 0.8649896850588665
68, 0.6876330766511914, 0.042598376713744
69, 0.3944603965304061, 0.9052394024268237
70, 0.7507842005594652, 0.7635081905552747
71, 0.013773449827536588, 0.07143971708587638
72, 0.022090328275818027, 0.11550684217702656
73, 0.17903876558726362, 0.6638944972713421
74, 0.5997468337614416, 0.014067963163379993
75, 0.1009589852054571, 0.025179787289570044
76, 0.2090606177959512, 0.11973881899029537
77, 0.8431168505983008, 0.3375360863900083
78, 0.9298234007856359, 0.02303400565779057
79, 0.14385726161774037, 0.6191728696697374
80, 0.12473387009824588, 0.9869951553517071
81, 0.19604563462720292, 0.07162863147148091
82, 0.8224565861014834, 0.9494439301823704
83, 0.7534364920459584, 0.18161408463357398
84, 0.33780218228380765, 0.8355360395007723
85, 0.38115733842613764, 0.9184537519542788
86, 0.12378070358543747, 0.6495908628560509
87, 0.37349394262052105, 0.5657981278170249
88, 0.3382343318914074, 0.024265908407369863
89, 0.41220745167117223, 0.08732838500994344
90, 0.01744415766581542, 0.90914178680531
91, 0.4933939413566739, 0.2035009567537096
92, 0.8117691849075317, 0.9662221942099669
93, 0.33738672262588576, 0.8263566614670909
94, 0.5526297544331222, 0.6312058802693449
95, 0.8226393447578472, 0.08096265145043169
96, 0.4343043468785168, 0.08027322863083852
97, 0.2750175669981887, 0.861314102546793
98, 0.37299950588601494, 0.08795476965160198
99, 0.14683033232316522, 0.3421270823583147
100, 0.49694145762726416, 0.8671859082633134
101, 0.52627541855341, 0.11002805543420602
102, 0.7838808731634859, 0.60241435710489
103, 0.6232265932016386, 0.6336205284632334
104, 0.4866157973593772, 0.32316761146995177
105, 0.7131143151476643, 0.48191516752905095
106, 0.3592401989508849, 0.3547413882872733
107, 0.38825094856562714, 0.9074381011412842
108, 0.6328163497663497, 0.6237912826851646
109, 0.6137881919279106, 0.7547803739843018
110, 0.6489201599963832, 0.9558795346177574
111, 0.2149271663462755, 0.8730485906245086
112, 0.7443247519238659, 0.39729470312391113
113, 0.5062086745393131, 0.4779909223401754
114, 0.3299733484094314, 0.8934939203153571
115, 0.3742240721462947, 0.049075940020227526
116, 0.46425303188267, 0.0759935369406165
117, 0.5326255792196511, 0.21701551523342721
118, 0.7746149781316827, 0.3948712693488863
119, 0.24648478195599255, 0.816224641237075
120, 0.9488225720368582, 0.41040475358534856
121, 0.43194535563238734, 0.9476686565508442
122, 0.3025184893784282, 0.35130653840598114
123, 0.7641455097617922, 0.8709295854061228
124, 0.37903166376354736, 0.1623277541051441
125, 0.9990922017594953, 0.24411383264088882
126, 0.08884540229682736, 0.8982567634547497
127, 0.3822258810996836, 0.11802150239990683
128, 0.32081512072529006, 0.735972053818564
129, 0.06187537724754344, 0.7346476498913548
130, 0.46626432327213063, 0.19811987023856326
131, 0.5778624821413372, 0.08240540444232691
132, 0.14655899772995373, 0.3499528930513883
133, 0.9780018664105506, 0.5717265331173693
134, 0.38905181065513283, 0.4061355471891691
135, 0.053888183896359965, 0.8847509885510932
136, 0.09226446647016917, 0.9787643531515707
137, 0.03769690742593268, 0.6047894835462305
138, 0.05298856729427148, 0.8805930447833773
139, 0.18718410093775273, 0.14029174103416042
140, 0.7327007707777113, 0.0300645052001125
141, 0.8664484632986638, 0.6678818170979837
142, 0.5693198832252044, 0.18776838799083917
143, 0.6486498397270446, 0.6622670755345604
144, 0.5979559526616377, 0.2544210054677667
145, 0.43701136375297, 0.2809801101237228
146, 0.5235768622575359, 0.987149437864482
147, 0.5037168018389739, 0.4239391534815642
148, 0.8256823388794312, 0.994594228711135
149, 0.42736408407276716, 0.3427500641721629
150, 0.763659349981022, 0.9495615552000661
151, 0.6769335969684114, 0.6678696446095931
152, 0.6115970119256676, 0.9142303151938668
153, 0.8785002931911653, 0.8888909753315948
154, 0.6068383003684863, 0.525175754203233
155, 0.7555447445495193, 0.16409325283820464
156, 0.2375158830855567, 0.14863651735138972
157, 0.5082447201971069, 0.7556858602967907
158, 0.9592556941635682, 0.9612853249587799
159, 0.3096236124415378, 0.4924378533664807
160, 0.8921046669050932, 0.968277994456014
161, 0.40872779627583933, 0.8399358512358478
162, 0.7006221260886182, 0.3512953646839102
163, 0.35042404314386166, 0.18921888759091432
164, 0.3870820075152863, 0.6968638664378122
165, 0.807474665781077, 0.9820225451024055
166, 0.4754373851808159, 0.012518636117361148
167, 0.7761568533612264, 0.5899981979769434
168, 0.9997445616648348, 0.24937145576717656
169, 0.030967368628966985, 0.2897541917068652
170, 0.3437506747070357, 0.5528363153354334
171, 0.4481415747449752, 0.012166272610768414
172, 0.4599495428678696, 0.6377313568105293
173, 0.44476915180741594, 0.6191741763650036
174, 0.6658005548205854, 0.670169079218552
175, 0.9546457223738768, 0.1976786068230777
176, 0.3962258210395859, 0.061174272890454295
177, 0.38692922910113214, 0.8122208686195841
178, 0.5312900560286605, 0.9725042169738723
179, 0.8124285006712267, 0.4464784023084075
180, 0.8505889394398496, 0.4805660063441528
181, 0.8948967218217623, 0.785685997285503
182, 0.992651385785756, 0.3356847900382307
183, 0.9350361922674919, 0.19254283837770725
184, 0.6955831170508844, 0.9100952743159447
185, 0.8806651815612363, 0.963599835670788
186, 0.3277173703856646, 0.5641871177296893
187, 0.047529718881884175, 0.2096880282415372
188, 0.30913408716803226, 0.7227805343672308
189, 0.4225719390929319, 0.042095909083499916
190, 0.941819507908632, 0.5046745502029315
191, 0.5716213943367184, 0.04960055494722215
192, 0.7707764671099647, 0.9276758680790061
193, 0.6446707981434388, 0.9425217647193499
194, 0.15415760294681813, 0.008941174004842067
195, 0.04375214209417877, 0.012970603534092962
196, 0.8753942657935048, 0.17500310030854727
197, 0.6724268498075283, 0.9914470112620691
198, 0.21714745834302995, 0.630817894835895
199, 0.9884273420688889, 0.17732096407723752
200, 0.5140680401714378, 0.05239761966370171
201, 0.3783744181772597, 0.988936766385667
202, 0.10597438443334772, 0.12240760815132523
203, 0.3845039347635508, 0.3185499343090996
204, 0.6448395982173585, 0.6411500399451597
205, 0.639550813993475, 0.5446207866836035
206, 0.26071229570846, 0.7991750296462512
207, 0.054563705255436745, 0.06514350037743011
208, 0.9597925841066232, 0.7511445870368674
209, 0.04775148097434778, 0.8955577538836077
210, 0.03132419080605353, 0.1931246538670789
211, 0.6988336837324547, 0.06740073135728053
212, 0.7135751662792478, 0.42373928278925854
213, 0.5336746774071067, 0.23531355951060706
214, 0.08080646809466352, 0.6870290326920466
215, 0.08370686385845216, 0.03555609869654319
216, 0.696843723080194, 0.2560295221215395
217, 0.7098812255936918, 0.5199012930110779
218, 0.6141557606798513, 0.29661261890053436
219, 0.9901153600045233, 0.3222037677279821
220, 0.9288769419316402, 0.12818029831730282
221, 0.5671843129478507, 0.7749288620480151
222, 0.1778913868187857, 0.011013946411742137
223, 0.05683602688214129, 0.7583838809069532
224, 0.32718955797314264, 0.30441939644029437
225, 0.5519385098270516, 0.25263409617181765
226, 0.15074280818423624, 0.14744244554657115
227, 0.9033737152662943, 0.9520229535341707
228, 0.07644583904627011, 0.7702879625101537
229, 0.1673195665007916, 0.5223118811355528
230, 0.12236549304677136, 0.12713922212265805
231, 0.8009869796349454, 0.8838593681596324
232, 0.5190625265864568, 0.8273587087373393
233, 0.48382671801511157, 0.286130519266517
234, 0.9586175586873841, 0.4368216659959089
235, 0.02370865690004087, 0.2821750282689389
236, 0.6552638054580238, 0.3429703569299458
237, 0.38074984212469876, 0.7721991208590112
238, 0.23416249053906246, 0.49947813833809507
239, 0.29828369155598966, 0.05271752873067648
240, 0.5884321800603151, 0.06381435380926082
241, 0.29195125964361024, 0.4809634208905582
242, 0.8899312450163168, 0.9041861182452524
243, 0.6165878820792055, 0.9780412921794598
244, 0.04217696863821674, 0.08703357909678044
245, 0.8291503582252451, 0.06142753456737826
246, 0.37964927260792913, 0.24432834231127598
247, 0.9132814611630025, 0.0018957446080298812
248, 0.7739553343463716, 0.5101569356633056
249, 0.7943731559874784, 0.5641185643482817
250, 0.6983987577682657, 0.25352210886803817
251, 0.09579292832539887, 0.0016558374726536318
252, 0.8123266757536811, 0.46838589179046985
253, 0.3551005715579326, 0.14738446743630174
254, 0.3165725397608542, 0.11858435343255147
255, 0.6256608607455122, 0.15563164856869893
256, 0.5203137287602447, 0.45749270859272384
257, 0.08352138653877506, 0.770828384800992
258, 0.5129610615262685, 0.47814303580378736
259, 0.966526407654854, 0.6919317086303892
end_nodes
0, 1
0, 2
0, 3
0, 4
0, 5
0, 6
0, 7
0, 8
0, 9
0, 10
0, 11
0, 12
0, 13
0, 14
0, 15
0, 16
17, 33
17, 49
17, 57
17, 69
17, 85
17, 88
17, 107
17, 120
17, 121
17, 177
17, 180
17, 190
17, 201
17, 234
17, 237
17, 239
18, 1
18, 2
18, 4
18, 5
18, 6
18, 7
18, 8
18, 9
18, 10
18, 11
18, 12
18, 13
18, 14
18, 15
18, 16
18, 21
19, 1
19, 5
19, 8
19, 9
19, 11
19, 12
19, 16
19, 21
19, 22
19, 23
19, 27
19, 41
19, 44
19, 47
19, 48
19, 53
20, 1
20, 5
20, 8
20, 9
20, 11
20, 12
20, 16
20, 21
20, 22
20, 23
20, 27
20, 33
20, 35
20, 41
20, 44
20, 47
24, 1
24, 5
24, 8
24, 9
24, 11
24, 12
24, 16
24, 21
24, 22
24, 23
24, 27
24, 41
24, 44
24, 47
24, 48
24, 53
25, 185
26, 153
26, 158
26, 227
26, 242
28, 4
28, 14
28, 94
28, 109
28, 110
28, 180
28, 184
28, 190
28, 193
28, 197
29, 158
30, 150
30, 165
30, 192
34, 1
34, 5
34, 8
34, 9
34, 10
34, 16
34, 21
34, 22
34, 23
34, 27
34, 31
34, 41
34, 44
34, 48
34, 49
34, 53
36, 15
36, 194
37, 15
37, 141
37, 194
38, 9
38, 16
38, 21
38, 22
38, 41
38, 63
38, 77
38, 78
38, 112
38, 118
38, 120
38, 125
38, 162
38, 168
38, 175
38, 179
39, 1
39, 5
39, 8
39, 9
39, 11
39, 12
39, 16
39, 21
39, 22
39, 23
39, 27
39, 33
39, 41
39, 44
39, 47
39, 48
40, 1
40, 2
40, 3
40, 4
40, 5
40, 8
40, 9
40, 10
40, 11
40, 12
40, 14
40, 16
40, 21
40, 22
40, 23
40, 27
42, 10
42, 92
42, 123
42, 148
42, 165
42, 192
43, 15
43, 194
45, 181
46, 1
46, 3
46, 5
46, 8
46, 9
46, 11
46, 12
46, 16
46, 21
46, 22
46, 23
46, 27
46, 41
46, 44
46, 47
46, 48
50, 1
50, 2
50, 4
50, 5
50, 6
50, 7
50, 9
50, 10
50, 11
50, 12
50, 13
50, 14
50, 22
50, 27
50, 32
50, 33
51, 9
51, 15
51, 16
51, 21
51, 22
51, 41
51, 63
51, 77
51, 78
51, 83
51, 102
51, 112
51, 118
51, 120
51, 125
51, 141
52, 1
52, 5
52, 8
52, 9
52, 11
52, 12
52, 16
52, 21
52, 22
52, 23
52, 27
52, 41
52, 44
52, 47
52, 48
52, 53
54, 1
54, 5
54, 8
54, 9
54, 10
54, 11
54, 16
54, 21
54, 22
54, 23
54, 27
54, 31
54, 41
54, 44
54, 48
54, 49
55, 14
55, 110
55, 152
55, 193
55, 197
55, 221
56, 15
56, 141
56, 179
56, 180
56, 190
56, 194
56, 234
58, 1
58, 3
58, 5
58, 8
58, 9
58, 11
58, 12
58, 16
58, 21
58, 22
58, 23
58, 27
58, 41
58, 44
58, 47
58, 48
61, 1
61, 5
61, 8
61, 9
61, 11
61, 12
61, 16
61, 21
61, 22
61, 23
61, 27
61, 41
61, 44
61, 48
61, 53
61, 63
62, 1
62, 5
62, 11
62, 12
62, 74
62, 140
62, 247
64, 1
64, 3
64, 5
64, 8
64, 11
64, 12
64, 16
64, 21
64, 22
64, 23
64, 27
64, 41
64, 44
64, 47
64, 48
64, 53
65, 8
65, 11
65, 12
65, 21
65, 22
65, 23
65, 27
65, 41
65, 44
65, 47
65, 48
65, 53
65, 63
65, 68
65, 74
65, 77
66, 3
66, 8
66, 12
66, 23
66, 27
66, 41
66, 44
66, 47
66, 48
66, 53
66, 63
66, 68
66, 74
66, 77
66, 78
66, 80
67, 23
67, 27
67, 41
67, 44
67, 47
67, 48
67, 53
67, 63
67, 68
67, 74
67, 77
67, 78
67, 83
67, 91
67, 95
67, 101
70, 160
70, 185
71, 23
71, 44
71, 47
71, 48
71, 53
71, 63
71, 68
71, 74
71, 77
71, 78
71, 83
71, 91
71, 95
71, 101
71, 112
71, 116
72, 44
72, 47
72, 48
72, 53
72, 63
72, 68
72, 74
72, 77
72, 78
72, 83
72, 91
72, 95
72, 101
72, 112
72, 116
72, 117
73, 48
73, 53
73, 63
73, 68
73, 74
73, 77
73, 78
73, 83
73, 91
73, 95
73, 101
73, 112
73, 117
73, 118
73, 120
73, 125
75, 47
75, 53
75, 63
75, 68
75, 74
75, 77
75, 78
75, 83
75, 91
75, 95
75, 101
75, 112
75, 116
75, 117
75, 118
75, 120
76, 33
76, 47
76, 53
76, 57
76, 63
76, 68
76, 74
76, 77
76, 78
76, 83
76, 91
76, 95
76, 101
76, 112
76, 116
76, 117
79, 3
79, 47
79, 53
79, 63
79, 68
79, 74
79, 77
79, 78
79, 83
79, 91
79, 95
79, 101
79, 112
79, 117
79, 118
79, 120
81, 33
81, 35
81, 53
81, 57
81, 59
81, 63
81, 68
81, 74
81, 77
81, 78
81, 83
81, 91
81, 95
81, 100
81, 101
81, 112
84, 31
84, 114
86, 63
86, 68
86, 74
86, 77
86, 78
86, 83
86, 91
86, 95
86, 101
86, 112
86, 117
86, 118
86, 120
86, 125
86, 130
86, 131
87, 31
87, 49
87, 63
87, 77
87, 78
87, 83
87, 85
87, 93
87, 95
87, 107
87, 112
87, 114
87, 118
87, 120
87, 121
87, 125
89, 3
89, 31
89, 49
89, 68
89, 74
89, 78
89, 80
89, 83
89, 85
89, 93
89, 95
89, 97
89, 101
89, 107
89, 111
89, 114
90, 63
90, 68
90, 74
90, 77
90, 78
90, 83
90, 91
90, 95
90, 101
90, 112
90, 117
90, 118
90, 120
90, 125
90, 130
90, 131
96, 3
96, 31
96, 49
96, 68
96, 74
96, 78
96, 80
96, 85
96, 93
96, 95
96, 97
96, 107
96, 111
96, 114
96, 116
96, 131
98, 3
98, 31
98, 49
98, 68
98, 74
98, 80
98, 83
98, 85
98, 93
98, 95
98, 97
98, 101
98, 107
98, 111
98, 114
98, 116
99, 68
99, 77
99, 83
99, 91
99, 95
99, 101
99, 112
99, 116
99, 117
99, 118
99, 120
99, 125
99, 130
99, 131
99, 140
99, 142
103, 10
103, 82
103, 92
103, 123
103, 148
103, 231
104, 83
104, 95
104, 112
104, 118
104, 120
104, 125
104, 140
104, 144
104, 155
104, 158
104, 162
104, 168
104, 175
104, 179
104, 180
104, 181
105, 15
105, 194
106, 6
106, 13
106, 14
106, 31
106, 35
106, 49
106, 59
106, 69
106, 85
106, 91
106, 93
106, 97
106, 100
106, 101
106, 107
106, 110
108, 185
108, 231
113, 10
113, 32
113, 82
113, 92
113, 123
113, 148
113, 150
113, 165
113, 192
115, 3
115, 31
115, 49
115, 80
115, 85
115, 93
115, 97
115, 107
115, 111
115, 114
115, 136
115, 140
115, 201
115, 237
115, 247
119, 120
119, 125
119, 168
119, 179
119, 180
119, 182
119, 190
119, 219
119, 234
122, 3
122, 33
122, 35
122, 57
122, 80
122, 91
122, 100
122, 101
122, 111
122, 112
122, 117
122, 118
122, 120
122, 121
122, 125
122, 130
124, 3
124, 7
124, 15
124, 31
124, 49
124, 60
124, 80
124, 85
124, 91
124, 93
124, 97
124, 101
124, 102
124, 107
124, 111
124, 112
126, 118
126, 120
126, 125
126, 144
126, 155
126, 162
126, 168
126, 175
126, 179
126, 180
126, 182
126, 183
126, 190
126, 196
126, 199
126, 216
127, 3
127, 31
127, 49
127, 80
127, 85
127, 93
127, 97
127, 107
127, 111
127, 114
127, 116
127, 125
127, 131
127, 136
127, 140
127, 142
128, 118
128, 120
128, 125
128, 168
128, 179
128, 180
128, 182
128, 190
128, 199
128, 219
128, 234
129, 91
129, 117
129, 118
129, 120
129, 125
129, 130
129, 131
129, 140
129, 142
129, 144
129, 155
129, 162
129, 168
129, 175
129, 179
129, 180
132, 91
132, 116
132, 117
132, 118
132, 125
132, 130
132, 131
132, 140
132, 142
132, 144
132, 155
132, 162
132, 168
132, 175
132, 179
132, 180
133, 15
133, 194
134, 13
134, 14
134, 31
134, 49
134, 59
134, 85
134, 93
134, 107
134, 110
134, 114
134, 117
134, 118
134, 125
134, 140
134, 142
134, 144
135, 117
135, 130
135, 131
135, 140
135, 142
135, 144
135, 155
135, 162
135, 168
135, 175
135, 179
135, 180
135, 182
135, 183
135, 190
135, 191
137, 116
137, 117
137, 130
137, 131
137, 140
137, 142
137, 144
137, 155
137, 162
137, 168
137, 175
137, 179
137, 180
137, 182
137, 183
137, 190
138, 117
138, 130
138, 131
138, 140
138, 142
138, 144
138, 155
138, 162
138, 168
138, 175
138, 179
138, 180
138, 182
138, 183
138, 190
138, 191
139, 116
139, 117
139, 130
139, 131
139, 140
139, 142
139, 144
139, 155
139, 162
139, 168
139, 175
139, 179
139, 180
139, 182
139, 183
139, 190
143, 82
143, 231
145, 49
145, 85
145, 107
145, 131
145, 140
145, 142
145, 144
145, 151
145, 153
145, 155
145, 158
145, 160
145, 162
145, 168
145, 175
145, 179
147, 10
147, 82
147, 92
147, 123
147, 148
147, 151
147, 160
147, 162
147, 168
147, 179
147, 180
147, 182
147, 185
147, 190
147, 219
147, 227
149, 2
149, 10
149, 32
149, 49
149, 82
149, 85
149, 92
149, 107
149, 109
149, 123
149, 140
149, 142
149, 144
149, 148
149, 150
149, 151
154, 153
154, 158
154, 227
154, 242
156, 13
156, 33
156, 35
156, 57
156, 59
156, 100
156, 116
156, 121
156, 130
156, 131
156, 140
156, 142
156, 144
156, 146
156, 155
156, 157
159, 33
159, 57
159, 97
159, 111
159, 121
159, 131
159, 140
159, 142
159, 144
159, 155
159, 161
159, 162
159, 168
159, 175
159, 177
159, 179
163, 2
163, 3
163, 4
163, 10
163, 14
163, 31
163, 32
163, 49
163, 80
163, 82
163, 85
163, 92
163, 93
163, 94
163, 97
163, 107
164, 49
164, 85
164, 107
164, 121
164, 161
164, 168
164, 179
164, 180
164, 182
164, 190
164, 201
164, 219
164, 234
166, 3
166, 31
166, 80
166, 85
166, 93
166, 97
166, 107
166, 111
166, 114
166, 136
166, 201
166, 237
169, 116
169, 130
169, 131
169, 142
169, 144
169, 155
169, 162
169, 168
169, 175
169, 180
169, 182
169, 183
169, 190
169, 191
169, 196
169, 199
170, 31
170, 33
170, 57
170, 93
170, 97
170, 114
170, 121
170, 144
170, 155
170, 161
170, 162
170, 175
170, 177
170, 182
170, 183
170, 190
171, 31
171, 80
171, 85
171, 93
171, 97
171, 107
171, 111
171, 114
171, 136
171, 201
171, 237
174, 185
174, 231
176, 80
176, 93
176, 97
176, 111
176, 114
176, 136
176, 191
176, 200
176, 201
176, 211
176, 237
176, 240
176, 245
176, 247
186, 33
186, 57
186, 97
186, 121
186, 144
186, 155
186, 162
186, 175
186, 177
186, 182
186, 183
186, 190
186, 196
186, 199
186, 211
186, 216
187, 116
187, 130
187, 131
187, 142
187, 155
187, 162
187, 175
187, 182
187, 183
187, 190
187, 191
187, 196
187, 199
187, 200
187, 211
187, 213
188, 175
188, 182
188, 183
188, 199
188, 219
188, 234
189, 80
189, 93
189, 97
189, 111
189, 114
189, 136
189, 201
189, 237
195, 116
195, 130
195, 142
195, 155
195, 182
195, 183
195, 191
195, 196
195, 199
195, 200
195, 211
195, 213
195, 216
195, 218
195, 219
195, 220
198, 80
198, 130
198, 136
198, 182
198, 183
198, 191
198, 196
198, 199
198, 211
198, 213
198, 216
198, 218
198, 219
198, 220
198, 225
198, 234
202, 116
202, 130
202, 183
202, 191
202, 196
202, 199
202, 200
202, 211
202, 213
202, 216
202, 218
202, 219
202, 220
202, 225
202, 234
202, 236
203, 4
203, 10
203, 14
203, 32
203, 92
203, 93
203, 94
203, 97
203, 109
203, 110
203, 114
203, 123
203, 148
203, 150
203, 152
203, 165
204, 185
204, 231
205, 153
205, 158
205, 242
206, 219
206, 234
207, 183
207, 191
207, 196
207, 199
207, 200
207, 211
207, 213
207, 216
207, 218
207, 219
207, 220
207, 225
207, 234
207, 236
207, 240
207, 245
208, 15
208, 194
209, 183
209, 191
209, 196
209, 199
209, 200
209, 211
209, 213
209, 216
209, 218
209, 219
209, 220
209, 225
209, 234
209, 236
209, 240
209, 245
210, 183
210, 191
210, 196
210, 199
210, 200
210, 211
210, 213
210, 216
210, 218
210, 219
210, 220
210, 225
210, 234
210, 236
210, 240
210, 245
212, 15
212, 194
212, 234
214, 191
214, 196
214, 199
214, 200
214, 211
214, 213
214, 216
214, 218
214, 219
214, 220
214, 225
214, 234
214, 236
214, 240
214, 245
214, 247
215, 191
215, 196
215, 199
215, 200
215, 211
215, 213
215, 216
215, 218
215, 219
215, 220
215, 225
215, 234
215, 236
215, 240
215, 245
215, 247
217, 102
217, 167
217, 194
222, 4
222, 6
222, 7
222, 10
222, 13
222, 14
222, 32
222, 33
222, 35
222, 57
222, 59
222, 60
222, 82
222, 92
222, 94
222, 100
223, 191
223, 196
223, 199
223, 200
223, 211
223, 213
223, 216
223, 218
223, 219
223, 220
223, 225
223, 234
223, 236
223, 240
223, 245
223, 247
224, 6
224, 13
224, 14
224, 33
224, 35
224, 57
224, 59
224, 69
224, 80
224, 100
224, 110
224, 111
224, 121
224, 136
224, 146
224, 152
226, 191
226, 196
226, 199
226, 200
226, 211
226, 213
226, 216
226, 218
226, 219
226, 220
226, 225
226, 236
226, 240
226, 245
226, 247
226, 250
228, 191
228, 196
228, 200
228, 211
228, 213
228, 216
228, 218
228, 220
228, 225
228, 236
228, 240
228, 245
228, 247
228, 250
228, 255
229, 196
229, 200
229, 211
229, 213
229, 216
229, 218
229, 220
229, 225
229, 236
229, 240
229, 245
229, 247
229, 250
229, 255
230, 200
230, 211
230, 213
230, 216
230, 218
230, 220
230, 225
230, 236
230, 240
230, 245
230, 247
230, 250
230, 255
233, 7
233, 15
233, 60
233, 102
233, 141
233, 167
233, 181
233, 194
233, 213
233, 216
233, 218
233, 220
233, 225
233, 236
233, 245
233, 247
235, 200
235, 213
235, 218
235, 220
235, 225
235, 236
235, 240
235, 245
235, 247
235, 250
235, 255
238, 80
238, 136
238, 200
238, 218
238, 220
238, 225
238, 236
238, 240
238, 245
238, 247
238, 250
238, 255
241, 111
241, 225
241, 236
241, 240
241, 245
241, 247
241, 250
241, 255
244, 236
244, 240
244, 245
244, 247
244, 250
244, 255
246, 2
246, 10
246, 32
246, 82
246, 92
246, 94
246, 109
246, 111
246, 114
246, 123
246, 136
246, 148
246, 150
246, 151
246, 153
246, 158
248, 15
248, 194
249, 15
249, 194
251, 240
251, 247
251, 250
251, 255
252, 15
252, 194
253, 7
253, 60
253, 102
253, 111
253, 114
253, 136
253, 141
253, 151
253, 153
253, 158
253, 160
253, 167
253, 181
253, 185
253, 194
253, 201
254, 2
254, 4
254, 7
254, 10
254, 13
254, 14
254, 32
254, 60
254, 69
254, 82
254, 92
254, 94
254, 102
254, 109
254, 110
254, 123
256, 82
256, 92
256, 123
256, 148
256, 151
256, 160
256, 185
256, 227
256, 231
257, 250
257, 255
258, 82
258, 92
258, 123
258, 148
258, 150
258, 165
258, 192
258, 231
259, 194
end