200
4
0, 0.626266238954528, 0.7846170976318033
1, 0.20632501274619774, 0.26676825409949834
2, 0.04838019742656352, 0.3417801838626603
3, 0.7310330044022947, 0.4089150118713054
4, 0.06205707380831926, 0.5487087489148289
5, 0.03429617009387509, 0.967718724036935
6, 0.9121493027310826, 0.27446202278437404
7, 0.8701781626939665, 0.6006068248220165
8, 0.2113583009891039, 0.05916857978447898
9, 0.27513260589904154, 0.30812013577146646
10, 0.8406457580760337, 0.16438498273890778
11, 0.7779732499120297, 0.7703719710802466
12, 0.8608752763000977, 0.40717736405871274
13, 0.11152333030437833, 0.964102580703422
14, 0.28981568959824155, 0.35845758424994156
15, 0.5475771515685701, 0.6382854342718594
16, 0.557036918113031, 0.050273659300327456
17, 0.6445033630788564, 0.05854925638938757
18, 0.8893107656500666, 0.8122114354592413
19, 0.4502520134386616, 0.12977830538595525
20, 0.9328870160014289, 0.4783821251915735
21, 0.20106347923673074, 0.8068658123357744
22, 0.2038895105384716, 0.47001685192694787
23, 0.6236205718408425, 0.3274368226702197
24, 0.7869895463818125, 0.7914997778850086
25, 0.5097439450009181, 0.361896346902164
26, 0.06854464322850762, 0.4413871490294894
27, 0.4206496151761361, 0.10184352757637483
28, 0.32089235035154184, 0.8776159121861833
29, 0.6066124416192814, 0.48992340174410287
30, 0.46202065032107476, 0.9138013047236144
31, 0.19506232208671537, 0.06508800917318258
32, 0.3834205028040868, 0.44049737430355207
33, 0.5436752008590664, 0.3649047082407261
34, 0.34882546164893136, 0.9654731780229959
35, 0.105319705676433, 0.5135670085353243
36, 0.8979947199956302, 0.7591610776165958
37, 0.32764072037108694, 0.5123002034433762
38, 0.6539059644398988, 0.4249748467562259
39, 0.05875142900331087, 0.4539995103072316
40, 0.956440992449142, 0.20068050734203502
41, 0.05008639149920946, 0.2850193813342532
42, 0.48245947094946295, 0.02817657904365445
43, 0.997372310638758, 0.30177400626583695
44, 0.8832671080355855, 0.9597043492811296
45, 0.04230212301828329, 0.7469927561233134
46, 0.687741783321845, 0.24109742115849164
47, 0.6999001253498679, 0.22117945782571402
48, 0.17543469079940965, 0.7102610706063219
49, 0.10222780567871548, 0.21871043610412755
50, 0.7960291552820625, 0.8427075344110876
51, 0.5326405476118156, 0.45319007649170384
52, 0.08742227080599962, 0.12539035462384307
53, 0.7045598455928508, 0.43067114962453934
54, 0.06279420009965486, 0.5240071700970511
55, 0.6976807322086346, 0.20645876416557796
56, 0.26744974164931723, 0.5512991585741184
57, 0.342439300541973, 0.09176382517686954
58, 0.6585012674652019, 0.02228109139620238
59, 0.9650395296321964, 0.25423557751187353
60, 0.5464697390920431, 0.07334281734106118
61, 0.08114834162556062, 0.4627495831925512
62, 0.6192080263632254, 0.5855134440283516
63, 0.6449076674674465, 0.9223568477587349
64, 0.5799726289779424, 0.3757077888762044
65, 0.3561050337437872, 0.11058967713127998
66, 0.7804337647975967, 0.13209114001084443
67, 0.944488888018922, 0.6353824445363679
68, 0.8543915278810817, 0.42086938586017253
69, 0.05510879620708653, 0.8752861433860065
70, 0.7622597720675296, 0.4225562675173796
71, 0.24410022340934423, 0.9024029922025077
72, 0.020061306969023085, 0.16476957968601302
73, 0.9926778295901111, 0.7742724710560315
74, 0.3326615385149886, 0.9682339124088879
75, 0.48660695087388905, 0.9148439594775554
76, 0.004763422125470207, 0.5022265134300984
77, 0.0461540407681692, 0.727371052281878
78, 0.34665981700175785, 0.4568913056147107
79, 0.2261723286158852, 0.18818762144826717
80, 0.45473467748219365, 0.36065671356172124
81, 0.2681405185427779, 0.9100564934247195
82, 0.9596712086290199, 0.8004541330154025
83, 0.7799887314500072, 0.5235242428972567
84, 0.7021736438753945, 0.341221443193481
85, 0.1916868582749952, 0.15663855547249117
86, 0.007806515438461337, 0.0906083477602394
87, 0.09121517587747274, 0.5007850476316756
88, 0.8400314716271491, 0.8623280379230659
89, 0.7219822261997006, 0.6320278872051517
90, 0.2929537975250329, 0.20678038934275933
91, 0.7094688150849165, 0.8539141672482999
92, 0.25570842506963476, 0.16882702407646788
93, 0.08592301179469808, 0.03367843441270191
94, 0.4737844165245817, 0.20100078875745253
95, 0.5696527256079432, 0.3729238543960034
96, 0.18875229859238263, 0.02282229236923905
97, 0.19543111601051089, 0.15372228453213221
98, 0.290517854151671, 0.9741738940035468
99, 0.9891122212779602, 0.5116384371500113
100, 0.703885763105509, 0.8565402131540554
101, 0.625594586743114, 0.8996428428222298
102, 0.1560473856031256, 0.3795193753019078
103, 0.6095260774663329, 0.5210945691379593
104, 0.5123657201240335, 0.5434878284314987
105, 0.7805972232655686, 0.8831383151837099
106, 0.17989436687314042, 0.7084456523976924
107, 0.8428149211067564, 0.8739021289515064
108, 0.8788715888959883, 0.21335839123739764
109, 0.9924841518091639, 0.49024283509840594
110, 0.8355982230035309, 0.6461335959100662
111, 0.737017908604228, 0.8555734523028447
112, 0.5642839090504943, 0.004307569978853731
113, 0.532805582849283, 0.3936450300613288
114, 0.27740074199976406, 0.9383444448514116
115, 0.2996723907272473, 0.8468825719713011
116, 0.2950461022554359, 0.9368275794792106
117, 0.25721165749174235, 0.7341109601983088
118, 0.862679321070748, 0.8934223330414302
119, 0.11804121864547057, 0.7373450567498978
120, 0.4053650889943887, 0.6297654930078469
121, 0.9979902401528183, 0.7171070825692422
122, 0.20841813791729635, 0.603671993374627
123, 0.47864732539526367, 0.8653151470153883
124, 0.9801176131541534, 0.9705200688881507
125, 0.6141458041736058, 0.6160666712589719
126, 0.44562781894581227, 0.40660790201420116
127, 0.4112469197890939, 0.7220202346235609
128, 0.7950880969927215, 0.9507593463611724
129, 0.5656855225471578, 0.9281500586453861
130, 0.8425053785918986, 0.780320590498789
131, 0.3845554554343116, 0.36792382895158804
132, 0.7371075393214472, 0.32622046386139514
133, 0.07059689020756188, 0.1759920553186981
134, 0.9495530517276922, 0.09127216929519899
135, 0.13058647179649097, 0.30139637250765194
136, 0.10557718413549755, 0.790758524941464
137, 0.6735114752680413, 0.5814951145704873
138, 0.4378431675293136, 0.9400084049250484
139, 0.7366392510940047, 0.39904564293946343
140, 0.7187880188892412, 0.6004142315043836
141, 0.5939234161460573, 0.6183260881631792
142, 0.40771081901674744, 0.841458040473508
143, 0.26823941653559125, 0.6101825530794756
144, 0.42679657832818463, 0.7412149836011758
145, 0.8388284013346073, 0.8226572646907965
146, 0.5034467912334705, 0.5407692078803313
147, 0.3310338817997259, 0.6819941473459253
148, 0.8806500690757192, 0.25281894785354886
149, 0.6999594772798727, 0.1063906675076326
150, 0.9611017426498016, 0.15218797621628044
151, 0.14500716139229208, 0.4363269295604143
152, 0.276580905496714, 0.5974278237613114
153, 0.40384117341066017, 0.5104240250049586
154, 0.037737268600278706, 0.29314384452575026
155, 0.3374959148902269, 0.655918903164159
156, 0.27384315534662107, 0.40650007706994373
157, 0.8467872160098062, 0.5479524450168644
158, 0.2781264837425723, 0.019522213408068145
159, 0.18130525975765632, 0.3962401055631326
160, 0.4341400223659879, 0.4509395820277081
161, 0.28163307812912997, 0.9723489549014904
162, 0.2779887543049874, 0.05565328960355509
163, 0.777646506558287, 0.41636895398386
164, 0.9279500427216488, 0.9770631659758736
165, 0.5674754275288905, 0.09709068548065314
166, 0.3155515993921768, 0.7693648037975955
167, 0.6801886037799408, 0.021807605032488908
168, 0.34944097267347507, 0.42364613936258344
169, 0.8646675175278825, 0.04782809056171122
170, 0.5475454549053813, 0.317037673131948
171, 0.7793989109253431, 0.14139819875276238
172, 0.04670716529730279, 0.6753177611572616
173, 0.9840073810908647, 0.6271237979811514
174, 0.73313193705056, 0.06775430177239927
175, 0.9423602826967911, 0.5086630893608464
176, 0.055841025518708065, 0.12940384076182487
177, 0.6679454515087198, 0.4285486280026394
178, 0.004254170829995241, 0.5474562072869178
179, 0.3407921145086059, 0.9088458862184974
180, 0.6198653949100654, 0.1416802499233717
181, 0.5107601594344773, 0.7723595730703394
182, 0.14520288235034584, 0.3307116663001026
183, 0.8433135967525588, 0.22291272971750542
184, 0.6983842340180926, 0.29914200604296015
185, 0.276075554044681, 0.2920086693766296
186, 0.526394768966282, 0.2069459089852307
187, 0.7564544044815097, 0.35214141210938477
188, 0.8126429292517365, 0.9138631209873344
189, 0.373348899395043, 0.20258968381713616
190, 0.3126935478427143, 0.8624286401913283
191, 0.3286610881610873, 0.3338233984093578
192, 0.8777423711844827, 0.5320496108711881
193, 0.3580270597827423, 0.5022576205085497
194, 0.523520150995497, 0.8294281570899217
195, 0.7193175592629762, 0.04993721060341705
196, 0.4796632779848584, 0.2642892233532209
197, 0.41817206230126014, 0.1966512595981288
198, 0.44469966713775433, 0.2780945938312641
199, 0.14855217732545745, 0.33131687998675396
end_nodes
0, 1
0, 2
0, 3
0, 4
0, 5
0, 6
0, 7
0, 8
0, 9
0, 10
0, 11
0, 12
0, 13
0, 14
15, 1
15, 2
15, 3
15, 6
15, 8
15, 9
15, 10
15, 14
15, 16
15, 17
15, 19
15, 23
15, 25
15, 27
18, 1
18, 2
18, 3
18, 4
18, 6
18, 7
18, 8
18, 9
18, 10
18, 12
18, 14
18, 16
18, 17
18, 19
21, 1
21, 2
21, 4
21, 8
21, 9
21, 11
21, 14
21, 16
21, 19
21, 22
21, 26
21, 27
21, 31
21, 32
24, 1
24, 2
24, 3
24, 4
24, 6
24, 7
24, 8
24, 9
24, 10
24, 12
24, 14
24, 16
24, 17
24, 19
28, 1
28, 2
28, 3
28, 4
28, 5
28, 6
28, 7
28, 8
28, 9
28, 10
28, 11
28, 12
28, 13
28, 14
29, 10
29, 16
29, 17
29, 19
29, 23
29, 27
29, 33
29, 38
29, 42
29, 46
29, 47
29, 55
29, 58
29, 60
30, 1
30, 2
30, 3
30, 4
30, 6
30, 7
30, 8
30, 9
30, 10
30, 12
30, 14
30, 16
30, 17
30, 19
34, 1
34, 2
34, 3
34, 4
34, 6
34, 7
34, 8
34, 9
34, 10
34, 12
34, 14
34, 16
34, 17
34, 19
35, 2
35, 26
35, 39
35, 41
35, 52
35, 61
35, 72
35, 86
35, 87
35, 93
35, 133
35, 154
35, 176
37, 1
37, 2
37, 8
37, 9
37, 14
37, 19
37, 27
37, 31
37, 41
37, 42
37, 49
37, 52
37, 57
37, 65
44, 1
44, 2
44, 3
44, 4
44, 6
44, 7
44, 8
44, 9
44, 10
44, 12
44, 14
44, 16
44, 17
44, 19
45, 11
45, 36
45, 73
45, 82
45, 121
45, 130
48, 1
48, 2
48, 4
48, 8
48, 9
48, 11
48, 22
48, 26
48, 31
48, 36
48, 39
48, 41
48, 49
48, 52
50, 1
50, 2
50, 3
50, 4
50, 6
50, 7
50, 8
50, 9
50, 10
50, 12
50, 14
50, 16
50, 17
50, 19
51, 16
51, 17
51, 19
51, 23
51, 25
51, 27
51, 33
51, 42
51, 46
51, 47
51, 55
51, 57
51, 58
51, 60
53, 10
53, 17
53, 40
53, 46
53, 47
53, 55
53, 58
53, 66
53, 84
53, 108
53, 132
53, 134
53, 139
53, 148
54, 72
54, 76
54, 86
56, 1
56, 2
56, 8
56, 9
56, 14
56, 22
56, 26
56, 27
56, 31
56, 39
56, 41
56, 49
56, 52
56, 57
62, 3
62, 6
62, 8
62, 10
62, 16
62, 17
62, 19
62, 23
62, 25
62, 27
62, 31
62, 33
62, 38
62, 40
63, 1
63, 3
63, 4
63, 6
63, 7
63, 9
63, 10
63, 12
63, 14
63, 16
63, 17
63, 19
63, 20
63, 22
64, 16
64, 17
64, 42
64, 47
64, 55
64, 58
64, 60
64, 112
64, 149
64, 165
64, 167
64, 174
64, 180
64, 186
67, 5
67, 13
69, 11
69, 36
69, 73
69, 82
69, 121
69, 130
70, 6
70, 10
70, 40
70, 66
70, 108
70, 134
70, 148
70, 150
70, 169
70, 171
70, 183
71, 3
71, 4
71, 5
71, 6
71, 7
71, 11
71, 12
71, 13
71, 14
71, 16
71, 17
71, 19
71, 20
71, 22
74, 3
74, 4
74, 6
74, 7
74, 12
74, 20
74, 22
74, 23
74, 25
74, 26
74, 27
74, 31
74, 32
74, 33
75, 3
75, 4
75, 7
75, 12
75, 20
75, 22
75, 23
75, 25
75, 26
75, 27
75, 31
75, 32
75, 33
75, 38
77, 11
77, 36
77, 73
77, 82
77, 121
77, 130
78, 27
78, 31
78, 42
78, 49
78, 52
78, 57
78, 65
78, 72
78, 79
78, 85
78, 86
78, 90
78, 92
78, 93
80, 27
80, 42
80, 57
80, 60
80, 65
80, 94
80, 96
80, 112
80, 158
80, 162
80, 165
80, 186
80, 189
80, 196
81, 7
81, 12
81, 13
81, 20
81, 22
81, 23
81, 25
81, 26
81, 27
81, 31
81, 32
81, 33
81, 36
81, 38
83, 12
83, 40
83, 43
83, 59
83, 68
83, 108
83, 134
83, 148
83, 150
83, 169
83, 183
88, 7
88, 20
88, 22
88, 23
88, 25
88, 26
88, 27
88, 31
88, 32
88, 33
88, 38
88, 39
88, 40
88, 41
89, 20
89, 23
89, 38
89, 40
89, 42
89, 43
89, 46
89, 47
89, 55
89, 58
89, 59
89, 60
89, 66
89, 68
91, 20
91, 22
91, 23
91, 25
91, 26
91, 27
91, 31
91, 32
91, 33
91, 38
91, 39
91, 40
91, 41
91, 42
95, 42
95, 55
95, 58
95, 60
95, 112
95, 149
95, 165
95, 167
95, 170
95, 174
95, 180
95, 186
95, 195
98, 20
98, 22
98, 23
98, 25
98, 26
98, 31
98, 32
98, 33
98, 38
98, 39
98, 40
98, 41
98, 42
98, 43
100, 20
100, 22
100, 23
100, 25
100, 26
100, 31
100, 32
100, 33
100, 38
100, 39
100, 40
100, 41
100, 42
100, 43
101, 20
101, 22
101, 23
101, 25
101, 26
101, 31
101, 32
101, 33
101, 38
101, 39
101, 40
101, 41
101, 42
101, 43
103, 23
103, 25
103, 33
103, 38
103, 40
103, 42
103, 46
103, 47
103, 55
103, 57
103, 58
103, 60
103, 65
103, 66
104, 25
104, 33
104, 42
104, 46
104, 47
104, 52
104, 55
104, 57
104, 58
104, 60
104, 65
104, 66
104, 79
104, 84
105, 20
105, 22
105, 25
105, 26
105, 32
105, 33
105, 38
105, 39
105, 40
105, 41
105, 43
105, 46
105, 47
105, 49
106, 11
106, 26
106, 36
106, 39
106, 41
106, 49
106, 52
106, 57
106, 61
106, 72
106, 73
106, 76
106, 79
106, 82
107, 20
107, 32
107, 38
107, 39
107, 40
107, 41
107, 43
107, 46
107, 47
107, 49
107, 52
107, 55
107, 57
107, 58
110, 5
110, 13
110, 20
110, 43
110, 99
110, 109
110, 175
111, 32
111, 38
111, 39
111, 40
111, 41
111, 43
111, 46
111, 47
111, 49
111, 52
111, 55
111, 57
111, 58
111, 59
113, 57
113, 58
113, 60
113, 65
113, 94
113, 112
113, 149
113, 165
113, 167
113, 170
113, 174
113, 180
113, 186
113, 195
114, 32
114, 39
114, 41
114, 43
114, 46
114, 47
114, 49
114, 52
114, 55
114, 57
114, 58
114, 59
114, 60
114, 61
115, 11
115, 32
115, 36
115, 39
115, 43
115, 46
115, 47
115, 49
115, 52
115, 55
115, 57
115, 58
115, 59
115, 60
116, 43
116, 46
116, 47
116, 49
116, 52
116, 55
116, 57
116, 58
116, 59
116, 60
116, 61
116, 65
116, 66
116, 68
117, 11
117, 36
117, 49
117, 52
117, 60
117, 61
117, 65
117, 72
117, 73
117, 76
117, 79
117, 82
117, 85
117, 86
118, 43
118, 46
118, 47
118, 49
118, 52
118, 55
118, 59
118, 60
118, 61
118, 65
118, 66
118, 68
118, 72
118, 76
119, 11
119, 36
119, 49
119, 61
119, 72
119, 73
119, 76
119, 82
119, 86
119, 87
119, 93
119, 121
119, 130
119, 133
120, 46
120, 61
120, 65
120, 66
120, 72
120, 79
120, 85
120, 86
120, 87
120, 90
120, 92
120, 93
120, 94
120, 96
122, 11
122, 36
122, 61
122, 72
122, 73
122, 76
122, 79
122, 82
122, 85
122, 86
122, 87
122, 90
122, 92
122, 93
123, 43
123, 59
123, 61
123, 65
123, 66
123, 68
123, 72
123, 73
123, 76
123, 79
123, 82
123, 84
123, 85
123, 86
124, 59
124, 61
124, 65
124, 66
124, 68
124, 72
124, 76
124, 79
124, 84
124, 85
124, 86
124, 87
124, 90
124, 92
125, 59
125, 65
125, 66
125, 68
125, 79
125, 84
125, 85
125, 90
125, 92
125, 93
125, 94
125, 96
125, 97
125, 108
126, 65
126, 90
126, 92
126, 94
126, 96
126, 112
126, 158
126, 162
126, 165
126, 186
126, 189
126, 196
126, 197
126, 198
127, 11
127, 36
127, 59
127, 61
127, 66
127, 72
127, 73
127, 76
127, 79
127, 82
127, 84
127, 85
127, 86
127, 87
128, 59
128, 61
128, 66
128, 68
128, 72
128, 76
128, 79
128, 84
128, 85
128, 86
128, 87
128, 90
128, 92
128, 93
129, 59
129, 61
129, 66
129, 68
129, 72
129, 76
129, 79
129, 84
129, 85
129, 86
129, 87
129, 90
129, 92
129, 93
136, 36
136, 73
136, 76
136, 82
136, 86
136, 87
136, 121
136, 130
136, 133
136, 154
136, 176
137, 59
137, 68
137, 84
137, 94
137, 108
137, 112
137, 132
137, 134
137, 139
137, 148
137, 149
137, 150
137, 163
137, 165
138, 68
138, 76
138, 79
138, 84
138, 85
138, 86
138, 87
138, 90
138, 92
138, 93
138, 94
138, 96
138, 97
138, 99
140, 68
140, 84
140, 108
140, 112
140, 132
140, 134
140, 139
140, 148
140, 149
140, 150
140, 163
140, 165
140, 167
140, 169
141, 68
141, 79
141, 84
141, 85
141, 90
141, 92
141, 93
141, 94
141, 96
141, 97
141, 108
141, 112
141, 131
141, 132
142, 5
142, 13
142, 36
142, 68
142, 73
142, 76
142, 82
142, 84
142, 85
142, 87
142, 90
142, 92
142, 93
142, 94
143, 36
143, 73
143, 82
143, 85
143, 87
143, 90
143, 92
143, 93
143, 96
143, 97
143, 102
143, 121
143, 130
143, 133
144, 73
144, 82
144, 84
144, 87
144, 90
144, 92
144, 93
144, 94
144, 96
144, 97
144, 102
144, 108
144, 112
144, 121
145, 87
145, 90
145, 92
145, 93
145, 94
145, 96
145, 97
145, 99
145, 102
145, 108
145, 109
145, 112
145, 131
145, 132
146, 94
146, 96
146, 97
146, 112
146, 131
146, 133
146, 149
146, 158
146, 162
146, 165
146, 167
146, 169
146, 170
146, 171
147, 73
147, 82
147, 94
147, 96
147, 97
147, 102
147, 112
147, 121
147, 130
147, 131
147, 133
147, 135
147, 149
147, 151
152, 96
152, 97
152, 102
152, 121
152, 133
152, 135
152, 151
152, 154
152, 156
152, 158
152, 159
152, 162
152, 168
152, 176
153, 94
153, 96
153, 97
153, 112
153, 131
153, 133
153, 135
153, 156
153, 158
153, 162
153, 165
153, 167
153, 168
153, 176
155, 96
155, 97
155, 102
155, 112
155, 121
155, 130
155, 131
155, 133
155, 135
155, 149
155, 151
155, 154
155, 156
155, 158
160, 97
160, 131
160, 158
160, 162
160, 165
160, 167
160, 180
160, 185
160, 186
160, 189
160, 191
160, 196
160, 197
160, 198
161, 97
161, 99
161, 102
161, 108
161, 109
161, 131
161, 132
161, 133
161, 134
161, 135
161, 139
161, 148
161, 149
161, 150
164, 97
164, 99
164, 102
164, 108
164, 109
164, 131
164, 132
164, 133
164, 134
164, 135
164, 139
164, 148
164, 149
164, 150
166, 102
166, 108
166, 121
166, 130
166, 131
166, 132
166, 133
166, 134
166, 135
166, 149
166, 150
166, 151
166, 154
166, 156
172, 121
172, 130
173, 5
173, 13
177, 108
177, 132
177, 134
177, 149
177, 165
177, 167
177, 169
177, 171
177, 174
177, 180
177, 183
177, 184
177, 195
178, 121
178, 130
179, 99
179, 102
179, 108
179, 109
179, 131
179, 132
179, 133
179, 134
179, 135
179, 139
179, 148
179, 149
179, 150
179, 151
181, 5
181, 99
181, 102
181, 109
181, 121
181, 130
181, 131
181, 132
181, 133
181, 134
181, 135
181, 139
181, 148
181, 149
188, 99
188, 102
188, 109
188, 131
188, 132
188, 134
188, 135
188, 139
188, 148
188, 150
188, 151
188, 154
188, 156
188, 157
190, 5
190, 99
190, 102
190, 109
190, 130
190, 131
190, 132
190, 134
190, 135
190, 139
190, 148
190, 150
190, 151
190, 154
193, 135
193, 154
193, 156
193, 158
193, 162
193, 165
193, 168
193, 176
193, 182
193, 185
193, 189
193, 191
193, 196
193, 197
194, 5
194, 13
194, 99
194, 102
194, 109
194, 130
194, 132
194, 134
194, 135
194, 139
194, 148
194, 150
194, 151
194, 154
end