520
4
0, 0.6201825140680511, 0.2691127586554025
1, 0.20673798808118282, 0.9710045117178259
2, 0.7542033494447151, 0.22062139585490037
3, 0.5165309929937737, 0.6354436659733723
4, 0.12235891325566495, 0.979530722845212
5, 0.40882405472242334, 0.12640041877130226
6, 0.2831738874084426, 0.12130554954690165
7, 0.058992599993687, 0.4702125466107028
8, 0.09245095765596367, 0.9130099468252653
9, 0.013244965469106695, 0.633304779290355
10, 0.609623714981483, 0.21930935681151253
11, 0.5080516902077309, 0.22680520943400018
12, 0.24281719694045178, 0.5196923223844339
13, 0.7457195282084924, 0.6324666436923215
14, 0.1851094073363656, 0.3460167250738655
15, 0.31499126720215487, 0.7235069620072558
16, 0.1346298179193396, 0.8287319447578693
17, 0.6362971543199648, 0.2651567626203388
18, 0.35782686640719674, 0.585298475388468
19, 0.750882855198034, 0.29215436461507027
20, 0.43137746791947507, 0.3404448962299381
21, 0.5930567469410309, 0.06132500504934024
22, 0.3361797799076994, 0.5256585000436964
23, 0.1975651165694402, 0.14256296897971577
24, 0.41738340582202194, 0.04075605547115346
25, 0.29356272553780627, 0.038022267302388
26, 0.3602319818867583, 0.24213623281827434
27, 0.7464546439297686, 0.8865300392661575
28, 0.692267802210921, 0.947851720527074
29, 0.7509721975534052, 0.12348475734596032
30, 0.10869663376562755, 0.29437700044105697
31, 0.06843659301801486, 0.39713197965270297
32, 0.5803253098154317, 0.9332494482856631
33, 0.5960540781404825, 0.4176538459697636
34, 0.594847063917622, 0.6199604351786635
35, 0.737776023674824, 0.9657782260063511
36, 0.7914708896827036, 0.18493068538879098
37, 0.6151779003662676, 0.7095925652342077
38, 0.24196639713959445, 0.3885640225688718
39, 0.26045478618524076, 0.07993198095446863
40, 0.399812959926803, 0.24444495871826266
41, 0.5663090119776717, 0.0026536516042469094
42, 0.9599663970391895, 0.24985338162573656
43, 0.4187473501399025, 0.6029389638001488
44, 0.10803403314763793, 0.5351812459397262
45, 0.7481651823235821, 0.43611701339009723
46, 0.2701577972412662, 0.69134502375667
47, 0.9142777555115869, 0.5055889297440276
48, 0.42363685298572895, 0.006692036291172543
49, 0.0973136683365009, 0.6073467877175714
50, 0.6521075113786646, 0.03931598740061293
51, 0.6733945236839622, 0.2967123853815369
52, 0.368846794104598, 0.1774825362410266
53, 0.8850276102637479, 0.6011691820836973
54, 0.8735943863956138, 0.002971011580046534
55, 0.6047266290977827, 0.8234434306465725
56, 0.5260581403738848, 0.7917536569450254
57, 0.8420169046585304, 0.25781128964734745
58, 0.5756534914027026, 0.10511996328093953
59, 0.27900692333942434, 0.5777865469106619
60, 0.9761772938219588, 0.2814780611870933
61, 0.37804284762028284, 0.9578973607178699
62, 0.09829694253759547, 0.020729311996519062
63, 0.36495393127038267, 0.5234665379326304
64, 0.22748693645510687, 0.13630931046885109
65, 0.6775969912889456, 0.2167888302144756
66, 0.8155332549446189, 0.040910621402966085
67, 0.30620597153466134, 0.3760964097878382
68, 0.8644055092072715, 0.3224316400220345
69, 0.1362166452280621, 0.9298944703687069
70, 0.4846067047324343, 0.12747777329472265
71, 0.9995848917694856, 0.2597791900876104
72, 0.9054560400155423, 0.8769675713948292
73, 0.14890326302310664, 0.12227257428143024
74, 0.07342740270035297, 0.24633174207785435
75, 0.9982495885925136, 0.7120244854886271
76, 0.7847121161293231, 0.7173436880999723
77, 0.6328162157511146, 0.29852249959689203
78, 0.06520166085458878, 0.6647196404948418
79, 0.39576751807525024, 0.09847836578275382
80, 0.023007605771201867, 0.4632672511905147
81, 0.6809477477352341, 0.05609573714303373
82, 0.43792366136035166, 0.2618325701554842
83, 0.3576343425930102, 0.053676718907514354
84, 0.09848121476106997, 0.9637499707548
85, 0.7073738291969804, 0.517114319582655
86, 0.9701573839659987, 0.8853092809121017
87, 0.6307057940334335, 0.33009871145565284
88, 0.7824129558760703, 0.35607383157216965
89, 0.2295262967381998, 0.8005031824899133
90, 0.06369232247999834, 0.03725357700172305
91, 0.40079868275105446, 0.18842042197640052
92, 0.9557200239303509, 0.4348590633190623
93, 0.08213377275807165, 0.558814550980307
94, 0.5155982136931915, 0.8911025584733322
95, 0.6047686502774389, 0.3849093149067888
96, 0.12752716773888595, 0.07397531197806739
97, 0.7761724639655018, 0.47588592753354897
98, 0.4648051142411266, 0.054243888067718404
99, 0.3013982717005933, 0.35942309768138114
100, 0.9218635923478714, 0.4138579701912827
101, 0.4439343940469417, 0.0567980950350242
102, 0.9596816998215392, 0.897881588134469
103, 0.2810449779846049, 0.9293537957195042
104, 0.32430892949259016, 0.3835820902134466
105, 0.9363074640871791, 0.30369814294465347
106, 0.23542233752805541, 0.7710976906512329
107, 0.7143573319063822, 0.13691236309127663
108, 0.16288553232127612, 0.6748532034958483
109, 0.45064565480104746, 0.5283720101033442
110, 0.4088158729525613, 0.9665763480031405
111, 0.9466141623560999, 0.9599931716239196
112, 0.9178366993363564, 0.648198844833884
113, 0.11878952435615175, 0.4519830903963947
114, 0.8207963858569791, 0.15786658459709657
115, 0.8124435092301199, 0.5563742283108926
116, 0.16188474951333576, 0.17085886030403497
117, 0.30413993078248924, 0.7209030971916242
118, 0.3186707105191443, 0.6692518281957822
119, 0.3106047787552815, 0.8708533187437834
120, 0.8665846013002405, 0.7489374600339488
121, 0.9376412259903837, 0.7697589685719086
122, 0.19625975282067076, 0.4374080938814513
123, 0.7900725648130724, 0.36473956465028046
124, 0.7137542405141639, 0.45029743959797897
125, 0.15654179230661747, 0.43666563903148803
126, 0.9214108019719818, 0.573729262408785
127, 0.12628589228158615, 0.5433130333929459
128, 0.4872251194629156, 0.6471572295170329
129, 0.13545719918385857, 0.1634352301960672
130, 0.0472912377246506, 0.9310182494632268
131, 0.4465080494194337, 0.6605781886615182
132, 0.18336797737216315, 0.9191280104846042
133, 0.8844895134476053, 0.838946686538633
134, 0.8442236753627445, 0.07949486618179924
135, 0.7529354670984019, 0.9835859225749185
136, 0.17561039658394317, 0.9419012350659732
137, 0.44860162685374594, 0.03844120813579821
138, 0.9468489250711045, 0.20302839186385924
139, 0.1818465122279903, 0.003866650891109491
140, 0.9923727237803047, 0.14582667094739576
141, 0.5529393210545899, 0.8131140782483558
142, 0.22071058492806206, 0.5385451835865318
143, 0.23678385970432514, 0.7581625422969711
144, 0.5867403586351104, 0.16091500218983834
145, 0.3746614466303041, 0.8195477995804438
146, 0.6231282439238828, 0.380465271012814
147, 0.8607036742623689, 0.6964854781701805
148, 0.16892191942536516, 0.5986173421277423
149, 0.08248288711539808, 0.21059592230040325
150, 0.29383098833366617, 0.8051742073829217
151, 0.40622167851669533, 0.2896842091821159
152, 0.6777621125325017, 0.4618511250746138
153, 0.1755775212391496, 0.42126246171325166
154, 0.27858855344367506, 0.5819221645111339
155, 0.011240452664400546, 0.2048536913366078
156, 0.6793475491913507, 0.75191450609772
157, 0.57507187858056, 0.8306879222957403
158, 0.9293861979008228, 0.8346663546155211
159, 0.8382852132584803, 0.2772878111546785
160, 0.3848053108501298, 0.3308036067581934
161, 0.7572063853274373, 0.04456536135879907
162, 0.20232118143460842, 0.41403052932589357
163, 0.32009863730959476, 0.19856256732092148
164, 0.8584296066841557, 0.30736697328729967
165, 0.6707230892638631, 0.42384286731159015
166, 0.7163259135844344, 0.21058554661693818
167, 0.7621156803963054, 0.8834744701677316
168, 0.34262059361842734, 0.8265925333474972
169, 0.3899208202810398, 0.09307285490023698
170, 0.6994295879786743, 0.39735721055249495
171, 0.034708159501731006, 0.7439385739301763
172, 0.575654141552014, 0.5857238900071661
173, 0.6191947504819154, 0.20971450337384523
174, 0.7742154159214372, 0.0025754241364466246
175, 0.8423343869307627, 0.6658583332829492
176, 0.5196921406521522, 0.42918080208390297
177, 0.7766692715173781, 0.9704588004815622
178, 0.570740692335178, 0.30060870648676663
179, 0.0719379502167371, 0.9197181331631362
180, 0.3588527057277634, 0.8651843871969521
181, 0.4889592925685634, 0.042117167765480024
182, 0.43435910544883105, 0.7699788720583731
183, 0.615864376363021, 0.37997119631647835
184, 0.7623376833999915, 0.3151536398340955
185, 0.39715708840039554, 0.4023221952641789
186, 0.7273901535135, 0.743133259926548
187, 0.640804750540595, 0.42694234303208434
188, 0.5812534529667597, 0.7449516721603258
189, 0.9252683273295484, 0.6184326119708103
190, 0.9780504082092989, 0.262958328688649
191, 0.4687748079531251, 0.19041575802335842
192, 0.5584367791730156, 0.9165012803916313
193, 0.8521498547964644, 0.30840594492189577
194, 0.9041408095738325, 0.14029223063003726
195, 0.5907017395606112, 0.3211400659508602
196, 0.06391348340850145, 0.14066066808096167
197, 0.8972923371711565, 0.8609153545708631
198, 0.7672115264687498, 0.39417111489549017
199, 0.20366338548130936, 0.05231299887886842
200, 0.7079574492883735, 0.4367396585607868
201, 0.5597072251133701, 0.7181541929397203
202, 0.443859869090258, 0.013813891670197309
203, 0.08720034708644009, 0.9053718252055027
204, 0.07723617580176212, 0.8235439808816352
205, 0.09093950455208266, 0.26352225418754094
206, 0.7261962889714179, 0.364250939803065
207, 0.09598705756584203, 0.18020791326240138
208, 0.36534754843140815, 0.5180683069461148
209, 0.4540019295978125, 0.25507906730119867
210, 0.35707005940763314, 0.57052369800018
211, 0.23722514855437193, 0.606260062482846
212, 0.7286525004032423, 0.6492100565098636
213, 0.6063528502667378, 0.7967220207941756
214, 0.12048618045463555, 0.9288531405773002
215, 0.38745030200391495, 0.4800162928030599
216, 0.5690202174534958, 0.40016689553171947
217, 0.43394506741476013, 0.5625148267391817
218, 0.8085819988910274, 0.5767552947214881
219, 0.7144879617813078, 0.2359467115160273
220, 0.6646689473416798, 0.8379043322803837
221, 0.9290878082814356, 0.30101885660433425
222, 0.4638569865876083, 0.17567356508935195
223, 0.16547465945121786, 0.6866454635804791
224, 0.750451944301321, 0.36109804747359586
225, 0.5234684285908272, 0.21465422139050538
226, 0.7386190191624195, 0.9571687173033255
227, 0.434687798719687, 0.2870307822504716
228, 0.27569541397243746, 0.9648669339892648
229, 0.4799983889969692, 0.18520832469483917
230, 0.143303926605735, 0.9947442768279892
231, 0.5730513713458343, 0.8750374830954675
232, 0.8566223545319522, 0.7430048532678091
233, 0.3878941342805303, 0.6047322042533524
234, 0.2944593192131211, 0.0900773574594893
235, 0.3235412039643143, 0.9037908524436917
236, 0.9115696640536196, 0.6882133114122085
237, 0.49732233505821555, 0.884655584978051
238, 0.7358521122174639, 0.3159717446055965
239, 0.9711444321824839, 0.5408838896790101
240, 0.04750162818469861, 0.8300142257368773
241, 0.5608119406188891, 0.0797854105604362
242, 0.4223617232692152, 0.46158940298884665
243, 0.6675009768062403, 0.907096254056726
244, 0.8402729882936469, 0.1841838301293114
245, 0.9939773106322509, 0.9052606356859838
246, 0.7291956945410135, 0.807376475645547
247, 0.8620477353045765, 0.04052127328036692
248, 0.05216328781104973, 0.5499565983997965
249, 0.48031778860510344, 0.14688335352736537
250, 0.9698592757602809, 0.16940128002019927
251, 0.48647893635627926, 0.1691803400794899
252, 0.6446424863549182, 0.7940123519510042
253, 0.4650045403605456, 0.34047078419284627
254, 0.4004474940638293, 0.8804928516728048
255, 0.6867907287679259, 0.1746874602693972
256, 0.7410628464576571, 0.356353777090356
257, 0.8009993343676787, 0.7222344966612758
258, 0.1823160414885705, 0.9354909319820192
259, 0.5433764186884287, 0.30716128717777835
260, 0.6424937390636438, 0.11364573674396716
261, 0.282655501529268, 0.7518096409773195
262, 0.7689746578549624, 0.13691722310979182
263, 0.10153746301964206, 0.15286156846191568
264, 0.6684117835751091, 0.28724850337779173
265, 0.23521094638016904, 0.49747608764704654
266, 0.5158960827658836, 0.8645379017446343
267, 0.6021598184255836, 0.8729070385688499
268, 0.19467641101896616, 0.7920551057836185
269, 0.6387071799593407, 0.3050255352638829
270, 0.3228203481302544, 0.46345962980165
271, 0.6051944871821299, 0.9904452717323706
272, 0.9832531797512939, 0.0787236532490112
273, 0.13366408596902968, 0.27984469374591037
274, 0.1676948924145052, 0.44798131351844783
275, 0.10067883409559608, 0.17967638997135504
276, 0.6180930879826391, 0.6769224453428796
277, 0.44323198130245445, 0.8498340019206746
278, 0.5685437249692377, 0.8105028694455672
279, 0.33913753695861404, 0.651020116493093
280, 0.7496787198002841, 0.5495027080791642
281, 0.519173943518043, 0.5995238233579065
282, 0.32363445442500116, 0.21337973058026904
283, 0.6243082424562877, 0.8515132367139157
284, 0.4762372343397291, 0.9646949824690788
285, 0.3162730085333534, 0.7688815880677865
286, 0.48201981028009966, 0.5253971605645582
287, 0.6396950351756137, 0.6231851199888442
288, 0.4957154659470029, 0.8009952657018712
289, 0.9053255936963828, 0.45952765936025486
290, 0.9268844639338856, 0.6160382948563964
291, 0.9811840480836955, 0.5625800160607796
292, 0.3610933184615791, 0.8025934014189389
293, 0.8404808736401981, 0.9624103892717771
294, 0.5159958664331036, 0.19783447490326167
295, 0.63864480390334, 0.9875399882085791
296, 0.48339978562726493, 0.21709380497284247
297, 0.5545552715146914, 0.5436133214913335
298, 0.3295712349400721, 0.6130423916984249
299, 0.7171691955474901, 0.13930912254138816
300, 0.8494363709728497, 0.8540341519074769
301, 0.44108938042876444, 0.1808595448910454
302, 0.9696421192811354, 0.892212571454924
303, 0.007662209816103327, 0.24590503420670473
304, 0.4237425389049926, 0.7597026543046038
305, 0.458804532872362, 0.10500134150142004
306, 0.2743383671164369, 0.45307952870472135
307, 0.14014914464390393, 0.49603712330076677
308, 0.9707264640408261, 0.7002995054993962
309, 0.2936975344036822, 0.4638460802435438
310, 0.18309224435533722, 0.6150724731574346
311, 0.24256185036823508, 0.35594222076803095
312, 0.9812350082818367, 0.7738924502456392
313, 0.08505649748139221, 0.04105078058707079
314, 0.28204765760063877, 0.2610635391148579
315, 0.2459238372626643, 0.9489137487380964
316, 0.20493980342645912, 0.24051475806050548
317, 0.5078011233375215, 0.8770248123561722
318, 0.1744653209195538, 0.4241226376380167
319, 0.45188218926104773, 0.5150690139952905
320, 0.7306355550800001, 0.020071002999129783
321, 0.6025116586797011, 0.8565272978753297
322, 0.3683295258388428, 0.745714449410946
323, 0.20454674722370836, 0.00698363854783135
324, 0.6605338979997517, 0.0629134522337167
325, 0.5043421687704353, 0.9276716479071361
326, 0.1374648167312179, 0.03443234395398442
327, 0.10515101312960418, 0.21630805476484716
328, 0.06631919947331244, 0.5935978967792148
329, 0.24464566798759235, 0.4799159595108098
330, 0.01929492224263407, 0.9349675512387751
331, 0.9368639158585155, 0.5115443177042375
332, 0.13792503369617948, 0.6698690114656005
333, 0.6753021257669876, 0.7453020710064555
334, 0.15752282075880575, 0.6138272505344973
335, 0.5104161832974569, 0.5904289015149963
336, 0.059453827531679826, 0.914322817765189
337, 0.6763629309534716, 0.5257124310224967
338, 0.292717681813084, 0.44184947643715067
339, 0.29628720758136895, 0.713237137169214
340, 0.8517081513392755, 0.497589279595565
341, 0.046752146853391574, 0.8343492192984456
342, 0.30797949538285596, 0.7122018587943446
343, 0.8602025171058308, 0.7889044097712763
344, 0.9029393499346858, 0.1335617377551963
345, 0.4692621219452192, 0.38909636847867
346, 0.5079495644258586, 0.5440228853473584
347, 0.24891702854770648, 0.28176504813794223
348, 0.644390779303824, 0.7810234516957217
349, 0.0940437495844545, 0.9388941461775295
350, 0.44671121417150117, 0.6796600660843666
351, 0.9741943250932821, 0.8395655155005992
352, 0.010680816537705695, 0.004474294566945813
353, 0.49054459226104885, 0.10585553463083774
354, 0.24008455450986932, 0.6768625391918304
355, 0.4807716268705057, 0.9096421813010179
356, 0.08221974048045178, 0.1915133651138191
357, 0.7089790312329842, 0.18604826519386264
358, 0.9778578899641491, 0.15220260151749343
359, 0.22134501137265816, 0.8228999903400301
360, 0.4149228177301525, 0.7814866390594413
361, 0.31369856070860036, 0.8682944914482316
362, 0.01218644861808127, 0.6987238248815245
363, 0.23982923710070114, 0.7944882536621626
364, 0.6818089832848189, 0.8051693193993379
365, 0.7299810793262258, 0.9513535500077326
366, 0.5469979244861582, 0.43582707411717747
367, 0.5738929337790434, 0.8305892733347903
368, 0.9272139065760349, 0.010264967819104354
369, 0.06420398815676909, 0.09086899185424802
370, 0.3263020115948476, 0.8425669937692998
371, 0.8565092053409521, 0.5540475436117996
372, 0.9241137114995601, 0.5149865208593193
373, 0.7347812095643889, 0.9894275133645527
374, 0.18502816398306976, 0.7722140441667121
375, 0.9045822964407839, 0.0226217247314211
376, 0.44960191822280593, 0.7847572877046511
377, 0.6962220332215139, 0.9557637506116844
378, 0.573686688725248, 0.4232168032455802
379, 0.2819517197072833, 0.8439747126515359
380, 0.19058413238676142, 0.7294767515085315
381, 0.28615571697225983, 0.0840317432937343
382, 0.05157682653694351, 0.04445750139258409
383, 0.5590425043951188, 0.3865074002176261
384, 0.3137381140381367, 0.09706155980040931
385, 0.7267501260828029, 0.3577310940507281
386, 0.9933051015736708, 0.8994629822524034
387, 0.07744488053866927, 0.8457148226945886
388, 0.6542351880442289, 0.9690957938990998
389, 0.9683844949964135, 0.4615281708014587
390, 0.7579043938439374, 0.9735457984819913
391, 0.002707795489656606, 0.5782718748925431
392, 0.23015739094576115, 0.5600117938181947
393, 0.5771884380018251, 0.03708902276748305
394, 0.28533210596900505, 0.08813235444430412
395, 0.44250428373162, 0.3585882778295595
396, 0.9604324825548525, 0.15171096402422823
397, 0.029443004785816518, 0.06791576384352271
398, 0.5752790621485971, 0.7023443245497116
399, 0.8672665773012737, 0.08196867917606554
400, 0.5626147011944369, 0.27665273740401364
401, 0.7226734941296385, 0.29508899310932746
402, 0.5416798666939141, 0.6076399418384879
403, 0.4932301841147576, 0.9826705964383167
404, 0.9826295787001474, 0.35273215699915994
405, 0.0428016276639247, 0.5084221540373748
406, 0.22083559477401937, 0.9720546356471708
407, 0.6207351849335524, 0.1261216747148819
408, 0.7205642928252038, 0.7137324719824846
409, 0.766240176379529, 0.4701545831072659
410, 0.6513136753472626, 0.30117726709677217
411, 0.000947033086139748, 0.4561816116430373
412, 0.6031678361739948, 0.8734098382233242
413, 0.953700752149543, 0.6081436353467146
414, 0.2027320490207013, 0.20070715759926616
415, 0.04714360573044796, 0.24201028763827392
416, 0.6808932587552747, 0.324353976796412
417, 0.7459572229927026, 0.39776241448915106
418, 0.9519184504703677, 0.410948267317512
419, 0.4208745581412815, 0.09036121429833377
420, 0.048589366386290855, 0.6152878377036799
421, 0.7550985208382441, 0.03552973254038139
422, 0.591303237567211, 0.20905696973101162
423, 0.8061467040034938, 0.08282827947736204
424, 0.9796905483978209, 0.12619320271903045
425, 0.7471923422069031, 0.6668365453576094
426, 0.7149069311032875, 0.24353041320621138
427, 0.9811219995491509, 0.859923373449776
428, 0.9654904201520054, 0.6574962278336977
429, 0.37886687833754396, 0.9041331595025414
430, 0.5590828741427639, 0.6252891397467769
431, 0.43001205059109837, 0.870307569462534
432, 0.4311756774629081, 0.8745914358563776
433, 0.7166467459523351, 0.48755426780898536
434, 0.5527615416744578, 0.1992769696302078
435, 0.5977282994038592, 0.8873261822638425
436, 0.7353478742210534, 0.9138529348577241
437, 0.15357156033575814, 0.8362470079372097
438, 0.4418791289228744, 0.24931655196567404
439, 0.6712429060933942, 0.7525847592546464
440, 0.03477629202728372, 0.8611124759846994
441, 0.21835400774236735, 0.8063032437478735
442, 0.9925313446022225, 0.12713018556668698
443, 0.4167310332042756, 0.5345561982620607
444, 0.7069238035950953, 0.23196479272810744
445, 0.9176144986502174, 0.5217039640530491
446, 0.5869786227966485, 0.6773352129807197
447, 0.36900648674431435, 0.6070386988068023
448, 0.6240204930718015, 0.22616838988842836
449, 0.9591884369016374, 0.41755138577150697
450, 0.3163304429587631, 0.33262558158903843
451, 0.23052495890582603, 0.9606725095042997
452, 0.580661951288547, 0.032632895572383136
453, 0.06529731667213412, 0.6859453565454211
454, 0.9437863014444958, 0.3071607982218568
455, 0.2882029578859797, 0.611761518015228
456, 0.8399187891023223, 0.8799105047881414
457, 0.2923122258396058, 0.27708293142740603
458, 0.4463822200162628, 0.7466465567458058
459, 0.7899859701971826, 0.9821735408312658
460, 0.13226486339042876, 0.9517687233548897
461, 0.15756075999637464, 0.3096391680834636
462, 0.13613003243482058, 0.41507056908845785
463, 0.7152044831867106, 0.15142192399732834
464, 0.004263430345629593, 0.18435079384925557
465, 0.8526335151563761, 0.4603098725254239
466, 0.2396562374063541, 0.8690544393790871
467, 0.37596224650259213, 0.3609370744813317
468, 0.6768495152054922, 0.1804610348857555
469, 0.2506231451364239, 0.19282316185631454
470, 0.4287099925973399, 0.10404098634474479
471, 0.020501834262252605, 0.7128876776625019
472, 0.49715560425658956, 0.8904795762570965
473, 0.6726287282469362, 0.9495016722151227
474, 0.35773605111245377, 0.0718293056314454
475, 0.4992837265974701, 0.9122511608451369
476, 0.26065979228888625, 0.9045368551099351
477, 0.3350149761423121, 0.8543327199725949
478, 0.3077174294830103, 0.7915891645830464
479, 0.4022422386637007, 0.37166749751092787
480, 0.4793305195866552, 0.5653923454246758
481, 0.05453456593180339, 0.6961673363389894
482, 0.12259489562908943, 0.8679417567286565
483, 0.8807621732781333, 0.3237932400848672
484, 0.011670114850448998, 0.8825880066093686
485, 0.4243981729752012, 0.1333912372195828
486, 0.2404093846281572, 0.4882502442040654
487, 0.31321003000832637, 0.7328804709912639
488, 0.5790582511014772, 0.35422431524809206
489, 0.9204560940662481, 0.6232891221980373
490, 0.20402669015753616, 0.8295125275090649
491, 0.9790729432200914, 0.32256301117347297
492, 0.13244673898659265, 0.8719790683984818
493, 0.653739194956181, 0.25861889295013907
494, 0.37804511491731196, 0.7170662456057106
495, 0.9849219014990245, 0.3828468874750224
496, 0.053451226705976906, 0.09360264594558265
497, 0.0875672449865399, 0.8427819435359757
498, 0.3028563436022542, 0.04421269626815616
499, 0.8801792536446581, 0.642874654323483
500, 0.7122555677751752, 0.29325760008607005
501, 0.621661095000752, 0.016627422621833476
502, 0.10085044004705845, 0.3443387350871332
503, 0.5388040317636091, 0.551737209524471
504, 0.04320714412168902, 0.49383501750518743
505, 0.27169781215799527, 0.01272567672623004
506, 0.7783037626283592, 0.25245554175550844
507, 0.07131557152582346, 0.9642183202832297
508, 0.4308054805406971, 0.19077847887876476
509, 0.8022827622912299, 0.88698756916981
510, 0.6909701433937401, 0.21622168148379362
511, 0.9580360827386963, 0.8376964624917254
512, 0.20409749011078926, 0.676297915986247
513, 0.1810038752629135, 0.01699522718728863
514, 0.6567851992124828, 0.45696151299641774
515, 0.6044815511153548, 0.7905412425934681
516, 0.48689345387659577, 0.40423396947876056
517, 0.8084239180987975, 0.3751385738634463
518, 0.5982129689229393, 0.9223498385710673
519, 0.7572208313983388, 0.23461906078810701
end_nodes
0, 1
0, 2
0, 3
0, 4
0, 5
0, 6
0, 7
0, 8
0, 9
0, 10
0, 11
0, 12
0, 13
0, 14
0, 15
0, 16
0, 17
0, 18
0, 19
0, 20
0, 21
0, 22
23, 19
23, 42
23, 57
23, 60
23, 68
23, 71
23, 73
23, 90
23, 105
23, 159
23, 164
23, 184
23, 190
23, 193
23, 221
23, 264
23, 352
23, 369
23, 382
23, 397
23, 401
23, 404
24, 13
24, 72
24, 76
24, 86
24, 102
24, 111
24, 120
24, 121
24, 133
24, 147
24, 158
24, 167
24, 175
24, 177
24, 186
24, 197
24, 212
24, 232
24, 245
24, 257
24, 293
24, 300
25, 13
25, 72
25, 76
25, 86
25, 102
25, 111
25, 120
25, 121
25, 133
25, 147
25, 158
25, 167
25, 175
25, 177
25, 186
25, 197
25, 212
25, 232
25, 245
25, 257
25, 293
25, 300
26, 19
26, 42
26, 57
26, 60
26, 62
26, 64
26, 68
26, 71
26, 73
26, 90
26, 96
26, 105
26, 159
26, 164
26, 184
26, 190
26, 193
26, 221
26, 264
26, 313
26, 352
26, 369
27, 10
27, 21
27, 41
27, 50
27, 58
27, 144
27, 173
27, 177
27, 241
27, 260
27, 324
27, 393
27, 407
27, 448
27, 452
27, 501
28, 10
28, 21
28, 41
28, 50
28, 58
28, 144
28, 173
28, 241
28, 260
28, 324
28, 393
28, 407
28, 448
28, 452
28, 501
29, 1
29, 3
29, 4
29, 8
29, 9
29, 12
29, 15
29, 16
29, 18
29, 20
29, 22
29, 32
29, 34
29, 37
29, 43
29, 44
29, 46
29, 49
29, 54
29, 55
29, 56
29, 59
30, 19
30, 42
30, 57
30, 60
30, 68
30, 71
30, 105
30, 159
30, 164
30, 184
30, 190
30, 193
30, 221
30, 264
30, 401
30, 404
30, 454
30, 483
30, 491
30, 495
30, 500
30, 506
31, 17
31, 138
31, 140
31, 219
31, 250
31, 358
31, 396
31, 426
31, 493
31, 519
33, 6
33, 39
33, 41
33, 56
33, 62
33, 64
33, 73
33, 90
33, 96
33, 139
33, 167
33, 177
33, 186
33, 199
33, 237
33, 241
33, 284
33, 288
33, 293
33, 313
33, 317
33, 326
35, 10
35, 21
35, 41
35, 50
35, 58
35, 144
35, 173
35, 241
35, 260
35, 324
35, 393
35, 407
35, 448
35, 452
35, 501
36, 9
36, 12
36, 20
36, 22
36, 32
36, 37
36, 44
36, 49
36, 55
36, 56
36, 59
36, 78
36, 93
36, 94
36, 104
36, 108
36, 113
36, 122
36, 127
36, 141
36, 142
36, 148
38, 17
38, 138
38, 140
38, 219
38, 250
38, 358
38, 396
38, 426
38, 493
38, 519
40, 19
40, 42
40, 57
40, 60
40, 62
40, 64
40, 68
40, 71
40, 73
40, 90
40, 96
40, 105
40, 159
40, 164
40, 184
40, 190
40, 193
40, 221
40, 264
40, 313
40, 326
40, 352
45, 6
45, 11
45, 39
45, 52
45, 62
45, 64
45, 73
45, 90
45, 91
45, 96
45, 139
45, 199
45, 234
45, 296
45, 301
45, 313
45, 323
45, 326
45, 352
45, 369
45, 381
45, 382
47, 5
47, 6
47, 11
47, 39
47, 52
47, 62
47, 64
47, 73
47, 90
47, 91
47, 96
47, 139
47, 191
47, 199
47, 222
47, 229
47, 234
47, 296
47, 301
47, 313
47, 323
47, 326
48, 13
48, 72
48, 76
48, 86
48, 102
48, 111
48, 120
48, 121
48, 133
48, 147
48, 158
48, 167
48, 175
48, 177
48, 186
48, 197
48, 212
48, 232
48, 245
48, 257
48, 293
48, 300
51, 5
51, 6
51, 11
51, 19
51, 39
51, 50
51, 52
51, 60
51, 62
51, 64
51, 68
51, 73
51, 90
51, 91
51, 96
51, 105
51, 139
51, 164
51, 184
51, 191
51, 193
51, 199
53, 6
53, 39
53, 52
53, 62
53, 64
53, 73
53, 90
53, 91
53, 96
53, 139
53, 199
53, 234
53, 301
53, 313
53, 323
53, 326
53, 352
53, 369
53, 381
53, 382
53, 384
53, 394
63, 54
63, 204
63, 387
65, 1
65, 3
65, 4
65, 8
65, 9
65, 12
65, 15
65, 16
65, 18
65, 20
65, 22
65, 32
65, 34
65, 37
65, 43
65, 44
65, 46
65, 49
65, 55
65, 56
65, 59
65, 61
66, 1
66, 3
66, 4
66, 8
66, 15
66, 16
66, 18
66, 32
66, 34
66, 37
66, 43
66, 46
66, 55
66, 56
66, 61
66, 69
66, 84
66, 89
66, 94
66, 103
66, 106
66, 109
67, 17
67, 113
67, 138
67, 140
67, 153
67, 219
67, 250
67, 358
67, 396
67, 426
67, 493
67, 504
67, 519
70, 13
70, 72
70, 76
70, 86
70, 102
70, 111
70, 120
70, 121
70, 133
70, 147
70, 158
70, 167
70, 175
70, 177
70, 186
70, 197
70, 212
70, 232
70, 245
70, 257
70, 293
70, 300
74, 19
74, 42
74, 57
74, 60
74, 68
74, 71
74, 105
74, 159
74, 164
74, 184
74, 190
74, 193
74, 221
74, 264
74, 401
74, 404
74, 454
74, 483
74, 491
74, 495
74, 500
74, 506
75, 6
75, 39
75, 52
75, 62
75, 64
75, 73
75, 90
75, 91
75, 96
75, 139
75, 199
75, 234
75, 301
75, 313
75, 323
75, 326
75, 352
75, 369
75, 381
75, 382
75, 384
75, 394
77, 6
77, 11
77, 13
77, 19
77, 21
77, 39
77, 52
77, 60
77, 62
77, 64
77, 68
77, 71
77, 72
77, 73
77, 76
77, 86
77, 90
77, 91
77, 96
77, 102
77, 105
77, 111
79, 13
79, 72
79, 76
79, 86
79, 102
79, 111
79, 120
79, 121
79, 133
79, 147
79, 158
79, 167
79, 175
79, 177
79, 186
79, 197
79, 212
79, 232
79, 245
79, 257
79, 293
79, 300
80, 17
80, 138
80, 140
80, 219
80, 250
80, 358
80, 396
80, 426
80, 493
80, 519
81, 1
81, 3
81, 4
81, 8
81, 15
81, 16
81, 18
81, 32
81, 34
81, 37
81, 43
81, 46
81, 55
81, 56
81, 61
81, 69
81, 84
81, 89
81, 94
81, 103
81, 106
81, 109
82, 6
82, 19
82, 42
82, 57
82, 60
82, 62
82, 64
82, 68
82, 71
82, 73
82, 90
82, 96
82, 105
82, 159
82, 164
82, 184
82, 190
82, 193
82, 199
82, 221
82, 264
82, 313
83, 13
83, 72
83, 76
83, 86
83, 102
83, 111
83, 120
83, 121
83, 133
83, 147
83, 158
83, 167
83, 175
83, 177
83, 186
83, 197
83, 212
83, 232
83, 245
83, 257
83, 293
83, 300
85, 6
85, 39
85, 52
85, 62
85, 64
85, 72
85, 73
85, 76
85, 90
85, 91
85, 96
85, 102
85, 111
85, 133
85, 139
85, 197
85, 199
85, 232
85, 234
85, 257
85, 300
85, 313
87, 6
87, 10
87, 11
87, 13
87, 21
87, 39
87, 41
87, 52
87, 62
87, 64
87, 68
87, 72
87, 73
87, 76
87, 86
87, 90
87, 91
87, 96
87, 102
87, 111
87, 120
87, 121
88, 5
88, 6
88, 11
88, 39
88, 52
88, 62
88, 64
88, 73
88, 90
88, 91
88, 96
88, 139
88, 191
88, 199
88, 222
88, 229
88, 234
88, 296
88, 301
88, 313
88, 323
88, 326
92, 5
92, 6
92, 11
92, 39
92, 52
92, 62
92, 64
92, 73
92, 90
92, 91
92, 96
92, 139
92, 191
92, 199
92, 222
92, 229
92, 234
92, 296
92, 301
92, 313
92, 323
92, 326
95, 6
95, 13
95, 21
95, 39
95, 41
95, 52
95, 56
95, 58
95, 62
95, 64
95, 72
95, 73
95, 76
95, 90
95, 91
95, 94
95, 96
95, 111
95, 139
95, 144
95, 167
95, 177
97, 6
97, 39
97, 52
97, 62
97, 64
97, 73
97, 90
97, 91
97, 96
97, 139
97, 199
97, 234
97, 296
97, 301
97, 313
97, 323
97, 326
97, 352
97, 369
97, 381
97, 382
97, 384
98, 13
98, 72
98, 76
98, 86
98, 102
98, 111
98, 120
98, 121
98, 133
98, 147
98, 158
98, 167
98, 175
98, 177
98, 186
98, 197
98, 212
98, 232
98, 245
98, 257
98, 293
98, 300
99, 17
99, 138
99, 140
99, 219
99, 250
99, 358
99, 396
99, 426
99, 493
99, 519
100, 5
100, 6
100, 11
100, 39
100, 52
100, 62
100, 64
100, 73
100, 90
100, 91
100, 96
100, 139
100, 191
100, 199
100, 222
100, 229
100, 234
100, 296
100, 301
100, 313
100, 323
100, 326
101, 13
101, 72
101, 76
101, 86
101, 102
101, 111
101, 120
101, 121
101, 133
101, 147
101, 158
101, 167
101, 175
101, 177
101, 186
101, 197
101, 212
101, 232
101, 245
101, 257
101, 293
101, 300
107, 1
107, 3
107, 4
107, 8
107, 9
107, 12
107, 15
107, 16
107, 18
107, 20
107, 32
107, 34
107, 37
107, 43
107, 44
107, 46
107, 49
107, 55
107, 56
107, 61
107, 69
107, 78
112, 6
112, 39
112, 52
112, 62
112, 64
112, 73
112, 90
112, 91
112, 96
112, 139
112, 199
112, 234
112, 313
112, 323
112, 326
112, 352
112, 369
112, 381
112, 382
112, 384
112, 394
112, 397
114, 9
114, 12
114, 20
114, 22
114, 32
114, 44
114, 49
114, 55
114, 59
114, 78
114, 93
114, 104
114, 108
114, 113
114, 122
114, 127
114, 142
114, 148
114, 154
114, 171
114, 185
114, 211
115, 6
115, 39
115, 52
115, 62
115, 64
115, 73
115, 90
115, 91
115, 96
115, 139
115, 199
115, 234
115, 313
115, 323
115, 326
115, 352
115, 369
115, 381
115, 382
115, 384
115, 394
115, 397
116, 19
116, 42
116, 57
116, 60
116, 68
116, 71
116, 105
116, 159
116, 164
116, 184
116, 190
116, 193
116, 221
116, 264
116, 401
116, 404
116, 454
116, 483
116, 491
116, 495
116, 500
116, 506
117, 4
117, 261
118, 69
118, 84
118, 214
118, 441
118, 490
119, 103
123, 5
123, 6
123, 11
123, 39
123, 52
123, 62
123, 64
123, 73
123, 90
123, 91
123, 96
123, 139
123, 191
123, 199
123, 222
123, 229
123, 234
123, 296
123, 301
123, 313
123, 323
123, 326
124, 6
124, 39
124, 52
124, 62
124, 64
124, 73
124, 86
124, 90
124, 91
124, 96
124, 102
124, 111
124, 120
124, 121
124, 139
124, 147
124, 158
124, 175
124, 199
124, 232
124, 234
124, 245
125, 2
125, 113
126, 6
126, 11
126, 39
126, 52
126, 62
126, 64
126, 91
126, 96
126, 139
126, 191
126, 199
126, 234
126, 296
126, 301
126, 313
126, 323
126, 326
126, 352
126, 369
126, 381
126, 382
126, 384
128, 61
128, 254
129, 19
129, 42
129, 57
129, 60
129, 68
129, 71
129, 105
129, 159
129, 164
129, 184
129, 190
129, 193
129, 221
129, 264
129, 401
129, 404
129, 454
129, 483
129, 491
129, 495
129, 500
129, 506
131, 145
131, 180
134, 9
134, 12
134, 20
134, 22
134, 32
134, 37
134, 44
134, 49
134, 55
134, 59
134, 78
134, 93
134, 104
134, 108
134, 113
134, 122
134, 127
134, 142
134, 148
134, 154
134, 157
134, 171
135, 10
135, 21
135, 41
135, 50
135, 58
135, 144
135, 173
135, 241
135, 260
135, 324
135, 393
135, 407
135, 448
135, 452
135, 501
137, 13
137, 72
137, 76
137, 86
137, 102
137, 111
137, 120
137, 121
137, 133
137, 147
137, 158
137, 167
137, 175
137, 177
137, 186
137, 197
137, 212
137, 232
137, 245
137, 257
137, 293
137, 300
146, 6
146, 10
146, 13
146, 21
146, 39
146, 41
146, 52
146, 58
146, 72
146, 76
146, 86
146, 91
146, 102
146, 111
146, 120
146, 133
146, 139
146, 144
146, 158
146, 167
146, 173
146, 177
149, 19
149, 42
149, 57
149, 60
149, 68
149, 71
149, 105
149, 159
149, 164
149, 184
149, 190
149, 193
149, 221
149, 264
149, 401
149, 404
149, 454
149, 483
149, 491
149, 495
149, 500
149, 506
151, 19
151, 42
151, 57
151, 60
151, 68
151, 71
151, 105
151, 159
151, 164
151, 184
151, 190
151, 193
151, 221
151, 264
151, 313
151, 352
151, 369
151, 382
151, 397
151, 401
151, 404
151, 454
152, 13
152, 39
152, 50
152, 52
152, 72
152, 76
152, 86
152, 91
152, 102
152, 111
152, 120
152, 133
152, 139
152, 158
152, 197
152, 199
152, 232
152, 234
152, 245
152, 257
152, 260
152, 293
155, 19
155, 42
155, 57
155, 60
155, 68
155, 71
155, 105
155, 159
155, 164
155, 184
155, 190
155, 193
155, 221
155, 264
155, 401
155, 404
155, 454
155, 483
155, 491
155, 495
155, 500
155, 506
156, 10
156, 21
156, 41
156, 50
156, 58
156, 144
156, 173
156, 241
156, 260
156, 324
156, 393
156, 407
156, 448
156, 452
156, 501
160, 17
160, 68
160, 105
160, 138
160, 140
160, 164
160, 184
160, 193
160, 219
160, 221
160, 250
160, 358
160, 396
160, 404
160, 426
160, 454
160, 483
160, 491
160, 493
160, 495
160, 519
161, 1
161, 3
161, 4
161, 8
161, 15
161, 16
161, 18
161, 32
161, 34
161, 37
161, 43
161, 46
161, 55
161, 56
161, 61
161, 69
161, 84
161, 89
161, 94
161, 103
161, 106
161, 109
163, 19
163, 42
163, 57
163, 60
163, 68
163, 71
163, 105
163, 159
163, 164
163, 184
163, 190
163, 193
163, 221
163, 264
163, 313
163, 352
163, 369
163, 382
163, 397
163, 401
163, 404
163, 454
165, 13
165, 39
165, 50
165, 52
165, 72
165, 76
165, 86
165, 91
165, 102
165, 111
165, 120
165, 121
165, 133
165, 139
165, 147
165, 158
165, 175
165, 197
165, 199
165, 232
165, 234
165, 245
166, 1
166, 3
166, 9
166, 12
166, 20
166, 22
166, 32
166, 34
166, 37
166, 44
166, 49
166, 55
166, 56
166, 59
166, 61
166, 78
166, 93
166, 94
166, 103
166, 104
166, 108
166, 110
168, 228
169, 13
169, 72
169, 76
169, 86
169, 102
169, 111
169, 120
169, 121
169, 133
169, 147
169, 158
169, 167
169, 175
169, 177
169, 186
169, 197
169, 212
169, 232
169, 245
169, 257
169, 293
169, 300
170, 52
170, 86
170, 91
170, 102
170, 121
170, 139
170, 147
170, 158
170, 175
170, 199
170, 234
170, 245
170, 296
170, 301
170, 302
170, 313
170, 323
170, 326
170, 351
170, 352
170, 369
170, 381
174, 1
174, 3
174, 4
174, 8
174, 15
174, 16
174, 18
174, 32
174, 34
174, 37
174, 43
174, 46
174, 55
174, 56
174, 61
174, 69
174, 84
174, 89
174, 94
174, 103
174, 106
174, 109
176, 1
176, 15
176, 43
176, 109
176, 132
176, 136
176, 150
176, 217
176, 230
176, 258
176, 285
176, 315
176, 379
176, 406
176, 451
176, 466
176, 476
176, 478
176, 487
176, 496
178, 8
178, 9
178, 12
178, 13
178, 16
178, 18
178, 19
178, 22
178, 46
178, 49
178, 54
178, 59
178, 60
178, 68
178, 71
178, 72
178, 76
178, 78
178, 86
178, 102
178, 105
178, 108
181, 13
181, 72
181, 76
181, 86
181, 102
181, 111
181, 120
181, 121
181, 133
181, 147
181, 158
181, 167
181, 175
181, 177
181, 186
181, 197
181, 212
181, 232
181, 245
181, 257
181, 293
181, 300
183, 10
183, 13
183, 21
183, 41
183, 58
183, 72
183, 76
183, 102
183, 111
183, 120
183, 133
183, 139
183, 141
183, 144
183, 158
183, 167
183, 177
183, 186
183, 197
183, 199
183, 201
183, 212
187, 10
187, 13
187, 21
187, 41
187, 50
187, 58
187, 72
187, 76
187, 111
187, 133
187, 144
187, 167
187, 173
187, 177
187, 186
187, 197
187, 199
187, 212
187, 234
187, 241
187, 257
187, 260
189, 234
189, 296
189, 301
189, 313
189, 323
189, 326
189, 352
189, 369
189, 381
189, 382
189, 384
189, 394
189, 397
189, 496
189, 508
189, 513
194, 9
194, 12
194, 20
194, 22
194, 44
194, 49
194, 59
194, 78
194, 93
194, 104
194, 108
194, 113
194, 122
194, 127
194, 142
194, 148
194, 154
194, 171
194, 185
194, 211
194, 215
194, 223
195, 1
195, 4
195, 13
195, 15
195, 41
195, 43
195, 58
195, 68
195, 69
195, 72
195, 76
195, 84
195, 86
195, 89
195, 102
195, 103
195, 105
195, 106
195, 109
195, 111
195, 120
195, 121
196, 19
196, 42
196, 57
196, 60
196, 68
196, 71
196, 105
196, 159
196, 164
196, 184
196, 190
196, 193
196, 221
196, 264
196, 401
196, 404
196, 454
196, 483
196, 491
196, 495
196, 500
196, 506
198, 5
198, 11
198, 191
198, 222
198, 229
198, 234
198, 296
198, 301
198, 313
198, 323
198, 326
198, 352
198, 369
198, 381
198, 382
198, 384
198, 394
198, 397
198, 496
198, 508
198, 513
200, 86
200, 120
200, 121
200, 147
200, 158
200, 175
200, 232
200, 234
200, 245
200, 301
200, 302
200, 323
200, 326
200, 351
200, 352
200, 369
200, 381
200, 382
200, 384
200, 386
200, 394
200, 397
202, 86
202, 120
202, 121
202, 133
202, 147
202, 158
202, 167
202, 175
202, 177
202, 186
202, 197
202, 212
202, 232
202, 245
202, 257
202, 293
202, 300
202, 302
202, 343
202, 351
202, 386
202, 408
205, 19
205, 42
205, 57
205, 60
205, 68
205, 71
205, 105
205, 159
205, 164
205, 184
205, 190
205, 193
205, 221
205, 264
205, 401
205, 404
205, 454
205, 483
205, 491
205, 495
205, 500
205, 506
206, 5
206, 11
206, 191
206, 222
206, 229
206, 234
206, 296
206, 301
206, 323
206, 326
206, 352
206, 369
206, 381
206, 382
206, 384
206, 394
206, 397
206, 496
206, 508
206, 513
207, 19
207, 42
207, 57
207, 60
207, 68
207, 71
207, 105
207, 159
207, 164
207, 184
207, 190
207, 193
207, 221
207, 264
207, 401
207, 404
207, 454
207, 483
207, 491
207, 495
207, 500
207, 506
208, 54
208, 204
209, 19
209, 42
209, 57
209, 60
209, 68
209, 71
209, 105
209, 159
209, 164
209, 184
209, 190
209, 193
209, 221
209, 264
209, 323
209, 326
209, 352
209, 369
209, 381
209, 382
209, 394
209, 397
210, 16
210, 130
210, 179
210, 203
210, 336
210, 374
210, 482
216, 61
216, 145
216, 180
216, 182
216, 235
216, 254
216, 304
216, 326
216, 346
216, 350
216, 352
216, 360
216, 369
216, 382
216, 397
216, 429
216, 458
216, 496
218, 121
218, 245
218, 323
218, 326
218, 351
218, 352
218, 369
218, 381
218, 382
218, 384
218, 386
218, 394
218, 397
218, 427
218, 496
218, 508
218, 511
218, 513
220, 10
220, 21
220, 41
220, 50
220, 58
220, 144
220, 173
220, 241
220, 260
220, 324
220, 393
220, 407
220, 448
220, 452
220, 501
224, 5
224, 11
224, 191
224, 222
224, 229
224, 296
224, 301
224, 323
224, 352
224, 369
224, 381
224, 382
224, 384
224, 394
224, 397
224, 485
224, 495
224, 496
224, 508
224, 513
225, 120
225, 121
225, 133
225, 147
225, 158
225, 167
225, 175
225, 177
225, 186
225, 197
225, 212
225, 222
225, 229
225, 232
225, 245
225, 257
225, 293
225, 300
225, 302
225, 323
225, 343
225, 351
226, 10
226, 21
226, 41
226, 50
226, 58
226, 144
226, 173
226, 241
226, 260
226, 324
226, 393
226, 407
226, 448
226, 452
226, 501
227, 19
227, 42
227, 57
227, 60
227, 71
227, 105
227, 140
227, 159
227, 164
227, 184
227, 190
227, 193
227, 221
227, 264
227, 352
227, 358
227, 369
227, 382
227, 396
227, 397
227, 401
227, 404
233, 4
233, 132
233, 136
233, 230
233, 261
236, 323
236, 369
236, 381
236, 382
236, 384
236, 394
236, 397
236, 496
236, 508
236, 513
238, 5
238, 11
238, 184
238, 191
238, 222
238, 229
238, 296
238, 301
238, 381
238, 382
238, 384
238, 394
238, 397
238, 404
238, 454
238, 483
238, 485
238, 491
238, 495
238, 496
238, 498
238, 508
239, 5
239, 11
239, 191
239, 222
239, 229
239, 296
239, 301
239, 381
239, 382
239, 384
239, 394
239, 397
239, 496
239, 508
239, 513
240, 54
242, 54
242, 204
242, 380
242, 387
242, 455
242, 497
243, 10
243, 21
243, 41
243, 50
243, 58
243, 144
243, 173
243, 241
243, 260
243, 324
243, 393
243, 407
243, 448
243, 452
243, 501
244, 9
244, 12
244, 20
244, 22
244, 44
244, 49
244, 59
244, 78
244, 93
244, 104
244, 108
244, 113
244, 122
244, 127
244, 140
244, 142
244, 148
244, 154
244, 171
244, 185
244, 211
244, 215
246, 10
246, 21
246, 41
246, 50
246, 58
246, 144
246, 173
246, 177
246, 241
246, 260
246, 324
246, 393
246, 407
246, 448
246, 452
246, 459
246, 501
247, 9
247, 12
247, 20
247, 22
247, 44
247, 49
247, 59
247, 78
247, 93
247, 104
247, 108
247, 113
247, 122
247, 127
247, 142
247, 148
247, 154
247, 171
247, 185
247, 211
247, 215
247, 223
249, 120
249, 121
249, 133
249, 147
249, 158
249, 167
249, 175
249, 177
249, 186
249, 197
249, 212
249, 232
249, 245
249, 257
249, 293
249, 300
249, 302
249, 343
249, 351
249, 386
249, 408
249, 425
251, 121
251, 133
251, 147
251, 158
251, 167
251, 175
251, 177
251, 186
251, 197
251, 212
251, 232
251, 245
251, 257
251, 293
251, 300
251, 302
251, 343
251, 351
251, 386
251, 408
251, 425
251, 427
252, 10
252, 21
252, 41
252, 50
252, 58
252, 144
252, 173
252, 241
252, 260
252, 324
252, 393
252, 407
252, 448
252, 452
252, 501
253, 9
253, 44
253, 93
253, 127
253, 248
253, 265
253, 306
253, 307
253, 328
253, 329
253, 338
253, 391
253, 397
253, 404
253, 420
253, 479
253, 486
253, 495
253, 496
255, 1
255, 3
255, 4
255, 8
255, 9
255, 12
255, 15
255, 16
255, 18
255, 20
255, 32
255, 34
255, 37
255, 43
255, 44
255, 46
255, 49
255, 55
255, 56
255, 61
255, 69
255, 78
256, 5
256, 11
256, 191
256, 222
256, 229
256, 296
256, 301
256, 381
256, 384
256, 394
256, 397
256, 485
256, 495
256, 496
256, 508
256, 513
259, 9
259, 12
259, 19
259, 44
259, 49
259, 60
259, 71
259, 78
259, 93
259, 127
259, 138
259, 142
259, 148
259, 159
259, 164
259, 167
259, 171
259, 184
259, 185
259, 186
259, 190
259, 193
262, 1
262, 3
262, 4
262, 9
262, 12
262, 15
262, 20
262, 22
262, 32
262, 34
262, 37
262, 43
262, 44
262, 49
262, 55
262, 56
262, 59
262, 61
262, 78
262, 93
262, 94
262, 103
263, 42
263, 57
263, 60
263, 71
263, 159
263, 164
263, 184
263, 190
263, 193
263, 221
263, 264
263, 401
263, 404
263, 454
263, 483
263, 491
263, 495
263, 500
263, 506
267, 10
267, 21
267, 41
267, 50
267, 58
267, 144
267, 173
267, 241
267, 260
267, 324
267, 393
267, 407
267, 448
267, 452
267, 501
269, 11
269, 21
269, 50
269, 133
269, 147
269, 164
269, 175
269, 191
269, 193
269, 197
269, 221
269, 222
269, 229
269, 232
269, 245
269, 257
269, 260
269, 296
269, 300
269, 301
269, 302
269, 343
270, 12
270, 49
270, 78
270, 142
270, 362
271, 10
271, 21
271, 41
271, 50
271, 58
271, 144
271, 173
271, 241
271, 260
271, 324
271, 393
271, 407
271, 448
271, 452
271, 501
272, 9
272, 12
272, 20
272, 22
272, 44
272, 49
272, 59
272, 78
272, 93
272, 104
272, 108
272, 113
272, 122
272, 127
272, 142
272, 148
272, 154
272, 171
272, 185
272, 211
272, 215
272, 223
273, 42
273, 57
273, 71
273, 159
273, 190
273, 221
273, 264
273, 401
273, 404
273, 454
273, 483
273, 491
273, 495
273, 500
273, 506
275, 42
275, 57
275, 159
275, 190
275, 221
275, 264
275, 401
275, 404
275, 454
275, 483
275, 491
275, 495
275, 500
275, 506
276, 10
276, 21
276, 41
276, 50
276, 58
276, 144
276, 173
276, 241
276, 260
276, 324
276, 393
276, 407
276, 448
276, 452
276, 501
279, 69
279, 84
279, 89
279, 339
279, 359
279, 363
279, 460
279, 490
280, 197
280, 232
280, 302
280, 343
280, 381
280, 384
280, 386
280, 394
280, 397
280, 496
280, 511
280, 513
281, 110
281, 277
281, 431
281, 432
282, 42
282, 57
282, 159
282, 190
282, 264
282, 397
282, 401
282, 404
282, 454
282, 483
282, 491
282, 495
282, 496
282, 500
282, 506
283, 10
283, 21
283, 41
283, 50
283, 58
283, 144
283, 173
283, 241
283, 260
283, 324
283, 393
283, 407
283, 448
283, 452
283, 501
286, 103
286, 315
286, 322
286, 361
286, 370
286, 406
286, 451
286, 476
286, 494
287, 10
287, 41
287, 50
287, 58
287, 144
287, 173
287, 241
287, 260
287, 324
287, 393
287, 407
287, 448
287, 452
287, 501
289, 5
289, 11
289, 191
289, 222
289, 229
289, 296
289, 301
289, 381
289, 384
289, 394
289, 397
289, 485
289, 496
289, 508
289, 513
290, 296
290, 301
290, 381
290, 384
290, 394
290, 496
290, 508
290, 513
291, 5
291, 11
291, 191
291, 222
291, 229
291, 296
291, 384
291, 394
291, 496
291, 508
291, 513
292, 477
294, 5
294, 147
294, 167
294, 175
294, 186
294, 212
294, 257
294, 293
294, 300
294, 302
294, 343
294, 351
294, 386
294, 408
294, 425
294, 427
294, 456
294, 459
294, 485
294, 509
294, 511
295, 10
295, 50
295, 58
295, 144
295, 173
295, 241
295, 260
295, 324
295, 393
295, 407
295, 448
295, 452
295, 501
297, 288
298, 8
298, 179
298, 203
298, 437
298, 482
298, 492
299, 1
299, 3
299, 4
299, 8
299, 9
299, 12
299, 15
299, 16
299, 18
299, 20
299, 32
299, 34
299, 37
299, 43
299, 44
299, 46
299, 49
299, 55
299, 56
299, 61
299, 69
299, 78
303, 42
303, 57
303, 264
303, 401
303, 404
303, 454
303, 483
303, 491
303, 495
303, 500
303, 506
305, 147
305, 175
305, 186
305, 212
305, 257
305, 293
305, 300
305, 302
305, 343
305, 351
305, 386
305, 408
305, 425
305, 427
305, 456
305, 459
305, 509
305, 511
308, 384
308, 394
308, 496
308, 508
308, 513
311, 17
311, 138
311, 140
311, 219
311, 250
311, 358
311, 396
311, 426
311, 493
311, 519
312, 384
312, 394
312, 496
312, 508
312, 513
314, 401
314, 404
314, 454
314, 483
314, 491
314, 495
314, 500
314, 506
316, 401
316, 454
316, 483
316, 491
316, 495
316, 500
316, 506
319, 4
319, 15
319, 132
319, 136
319, 230
319, 258
319, 261
319, 342
319, 460
319, 466
319, 487
320, 1
320, 3
320, 4
320, 8
320, 15
320, 16
320, 18
320, 32
320, 34
320, 37
320, 43
320, 46
320, 55
320, 56
320, 61
320, 69
320, 84
320, 89
320, 94
320, 103
320, 106
320, 109
321, 10
321, 50
321, 58
321, 144
321, 173
321, 241
321, 260
321, 324
321, 393
321, 407
321, 448
321, 452
321, 501
327, 401
327, 454
327, 483
327, 491
327, 495
327, 500
327, 506
331, 5
331, 11
331, 191
331, 222
331, 229
331, 296
331, 394
331, 496
331, 508
331, 513
333, 144
333, 173
333, 241
333, 260
333, 324
333, 393
333, 407
333, 448
333, 452
333, 501
334, 453
334, 481
335, 61
335, 254
335, 376
337, 173
337, 212
337, 260
337, 293
337, 300
337, 324
337, 393
337, 407
337, 425
337, 448
337, 452
337, 456
337, 496
337, 501
337, 509
340, 11
340, 191
340, 296
340, 496
340, 508
340, 513
341, 54
344, 9
344, 12
344, 20
344, 22
344, 44
344, 49
344, 59
344, 78
344, 93
344, 104
344, 108
344, 113
344, 122
344, 127
344, 142
344, 148
344, 154
344, 171
344, 185
344, 211
344, 215
344, 223
345, 108
345, 171
345, 211
345, 310
345, 332
347, 401
347, 454
347, 483
347, 491
347, 500
347, 506
348, 173
348, 241
348, 324
348, 393
348, 407
348, 448
348, 452
348, 501
353, 186
353, 212
353, 257
353, 293
353, 300
353, 302
353, 343
353, 351
353, 386
353, 408
353, 425
353, 427
353, 456
353, 459
353, 509
353, 511
354, 330
354, 497
356, 483
356, 491
356, 500
356, 506
357, 1
357, 3
357, 4
357, 8
357, 9
357, 12
357, 15
357, 16
357, 18
357, 20
357, 22
357, 32
357, 34
357, 37
357, 43
357, 44
357, 46
357, 49
357, 55
357, 56
357, 59
357, 61
364, 241
364, 324
364, 393
364, 407
364, 448
364, 452
364, 501
365, 324
365, 393
365, 407
365, 448
365, 452
365, 501
366, 145
366, 180
366, 228
366, 235
366, 304
366, 350
366, 360
366, 477
366, 480
368, 9
368, 12
368, 20
368, 22
368, 44
368, 49
368, 59
368, 78
368, 93
368, 104
368, 108
368, 113
368, 122
368, 127
368, 142
368, 148
368, 154
368, 171
368, 185
368, 211
368, 215
368, 223
371, 508
371, 513
372, 5
372, 191
372, 222
372, 229
372, 508
372, 513
375, 9
375, 12
375, 20
375, 22
375, 44
375, 49
375, 59
375, 78
375, 93
375, 104
375, 108
375, 113
375, 122
375, 127
375, 142
375, 148
375, 154
375, 171
375, 185
375, 211
375, 215
375, 223
378, 3
378, 61
378, 110
378, 254
378, 277
378, 376
378, 431
378, 432
378, 458
378, 503
383, 1
383, 103
383, 145
383, 150
383, 180
383, 228
383, 235
383, 285
383, 315
383, 322
383, 361
383, 370
383, 379
383, 406
383, 451
383, 476
383, 477
383, 478
383, 494
383, 513
385, 5
385, 191
385, 222
385, 229
385, 508
385, 513
389, 5
389, 191
389, 222
389, 229
389, 485
389, 498
389, 508
389, 513
392, 453
392, 471
392, 481
395, 44
395, 49
395, 93
395, 127
395, 248
395, 265
395, 306
395, 309
395, 328
395, 329
395, 338
395, 391
395, 420
395, 486
399, 20
399, 22
399, 44
399, 59
399, 78
399, 93
399, 104
399, 108
399, 113
399, 122
399, 127
399, 142
399, 148
399, 154
399, 171
399, 185
399, 211
399, 215
399, 223
399, 248
399, 265
399, 274
400, 20
400, 78
400, 93
400, 104
400, 113
400, 122
400, 127
400, 138
400, 140
400, 142
400, 148
400, 185
400, 212
400, 219
400, 248
400, 250
400, 265
400, 274
400, 293
400, 300
400, 302
400, 306
402, 288
409, 508
409, 513
410, 5
410, 191
410, 222
410, 229
410, 302
410, 351
410, 386
410, 427
410, 483
410, 491
410, 508
410, 511
411, 17
411, 138
411, 140
411, 219
411, 250
411, 358
411, 396
411, 426
411, 493
411, 519
414, 500
414, 506
415, 500
415, 506
416, 5
416, 222
416, 229
417, 222
418, 229
418, 485
418, 498
419, 302
419, 343
419, 351
419, 386
419, 408
419, 425
419, 427
419, 456
419, 459
419, 509
419, 511
421, 1
421, 3
421, 4
421, 8
421, 15
421, 16
421, 18
421, 32
421, 34
421, 37
421, 43
421, 46
421, 55
421, 56
421, 61
421, 69
421, 84
421, 89
421, 94
421, 103
421, 106
421, 109
422, 302
422, 343
422, 351
422, 386
422, 408
422, 425
422, 427
422, 456
422, 459
422, 509
422, 511
423, 1
423, 3
423, 4
423, 15
423, 20
423, 22
423, 32
423, 34
423, 37
423, 43
423, 55
423, 56
423, 59
423, 61
423, 69
423, 78
423, 84
423, 89
423, 93
423, 94
423, 103
423, 104
424, 22
424, 59
424, 78
424, 93
424, 104
424, 108
424, 113
424, 122
424, 127
424, 142
424, 148
424, 154
424, 171
424, 185
424, 211
424, 215
424, 223
424, 248
424, 265
424, 274
424, 306
424, 307
430, 56
430, 266
430, 317
430, 325
430, 403
430, 475
433, 302
433, 343
433, 351
433, 386
433, 427
433, 511
434, 302
434, 343
434, 351
434, 386
434, 408
434, 425
434, 427
434, 456
434, 459
434, 509
434, 511
438, 500
438, 506
440, 54
442, 22
442, 59
442, 93
442, 104
442, 108
442, 113
442, 122
442, 127
442, 142
442, 148
442, 154
442, 171
442, 185
442, 211
442, 215
442, 223
442, 248
442, 265
442, 274
442, 306
442, 307
442, 309
443, 69
443, 84
443, 89
443, 106
443, 143
443, 214
443, 339
443, 349
443, 359
443, 363
443, 441
443, 460
443, 490
443, 507
444, 1
444, 3
444, 22
444, 32
444, 34
444, 37
444, 55
444, 56
444, 59
444, 61
444, 93
444, 94
444, 103
444, 104
444, 108
444, 110
444, 113
444, 122
444, 127
444, 140
444, 141
444, 142
447, 69
447, 84
447, 89
447, 214
447, 339
447, 359
447, 363
447, 441
447, 460
447, 490
449, 485
449, 498
450, 17
450, 138
450, 140
450, 219
450, 250
450, 358
450, 396
450, 426
450, 493
450, 519
462, 17
462, 138
462, 140
462, 219
462, 250
462, 358
462, 396
462, 426
462, 493
462, 519
463, 1
463, 3
463, 4
463, 8
463, 15
463, 16
463, 18
463, 32
463, 34
463, 37
463, 43
463, 46
463, 55
463, 56
463, 61
463, 69
463, 84
463, 89
463, 93
463, 94
463, 103
463, 104
467, 104
467, 122
467, 138
467, 274
467, 405
467, 504
468, 1
468, 3
468, 4
468, 8
468, 15
468, 16
468, 18
468, 32
468, 34
468, 37
468, 43
468, 46
468, 55
468, 56
468, 61
468, 69
468, 84
468, 89
468, 94
468, 103
468, 104
468, 106
470, 302
470, 343
470, 351
470, 386
470, 408
470, 425
470, 427
470, 456
470, 459
470, 509
470, 511
474, 302
474, 343
474, 351
474, 386
474, 408
474, 425
474, 427
474, 456
474, 459
474, 509
474, 511
484, 54
488, 103
488, 145
488, 150
488, 180
488, 228
488, 235
488, 285
488, 304
488, 315
488, 322
488, 346
488, 350
488, 360
488, 361
488, 370
488, 379
488, 406
488, 408
488, 425
488, 429
488, 451
488, 456
505, 302
505, 343
505, 351
505, 386
505, 408
505, 425
505, 427
505, 456
505, 459
505, 509
505, 511
510, 3
510, 4
510, 15
510, 32
510, 34
510, 37
510, 43
510, 55
510, 59
510, 61
510, 69
510, 84
510, 89
510, 94
510, 103
510, 104
510, 106
510, 108
510, 110
510, 113
510, 122
510, 127
512, 54
514, 343
514, 425
514, 456
514, 509
516, 8
516, 16
516, 130
516, 179
516, 203
516, 330
516, 336
516, 374
516, 380
516, 387
516, 437
516, 455
516, 482
516, 497
517, 485
517, 498
end