480
4
0, 0.4420937330533229, 0.05594271153948027
1, 0.2478201839524543, 0.5956153794127386
2, 0.519902961458089, 0.47673235741391606
3, 0.40603486494269836, 0.11982530346214082
4, 0.27122211252077777, 0.19950460469738018
5, 0.5768810463240344, 0.16468730430523548
6, 0.3500993952954682, 0.055125763295601704
7, 0.22119286846488095, 0.16318798995213024
8, 0.6601130985919585, 0.0020578021869420704
9, 0.7673808284122587, 0.7373891667972481
10, 0.006045379031600406, 0.7712806796228667
11, 0.3435923097080289, 0.5665756240689943
12, 0.644321871036106, 0.05259635481777947
13, 0.17445250482560004, 0.04169085285343954
14, 0.7802449189503701, 0.5823094128219185
15, 0.9873354567967024, 0.7235400790593152
16, 0.7491625713511695, 0.32221028717883227
17, 0.23060486709806793, 0.24526884888595635
18, 0.1202089850364112, 0.8108678972352238
19, 0.7291878582148742, 0.4553104793639121
20, 0.8547179696538684, 0.6328989139552822
21, 0.1807666037425919, 0.4566659276076548
22, 0.9804385053978889, 0.2614179896036176
23, 0.1035023641591053, 0.612143238296254
24, 0.7585828697171515, 0.4826620533937138
25, 0.5034620200799376, 0.7180077380581041
26, 0.2953225591570344, 0.9711838710020145
27, 0.24707701774256774, 0.896083426415549
28, 0.24976300094391712, 0.26347838872582074
29, 0.7986990390981488, 0.5357365524718151
30, 0.4384749338682856, 0.5726050563646251
31, 0.14390977002421457, 0.7118999245299725
32, 0.04681763594265165, 0.0413214828090388
33, 0.5447595577409194, 0.4521081917306956
34, 0.2266293606716926, 0.12281028086496615
35, 0.4740481683363965, 0.9663339314616018
36, 0.6023973102073101, 0.8735692835633108
37, 0.4942699046114305, 0.1983143736305647
38, 0.22515133761018802, 0.9252521820269765
39, 0.7420950092756672, 0.26102687779213596
40, 0.18725181550044234, 0.65223800895329
41, 0.7565961700368969, 0.5276126685337692
42, 0.9814408963862221, 0.5584063091452119
43, 0.6558579056581594, 0.8345167295863449
44, 0.5955507560102189, 0.9111705302796955
45, 0.34992108535044386, 0.41630445722658593
46, 0.43752289680790857, 0.6003670393616898
47, 0.3490544694162686, 0.2757464142560657
48, 0.10349429049193348, 0.8023076706960149
49, 0.1448764501683808, 0.505143000965955
50, 0.36071122809615963, 0.751443562884422
51, 0.951106955673016, 0.08854510477858124
52, 0.01723434725479478, 0.2909440859279795
53, 0.4534032087000671, 0.205140792952473
54, 0.926536607670274, 0.1668932511935659
55, 0.11741119428250069, 0.7123591212960236
56, 0.5704220898569572, 0.6319685198977795
57, 0.4245895323057195, 0.10614054886131685
58, 0.549872420780876, 0.7374585165079479
59, 0.4123426833677619, 0.10441990331388462
60, 0.6094810646208767, 0.6959179659310556
61, 0.39194126013480224, 0.031230509265259054
62, 0.4329800633335854, 0.5915098152484141
63, 0.16862774305500405, 0.4667258490463212
64, 0.9005927257643027, 0.5612809164997856
65, 0.3020064557401122, 0.04879862494973286
66, 0.049611532509833856, 0.6520153995588938
67, 0.5810473311153056, 0.8479566132055766
68, 0.2901038682351732, 0.42875640201702403
69, 0.23952313373155665, 0.16737496558800913
70, 0.886087993685914, 0.5247561709069194
71, 0.660058592004502, 0.7487714406633692
72, 0.7702567718970168, 0.9389308749898565
73, 0.19098703876775713, 0.4862121809752683
74, 0.22555332344559187, 0.6635413425335617
75, 0.6388112586115952, 0.23914455888979025
76, 0.6141030131283962, 0.3338166524180023
77, 0.2852946453573303, 0.7722650424432808
78, 0.10698822525899354, 0.621770135242164
79, 0.8278786644361205, 0.3400708568942411
80, 0.944083825714248, 0.008652896140370236
81, 0.00041183716225412503, 0.4467333908883636
82, 0.2873439492123748, 0.10106094065021254
83, 0.3370272078076454, 0.7345764069015714
84, 0.6433682749966096, 0.7521769735297595
85, 0.4929877383234248, 0.462218159074408
86, 0.8709680068572869, 0.6300639519787994
87, 0.6333087816913099, 0.13259735044097054
88, 0.37094647324391106, 0.10406085370813556
89, 0.5698888664064811, 0.07834194777189785
90, 0.5614800260991669, 0.9405188080782897
91, 0.14866977217603605, 0.027969875638650388
92, 0.8348528242678784, 0.6115981881647031
93, 0.3413057760361976, 0.6749846754871012
94, 0.41491529696639373, 0.19706305231079224
95, 0.3584201598935396, 0.2374188142235204
96, 0.5535946122240568, 0.15191326246144843
97, 0.5087567207524272, 0.3052377355811994
98, 0.7507161269062713, 0.719606590605036
99, 0.603750249976754, 0.7802638007074949
100, 0.36549410417861006, 0.8726756025380786
101, 0.20350806918645448, 0.27783286662692197
102, 0.9319621261468063, 0.6792064426713461
103, 0.07986074350730465, 0.009286942542447996
104, 0.588214087306604, 0.7809600035567125
105, 0.669197842767528, 0.39393598864667245
106, 0.7377366483298675, 0.6526961496901406
107, 0.9281731744946513, 0.3252046579886523
108, 0.19467691733935533, 0.3867719475358554
109, 0.7787898106159261, 0.569497243893554
110, 0.7162425003084565, 0.22232874979829353
111, 0.3434754145037259, 0.2941451269929394
112, 0.9918556643204194, 0.8297572028318116
113, 0.3632619041995446, 0.7669286368487747
114, 0.7408754679322747, 0.20959929437832547
115, 0.29491985748673966, 0.40291633363515833
116, 0.105027245003118, 0.7579370869520754
117, 0.3262199747303506, 0.6162270605206478
118, 0.3589207635463383, 0.7972670296789326
119, 0.7066471796180157, 0.023851032858508092
120, 0.19233641698591764, 0.4977386699443205
121, 0.10363475335770389, 0.44622134054957197
122, 0.1806751203322221, 0.3271569956456677
123, 0.1689496370090866, 0.041399849552745116
124, 0.057510535062236245, 0.15870635439728709
125, 0.44099330146357407, 0.6781161672376489
126, 0.4026238189508463, 0.32687976940986496
127, 0.39044520185180853, 0.8899363448465646
128, 0.7686763525681579, 0.4976043181053842
129, 0.62535798843639, 0.16653138192886519
130, 0.3288128957372791, 0.8885820508544241
131, 0.5179333810465597, 0.47483173683777546
132, 0.5285577982422879, 0.6746427598063699
133, 0.015032363845095986, 0.6487599152675199
134, 0.6719785410573291, 0.5576912527514595
135, 0.9791178577116341, 0.7825575311897905
136, 0.3179080356178512, 0.9834117574819724
137, 0.7481678584649029, 0.35202091878593267
138, 0.7487959310666691, 0.005768106671106832
139, 0.05001156958742492, 0.233124697236767
140, 0.7981721793838314, 0.2839337668101656
141, 0.7700948249728883, 0.8283122375083096
142, 0.7547769783278329, 0.24937106027804468
143, 0.9727595065222947, 0.4789555675531597
144, 0.8810127612531649, 0.4566451988049416
145, 0.767089682954829, 0.26674535349010164
146, 0.23548968908569834, 0.9312056065181276
147, 0.05966222366781471, 0.8905942882571716
148, 0.6698036652759136, 0.11458999616836696
149, 0.5560494815247389, 0.2917997947361296
150, 0.03887573926298482, 0.3684023398234838
151, 0.14964300589219226, 0.4343738954882702
152, 0.04337330562845554, 0.3791648028622566
153, 0.9734483004379167, 0.7129814611513313
154, 0.4719077670043528, 0.3132337586063716
155, 0.10418278138290682, 0.34439302367045665
156, 0.511444621991725, 0.32704544431713467
157, 0.2019567599919435, 0.6069232538594282
158, 0.8915154195559474, 0.29067830195985833
159, 0.7923896823655779, 0.1313571918544082
160, 0.8482169754222884, 0.7302729332451902
161, 0.2937236936995452, 0.7414820971775709
162, 0.9366819839467652, 0.13857155512715968
163, 0.09597238047919598, 0.051121804308683294
164, 0.7227739020934278, 0.9243025477000174
165, 0.518949339649047, 0.5369334822455549
166, 0.5786218892574885, 0.8110754709890835
167, 0.18891745050071562, 0.13456407041076868
168, 0.13683378597100626, 0.10369651566159344
169, 0.6426518532615735, 0.5203705911605593
170, 0.7202999609343403, 0.33125752779764117
171, 0.709664577190404, 0.3094829042212113
172, 0.7374450756123183, 0.31681475822799765
173, 0.540434281704584, 0.5239046106239066
174, 0.569678200098304, 0.9460101602554898
175, 0.7544332270072789, 0.03223879804862284
176, 0.9749712422997721, 0.9510997740875261
177, 0.831770415712948, 0.7877749428362424
178, 0.5279478150969564, 0.38690442689184246
179, 0.693284029223955, 0.6966821802669038
180, 0.8816609152265089, 0.3995481716968702
181, 0.7259293579998229, 0.17608203865019756
182, 0.2816141699963064, 0.9643049871386727
183, 0.6867775972179553, 0.9995292291604406
184, 0.582242679917618, 0.6249746283453552
185, 0.6342393252015527, 0.00459663875567351
186, 0.9334852500024851, 0.7529787919519758
187, 0.27451464803651393, 0.5981525682767612
188, 0.11824611938903773, 0.5050522893338009
189, 0.03179973921899393, 0.19557515063474773
190, 0.6409466568724599, 0.11300523268066343
191, 0.7936917432128714, 0.35310062695709976
192, 0.7594727020803997, 0.7037240556303253
193, 0.7678461712706557, 0.7521949820520526
194, 0.7729283941166134, 0.3228601515279841
195, 0.4301225925029579, 0.9360579701135334
196, 0.32541359581427687, 0.058793331199744614
197, 0.6278494060420766, 0.17744171353156912
198, 0.5887045310922043, 0.4488384102744446
199, 0.17231988536452014, 0.04621735878791966
200, 0.5453221694212882, 0.22446408065096402
201, 0.6255188059685325, 0.9016278644973231
202, 0.6691693453169548, 0.5453638361387786
203, 0.8367557055933326, 0.019825428832779268
204, 0.7776241744812762, 0.27237406915435414
205, 0.26592811247894477, 0.4300829725194881
206, 0.6296437127335746, 0.963919776657603
207, 0.04120371145216295, 0.23687344593534232
208, 0.7542937088603627, 0.5468717539098934
209, 0.9142123147207946, 0.4096001054412842
210, 0.2220556510013748, 0.21637579849525057
211, 0.7641931153861886, 0.7566261968229477
212, 0.8203422513150328, 0.3482156080019201
213, 0.17508182766031877, 0.11873624771712898
214, 0.0788355125646576, 0.965142570425775
215, 0.015474210232231056, 0.2017664078495589
216, 0.33798664757323515, 0.6587116247861248
217, 0.7575335113408728, 0.7225724816916977
218, 0.5832681793811664, 0.907039484545657
219, 0.667691962107443, 0.35991679461193904
220, 0.6773225581344731, 0.5263101088012989
221, 0.25618000720576606, 0.6345639217857357
222, 0.6924723551822675, 0.3200191269851467
223, 0.263464493504998, 0.1623838316906555
224, 0.0724442084488337, 0.033338958848027844
225, 0.26241990134897486, 0.1455211051670806
226, 0.4632798713153353, 0.037180355001649956
227, 0.22524499257709374, 0.26221209547761726
228, 0.7152950016356457, 0.96371067631712
229, 0.06577135168098858, 0.04019166646649741
230, 0.8058353524861116, 0.6082571926201599
231, 0.9758906735699914, 0.641992430179105
232, 0.2951993634017087, 0.24603378093760153
233, 0.6997799377269034, 0.7308067770610268
234, 0.28910586723024045, 0.6124530982126573
235, 0.7977361895717857, 0.3694889201068896
236, 0.8615398996126854, 0.8705820485287871
237, 0.1378974780961415, 0.4153234676044224
238, 0.06519069013669476, 0.5464055941922434
239, 0.340778953731969, 0.9303488010806592
240, 0.10720831783555651, 0.15355941102712833
241, 0.6715372809553946, 0.5543038248118938
242, 0.40717460168906794, 0.4925558671233996
243, 0.34988603474655056, 0.34948908547225355
244, 0.29607633058675353, 0.09320385675741216
245, 0.17857320885879602, 0.8203480394070752
246, 0.8516255012374032, 0.9051922099568857
247, 0.5076788603380585, 0.08854322765733758
248, 0.2441693183901983, 0.15116191862483075
249, 0.6523337421542122, 0.8667160312293279
250, 0.032252084599020514, 0.6668773669169766
251, 0.9610841251674269, 0.5428210283960218
252, 0.2346192392430485, 0.003956444395141978
253, 0.9835812407660841, 0.09485659953165915
254, 0.4322537791705724, 0.5803689440448125
255, 0.7152165472460771, 0.5316378798667837
256, 0.6254468201041394, 0.14751340697559423
257, 0.8183689722303563, 0.8942838770727198
258, 0.2941727658588681, 0.25735249104693114
259, 0.692354260971325, 0.7882186532076192
260, 0.8608205526213917, 0.16318010501810598
261, 0.7287861353017789, 0.21823394419916065
262, 0.07885356443719327, 0.19277826424456146
263, 0.8916333519390295, 0.08136467048481089
264, 0.5173725755223828, 0.6260649111529263
265, 0.88769049116403, 0.005707042123515471
266, 0.6475744113795785, 0.9822943200951645
267, 0.06408249703725699, 0.29235473613955576
268, 0.8052289166169032, 0.551182522158145
269, 0.46512040831533785, 0.7804500559432166
270, 0.3178244593740144, 0.37774793733971335
271, 0.12680454711722222, 0.7194621127810388
272, 0.2116994207264964, 0.5221149844231826
273, 0.9728831601763352, 0.47643093435771156
274, 0.7622325931618361, 0.5748696854605985
275, 0.3759812441180447, 0.3918461848724226
276, 0.585353583143469, 0.5628141690398373
277, 0.7242656783216478, 0.5371414296255886
278, 0.7870649903042293, 0.8491572453533447
279, 0.9193005651855647, 0.7320711396725179
280, 0.3022140639113091, 0.7139549468111598
281, 0.9417676287650624, 0.7792804370323382
282, 0.940516170205546, 0.8695570149289968
283, 0.5811982575362235, 0.8680311209448655
284, 0.9235725397902812, 0.7118641264346607
285, 0.6488412320283383, 0.9660869221387868
286, 0.17181939158109139, 0.868870328866112
287, 0.6386908366311973, 0.3946719026973248
288, 0.029262349577817037, 0.778564052114001
289, 0.82627113740528, 0.9755691105706612
290, 0.7483353963414063, 0.5436104074649605
291, 0.2596223743456092, 0.7782753415010858
292, 0.699337065961554, 0.07605658411841176
293, 0.45322926550734066, 0.8213084309656162
294, 0.7087340696844303, 0.6139985416183603
295, 0.6124299233516255, 0.3744727490270856
296, 0.8485000817534493, 0.8831153872961963
297, 0.20981064893756796, 0.0691483060142335
298, 0.48899021493079653, 0.3651651595160804
299, 0.4886210289141465, 0.7591464390742984
300, 0.9299168194084417, 0.5171147424436596
301, 0.9811940199487978, 0.42641646089823604
302, 0.13909341287809707, 0.7184862807075003
303, 0.7135977845875154, 0.04203929483843949
304, 0.05089777098770987, 0.9337977689287872
305, 0.7684489548368053, 0.752847962205161
306, 0.9084360702302081, 0.8924248879640225
307, 0.12969963810515006, 0.900972835807083
308, 0.2723397924555244, 0.2304190627253231
309, 0.34904176745880966, 0.7425357524758042
310, 0.43791198752596994, 0.9141692415045816
311, 0.6416134335891964, 0.7072341542846792
312, 0.313684252410646, 0.008135912886217511
313, 0.10817556202232137, 0.5118775424599284
314, 0.3378628178251213, 0.596336269653074
315, 0.5430781941975208, 0.45389005358639345
316, 0.8703499397570091, 0.32412585595825105
317, 0.9484638163943411, 0.45927143050772135
318, 0.9790880207564883, 0.912387670745741
319, 0.4505508318799437, 0.06703908699595129
320, 0.9291617989818094, 0.9854429237712237
321, 0.22801293094809572, 0.8896401893435224
322, 0.4847536447686248, 0.9117278686095256
323, 0.9440765115659643, 0.8201803014539929
324, 0.49293625053361756, 0.8362083920697583
325, 0.27335335266641425, 0.6648520470561047
326, 0.09480926516642318, 0.8767792475651648
327, 0.3984576008870103, 0.9967268714048225
328, 0.5257771313029644, 0.19990007625800132
329, 0.08918507468782544, 0.9419132580578427
330, 0.42441842377690553, 0.6955624632837061
331, 0.11783864513434894, 0.1272175465408144
332, 0.007087508125246611, 0.25098848601648394
333, 0.8523437327222202, 0.19983526032183097
334, 0.1011274833336403, 0.3482983929991279
335, 0.16086782675322508, 0.1359355182170583
336, 0.47917168416191636, 0.10763303904125276
337, 0.15772444723513546, 0.7500549032663717
338, 0.46695096990350204, 0.235930176160687
339, 0.39838290550390965, 0.35045641263825345
340, 0.1487807812342441, 0.3754085901752189
341, 0.7584449281374468, 0.43308761473871493
342, 0.12820887750577903, 0.27894938435737004
343, 0.7933565802078377, 0.6113848054564991
344, 0.2160348173760981, 0.45573087320131955
345, 0.062415873103269126, 0.31277714092564723
346, 0.1098604986398154, 0.5567819462776146
347, 0.553722389894358, 0.18669807576857
348, 0.9428207973654793, 0.6748427257385701
349, 0.508293726451585, 0.3552700298456496
350, 0.6996760033149226, 0.925010168928083
351, 0.26034282998127944, 0.443049332770884
352, 0.6354282939413014, 0.6080848022539469
353, 0.22483137899567562, 0.9912123583368058
354, 0.8903487159924333, 0.018297223449739053
355, 0.09783609860370646, 0.013420345989877513
356, 0.643032264521978, 0.8760272317673687
357, 0.7936259492387024, 0.015241482804045359
358, 0.8638259544348932, 0.8695830653844333
359, 0.22053361118993875, 0.9298293528465866
360, 0.6104987579295449, 0.749890683456185
361, 0.09003838582362567, 0.3599141936005277
362, 0.3763303680364791, 0.12232974265042262
363, 0.22771967807437388, 0.9578908060622712
364, 0.8490789849582429, 0.12261806367864281
365, 0.9471788925402752, 0.9252968809954845
366, 0.2324935989291862, 0.84927151605554
367, 0.43012015544097126, 0.5441679258388397
368, 0.9386201384309031, 0.7499818897869867
369, 0.3068939577132541, 0.9360861627223239
370, 0.3344185809288196, 0.7577703326206564
371, 0.2850138717577728, 0.6507064840991024
372, 0.8056687982209232, 0.774019939468645
373, 0.7861448915719333, 0.06422380944325357
374, 0.2709451722738968, 0.8595040254387735
375, 0.8597720573529989, 0.5533562435456038
376, 0.283426468757078, 0.5792215683058316
377, 0.47609082019335824, 0.041651160051874636
378, 0.512975385322052, 0.2766987934220435
379, 0.9140867888921901, 0.6549475816615286
380, 0.3342692195258201, 0.5799610741004899
381, 0.5692732839921292, 0.8419889734615071
382, 0.48764744918945424, 0.08471301369034345
383, 0.9976024391067694, 0.47958000480118823
384, 0.6010131925140495, 0.035505864651957375
385, 0.4577617365277524, 0.5492205773986947
386, 0.7543014655057446, 0.8257194929337274
387, 0.28473733600212336, 0.2924295125728663
388, 0.6130475989671682, 0.6949646880968237
389, 0.11433435529599356, 0.9318329807077841
390, 0.9685942991645473, 0.23942389706302036
391, 0.7099442519674591, 0.37132160606369813
392, 0.6937149715463121, 0.5534963595011015
393, 0.9673517762293964, 0.46748318893293195
394, 0.5073634507044821, 0.7079884357426909
395, 0.42805878635964323, 0.9713672979188689
396, 0.6629942302388928, 0.16278866387817548
397, 0.778274503484653, 0.42489818896340914
398, 0.07388209979881488, 0.28459461032596656
399, 0.5680047959751415, 0.29295397190666106
400, 0.6174070252049288, 0.19738051648578547
401, 0.08700870086897927, 0.5886665364231032
402, 0.8502932453349897, 0.18468380735531875
403, 0.9673873800975025, 0.4711827461511552
404, 0.07744677968256741, 0.3865310988055146
405, 0.2130816786588351, 0.6908250946315412
406, 0.36707059862922853, 0.9644424117996104
407, 0.1541242934761139, 0.793294448154029
408, 0.8505726536941254, 0.5891765830363698
409, 0.8705215475366234, 0.20363258314970312
410, 0.6416706422781653, 0.7945485496699929
411, 0.4337951101205241, 0.7048683586143335
412, 0.5215712599700314, 0.41655137489510197
413, 0.31276739588755975, 0.7643947226563859
414, 0.8377911068711283, 0.8488069909006546
415, 0.42503804128975153, 0.24225134088773803
416, 0.6053627734102118, 0.5091918379782194
417, 0.27553486615639733, 0.9750040256090147
418, 0.009834150399750663, 0.44105687006051586
419, 0.9496425137578636, 0.05110782260515534
420, 0.7219426172869655, 0.8807256942892865
421, 0.18238267512115702, 0.8946581094854931
422, 0.4257975043208466, 0.7592885258030918
423, 0.15663799283731628, 0.18742853394725112
424, 0.4593389534868303, 0.7249633989811654
425, 0.0661377636794156, 0.40571990003007374
426, 0.9910327682962841, 0.7539590145298881
427, 0.7814831972949686, 0.21806330722236433
428, 0.35302902443652295, 0.8058235009761029
429, 0.4826457395358139, 0.6995662811496942
430, 0.823729274084293, 0.09441448654507145
431, 0.9279232800472275, 0.7400354433618557
432, 0.8439030802955628, 0.3298977321193879
433, 0.8061967627726611, 0.0022706157764991186
434, 0.8358466473767682, 0.1389702958356449
435, 0.3909388086297335, 0.47210753899455493
436, 0.5641223597951704, 0.5991568733905531
437, 0.41155870968515906, 0.5663357570382356
438, 0.23392711522479914, 0.12858926513007862
439, 0.06883878708192126, 0.3796671647847112
440, 0.7096578969679933, 0.0483987404355708
441, 0.6707085898667791, 0.8163498722056567
442, 0.26301806967484354, 0.8133429042131409
443, 0.23458075533087142, 0.17354690246261573
444, 0.7067792805293398, 0.6114048134022985
445, 0.5117706812878796, 0.6208988539357431
446, 0.5202567342474808, 0.39492871046767053
447, 0.2825212116382241, 0.21892410849087218
448, 0.33845405683557883, 0.22309257406423677
449, 0.7016803111934286, 0.8136457107040187
450, 0.6367067273526155, 0.7548325964775777
451, 0.6157303887446893, 0.43098138993089463
452, 0.20556028149783168, 0.8674274569232612
453, 0.5719867506435022, 0.4548666366937022
454, 0.4877617247365087, 0.08973197616506767
455, 0.3309614976222739, 0.2220882963477634
456, 0.6986721732046325, 0.14454995883209953
457, 0.20457461672474953, 0.06078045132219845
458, 0.8600799633395074, 0.7803054289411603
459, 0.36568151338212307, 0.6511674520851161
460, 0.03225501775313455, 0.4918517198761103
461, 0.8870524958310667, 0.5407231644203637
462, 0.13649345550490832, 0.6880541143544227
463, 0.5484556589774855, 0.7675531887966296
464, 0.10299541937206136, 0.1857833347935557
465, 0.3609707147467668, 0.8453760660282943
466, 0.8245036706600575, 0.3473651651534272
467, 0.5827835786980788, 0.767321161017005
468, 0.6892020771323817, 0.06755072750181923
469, 0.8341136491946127, 0.6353430971510532
470, 0.4604738070104347, 0.0998381733449808
471, 0.675000916177352, 0.5800331356986932
472, 0.3121834613598039, 0.7745140723590798
473, 0.1825845017822385, 0.7317105847545394
474, 0.15163789985281717, 0.1510910245243745
475, 0.06977898036623409, 0.13737501176460865
476, 0.20294727610552044, 0.18273134792995827
477, 0.30375940106477584, 0.7249537840389638
478, 0.06423966185985808, 0.535628309423612
479, 0.8005626413465459, 0.8395530291922878
end_nodes
0, 1
0, 2
0, 3
0, 4
0, 5
0, 6
0, 7
0, 8
0, 9
0, 10
0, 11
0, 12
0, 13
0, 14
0, 15
0, 16
0, 17
0, 18
0, 19
0, 20
0, 21
22, 6
22, 13
22, 32
22, 61
22, 65
22, 91
22, 103
22, 123
22, 163
22, 199
22, 224
22, 229
22, 252
22, 312
22, 355
23, 10
24, 20
24, 29
24, 86
24, 92
24, 112
24, 128
24, 135
24, 186
24, 268
24, 279
24, 281
24, 284
24, 368
24, 431
27, 353
28, 121
28, 122
28, 237
28, 238
28, 340
28, 460
28, 478
30, 46
30, 62
30, 100
30, 125
30, 127
30, 136
30, 195
30, 239
30, 293
30, 310
30, 327
30, 330
30, 395
30, 406
30, 411
30, 422
30, 465
31, 48
31, 147
33, 36
33, 43
33, 44
33, 56
33, 58
33, 60
33, 67
33, 84
33, 90
33, 99
33, 104
33, 132
33, 166
33, 173
33, 174
33, 183
33, 184
33, 201
33, 206
33, 218
33, 228
34, 8
34, 12
34, 80
34, 119
34, 138
34, 167
34, 175
34, 185
34, 189
34, 203
34, 215
34, 262
34, 265
34, 303
34, 354
34, 357
34, 384
34, 419
34, 433
34, 440
34, 464
37, 1
37, 2
37, 9
37, 18
37, 25
37, 26
37, 35
37, 36
37, 38
37, 43
37, 44
37, 46
37, 48
37, 50
37, 56
37, 58
37, 60
37, 62
37, 67
37, 71
37, 72
39, 6
39, 13
39, 32
39, 42
39, 61
39, 65
39, 79
39, 91
39, 103
39, 123
39, 143
39, 144
39, 163
39, 180
39, 199
39, 209
39, 212
39, 224
39, 229
39, 251
39, 252
40, 18
40, 48
40, 147
40, 304
40, 326
41, 109
41, 176
41, 230
41, 282
41, 318
41, 323
41, 469
45, 1
45, 18
45, 38
45, 48
45, 74
45, 146
45, 147
45, 187
45, 214
45, 221
45, 234
45, 245
45, 286
45, 291
45, 304
45, 307
45, 321
45, 325
45, 326
45, 329
45, 337
47, 10
47, 18
47, 21
47, 48
47, 49
47, 55
47, 63
47, 66
47, 78
47, 116
47, 120
47, 133
47, 147
47, 157
47, 188
47, 205
47, 214
47, 250
47, 271
47, 272
47, 288
51, 6
51, 13
51, 32
51, 61
51, 65
51, 91
51, 103
51, 123
51, 163
51, 199
51, 224
51, 229
51, 252
51, 312
51, 355
53, 1
53, 2
53, 10
53, 18
53, 25
53, 26
53, 35
53, 36
53, 38
53, 43
53, 44
53, 46
53, 48
53, 50
53, 55
53, 56
53, 58
53, 60
53, 62
53, 67
53, 74
54, 6
54, 13
54, 32
54, 61
54, 65
54, 91
54, 103
54, 123
54, 163
54, 199
54, 224
54, 229
54, 252
54, 312
54, 355
57, 1
57, 2
57, 4
57, 10
57, 11
57, 13
57, 17
57, 18
57, 21
57, 25
57, 26
57, 32
57, 35
57, 36
57, 38
57, 43
57, 44
57, 46
57, 48
57, 49
57, 50
59, 1
59, 4
59, 10
59, 11
59, 13
59, 17
59, 18
59, 21
59, 25
59, 26
59, 32
59, 35
59, 36
59, 38
59, 44
59, 46
59, 48
59, 49
59, 50
59, 52
59, 55
64, 231
68, 18
68, 48
68, 55
68, 116
68, 147
68, 157
68, 214
68, 271
68, 288
68, 302
68, 304
68, 326
68, 329
68, 337
68, 462
69, 52
69, 267
69, 345
69, 398
69, 476
73, 288
75, 42
75, 70
75, 137
75, 144
75, 170
75, 171
75, 231
75, 251
75, 300
76, 9
76, 14
76, 72
76, 98
76, 106
76, 109
76, 134
76, 141
76, 160
76, 176
76, 177
76, 192
76, 193
76, 202
76, 208
76, 211
76, 217
76, 220
76, 230
76, 236
76, 241
77, 353
82, 8
82, 12
82, 80
82, 119
82, 138
82, 139
82, 167
82, 175
82, 185
82, 189
82, 203
82, 207
82, 215
82, 262
82, 265
82, 303
82, 332
82, 354
82, 357
82, 384
82, 419
83, 26
83, 182
83, 369
83, 370
83, 417
85, 25
85, 35
85, 44
85, 58
85, 67
85, 90
85, 125
85, 127
85, 132
85, 174
85, 195
85, 218
85, 264
85, 269
85, 283
85, 293
85, 299
85, 310
85, 322
85, 324
85, 327
87, 6
87, 13
87, 15
87, 20
87, 29
87, 32
87, 42
87, 61
87, 65
87, 70
87, 79
87, 86
87, 91
87, 92
87, 102
87, 103
87, 109
87, 112
87, 123
87, 128
87, 135
88, 4
88, 7
88, 10
88, 17
88, 18
88, 21
88, 32
88, 48
88, 49
88, 52
88, 55
88, 63
88, 66
88, 78
88, 80
88, 81
88, 101
88, 108
88, 116
88, 120
88, 121
89, 1
89, 2
89, 6
89, 9
89, 13
89, 14
89, 15
89, 16
89, 18
89, 19
89, 20
89, 25
89, 26
89, 29
89, 32
89, 35
89, 36
89, 38
89, 42
89, 43
89, 44
93, 26
93, 182
93, 353
93, 363
93, 369
93, 374
93, 413
93, 417
93, 472
94, 1
94, 10
94, 11
94, 18
94, 21
94, 26
94, 35
94, 38
94, 46
94, 48
94, 49
94, 50
94, 55
94, 62
94, 63
94, 66
94, 74
94, 78
94, 100
94, 113
94, 116
95, 10
95, 18
95, 21
95, 48
95, 49
95, 55
95, 63
95, 66
95, 78
95, 108
95, 116
95, 120
95, 133
95, 147
95, 151
95, 157
95, 188
95, 205
95, 238
95, 250
95, 271
96, 2
96, 6
96, 9
96, 13
96, 14
96, 15
96, 16
96, 19
96, 20
96, 25
96, 26
96, 29
96, 32
96, 35
96, 36
96, 42
96, 43
96, 44
96, 46
96, 50
96, 56
97, 2
97, 25
97, 26
97, 35
97, 36
97, 43
97, 44
97, 46
97, 50
97, 56
97, 58
97, 60
97, 62
97, 67
97, 71
97, 72
97, 84
97, 90
97, 99
97, 100
97, 104
105, 14
105, 92
105, 109
105, 112
105, 160
105, 176
105, 177
105, 186
105, 208
105, 230
105, 236
105, 274
105, 279
105, 281
105, 282
105, 290
105, 306
105, 318
105, 320
105, 323
105, 343
107, 6
107, 13
107, 32
107, 61
107, 65
107, 91
107, 103
107, 123
107, 163
107, 199
107, 224
107, 229
107, 252
107, 312
107, 355
110, 6
110, 13
110, 32
110, 42
110, 61
110, 65
110, 79
110, 91
110, 103
110, 123
110, 143
110, 144
110, 163
110, 180
110, 199
110, 209
110, 212
110, 224
110, 229
110, 231
110, 251
111, 10
111, 18
111, 48
111, 49
111, 55
111, 66
111, 78
111, 116
111, 120
111, 133
111, 147
111, 157
111, 205
111, 214
111, 250
111, 271
111, 272
111, 288
111, 302
111, 304
111, 326
114, 6
114, 13
114, 32
114, 61
114, 65
114, 91
114, 103
114, 123
114, 143
114, 163
114, 199
114, 209
114, 224
114, 229
114, 252
114, 273
114, 301
114, 312
114, 317
114, 355
114, 383
115, 10
115, 18
115, 48
115, 55
115, 116
115, 147
115, 157
115, 271
115, 272
115, 288
115, 302
115, 304
115, 326
115, 337
115, 462
117, 38
117, 146
117, 280
117, 353
117, 359
117, 363
117, 374
117, 442
117, 477
118, 239
124, 8
124, 12
124, 80
124, 119
124, 138
124, 175
124, 185
124, 203
124, 265
124, 303
124, 354
124, 357
124, 384
124, 419
124, 433
124, 440
126, 1
126, 11
126, 18
126, 26
126, 38
126, 48
126, 50
126, 74
126, 100
126, 113
126, 127
126, 130
126, 136
126, 146
126, 147
126, 182
126, 187
126, 214
126, 216
126, 221
126, 234
129, 6
129, 9
129, 13
129, 14
129, 15
129, 16
129, 20
129, 29
129, 32
129, 42
129, 61
129, 65
129, 70
129, 72
129, 79
129, 86
129, 91
129, 92
129, 98
129, 102
129, 103
131, 25
131, 35
131, 36
131, 44
131, 58
131, 67
131, 90
131, 99
131, 104
131, 132
131, 165
131, 166
131, 174
131, 201
131, 206
131, 218
131, 264
131, 266
131, 269
131, 283
131, 285
140, 6
140, 13
140, 32
140, 61
140, 65
140, 91
140, 103
140, 123
140, 143
140, 163
140, 199
140, 209
140, 224
140, 229
140, 252
140, 273
140, 301
140, 312
140, 317
140, 355
140, 383
142, 6
142, 13
142, 32
142, 42
142, 61
142, 65
142, 79
142, 91
142, 103
142, 123
142, 143
142, 163
142, 180
142, 199
142, 209
142, 224
142, 229
142, 252
142, 273
142, 301
142, 312
145, 6
145, 13
145, 32
145, 42
145, 61
145, 65
145, 79
145, 91
145, 103
145, 123
145, 143
145, 163
145, 180
145, 199
145, 209
145, 224
145, 229
145, 252
145, 273
145, 301
145, 312
148, 6
148, 13
148, 32
148, 61
148, 65
148, 91
148, 103
148, 123
148, 163
148, 199
148, 224
148, 229
148, 252
148, 301
148, 312
148, 355
148, 383
149, 9
149, 25
149, 35
149, 36
149, 43
149, 44
149, 56
149, 58
149, 60
149, 67
149, 71
149, 72
149, 84
149, 90
149, 98
149, 99
149, 104
149, 106
149, 132
149, 134
149, 141
154, 25
154, 26
154, 35
154, 36
154, 38
154, 44
154, 46
154, 50
154, 58
154, 62
154, 67
154, 90
154, 99
154, 100
154, 104
154, 125
154, 127
154, 130
154, 132
154, 136
154, 146
156, 2
156, 25
156, 35
156, 36
156, 43
156, 44
156, 46
156, 56
156, 58
156, 60
156, 62
156, 67
156, 71
156, 84
156, 90
156, 99
156, 100
156, 104
156, 125
156, 127
156, 132
158, 6
158, 13
158, 32
158, 61
158, 65
158, 91
158, 103
158, 123
158, 163
158, 199
158, 224
158, 229
158, 252
158, 312
158, 355
159, 6
159, 13
159, 32
159, 61
159, 65
159, 91
159, 103
159, 123
159, 163
159, 199
159, 224
159, 229
159, 252
159, 312
159, 355
161, 353
161, 374
162, 6
162, 13
162, 32
162, 61
162, 65
162, 91
162, 103
162, 123
162, 163
162, 199
162, 224
162, 229
162, 252
162, 312
162, 355
168, 8
168, 12
168, 80
168, 119
168, 138
168, 175
168, 185
168, 203
168, 265
168, 303
168, 354
168, 357
168, 384
168, 419
168, 433
168, 440
169, 72
169, 141
169, 164
169, 179
169, 233
169, 257
169, 259
169, 278
169, 289
169, 386
169, 420
169, 449
169, 479
172, 235
178, 2
178, 25
178, 35
178, 36
178, 43
178, 44
178, 56
178, 58
178, 60
178, 67
178, 71
178, 84
178, 90
178, 99
178, 104
178, 132
178, 164
178, 165
178, 166
178, 173
178, 174
181, 6
181, 61
181, 65
181, 91
181, 103
181, 123
181, 163
181, 199
181, 224
181, 229
181, 252
181, 301
181, 312
181, 355
181, 383
190, 6
190, 15
190, 42
190, 61
190, 65
190, 70
190, 79
190, 91
190, 103
190, 123
190, 143
190, 144
190, 153
190, 163
190, 180
190, 191
190, 194
190, 199
190, 209
190, 212
190, 224
196, 8
196, 12
196, 80
196, 91
196, 103
196, 119
196, 123
196, 138
196, 163
196, 175
196, 185
196, 199
196, 203
196, 224
196, 229
196, 265
196, 303
196, 354
196, 355
196, 357
196, 384
197, 9
197, 14
197, 15
197, 16
197, 20
197, 29
197, 42
197, 61
197, 65
197, 70
197, 79
197, 86
197, 91
197, 92
197, 98
197, 102
197, 103
197, 106
197, 109
197, 112
197, 123
198, 43
198, 60
198, 71
198, 72
198, 84
198, 99
198, 164
198, 179
198, 183
198, 201
198, 206
198, 228
198, 233
198, 249
198, 259
198, 266
198, 285
198, 289
198, 311
198, 350
198, 352
200, 2
200, 9
200, 14
200, 20
200, 25
200, 35
200, 36
200, 43
200, 44
200, 46
200, 56
200, 58
200, 60
200, 67
200, 71
200, 72
200, 84
200, 90
200, 92
200, 98
200, 99
204, 61
204, 65
204, 91
204, 103
204, 123
204, 143
204, 163
204, 180
204, 199
204, 209
204, 224
204, 229
204, 252
204, 273
204, 301
204, 312
204, 317
204, 355
204, 383
204, 393
204, 403
210, 81
210, 150
210, 152
210, 155
210, 342
210, 345
210, 361
210, 418
210, 439
213, 8
213, 12
213, 80
213, 119
213, 138
213, 175
213, 185
213, 203
213, 265
213, 303
213, 354
213, 357
213, 384
213, 419
213, 433
213, 440
219, 14
219, 19
219, 20
219, 29
219, 86
219, 92
219, 102
219, 109
219, 112
219, 128
219, 135
219, 160
219, 176
219, 186
219, 230
219, 268
219, 279
219, 281
219, 282
219, 284
219, 318
222, 70
222, 231
222, 461
223, 52
223, 150
223, 152
223, 267
223, 342
223, 345
223, 398
225, 7
225, 52
225, 139
225, 207
225, 267
225, 332
225, 345
225, 398
225, 423
225, 476
226, 1
226, 2
226, 4
226, 7
226, 8
226, 9
226, 10
226, 11
226, 14
226, 15
226, 16
226, 17
226, 18
226, 19
226, 20
226, 21
226, 25
226, 26
226, 29
226, 35
226, 36
227, 81
227, 404
227, 418
227, 425
227, 460
232, 10
232, 21
232, 49
232, 63
232, 66
232, 78
232, 108
232, 133
232, 151
232, 188
232, 238
232, 250
232, 288
232, 313
232, 346
232, 401
232, 478
240, 8
240, 12
240, 80
240, 119
240, 138
240, 175
240, 185
240, 203
240, 265
240, 303
240, 354
240, 357
240, 384
240, 419
240, 433
240, 440
242, 26
242, 38
242, 50
242, 100
242, 127
242, 130
242, 136
242, 146
242, 182
242, 239
242, 309
242, 327
242, 353
242, 363
242, 369
242, 370
242, 374
242, 406
242, 413
242, 417
242, 428
243, 1
243, 18
243, 48
243, 55
243, 74
243, 116
243, 147
243, 187
243, 214
243, 221
243, 245
243, 271
243, 286
243, 288
243, 302
243, 304
243, 307
243, 326
243, 329
243, 337
243, 376
244, 8
244, 12
244, 80
244, 119
244, 138
244, 139
244, 163
244, 167
244, 175
244, 185
244, 189
244, 203
244, 207
244, 215
244, 229
244, 262
244, 265
244, 303
244, 332
244, 354
244, 357
247, 1
247, 2
247, 9
247, 10
247, 14
247, 15
247, 16
247, 18
247, 19
247, 20
247, 21
247, 25
247, 26
247, 29
247, 35
247, 36
247, 38
247, 42
247, 43
247, 44
247, 46
248, 7
248, 52
248, 139
248, 207
248, 267
248, 332
248, 398
248, 423
248, 476
253, 61
253, 65
253, 123
253, 163
253, 199
253, 224
253, 229
253, 252
253, 312
253, 355
254, 100
254, 127
254, 136
254, 195
254, 239
254, 310
254, 327
254, 330
254, 395
254, 406
254, 411
254, 422
254, 465
255, 176
255, 177
255, 236
255, 296
255, 306
255, 320
255, 358
255, 365
255, 414
255, 458
256, 9
256, 14
256, 15
256, 16
256, 20
256, 29
256, 42
256, 70
256, 79
256, 86
256, 92
256, 98
256, 102
256, 106
256, 109
256, 112
256, 128
256, 135
256, 143
256, 144
256, 153
258, 10
258, 21
258, 49
258, 63
258, 66
258, 78
258, 108
258, 133
258, 188
258, 238
258, 250
258, 288
258, 313
258, 346
258, 401
260, 163
260, 199
260, 224
260, 229
260, 252
260, 312
260, 355
261, 42
261, 79
261, 143
261, 180
261, 199
261, 209
261, 212
261, 224
261, 229
261, 251
261, 252
261, 273
261, 301
261, 312
261, 317
261, 355
261, 383
261, 393
261, 403
261, 432
261, 466
263, 252
263, 312
263, 355
270, 10
270, 18
270, 48
270, 55
270, 116
270, 147
270, 157
270, 214
270, 271
270, 272
270, 288
270, 302
270, 304
270, 307
270, 326
270, 329
270, 337
270, 389
270, 407
270, 462
270, 473
275, 1
275, 11
275, 18
275, 26
275, 38
275, 74
275, 146
275, 182
275, 187
275, 214
275, 216
275, 221
275, 234
275, 245
275, 280
275, 286
275, 291
275, 304
275, 307
275, 314
275, 321
276, 36
276, 43
276, 44
276, 60
276, 84
276, 99
276, 183
276, 201
276, 206
276, 228
276, 249
276, 266
276, 285
276, 350
276, 356
276, 360
276, 388
276, 410
276, 441
276, 450
277, 160
277, 176
277, 177
277, 236
277, 282
277, 306
277, 320
277, 358
277, 365
277, 458
287, 9
287, 98
287, 106
287, 141
287, 160
287, 176
287, 177
287, 192
287, 193
287, 211
287, 217
287, 220
287, 236
287, 246
287, 257
287, 278
287, 282
287, 289
287, 294
287, 296
287, 305
292, 252
292, 312
292, 355
292, 419
295, 9
295, 72
295, 98
295, 106
295, 134
295, 141
295, 164
295, 176
295, 177
295, 179
295, 192
295, 193
295, 202
295, 211
295, 217
295, 220
295, 228
295, 233
295, 236
295, 241
295, 246
297, 8
297, 12
297, 80
297, 119
297, 138
297, 175
297, 185
297, 203
297, 265
297, 303
297, 354
297, 357
297, 384
297, 419
297, 433
297, 440
298, 2
298, 25
298, 26
298, 35
298, 36
298, 44
298, 46
298, 50
298, 58
298, 62
298, 67
298, 90
298, 99
298, 100
298, 104
298, 125
298, 127
298, 130
298, 132
298, 136
298, 165
308, 121
308, 122
308, 133
308, 151
308, 237
308, 238
308, 340
308, 425
308, 460
308, 478
315, 36
315, 43
315, 44
315, 56
315, 58
315, 60
315, 67
315, 84
315, 90
315, 99
315, 104
315, 132
315, 166
315, 173
315, 174
315, 183
315, 184
315, 201
315, 206
315, 218
315, 228
316, 252
316, 301
316, 312
316, 355
319, 1
319, 2
319, 4
319, 5
319, 7
319, 9
319, 10
319, 11
319, 12
319, 14
319, 15
319, 16
319, 17
319, 19
319, 20
319, 21
319, 25
319, 26
319, 29
319, 35
319, 36
328, 2
328, 9
328, 14
328, 20
328, 25
328, 26
328, 35
328, 36
328, 38
328, 43
328, 44
328, 46
328, 50
328, 56
328, 58
328, 60
328, 62
328, 67
328, 71
328, 72
328, 84
331, 8
331, 12
331, 80
331, 119
331, 138
331, 175
331, 185
331, 203
331, 265
331, 303
331, 354
331, 357
331, 384
331, 419
331, 433
331, 440
333, 312
333, 355
335, 8
335, 12
335, 80
335, 119
335, 138
335, 175
335, 185
335, 203
335, 265
335, 303
335, 354
335, 357
335, 384
335, 419
335, 433
335, 440
336, 1
336, 2
336, 9
336, 10
336, 14
336, 15
336, 19
336, 20
336, 21
336, 25
336, 26
336, 29
336, 35
336, 38
336, 42
336, 43
336, 44
336, 46
336, 48
336, 49
336, 50
338, 1
338, 2
338, 25
338, 26
338, 38
338, 43
338, 46
338, 48
338, 50
338, 56
338, 58
338, 60
338, 62
338, 67
338, 74
338, 84
338, 90
338, 99
338, 100
338, 104
338, 125
339, 1
339, 11
339, 38
339, 50
339, 74
339, 100
339, 113
339, 130
339, 136
339, 146
339, 147
339, 182
339, 187
339, 214
339, 216
339, 221
339, 234
339, 239
339, 245
339, 280
339, 286
341, 15
341, 102
341, 153
341, 348
341, 375
341, 379
341, 426
344, 120
347, 2
347, 9
347, 14
347, 15
347, 19
347, 20
347, 29
347, 43
347, 46
347, 56
347, 58
347, 60
347, 62
347, 67
347, 70
347, 71
347, 72
347, 84
347, 86
347, 90
347, 92
349, 2
349, 43
349, 46
349, 56
349, 58
349, 60
349, 67
349, 84
349, 90
349, 99
349, 100
349, 104
349, 125
349, 127
349, 132
349, 165
349, 166
349, 173
349, 174
349, 183
349, 184
351, 10
351, 55
351, 116
351, 271
351, 272
351, 288
351, 462
362, 1
362, 4
362, 10
362, 17
362, 21
362, 38
362, 48
362, 49
362, 52
362, 55
362, 63
362, 66
362, 74
362, 78
362, 81
362, 101
362, 108
362, 116
362, 120
362, 121
362, 122
364, 355
367, 50
367, 100
367, 127
367, 130
367, 136
367, 195
367, 239
367, 310
367, 327
367, 330
367, 369
367, 395
367, 406
367, 411
367, 422
367, 428
367, 465
371, 321
371, 359
371, 366
371, 421
371, 452
372, 296
372, 414
373, 419
377, 1
377, 2
377, 4
377, 7
377, 8
377, 9
377, 10
377, 11
377, 14
377, 15
377, 16
377, 17
377, 19
377, 20
377, 21
377, 29
377, 38
377, 42
377, 43
377, 46
377, 48
378, 2
378, 46
378, 50
378, 56
378, 58
378, 60
378, 62
378, 67
378, 71
378, 72
378, 84
378, 90
378, 99
378, 100
378, 104
378, 125
378, 127
378, 130
378, 132
378, 136
378, 141
380, 38
380, 146
380, 280
380, 291
380, 321
380, 353
380, 359
380, 363
380, 366
380, 374
380, 421
380, 442
380, 452
380, 477
382, 1
382, 5
382, 9
382, 14
382, 15
382, 16
382, 17
382, 19
382, 20
382, 21
382, 29
382, 38
382, 42
382, 46
382, 49
382, 50
382, 55
382, 56
382, 58
382, 60
382, 62
385, 125
385, 127
385, 195
385, 269
385, 293
385, 310
385, 322
385, 327
385, 330
385, 395
385, 406
385, 411
385, 422
385, 424
387, 21
387, 49
387, 63
387, 66
387, 78
387, 120
387, 250
387, 288
387, 346
387, 401
391, 15
391, 102
391, 135
391, 153
391, 348
391, 375
391, 379
391, 408
391, 426
392, 9
392, 98
392, 106
392, 192
392, 193
392, 211
392, 217
392, 236
392, 246
392, 257
392, 278
392, 289
392, 296
392, 305
392, 320
392, 358
392, 414
392, 479
396, 15
396, 42
396, 70
396, 79
396, 102
396, 112
396, 135
396, 143
396, 144
396, 153
396, 180
396, 191
396, 194
396, 209
396, 212
396, 231
396, 235
396, 251
396, 273
396, 300
396, 301
397, 231
397, 461
399, 56
399, 58
399, 60
399, 67
399, 71
399, 72
399, 84
399, 90
399, 98
399, 99
399, 104
399, 106
399, 134
399, 141
399, 160
399, 164
399, 166
399, 174
399, 176
399, 177
399, 179
412, 56
412, 58
412, 60
412, 67
412, 90
412, 99
412, 104
412, 132
412, 165
412, 166
412, 173
412, 174
412, 183
412, 184
412, 195
412, 201
412, 206
412, 218
412, 249
412, 264
412, 266
415, 1
415, 11
415, 50
415, 55
415, 62
415, 74
415, 78
415, 100
415, 113
415, 116
415, 125
415, 127
415, 130
415, 136
415, 146
415, 147
415, 182
415, 187
415, 195
415, 205
415, 214
416, 71
416, 72
416, 84
416, 164
416, 183
416, 228
416, 233
416, 249
416, 259
416, 266
416, 285
416, 311
416, 350
416, 352
416, 356
416, 410
416, 420
416, 441
416, 449
416, 450
429, 299
429, 322
429, 324
435, 50
435, 100
435, 113
435, 130
435, 136
435, 146
435, 182
435, 216
435, 239
435, 291
435, 309
435, 321
435, 353
435, 359
435, 363
435, 366
435, 369
435, 370
435, 374
435, 406
435, 413
436, 56
436, 67
436, 90
436, 99
436, 104
436, 166
436, 174
436, 201
436, 206
436, 218
436, 266
436, 283
436, 285
436, 356
436, 381
436, 467
437, 50
437, 100
437, 127
437, 130
437, 136
437, 182
437, 239
437, 309
437, 327
437, 369
437, 406
437, 417
437, 428
437, 465
438, 139
438, 189
438, 207
438, 215
438, 262
438, 332
438, 419
438, 464
443, 52
443, 267
443, 345
443, 398
446, 56
446, 60
446, 84
446, 90
446, 99
446, 104
446, 132
446, 165
446, 166
446, 173
446, 174
446, 183
446, 184
446, 195
446, 201
446, 206
446, 218
446, 228
446, 249
446, 264
446, 266
447, 81
447, 121
447, 122
447, 133
447, 151
447, 237
447, 238
447, 313
447, 340
447, 404
447, 418
447, 425
447, 460
447, 478
448, 55
448, 78
448, 116
448, 120
448, 147
448, 157
448, 214
448, 271
448, 272
448, 288
448, 302
448, 304
448, 307
448, 326
448, 329
448, 337
448, 389
448, 407
448, 462
448, 473
451, 72
451, 98
451, 106
451, 134
451, 141
451, 164
451, 179
451, 192
451, 193
451, 202
451, 211
451, 217
451, 228
451, 233
451, 236
451, 241
451, 246
451, 257
451, 259
451, 278
451, 289
453, 56
453, 60
453, 71
453, 72
453, 84
453, 99
453, 104
453, 164
453, 166
453, 174
453, 183
453, 184
453, 201
453, 206
453, 218
453, 228
453, 249
453, 259
453, 266
453, 283
453, 285
454, 5
454, 14
454, 15
454, 16
454, 17
454, 19
454, 20
454, 21
454, 29
454, 42
454, 49
454, 55
454, 62
454, 63
454, 66
454, 70
454, 71
454, 72
454, 74
454, 78
454, 79
455, 21
455, 49
455, 55
455, 63
455, 66
455, 78
455, 116
455, 120
455, 147
455, 157
455, 214
455, 250
455, 271
455, 272
455, 288
455, 302
455, 304
455, 326
455, 329
455, 337
455, 346
456, 301
457, 8
457, 12
457, 80
457, 119
457, 138
457, 175
457, 185
457, 203
457, 265
457, 303
457, 354
457, 357
457, 384
457, 419
457, 433
457, 440
459, 130
459, 136
459, 182
459, 239
459, 309
459, 369
459, 370
459, 417
459, 428
468, 419
470, 11
470, 14
470, 15
470, 17
470, 19
470, 20
470, 21
470, 29
470, 49
470, 55
470, 62
470, 63
470, 66
470, 71
470, 72
470, 74
470, 78
470, 81
470, 84
470, 86
470, 90
471, 72
471, 141
471, 211
471, 257
471, 278
471, 289
471, 386
471, 479
474, 189
474, 215
475, 8
475, 12
475, 80
475, 119
475, 138
475, 175
475, 185
475, 203
475, 265
475, 303
475, 354
475, 357
475, 384
475, 419
475, 433
475, 440
end