400
4
0, 0.001285168991054797, 0.48744890247077577
1, 0.33822369955771026, 0.7007008353238665
2, 0.3164013918650911, 0.3330380710904022
3, 0.4448996664234167, 0.29167523883969826
4, 0.47251082151706736, 0.2347287198764687
5, 0.0519512876935333, 0.4579845473851486
6, 0.9704928798504742, 0.383418494834168
7, 0.029335103728541867, 0.37276386697311903
8, 0.4158675228890454, 0.7281074532823494
9, 0.11030029964731591, 0.22332684571968453
10, 0.6533975514872916, 0.35077536288121425
11, 0.0726254765032317, 0.7311266652032876
12, 0.22370471152209548, 0.006455278706034573
13, 0.42326955444285486, 0.8856496396952522
14, 0.4740618549389498, 0.40384396672386835
15, 0.6920501758732809, 0.18285782188287092
16, 0.20234060642548224, 0.6986264671610092
17, 0.5072718097757265, 0.37128812997644633
18, 0.8916824884914051, 0.8183398214795818
19, 0.2950574728906402, 0.14609679447574353
20, 0.7589839728004004, 0.06968956081109878
21, 0.1827261860400361, 0.7680598155136418
22, 0.43711260520081596, 0.9763475566021927
23, 0.6647729802700031, 0.8220884731497183
24, 0.36436236579582015, 0.36358222250502503
25, 0.030752718951158275, 0.10603424830668351
26, 0.215078448159416, 0.9832197974439866
27, 0.5831281304639367, 0.08284462790365077
28, 0.8910769548413657, 0.7464944731442249
29, 0.7051927690191173, 0.2863668244374342
30, 0.44630397910860065, 0.8026668599146171
31, 0.7258855570909412, 0.7433153713572976
32, 0.5969408651234055, 0.7148411907259511
33, 0.26063691094970176, 0.5834073634743622
34, 0.09010244473148077, 0.9021060990268472
35, 0.28537534504746287, 0.9189091356815818
36, 0.47965276189406303, 0.061568707706624926
37, 0.638781234410493, 0.03592347888459568
38, 0.5033107812208704, 0.006455650067867413
39, 0.5364252176912018, 0.5810549951464914
40, 0.7518723947655669, 0.0596858968886369
41, 0.21712111217019947, 0.39116705352262693
42, 0.9903815800233724, 0.2345743429310191
43, 0.43030712663227877, 0.8472967213123795
44, 0.14281774709797712, 0.43538717397877436
45, 0.6708555276023299, 0.7609241343591141
46, 0.11603429777313679, 0.918714387751924
47, 0.5633560865964454, 0.7577253969414877
48, 0.7032594496746731, 0.8272890580196735
49, 0.052048023511311436, 0.8147171271164831
50, 0.41820386683495936, 0.39791388010143847
51, 0.8405992923344773, 0.9473474674209709
52, 0.7185319961183744, 0.11785042387929989
53, 0.23266831609350325, 0.08653191688215989
54, 0.6690272765032865, 0.9717715774157336
55, 0.7072712935742852, 0.42057820899546317
56, 0.8233124838616609, 0.6823918394682986
57, 0.8596930202665898, 0.11222942094619626
58, 0.10132042679341513, 0.5048453743016741
59, 0.07964169143474609, 0.28065896688944003
60, 0.9885748244038024, 0.7085895777636182
61, 0.28014789931837925, 0.07645711963389423
62, 0.9737517642978396, 0.05539515900063219
63, 0.6091864884077666, 0.9853065016849597
64, 0.6437069454084022, 0.8637809520679789
65, 0.8482637410009067, 0.6026220347446318
66, 0.4576573957182274, 0.28552709694798895
67, 0.6144638322231719, 0.3322083109737043
68, 0.5047513828846842, 0.647810646974447
69, 0.7278296408712884, 0.719286111374543
70, 0.2510334104199876, 0.702635388473162
71, 0.6754804532207542, 0.44966702432175676
72, 0.3276394020163448, 0.7024275522015031
73, 0.7349007425501943, 0.26230543998255307
74, 0.915972961236593, 0.24962419065223218
75, 0.10176884183445967, 0.9741343688429726
76, 0.5556686434613923, 0.3611741837020962
77, 0.7287098839740196, 0.04689445736177611
78, 0.8635046436284833, 0.18263246406096179
79, 0.29668110327027797, 0.6268305983749949
80, 0.7610585243139624, 0.750175191062997
81, 0.7518638230107848, 0.5801158546577454
82, 0.3834705682562455, 0.3473268175385458
83, 0.7425934057100616, 0.6892594222429712
84, 0.6885348149017353, 0.2130692988492675
85, 0.3770836499594691, 0.43690840040126133
86, 0.7203073255079447, 0.42920864471424613
87, 0.9788187063560191, 0.6814777026130193
88, 0.7230150766348802, 0.40951405797852414
89, 0.2684602078580035, 0.422058054690834
90, 0.7297830684440617, 0.03480252904679171
91, 0.08457887932341845, 0.9118134443690927
92, 0.6132745892114531, 0.5619911183205339
93, 0.1832154495092363, 0.9716823586046263
94, 0.7682666752050831, 0.978063204949514
95, 0.7302002915609409, 0.03874539397429744
96, 0.7363581376844952, 0.06367617100280076
97, 0.8391436416783217, 0.08546083138740168
98, 0.8677554084907929, 0.6197181907358972
99, 0.8422777073928579, 0.571853660864043
100, 0.4925572643102658, 0.14505044614354345
101, 0.33088869022116285, 0.04607062037055809
102, 0.13723305331820934, 0.771349183036502
103, 0.6273798794509106, 0.5869846645078145
104, 0.5689680063051085, 0.3729257736615158
105, 0.7449011825792813, 0.15217258031566339
106, 0.28358986416976395, 0.4054603678969627
107, 0.7544472810822993, 0.9959328148217208
108, 0.7144887097865436, 0.3093124378323031
109, 0.3343126259848854, 0.5629929942642383
110, 0.7527294941984607, 0.10313747562897302
111, 0.31864243987968743, 0.04602438046072521
112, 0.15727325985756158, 0.938707702059481
113, 0.9300273568324937, 0.7595602765779276
114, 0.973744462810372, 0.3448436756170933
115, 0.9136621454750931, 0.30789696532403366
116, 0.47570324692542, 0.30349557152238593
117, 0.7382946527274231, 0.7266751469301741
118, 0.06314895340560756, 0.392417985788735
119, 0.395835412535678, 0.26776539421169754
120, 0.9511326429729215, 0.41877868568601273
121, 0.07001009506067923, 0.7859362003799089
122, 0.8967832197516344, 0.6957893730693282
123, 0.8156884518655785, 0.12870074325800263
124, 0.9157663316466006, 0.14736935526834571
125, 0.8590875644806796, 0.39501061198535514
126, 0.19757784716457572, 0.055659513816641026
127, 0.7784149177028263, 0.4086330243901478
128, 0.5037562582381923, 0.6573058434835862
129, 0.8713042231691344, 0.7243226956347971
130, 0.19886304270216282, 0.12073991353383928
131, 0.7776998508182349, 0.08755031873119223
132, 0.22763715672775442, 0.9586149814716249
133, 0.04665721069608986, 0.9293042362069667
134, 0.2888368665880172, 0.2931854399699054
135, 0.4699977408517584, 0.09948678659275378
136, 0.41759075202224394, 0.17381583182896432
137, 0.9073619890572523, 0.20680656427204724
138, 0.04867688869557263, 0.35335629779120614
139, 0.3994888985075705, 0.8565465762565869
140, 0.9112447410388251, 0.5291092453202817
141, 0.6178300860561308, 0.3572712044154037
142, 0.6763206796454816, 0.31631243362690165
143, 0.549004039736881, 0.4181588080829953
144, 0.34540806198184393, 0.2934017473392856
145, 0.8984872636086053, 0.9166634460532219
146, 0.06712302901565292, 0.21953420127879797
147, 0.07807390048783613, 0.7963483010344425
148, 0.8486764246042189, 0.3286869029434526
149, 0.6194448081808355, 0.10610942052287176
150, 0.8082603143492298, 0.8676519195223493
151, 0.397850109051206, 0.9263893335939513
152, 0.39619316383591485, 0.32535531147840757
153, 0.8009422299344059, 0.5701796863898857
154, 0.07084424776210596, 0.7482933852562821
155, 0.6145267133714053, 0.52545728918872
156, 0.28842004913016284, 0.8808397107653299
157, 0.018515332534888795, 0.22187581044656823
158, 0.5465690379042741, 0.5755441252566984
159, 0.48488275118390245, 0.9741186847875389
160, 0.6881941133840042, 0.3761341151557126
161, 0.41519365534143804, 0.2169081828527849
162, 0.014242940271761428, 0.9004189584763019
163, 0.3710852916621109, 0.033612228623364215
164, 0.2326106651378006, 0.7199041800325583
165, 0.11748436886327718, 0.7043042789352815
166, 0.039084550200597534, 0.0892867804204257
167, 0.6667457682632324, 0.5354147099966486
168, 0.24615826126391938, 0.6772357940821089
169, 0.08115547015829816, 0.16142717977815324
170, 0.9394161992078904, 0.7408058494403356
171, 0.5003135214271454, 0.372286235807181
172, 0.8930357792125113, 0.9408835602150719
173, 0.22151880871894747, 0.9691054714871223
174, 0.15521505810107528, 0.3069706489719758
175, 0.5146210241722241, 0.35032935712606295
176, 0.48266698812289077, 0.6929187876181193
177, 0.9706685520459439, 0.7631647540662208
178, 0.07262104757861121, 0.450235893300429
179, 0.7527578215422098, 0.2611738196004779
180, 0.7519816325815902, 0.16183024850645977
181, 0.9282847949175557, 0.7553017246357795
182, 0.5305039846166899, 0.44189104980525784
183, 0.5935443005850471, 0.7281693038023266
184, 0.13497965248016353, 0.1463998045301268
185, 0.6863133981219396, 0.1209886467807273
186, 0.1515888106116393, 0.028634247020892234
187, 0.9207857463083583, 0.25985735520446085
188, 0.6799980556693618, 0.003198781524314076
189, 0.6000036063641344, 0.849956304915459
190, 0.2824214228274602, 0.5122018545248008
191, 0.7456437796517547, 0.7789929194651687
192, 0.9469723876754464, 0.877208570466601
193, 0.42771050192361426, 0.027537184605977982
194, 0.843762161408406, 0.7071039110738656
195, 0.864330094715178, 0.940064833517889
196, 0.2531139055641277, 0.880551323106462
197, 0.1268607335541514, 0.45101392848960276
198, 0.14907624131318098, 0.21210153284733047
199, 0.17119300741695542, 0.235589575458651
200, 0.2923612325848557, 0.23800096591898712
201, 0.32390102303208534, 0.8781985776394228
202, 0.2805459977552661, 0.6921314876896069
203, 0.2703721731809827, 0.6543581728084059
204, 0.8224521220194302, 0.04928089285682524
205, 0.034702256136576626, 0.7597525398159964
206, 0.4164798201729891, 0.8683903192025964
207, 0.6031638535824471, 0.35216957520675507
208, 0.5095365527455374, 0.08280166615350537
209, 0.16464891755918443, 0.08051495567058109
210, 0.11247318980053755, 0.8922686368978155
211, 0.3631097692335663, 0.11812416333732012
212, 0.5720703002433697, 0.9701512272418197
213, 0.38115850969621135, 0.5917129538852753
214, 0.6241358351254968, 0.3475637740409999
215, 0.5558044186863346, 0.9568327367430656
216, 0.3498607079722791, 0.632698001341243
217, 0.37313029870455494, 0.7980196466344861
218, 0.8732048350875866, 0.07780176081031198
219, 0.5853981260695668, 0.7395296030573543
220, 0.8259834125448753, 0.9101739862215456
221, 0.03178698082943998, 0.6499415735573427
222, 0.5311027183746722, 0.5461721493011239
223, 0.7846419473728651, 0.73025147747152
224, 0.862877586386443, 0.8913254344105443
225, 0.40447814182900865, 0.1854556880762177
226, 0.618441893489134, 0.40033495149822385
227, 0.984297211053767, 0.3190008499526583
228, 0.022831395513794872, 0.4332990683547553
229, 0.6411873608076513, 0.9074557382085797
230, 0.9211176596705415, 0.4962032160210159
231, 0.5275611236695452, 0.2206340646165117
232, 0.9988689492647511, 0.8939270110378045
233, 0.3321575712537683, 0.9224673957855632
234, 0.7082861457846328, 0.8816387556132449
235, 0.03707563450921758, 0.09781225993635023
236, 0.2886085013772689, 0.6673581467343209
237, 0.910833775649414, 0.8439880634667272
238, 0.8977735990846357, 0.2128646309907387
239, 0.11019972972026582, 0.47482157435720085
240, 0.25724286712870303, 0.5401218509589645
241, 0.10879787173503386, 0.4852447520824631
242, 0.26278538313592414, 0.5711494296322505
243, 0.8693294561300555, 0.12182941243423573
244, 0.11804725238159497, 0.03590124000779238
245, 0.2785467444155464, 0.9628812722109744
246, 0.8901836381382485, 0.5156381052638338
247, 0.13293883193857714, 0.32697648380795186
248, 0.7425807371363478, 0.3518178439321963
249, 0.4576534689622921, 0.4071254293545714
250, 0.5728818613481252, 0.6531981086177373
251, 0.6061785134958404, 0.938694249708263
252, 0.0020722725010666743, 0.5796534121636048
253, 0.4377744059403337, 0.85608454973142
254, 0.7509882771568737, 0.8624894052898063
255, 0.21074908402248205, 0.2639945064604935
256, 0.9244401665753078, 0.18881110211311958
257, 0.758175909216236, 0.7329811846222782
258, 0.9652082211497235, 0.20830883251964338
259, 0.539488538808115, 0.3359505996077944
260, 0.11482573609206781, 0.11266579930116083
261, 0.18438875914265418, 0.2770919497599569
262, 0.3011796507091181, 0.8467089678301919
263, 0.7857207427489843, 0.4209344837660951
264, 0.4800720032269211, 0.44285770414344683
265, 0.9495183127697832, 0.18499072983948928
266, 0.159178511254068, 0.7730578024920824
267, 0.6652842061751739, 0.4049465474325854
268, 0.8308748711491906, 0.6973257770207529
269, 0.03029553555125164, 0.8354942071498952
270, 0.7937054278690293, 0.9639535691172911
271, 0.6900155577202354, 0.6579558506288994
272, 0.5765108967960209, 0.7489425662231799
273, 0.025676924647926702, 0.2986171145194305
274, 0.48815823983263507, 0.4784283176741825
275, 0.009847629818318104, 0.6518656317314573
276, 0.23883588156543833, 0.18275255918008204
277, 0.43028859349714754, 0.8849685034726846
278, 0.11285193735034404, 0.3001938182416781
279, 0.8006598357843239, 0.12830803699241333
280, 0.9975610102405803, 0.624179678301566
281, 0.5310918906906292, 0.17297020696092957
282, 0.8106560885728131, 0.16759054336683765
283, 0.22258275155964913, 0.04316924429853597
284, 0.4844686048241431, 0.6319674451476281
285, 0.4995848564388724, 0.7526101137582939
286, 0.9872725985923838, 0.12208780729127233
287, 0.04508298593376281, 0.5763862863872764
288, 0.499527757697914, 0.8339478040448733
289, 0.9161207022029657, 0.300629758738743
290, 0.5416879446143782, 0.29070751197087585
291, 0.17240430022210917, 0.9322695653822007
292, 0.38213458688081725, 0.37183450544984953
293, 0.18452909315828603, 0.8988840037315966
294, 0.6022148237488393, 0.7067207591988891
295, 0.9312598386286454, 0.059295484270140864
296, 0.7317078081437568, 0.2918718592502605
297, 0.7689803438555888, 0.8073686380917232
298, 0.13740462183296187, 0.33577624897318137
299, 0.9374752718268844, 0.4673371993904172
300, 0.6988426600375947, 0.023781456998379413
301, 0.9417997760941543, 0.5175016440952006
302, 0.7364300739511838, 0.2656607868899836
303, 0.7975880454123465, 0.5663716533946048
304, 0.6782395807404191, 0.8794862477691406
305, 0.4104447886619951, 0.9020073409268616
306, 0.33618059989252425, 0.08597471761930786
307, 0.4198233735064867, 0.00807191050845657
308, 0.12104388505653263, 0.1885602500570831
309, 0.5631836772921746, 0.075168535915496
310, 0.6130434591894225, 0.6975331226136556
311, 0.5635839533104717, 0.9325015991481745
312, 0.3653684736210009, 0.7516482293247453
313, 0.6184372705124985, 0.5579626781919763
314, 0.9035907769305245, 0.02181318099380758
315, 0.4347031674823314, 0.3848318991176988
316, 0.9486057381570236, 0.41186014437145724
317, 0.16470638465157583, 0.9302281567340366
318, 0.7291907832248559, 0.627250083867939
319, 0.640566388087319, 0.6399931371076281
320, 0.5408482692053063, 0.09735373937198799
321, 0.3381328794925299, 0.7411417385741773
322, 0.5066993129553206, 0.5464962624996142
323, 0.33416623150996105, 0.3354717032046124
324, 0.8015731186412638, 0.6806973755324289
325, 0.23883088308520883, 0.09552026410147829
326, 0.608559255002932, 0.367104671794526
327, 0.24161547103587677, 0.19780449917269516
328, 0.6763841262604566, 0.5931600385638693
329, 0.6464323409171041, 0.35509020507781397
330, 0.46810402937508677, 0.34019495439159
331, 0.2608539594208905, 0.7561181387339238
332, 0.382446671613363, 0.28405469787820714
333, 0.7918607508263483, 0.05710202847724111
334, 0.3941991346103978, 0.7371364173285124
335, 0.7986224662785437, 0.5271668156874609
336, 0.5811282342475971, 0.2681272606060173
337, 0.4997963155805928, 0.687450454696307
338, 0.8225233386413597, 0.6151600462995832
339, 0.7778468494243312, 0.592133273579088
340, 0.22499994271288626, 0.7881173068661249
341, 0.06496076391983063, 0.7997983921742181
342, 0.349796395405636, 0.6986151333956031
343, 0.07867455635303167, 0.43882723538151724
344, 0.2904974567190969, 0.6910659903618359
345, 0.9473125775965717, 0.8145765432129654
346, 0.34288586276393773, 0.1261982852724015
347, 0.35040445628483796, 0.033122703333816284
348, 0.8314928368469129, 0.29400380962449135
349, 0.27333820414460097, 0.9928726881000742
350, 0.2253769362723511, 0.3493504606462905
351, 0.730020393799746, 0.32701024250776967
352, 0.5199929491671489, 0.7192725230265231
353, 0.9833393652813642, 0.0747187081099574
354, 0.16441853881080049, 0.3127574653231565
355, 0.21156471690861234, 0.6192078548648473
356, 0.7411786344046373, 0.3356901930455143
357, 0.3873614876663444, 0.47842560664268974
358, 0.8305110032768384, 0.6963111329906164
359, 0.45647598741777706, 0.947119642572538
360, 0.5635303782482726, 0.8041672806452286
361, 0.8706594498111665, 0.7467889128462922
362, 0.7813940517415376, 0.29826650583692993
363, 0.3497320105557039, 0.728581975432456
364, 0.22566776778138342, 0.8999450444703618
365, 0.29487251901529865, 0.2719663086514623
366, 0.31569826336736506, 0.44932288345101645
367, 0.9095356407661528, 0.5206869264928355
368, 0.28602431309278287, 0.6898216247145695
369, 0.3008531176319795, 0.023852977368677863
370, 0.8919052519019641, 0.48602205986192437
371, 0.8246916974063645, 0.9450447986128508
372, 0.23315703789408326, 0.7367563866797957
373, 0.7430992168299574, 0.6524115847798069
374, 0.6843317922013045, 0.7692689640496265
375, 0.2099072419142023, 0.6331881695029834
376, 0.9113741026157516, 0.2084262583643055
377, 0.7833706970376645, 0.7440839334245907
378, 0.11380503971580669, 0.26119143494742403
379, 0.4508420427281673, 0.5236410142313339
380, 0.886638462552841, 0.9480070078994011
381, 0.4457437185223678, 0.6216254685486827
382, 0.27232734021596905, 0.1656181950023674
383, 0.9446059242326659, 0.7535036543472803
384, 0.9948181999809058, 0.19524617033112146
385, 0.23392824939423595, 0.1914759557433584
386, 0.8851722089432147, 0.38023713175859064
387, 0.7782318101857019, 0.6111161907774709
388, 0.677041599440186, 0.18424978748055554
389, 0.1687897395208655, 0.7983677491830067
390, 0.9838316516530498, 0.2753521041899746
391, 0.3133441310968371, 0.7495510774832806
392, 0.19839630464323388, 0.45864764321540197
393, 0.6774124734166561, 0.02450727810302744
394, 0.23296010874175244, 0.4983545585344491
395, 0.5830879139838414, 0.4174649888427454
396, 0.27699283227078664, 0.48590252083069874
397, 0.4930529339405849, 0.11655026503410137
398, 0.241280465347407, 0.5094689694445912
399, 0.6832330822262298, 0.37410649690908393
end_nodes
0, 1
0, 2
0, 3
0, 4
0, 5
0, 6
0, 7
0, 8
0, 9
0, 10
0, 11
0, 12
0, 13
0, 14
0, 15
0, 16
0, 17
0, 18
0, 19
0, 20
21, 13
21, 22
21, 35
21, 54
21, 63
21, 94
21, 107
21, 139
21, 151
21, 156
21, 159
21, 196
21, 201
21, 206
21, 212
21, 215
21, 233
21, 245
21, 251
21, 253
23, 145
23, 172
23, 195
23, 220
23, 254
23, 380
24, 3
24, 4
24, 15
24, 20
24, 37
24, 40
24, 52
24, 57
24, 62
24, 66
24, 77
24, 78
24, 82
24, 84
24, 90
24, 95
24, 96
24, 97
24, 105
24, 110
25, 1
25, 3
25, 4
25, 6
25, 8
25, 10
25, 11
25, 12
25, 13
25, 14
25, 15
25, 16
25, 17
25, 18
25, 19
25, 20
25, 22
25, 26
25, 27
25, 28
31, 80
31, 345
32, 18
32, 28
32, 80
32, 113
32, 117
32, 170
32, 177
32, 181
32, 191
32, 192
32, 223
32, 232
32, 237
32, 257
32, 345
32, 361
32, 377
32, 383
33, 6
33, 10
33, 18
33, 28
33, 29
33, 39
33, 42
33, 45
33, 47
33, 48
33, 55
33, 56
33, 60
33, 62
33, 65
33, 67
33, 68
33, 69
33, 71
33, 73
41, 2
41, 3
41, 4
41, 15
41, 20
41, 27
41, 36
41, 37
41, 38
41, 40
41, 52
41, 57
41, 62
41, 66
41, 77
41, 90
41, 95
41, 96
41, 97
41, 100
44, 2
44, 3
44, 4
44, 15
44, 19
44, 20
44, 27
44, 29
44, 36
44, 37
44, 38
44, 40
44, 52
44, 53
44, 57
44, 61
44, 62
44, 66
44, 73
44, 77
49, 2
49, 3
49, 4
49, 5
49, 6
49, 9
49, 10
49, 12
49, 13
49, 14
49, 15
49, 17
49, 18
49, 19
49, 20
49, 22
49, 26
49, 27
49, 28
49, 29
50, 10
50, 15
50, 17
50, 20
50, 29
50, 42
50, 52
50, 57
50, 62
50, 67
50, 73
50, 74
50, 76
50, 78
50, 84
50, 97
50, 104
50, 105
50, 108
50, 110
58, 1
58, 2
58, 3
58, 4
58, 6
58, 8
58, 10
58, 12
58, 14
58, 15
58, 17
58, 18
58, 19
58, 20
58, 27
58, 28
58, 29
58, 30
58, 36
58, 37
70, 13
70, 18
70, 30
70, 43
70, 45
70, 47
70, 48
70, 51
70, 54
70, 63
70, 64
70, 80
70, 94
70, 107
70, 113
70, 139
70, 145
70, 150
70, 159
70, 172
72, 18
72, 28
72, 30
72, 45
72, 47
72, 48
72, 51
72, 54
72, 64
72, 69
72, 80
72, 94
72, 107
72, 113
72, 117
72, 129
72, 145
72, 150
72, 170
72, 172
79, 6
79, 18
79, 28
79, 39
79, 45
79, 47
79, 48
79, 51
79, 56
79, 60
79, 64
79, 65
79, 68
79, 69
79, 80
79, 81
79, 83
79, 87
79, 92
79, 98
85, 6
85, 10
85, 14
85, 15
85, 17
85, 20
85, 29
85, 42
85, 52
85, 57
85, 62
85, 67
85, 73
85, 74
85, 76
85, 78
85, 84
85, 88
85, 97
85, 104
89, 3
89, 4
89, 10
89, 15
89, 17
89, 20
89, 27
89, 29
89, 37
89, 40
89, 42
89, 52
89, 57
89, 62
89, 66
89, 67
89, 73
89, 74
89, 76
89, 77
91, 2
91, 3
91, 4
91, 6
91, 9
91, 10
91, 12
91, 13
91, 14
91, 15
91, 17
91, 18
91, 19
91, 20
91, 22
91, 26
91, 27
91, 28
91, 29
91, 35
102, 22
102, 26
102, 35
102, 132
102, 156
102, 173
102, 196
102, 233
102, 245
102, 293
102, 349
102, 364
102, 389
103, 81
103, 99
103, 140
103, 153
103, 301
103, 303
103, 339
103, 367
106, 3
106, 4
106, 15
106, 20
106, 27
106, 29
106, 37
106, 40
106, 42
106, 52
106, 57
106, 62
106, 66
106, 73
106, 74
106, 77
106, 78
106, 82
106, 84
106, 90
109, 6
109, 28
109, 42
109, 55
109, 56
109, 60
109, 65
109, 71
109, 74
109, 81
109, 83
109, 86
109, 87
109, 88
109, 92
109, 98
109, 99
109, 113
109, 114
109, 115
121, 2
121, 3
121, 4
121, 5
121, 6
121, 9
121, 10
121, 12
121, 13
121, 14
121, 15
121, 17
121, 18
121, 19
121, 20
121, 22
121, 26
121, 27
121, 28
121, 29
128, 18
128, 28
128, 56
128, 60
128, 69
128, 80
128, 83
128, 87
128, 98
128, 113
128, 117
128, 122
128, 129
128, 170
128, 177
128, 181
128, 194
128, 223
128, 250
128, 257
133, 2
133, 3
133, 4
133, 5
133, 6
133, 9
133, 10
133, 12
133, 13
133, 14
133, 15
133, 17
133, 18
133, 19
133, 20
133, 22
133, 26
133, 27
133, 28
133, 29
152, 3
152, 4
152, 15
152, 20
152, 37
152, 40
152, 52
152, 57
152, 62
152, 66
152, 77
152, 90
152, 95
152, 96
152, 97
152, 105
152, 110
152, 123
152, 131
152, 149
154, 2
154, 3
154, 4
154, 6
154, 9
154, 10
154, 12
154, 13
154, 14
154, 15
154, 17
154, 18
154, 19
154, 20
154, 22
154, 26
154, 27
154, 28
154, 29
154, 30
155, 120
155, 140
155, 230
155, 246
155, 299
155, 301
155, 316
155, 335
155, 367
155, 370
157, 1
157, 3
157, 4
157, 6
157, 8
157, 9
157, 10
157, 11
157, 12
157, 13
157, 14
157, 15
157, 16
157, 17
157, 18
157, 19
157, 20
157, 22
157, 26
157, 27
158, 65
158, 81
158, 92
158, 98
158, 99
158, 140
158, 153
158, 230
158, 246
158, 280
158, 299
158, 301
158, 303
158, 313
158, 328
158, 335
158, 338
158, 339
158, 367
158, 370
162, 2
162, 3
162, 4
162, 5
162, 6
162, 7
162, 9
162, 10
162, 12
162, 13
162, 14
162, 15
162, 17
162, 18
162, 19
162, 20
162, 22
162, 26
162, 27
162, 28
164, 13
164, 22
164, 63
164, 139
164, 151
164, 159
164, 206
164, 212
164, 215
164, 277
164, 305
164, 331
164, 359
165, 6
165, 13
165, 18
165, 22
165, 26
165, 28
165, 30
165, 35
165, 39
165, 42
165, 43
165, 45
165, 47
165, 48
165, 51
165, 54
165, 55
165, 56
165, 60
165, 63
167, 140
167, 230
167, 246
167, 299
167, 301
167, 335
167, 367
167, 370
168, 18
168, 28
168, 30
168, 43
168, 45
168, 47
168, 48
168, 51
168, 54
168, 56
168, 60
168, 63
168, 64
168, 65
168, 68
168, 69
168, 80
168, 81
168, 83
168, 87
175, 29
175, 42
175, 57
175, 62
175, 73
175, 74
175, 78
175, 84
175, 97
175, 105
175, 123
175, 124
175, 137
175, 179
175, 180
175, 218
175, 238
175, 243
175, 256
175, 258
176, 18
176, 28
176, 45
176, 60
176, 69
176, 80
176, 83
176, 113
176, 117
176, 122
176, 129
176, 145
176, 150
176, 170
176, 177
176, 181
176, 183
176, 191
176, 192
176, 194
178, 2
178, 3
178, 4
178, 9
178, 12
178, 15
178, 19
178, 20
178, 27
178, 36
178, 37
178, 38
178, 40
178, 52
178, 53
178, 57
178, 59
178, 61
178, 62
178, 66
182, 6
182, 42
182, 55
182, 74
182, 86
182, 88
182, 114
182, 115
182, 120
182, 125
182, 127
182, 137
182, 148
182, 160
182, 187
182, 226
182, 227
182, 238
182, 248
182, 258
190, 6
190, 10
190, 14
190, 15
190, 17
190, 20
190, 29
190, 40
190, 42
190, 52
190, 55
190, 57
190, 62
190, 65
190, 67
190, 71
190, 73
190, 74
190, 76
190, 77
197, 2
197, 3
197, 4
197, 10
197, 12
197, 14
197, 17
197, 19
197, 27
197, 29
197, 36
197, 37
197, 38
197, 40
197, 42
197, 52
197, 53
197, 57
197, 61
197, 62
202, 18
202, 28
202, 30
202, 45
202, 47
202, 48
202, 51
202, 54
202, 56
202, 60
202, 63
202, 64
202, 69
202, 80
202, 83
202, 87
202, 94
202, 107
202, 113
202, 117
203, 1
203, 6
203, 8
203, 28
203, 30
203, 39
203, 45
203, 47
203, 48
203, 51
203, 54
203, 56
203, 60
203, 64
203, 65
203, 68
203, 69
203, 80
203, 81
203, 83
205, 2
205, 3
205, 4
205, 5
205, 6
205, 9
205, 10
205, 12
205, 13
205, 14
205, 17
205, 19
205, 22
205, 26
205, 27
205, 28
205, 29
205, 30
205, 34
205, 35
213, 6
213, 39
213, 56
213, 60
213, 65
213, 69
213, 81
213, 83
213, 87
213, 92
213, 98
213, 99
213, 113
213, 114
213, 117
213, 120
213, 122
213, 125
213, 129
213, 140
216, 39
216, 45
216, 47
216, 48
216, 56
216, 60
216, 65
216, 68
216, 69
216, 80
216, 81
216, 83
216, 87
216, 92
216, 98
216, 99
216, 113
216, 117
216, 122
216, 129
217, 43
217, 54
217, 63
217, 212
217, 215
217, 251
217, 253
217, 311
219, 45
219, 191
219, 192
219, 232
219, 237
219, 297
219, 345
219, 374
221, 2
221, 3
221, 4
221, 5
221, 9
221, 10
221, 11
221, 12
221, 13
221, 14
221, 17
221, 19
221, 22
221, 26
221, 27
221, 29
221, 30
221, 34
221, 35
221, 36
222, 65
222, 81
222, 99
222, 120
222, 140
222, 153
222, 230
222, 246
222, 280
222, 299
222, 301
222, 303
222, 313
222, 316
222, 335
222, 367
222, 370
228, 1
228, 2
228, 7
228, 8
228, 9
228, 10
228, 11
228, 12
228, 13
228, 14
228, 16
228, 17
228, 19
228, 22
228, 26
228, 27
228, 29
228, 30
228, 34
228, 35
236, 1
236, 8
236, 30
236, 45
236, 47
236, 48
236, 51
236, 54
236, 56
236, 60
236, 64
236, 65
236, 68
236, 69
236, 80
236, 81
236, 83
236, 87
236, 94
236, 98
239, 2
239, 10
239, 12
239, 14
239, 17
239, 19
239, 27
239, 29
239, 36
239, 37
239, 38
239, 40
239, 42
239, 52
239, 53
239, 55
239, 57
239, 60
239, 61
239, 62
240, 14
240, 17
240, 29
240, 40
240, 42
240, 52
240, 55
240, 56
240, 57
240, 60
240, 62
240, 65
240, 67
240, 69
240, 71
240, 73
240, 74
240, 76
240, 78
240, 81
241, 2
241, 12
241, 14
241, 19
241, 27
241, 36
241, 37
241, 38
241, 40
241, 42
241, 52
241, 53
241, 55
241, 56
241, 57
241, 60
241, 61
241, 62
241, 65
241, 66
242, 14
242, 39
242, 42
242, 45
242, 55
242, 56
242, 57
242, 60
242, 62
242, 65
242, 67
242, 68
242, 69
242, 71
242, 73
242, 74
242, 76
242, 78
242, 80
242, 81
249, 42
249, 57
249, 62
249, 67
249, 73
249, 74
249, 76
249, 78
249, 84
249, 104
249, 108
249, 115
249, 123
249, 124
249, 137
249, 141
249, 142
249, 148
249, 160
249, 171
252, 2
252, 5
252, 7
252, 9
252, 11
252, 12
252, 13
252, 19
252, 22
252, 26
252, 30
252, 34
252, 35
252, 36
252, 37
252, 38
252, 39
252, 40
252, 42
252, 43
264, 42
264, 55
264, 74
264, 78
264, 86
264, 88
264, 108
264, 114
264, 115
264, 120
264, 124
264, 125
264, 127
264, 137
264, 141
264, 142
264, 143
264, 148
264, 160
264, 179
266, 22
266, 35
266, 132
266, 151
266, 156
266, 159
266, 196
266, 201
266, 233
266, 245
266, 262
266, 305
266, 349
266, 359
266, 364
266, 389
269, 2
269, 5
269, 9
269, 12
269, 13
269, 19
269, 22
269, 26
269, 34
269, 35
269, 36
269, 37
269, 38
269, 40
269, 42
269, 43
269, 45
269, 46
269, 48
269, 51
272, 145
272, 150
272, 192
272, 224
272, 232
272, 237
272, 297
273, 1
273, 8
273, 9
273, 11
273, 12
273, 13
273, 16
273, 22
273, 26
273, 30
273, 34
273, 35
273, 36
273, 37
273, 38
273, 40
273, 42
273, 43
273, 45
273, 46
274, 55
274, 71
274, 74
274, 86
274, 88
274, 114
274, 115
274, 120
274, 125
274, 127
274, 148
274, 160
274, 187
274, 226
274, 227
274, 230
274, 248
274, 258
274, 263
274, 267
275, 2
275, 5
275, 7
275, 9
275, 11
275, 13
275, 22
275, 26
275, 30
275, 34
275, 35
275, 36
275, 37
275, 38
275, 39
275, 40
275, 43
275, 45
275, 46
275, 47
284, 56
284, 60
284, 65
284, 69
284, 81
284, 83
284, 87
284, 98
284, 99
284, 113
284, 117
284, 122
284, 129
284, 153
284, 170
284, 177
284, 181
284, 194
284, 223
284, 250
285, 48
285, 51
285, 145
285, 150
285, 172
285, 195
285, 220
285, 224
285, 234
285, 254
285, 371
285, 380
287, 1
287, 5
287, 8
287, 9
287, 11
287, 16
287, 26
287, 30
287, 34
287, 35
287, 36
287, 37
287, 38
287, 39
287, 40
287, 43
287, 45
287, 46
287, 47
287, 48
292, 40
292, 52
292, 57
292, 62
292, 66
292, 73
292, 77
292, 78
292, 84
292, 90
292, 95
292, 96
292, 97
292, 105
292, 110
292, 116
292, 123
292, 124
292, 131
292, 137
294, 69
294, 80
294, 113
294, 117
294, 129
294, 170
294, 177
294, 181
294, 223
294, 237
294, 257
294, 345
294, 361
294, 377
294, 383
310, 60
310, 69
310, 80
310, 113
310, 117
310, 129
310, 170
310, 177
310, 181
310, 194
310, 223
310, 257
310, 268
310, 345
310, 361
310, 377
310, 383
315, 52
315, 57
315, 62
315, 67
315, 73
315, 74
315, 76
315, 78
315, 84
315, 97
315, 105
315, 108
315, 110
315, 123
315, 124
315, 131
315, 137
315, 142
315, 171
315, 179
321, 30
321, 51
321, 54
321, 63
321, 64
321, 94
321, 107
321, 145
321, 172
321, 189
321, 195
321, 212
321, 220
321, 229
321, 234
321, 251
321, 270
321, 288
321, 304
321, 311
322, 65
322, 81
322, 92
322, 99
322, 120
322, 140
322, 153
322, 230
322, 246
322, 280
322, 299
322, 301
322, 303
322, 313
322, 316
322, 335
322, 339
322, 367
322, 370
323, 37
323, 40
323, 52
323, 77
323, 90
323, 95
323, 96
323, 97
323, 100
323, 105
323, 110
323, 119
323, 131
323, 149
323, 161
323, 185
323, 188
323, 204
323, 208
323, 218
330, 52
330, 57
330, 73
330, 78
330, 84
330, 97
330, 105
330, 110
330, 123
330, 124
330, 131
330, 137
330, 180
330, 204
330, 218
330, 238
330, 243
330, 256
330, 265
330, 279
337, 45
337, 56
337, 60
337, 69
337, 80
337, 83
337, 87
337, 113
337, 117
337, 122
337, 129
337, 170
337, 177
337, 181
337, 183
337, 191
337, 192
337, 194
337, 223
337, 232
340, 54
340, 63
340, 107
340, 139
340, 151
340, 156
340, 159
340, 201
340, 206
340, 212
340, 215
340, 233
340, 251
340, 262
340, 277
340, 305
340, 311
340, 359
341, 5
341, 9
341, 26
341, 34
341, 35
341, 36
341, 37
341, 38
341, 40
341, 43
341, 45
341, 46
341, 47
341, 48
341, 51
341, 52
341, 53
341, 54
341, 55
341, 56
342, 8
342, 45
342, 47
342, 48
342, 51
342, 60
342, 64
342, 69
342, 80
342, 94
342, 107
342, 113
342, 117
342, 129
342, 145
342, 150
342, 170
342, 172
342, 177
342, 181
344, 30
344, 47
344, 48
344, 51
344, 54
344, 56
344, 63
344, 64
344, 69
344, 80
344, 83
344, 87
344, 94
344, 107
344, 113
344, 117
344, 122
344, 129
344, 145
344, 150
352, 80
352, 145
352, 150
352, 183
352, 191
352, 192
352, 224
352, 232
352, 237
352, 297
352, 345
352, 374
355, 1
355, 8
355, 30
355, 39
355, 47
355, 48
355, 51
355, 54
355, 55
355, 56
355, 63
355, 64
355, 65
355, 67
355, 68
355, 69
355, 71
355, 73
355, 74
355, 76
357, 55
357, 67
357, 71
357, 73
357, 74
357, 76
357, 78
357, 86
357, 88
357, 104
357, 108
357, 114
357, 115
357, 120
357, 124
357, 125
357, 127
357, 137
357, 141
357, 142
363, 30
363, 48
363, 51
363, 54
363, 64
363, 94
363, 107
363, 145
363, 150
363, 172
363, 189
363, 192
363, 195
363, 220
363, 224
363, 229
363, 232
363, 234
363, 237
363, 251
366, 52
366, 55
366, 66
366, 67
366, 73
366, 74
366, 76
366, 77
366, 78
366, 84
366, 86
366, 88
366, 90
366, 95
366, 96
366, 97
366, 104
366, 105
366, 108
366, 110
368, 47
368, 48
368, 51
368, 54
368, 56
368, 63
368, 64
368, 80
368, 83
368, 87
368, 94
368, 107
368, 113
368, 117
368, 122
368, 129
368, 145
368, 150
368, 170
368, 172
375, 1
375, 8
375, 39
375, 43
375, 47
375, 48
375, 51
375, 54
375, 55
375, 63
375, 64
375, 65
375, 68
375, 71
375, 73
375, 74
375, 78
375, 81
375, 83
375, 86
379, 55
379, 71
379, 86
379, 88
379, 99
379, 114
379, 115
379, 120
379, 125
379, 127
379, 140
379, 148
379, 153
379, 227
379, 230
379, 246
379, 263
379, 289
379, 299
379, 301
381, 65
381, 81
381, 83
381, 87
381, 98
381, 99
381, 113
381, 117
381, 122
381, 129
381, 140
381, 153
381, 170
381, 177
381, 181
381, 194
381, 223
381, 230
381, 246
381, 250
387, 65
387, 98
387, 280
387, 338
391, 43
391, 54
391, 63
391, 94
391, 107
391, 212
391, 215
391, 229
391, 251
391, 253
391, 311
392, 36
392, 37
392, 38
392, 55
392, 66
392, 67
392, 71
392, 73
392, 74
392, 76
392, 77
392, 78
392, 82
392, 84
392, 86
392, 88
392, 90
392, 95
392, 96
392, 97
394, 37
394, 55
394, 66
394, 67
394, 71
394, 73
394, 74
394, 76
394, 77
394, 78
394, 81
394, 82
394, 84
394, 86
394, 88
394, 90
394, 92
394, 95
394, 96
394, 97
396, 55
396, 66
396, 67
396, 71
396, 76
396, 77
396, 78
396, 84
396, 86
396, 88
396, 90
396, 95
396, 96
396, 97
396, 104
396, 105
396, 108
396, 110
396, 114
396, 115
398, 66
398, 67
398, 71
398, 76
398, 77
398, 78
398, 81
398, 82
398, 84
398, 86
398, 87
398, 88
398, 90
398, 92
398, 95
398, 96
398, 97
398, 98
398, 99
398, 104
end