540
4
0, 0.1296323743363098, 0.9686922702442207
1, 0.3283512135584242, 0.33857752332062285
2, 0.2841324418080454, 0.9756118079598782
3, 0.640756586957326, 0.28623588369815967
4, 0.9820633426074695, 0.5840963379590325
5, 0.6323812884605925, 0.6520045245025093
6, 0.8399885311394824, 0.9398976300828442
7, 0.9051424669020274, 0.5912778791846625
8, 0.09882960514213046, 0.47666437596046896
9, 0.9804423950208679, 0.1572324796496144
10, 0.11532172369871962, 0.8514459167464016
11, 0.6250535971090107, 0.43580260458677655
12, 0.5236038586238009, 0.6069412123268235
13, 0.5032508782507015, 0.2760206508658549
14, 0.6999781615180545, 0.20870206440310712
15, 0.9495145078396467, 0.8409998150567402
16, 0.9826806242745746, 0.9247297935978585
17, 0.8604485445103416, 0.7827720011777208
18, 0.7143710756331331, 0.2778353263082237
19, 0.126772869069826, 0.46509303784912315
20, 0.9833204974572907, 0.4212937201814224
21, 0.7555120732529144, 0.21144583701649022
22, 0.0301036848085785, 0.31666707315779496
23, 0.502638173229455, 0.699098697322491
24, 0.9870727717822846, 0.8538582473517552
25, 0.41028500732099504, 0.10833730599687197
26, 0.8019648617387679, 0.7567429856009875
27, 0.031667035022915346, 0.6425375785622388
28, 0.7950399699835916, 0.20779073822113459
29, 0.7725311627903129, 0.09207405130738411
30, 0.8414400586082896, 0.5672469747899386
31, 0.7892673405482116, 0.0022668611722489462
32, 0.7284328604827405, 0.9469355375874479
33, 0.49949901369276806, 0.011338368851295466
34, 0.4138569000193737, 0.543338183283312
35, 0.135349140484874, 0.3461488224789072
36, 0.5702760277796519, 0.0036758386152794253
37, 0.06258291831180174, 0.14984000518645413
38, 0.18929333528723657, 0.16048841616793952
39, 0.32675238485260405, 0.5580951736414228
40, 0.3875897144453231, 0.6027622144939551
41, 0.7973743254159091, 0.4127688266202121
42, 0.7354411753119613, 0.10073590295327006
43, 0.2790539427070593, 0.7993033400060534
44, 0.38591875864800806, 0.24092950199721097
45, 0.6015704794456981, 0.3582396370373686
46, 0.3557459449262589, 0.7045420061212804
47, 0.11089741585070922, 0.33627563436405483
48, 0.7436334256371722, 0.5176532913598985
49, 0.11156903416976216, 0.1897628403458036
50, 0.3217431265308166, 0.11725195388200027
51, 0.6779042970458041, 0.1888607246569448
52, 0.307342809245547, 0.44122588149599506
53, 0.5647855689727891, 0.3795477190606219
54, 0.33936067437060824, 0.04069883069068081
55, 0.7476540029288605, 0.45008020092748746
56, 0.23691998761909672, 0.9768718571582738
57, 0.30205160821083143, 0.9002354664238608
58, 0.2890654448355726, 0.0820244896835407
59, 0.7150550080719129, 0.6642544208137529
60, 0.4910385425599999, 0.4679922809330366
61, 0.7465113918444393, 0.6863395451260087
62, 0.32732296994908716, 0.01215664163914909
63, 0.6151046071638733, 0.6524531099194762
64, 0.24161448837981425, 0.4005308704179905
65, 0.29589474779656555, 0.5637656274041513
66, 0.7022929133385077, 0.029602471346132142
67, 0.7599106465473547, 0.9444177323982818
68, 0.2429663347701957, 0.08738950310951143
69, 0.05469327323129869, 0.4892725516091747
70, 0.4008265846196457, 0.009406537606622245
71, 0.838740384131044, 0.6578059596799216
72, 0.8406880941319523, 0.9041286252091613
73, 0.5897500328289812, 0.4982013750731079
74, 0.3776680393924944, 0.22811519662169677
75, 0.09505625505430848, 0.10651940881943012
76, 0.24248807870659583, 0.46282727161543213
77, 0.37879154767871825, 0.6758971231708015
78, 0.39018240881189226, 0.281849296716155
79, 0.6963625559939153, 0.34771378658277285
80, 0.903554244828514, 0.537934774573195
81, 0.634597940951612, 0.3864363715957341
82, 0.9390177563967522, 0.6557709548564452
83, 0.7341813950489848, 0.3702145667350174
84, 0.06766482600481794, 0.4533308167297241
85, 0.9875054578557122, 0.00175294651643354
86, 0.7820500813212067, 0.5654865472188617
87, 0.9988552773194888, 0.20342141249568424
88, 0.7247650226862213, 0.33228488107799836
89, 0.9126982339836591, 0.864274575351043
90, 0.8321426651939853, 0.3973393086363798
91, 0.3692119628411358, 0.501661650474469
92, 0.46585422951511624, 0.9457119771938348
93, 0.6756391889266046, 0.14677281876453996
94, 0.2505797470616138, 0.5690010898383724
95, 0.595238119803639, 0.48281998102086965
96, 0.1591987588372491, 0.009788148458370727
97, 0.23822936989900811, 0.8635589190132263
98, 0.7755056660263568, 0.6313436695530641
99, 0.10420970057014745, 0.508688028422173
100, 0.9880438819669123, 0.1675954253003057
101, 0.9048881687460991, 0.15324163099030708
102, 0.08873150289740606, 0.519936097048476
103, 0.1458617448570787, 0.9348196182828388
104, 0.9893508553817525, 0.24791067845663384
105, 0.7916600052151257, 0.4502319128864162
106, 0.6613702271086381, 0.029379559351176976
107, 0.38640279470136174, 0.6438105119342805
108, 0.09200410950160132, 0.8766646090408637
109, 0.3206497364868709, 0.8772440702477757
110, 0.7390475306708643, 0.02355938215528841
111, 0.30828560785105696, 0.8187186339870095
112, 0.7991248495589484, 0.3233711189335169
113, 0.8817604149686011, 0.36247586469336446
114, 0.01390259913726788, 0.1358342662427814
115, 0.36178930206907367, 0.9120579432311566
116, 0.17341067163385715, 0.4076345058441041
117, 0.27684475105402184, 0.3316366348577501
118, 0.8263918499738759, 0.9999998222569533
119, 0.8925969015467505, 0.922096001479821
120, 0.5110806677863249, 0.8947161798628328
121, 0.7780488752021127, 0.5747151072850454
122, 0.2036784303719965, 0.619746412117259
123, 0.010573495082280226, 0.9709614416701041
124, 0.8952500638572427, 0.8856276959233077
125, 0.9735267631866669, 0.9575472682142747
126, 0.016110017207404348, 0.4964100043203551
127, 0.4408949502119961, 0.36075247369286423
128, 0.7009387345976676, 0.5985845866568972
129, 0.18777976123190476, 0.6763295030953635
130, 0.09992865800445738, 0.903265723752584
131, 0.7110426083856084, 0.9256492804719272
132, 0.4480858088228956, 0.09447934755240994
133, 0.10080050468152424, 0.3001551174098831
134, 0.4363912121328526, 0.8710684111349951
135, 0.6061304830329078, 0.5539508579721104
136, 0.7211437600179191, 0.18930401589097
137, 0.4721372912136249, 0.8842028672592804
138, 0.29784275029277607, 0.1325802684964983
139, 0.7004095606212375, 0.7154805611290391
140, 0.05715945678257073, 0.03577274301547473
141, 0.7338691656603077, 0.9685612932911046
142, 0.08878546945873445, 0.3587714892479016
143, 0.9734656497749662, 0.10310252719417468
144, 0.46142186955967346, 0.227317305173927
145, 0.06449711031086691, 0.7866290327090364
146, 0.14988239584029328, 0.8663756599955028
147, 0.004300120832553489, 0.35049544750417005
148, 0.7955475373389989, 0.5412040371749179
149, 0.3478840341655034, 0.9739767920481487
150, 0.016188411344192688, 0.04830950178181015
151, 0.18828718919571974, 0.2652844173892194
152, 0.04792143754138467, 0.5926213379299932
153, 0.5842904024890425, 0.028670167860348483
154, 0.5476487921345018, 0.483049955897604
155, 0.7962672826581664, 0.1273401581001169
156, 0.1905710976910202, 0.07828341964454888
157, 0.6408636976143868, 0.947016859718842
158, 0.3430350181575028, 0.6533726071274365
159, 0.08950560699568721, 0.45450813693782355
160, 0.4963717621214332, 0.22900709402344177
161, 0.037101906003106366, 0.9386053041390038
162, 0.19131472684132778, 0.18626702862107491
163, 0.1996928240720104, 0.7221753140707305
164, 0.3544653382150621, 0.5896484476951668
165, 0.98729657624362, 0.8293153153828271
166, 0.6709296501412695, 0.9679264313976172
167, 0.9173888419983245, 0.4386763476064043
168, 0.2351383995106734, 0.29135363174614637
169, 0.8771377472942858, 0.20243870742149428
170, 0.3090217695963243, 0.9555328839135204
171, 0.014767275686632941, 0.9969411421076518
172, 0.9734282225314039, 0.5729910455940574
173, 0.5586318431851719, 0.40695506478120447
174, 0.9834184360245412, 0.3883742887925433
175, 0.5216320166688958, 0.13911188505445604
176, 0.705303553618506, 0.9705092582715962
177, 0.6659896268232405, 0.3331089813037822
178, 0.17348941569839404, 0.687906717788416
179, 0.014667973049454663, 0.17799433613579374
180, 0.5036678226724414, 0.6424395479817872
181, 0.8339240693002958, 0.16445574425629061
182, 0.9414851916283358, 0.2915283126898607
183, 0.9144710504724839, 0.4651661187309756
184, 0.4155716301804898, 0.030207357485400932
185, 0.9209296079437453, 0.5331555749297443
186, 0.9132156259708785, 0.7694186973267804
187, 0.3728496716691224, 0.9299812983138076
188, 0.07130395645520538, 0.46569272172221887
189, 0.8160682966817636, 0.13273382284993918
190, 0.9732352861816699, 0.9178944965574638
191, 0.3015571493123521, 0.34205456067746265
192, 0.9101770126540091, 0.2265796180468207
193, 0.6455883409834927, 0.938480325676373
194, 0.3183123801672959, 0.019895480300634594
195, 0.0011141260178350043, 0.2383218420549701
196, 0.25096218428864026, 0.08714470165474353
197, 0.20408511160352638, 0.18925411355499233
198, 0.9673178099177905, 0.48021723635431046
199, 0.38687858739919145, 0.004544748133735954
200, 0.7522953458570292, 0.7241613090804441
201, 0.8371950476661125, 0.6429799888308232
202, 0.6736243361642931, 0.7953575193499102
203, 0.5107238510641228, 0.22715656245518512
204, 0.2151993983097068, 0.5971393737174725
205, 0.643289100461343, 0.8917117502367752
206, 0.2085063466189948, 0.6618334903353226
207, 0.0859417331647554, 0.5840385932950926
208, 0.4407577132915447, 0.29761676825467387
209, 0.7158000054445423, 0.7441606812004737
210, 0.5938179467790534, 0.8198137956452491
211, 0.7296940093058569, 0.21575700021122113
212, 0.1340773613475743, 0.8217954088011139
213, 0.6961596554041111, 0.10293431232640549
214, 0.4398275120136148, 0.9897707039498883
215, 0.05031099478919021, 0.31442483885310646
216, 0.23337282057521958, 0.5769864852924398
217, 0.8333130767587662, 0.6236482470118023
218, 0.4003947733478809, 0.9298666010431317
219, 0.0038026581216875632, 0.6280016617650536
220, 0.22719441596385836, 0.8013364465075279
221, 0.49576882404916234, 0.6264519653199491
222, 0.3359608951397113, 0.0754283233771661
223, 0.5037175566873942, 0.04636771539104245
224, 0.5399825368269603, 0.9709497723853836
225, 0.30223984268485293, 0.6617373030197635
226, 0.3789268369552775, 0.06965410173671904
227, 0.24277377898178643, 0.0671777743921802
228, 0.47925277676414146, 0.16918686412811057
229, 0.6613984454114739, 0.36299591062302383
230, 0.5725375088478929, 0.8375085744635171
231, 0.9012025563517274, 0.4211824053997999
232, 0.5273277017440843, 0.530975429460392
233, 0.6298254545647376, 0.4938921324697826
234, 0.9802791274614703, 0.43614373127890405
235, 0.38353772971936817, 0.11381700013536555
236, 0.9162739726506751, 0.6368293951033789
237, 0.004853043803493495, 0.3227017905516253
238, 0.9093040412151496, 0.9925713373301023
239, 0.41154506150058723, 0.5244524481859724
240, 0.011446315149144959, 0.641357523828918
241, 0.04256801874094862, 0.9676933176113409
242, 0.9796737605966819, 0.817643126957218
243, 0.8237772525837137, 0.7970610923481848
244, 0.7363874927449386, 0.8161185982505462
245, 0.23954433721882284, 0.6508098909950295
246, 0.23099189872946313, 0.9520062510527059
247, 0.5707072162857402, 0.714512767020425
248, 0.9455088636084247, 0.862469856596507
249, 0.33541674204533656, 0.15187710937159649
250, 0.7119529044300384, 0.25086193105731713
251, 0.1648513059448633, 0.7300803806026371
252, 0.09554121673152283, 0.6761542901314622
253, 0.2736216618044971, 0.3497433284331266
254, 0.4610882478979661, 0.9879257351337093
255, 0.9056209593588777, 0.7892711028261769
256, 0.48257941735732235, 0.8667827408940743
257, 0.4525897969391717, 0.4708286757619382
258, 0.8619276527507828, 0.04265046907515957
259, 0.8487704069524341, 0.7312520774072291
260, 0.3921458504542604, 0.9451132220520293
261, 0.6460992466533176, 0.2793713139162841
262, 0.3582347715025036, 0.8400182980691914
263, 0.9586501245135131, 0.6233741863296683
264, 0.32788201821885465, 0.06711157010579472
265, 0.4678535805991565, 0.5514226071213897
266, 0.7600736063661574, 0.1393495477787099
267, 0.15036189679553646, 0.6931434287490653
268, 0.9530254088087405, 0.37337461820206197
269, 0.5616408734851468, 0.8265146672103771
270, 0.3866380496965546, 0.15587187106704514
271, 0.341881213352461, 0.4591924038536658
272, 0.572056990325634, 0.3070006319804113
273, 0.7398402927305355, 0.24801362973404628
274, 0.5039411710776436, 0.5541494183725153
275, 0.9616300133558964, 0.3105897464871724
276, 0.5587191013596849, 0.9523529324452468
277, 0.4838531820350378, 0.4175703341963397
278, 0.8257579781204623, 0.8309995895660344
279, 0.26557513873157, 0.18471748311426395
280, 0.08874435996343855, 0.5330811415775393
281, 0.3933358665507074, 0.7348580089150544
282, 0.04113998728345947, 0.2771426713955121
283, 0.7902337097107894, 0.42402178045939987
284, 0.834011159297366, 0.32395729996132705
285, 0.6472263560975059, 0.2077313969962279
286, 0.060926374012269746, 0.3335346355051316
287, 0.8490506594236373, 0.4688722001776835
288, 0.8579736442809818, 0.5131055967635259
289, 0.24291121450080377, 0.08571097972688979
290, 0.3610232357051425, 0.2597767837733088
291, 0.3284537349578813, 0.9028054123237119
292, 0.8264603682337107, 0.7822515533443173
293, 0.16066207042953962, 0.5912906778657749
294, 0.39749766106872064, 0.20440866991177287
295, 0.41979756477419683, 0.4046561236549967
296, 0.6583555338370387, 0.5251266733801941
297, 0.15911568483063465, 0.5808586709784187
298, 0.15456962085903936, 0.7085825328354242
299, 0.03433516759799515, 0.2810846261752914
300, 0.2018898115949368, 0.9864286992050034
301, 0.0032848959505289432, 0.2997583323505515
302, 0.9133459189876248, 0.25210655012373884
303, 0.4387071238173531, 0.8828103858842699
304, 0.9960131207850293, 0.5692351144323501
305, 0.1451654198920076, 0.8176011041335968
306, 0.11296590758024216, 0.16767012658980063
307, 0.11236189381167527, 0.8961922792415908
308, 0.7161405867961057, 0.051154157106816256
309, 0.23211851022822527, 0.4598570735896442
310, 0.9768119929194766, 0.5638637311058328
311, 0.7774086786068177, 0.665543187829668
312, 0.6815450434425733, 0.34959466120439
313, 0.40546534149571933, 0.004672671316705346
314, 0.05547991208816061, 0.26085099763303343
315, 0.3968370581537297, 0.4180393487733084
316, 0.6875077695604122, 0.9067367767724742
317, 0.04616317315862595, 0.6695437963531895
318, 0.2905475228232042, 0.3762995942714119
319, 0.19063458531288546, 0.9658987804770752
320, 0.8961691941315286, 0.6138909785664214
321, 0.3454544430814671, 0.6990659057615972
322, 0.4808634391525205, 0.7493340595561896
323, 0.3927502542255129, 0.749512076882046
324, 0.94511950884726, 0.41362178781012326
325, 0.9182126054074069, 0.5118136539553878
326, 0.12825156836462048, 0.779522029491189
327, 0.662463898081939, 0.08029387978009561
328, 0.08505196714196739, 0.6962066806698481
329, 0.2843449773594986, 0.4190001401890433
330, 0.20876816627818418, 0.9362873549318566
331, 0.09506382187456008, 0.17690934739398656
332, 0.29046167868253225, 0.0930823684376072
333, 0.07958697352547284, 0.893320332355425
334, 0.4883425180814569, 0.5676298511534807
335, 0.27791641467602957, 0.5434839311846893
336, 0.5026001613896579, 0.11803998767623813
337, 0.5304887934722093, 0.2992945715288723
338, 0.7774134140728608, 0.37478753554134325
339, 0.6125847136878373, 0.33019211313162655
340, 0.375648256144279, 0.5349118763907522
341, 0.37268897393330047, 0.41146732229990324
342, 0.9869797740347553, 0.2322136600305048
343, 0.26061872711683043, 0.10203205383873193
344, 0.9353010498383734, 0.30268287471469724
345, 0.48429133641987443, 0.6279530578319066
346, 0.5636338061353371, 0.8415293799796776
347, 0.8483710561729293, 0.5801047682326826
348, 0.39625539299590895, 0.5883885359767839
349, 0.41208546412953373, 0.16018673062478173
350, 0.8397282135655665, 0.7649034482693936
351, 0.151799653954671, 0.6280553298234468
352, 0.8321853846098103, 0.6881731174595835
353, 0.1700159611977271, 0.20540755546233502
354, 0.43518100970002205, 0.07699915103993371
355, 0.9150426679865872, 0.010001889943023645
356, 0.04521199553874433, 0.919427873077599
357, 0.33667574021992785, 0.913755697988728
358, 0.24134331280338595, 0.3336865833787819
359, 0.2522634381648773, 0.25508466091914883
360, 0.5754894357380692, 0.5237044561017041
361, 0.3392593414876798, 0.7018921899991302
362, 0.44995394990408044, 0.8385771277493491
363, 0.44530038388498416, 0.3804762048721677
364, 0.001116583230692525, 0.47589287156855287
365, 0.15001574506443882, 0.7230049566444742
366, 0.1416020616852407, 0.9438284851220246
367, 0.7755466483122944, 0.061113093538803565
368, 0.1969343861695555, 0.35667653150725753
369, 0.7794651823598155, 0.0576977786370495
370, 0.1681960305598439, 0.17229188588819266
371, 0.33609428730125657, 0.04725017744647286
372, 0.28938511419321344, 0.10533746134720712
373, 0.9002561561759914, 0.7494780967346879
374, 0.3486630688875857, 0.2046537741045792
375, 0.4811890635011219, 0.36739354124477097
376, 0.31673557131235563, 0.5506582435695679
377, 0.7759670103749844, 0.03594389794638142
378, 0.31641385490238527, 0.25752187040323493
379, 0.03397669843826179, 0.35524860486056364
380, 0.09667098172679345, 0.0828830455331594
381, 0.0915227279048737, 0.31365078262367674
382, 0.3479563817294373, 0.5740853218730199
383, 0.1635115669913222, 0.5643163604105017
384, 0.5366650555247574, 0.5944950199849112
385, 0.6012435138244819, 0.44151769134833263
386, 0.6637882703070415, 0.43313077509723186
387, 0.02455117856233402, 0.07514647349309933
388, 0.9003081162460463, 0.8207968540557214
389, 0.3760476995744877, 0.2724715188820783
390, 0.3399213802748683, 0.8381387941128151
391, 0.7762665861687477, 0.8028610124743926
392, 0.11487004956296154, 0.2425952453129021
393, 0.7784962500107996, 0.11842700513579973
394, 0.7768279143715587, 0.6407966937595977
395, 0.8223415777695466, 0.30834942666400045
396, 0.6054672438950075, 0.36523255846835345
397, 0.6888992268683728, 0.06506189688142561
398, 0.780998485257191, 0.07715143061852192
399, 0.2753166018228318, 0.37219768512527185
400, 0.4659952807919179, 0.823620369737388
401, 0.11446555869058428, 0.4190535661615967
402, 0.1999415470401168, 0.26406204022495405
403, 0.19413031320339713, 0.9988814210875879
404, 0.7921071614416719, 0.9281083905640568
405, 0.46691992226807355, 0.378828597710154
406, 0.4854448582915719, 0.7330352095985834
407, 0.1373732606213276, 0.7068600306974488
408, 0.682148747878648, 0.3623566295877876
409, 0.8202391663530711, 0.25278729687160884
410, 0.6342704103162928, 0.12051807810588011
411, 0.28782359596602314, 0.710096806234833
412, 0.6728707713535722, 0.7880729695421346
413, 0.8898235162364787, 0.10679715654787114
414, 0.6020531404691689, 0.8098584634130763
415, 0.5892646830934797, 0.6428646708072164
416, 0.16322777161752133, 0.15721686780233546
417, 0.7810038842181583, 0.11187211751371395
418, 0.0499268324952058, 0.7238195815976344
419, 0.15125752505576584, 0.574505241811685
420, 0.5984400251016524, 0.9957392930510877
421, 0.8968622971114385, 0.8049735487325913
422, 0.6586669887619075, 0.8629956885287482
423, 0.5740850310266032, 0.06409295279069926
424, 0.8746582283032652, 0.7477855561481958
425, 0.6972018267477657, 0.11959160121325751
426, 0.17484035711853363, 0.47504902701298135
427, 0.4330377618645258, 0.7142751666889298
428, 0.8649693329347692, 0.5332144230045813
429, 0.8876579886523127, 0.44301835964411007
430, 0.4548632927638001, 0.5282116499493111
431, 0.224461459981797, 0.3196004584478007
432, 0.3925968192987459, 0.7590045563918025
433, 0.5205095199991734, 0.9220553338579736
434, 0.7001318940840862, 0.0445800005472381
435, 0.46093979726017675, 0.9570219462675894
436, 0.0910790493761735, 0.17144100812979357
437, 0.7855334197781761, 0.4699191561536391
438, 0.9794543995881885, 0.4311306630362056
439, 0.6844237663733063, 0.4679095588123594
440, 0.85442173184062, 0.23407799552032726
441, 0.6018058180388433, 0.13434739279272845
442, 0.6890081685899438, 0.9862451704328394
443, 0.763750453122578, 0.025409016246888516
444, 0.6097399246827007, 0.4954758124426665
445, 0.3058167815200936, 0.3503022555238481
446, 0.041116784395565986, 0.49951226049572794
447, 0.040216670829569034, 0.2783233702064163
448, 0.4643610740197145, 0.6144197935405435
449, 0.5423219720603213, 0.5016476927312216
450, 0.3787490832751722, 0.9332974079272722
451, 0.16425908013622892, 0.39080392234121486
452, 0.6983055575949949, 0.785814841470369
453, 0.8768141744987521, 0.3039906793024526
454, 0.8802679332701087, 0.6737354189963836
455, 0.8160008693844824, 0.2081243963377326
456, 0.23450157718447173, 0.731940061658946
457, 0.35333898289448373, 0.4340040201669022
458, 0.767579546507144, 0.5516293728317108
459, 0.23475169866735346, 0.21689471042363495
460, 0.4740804198873896, 0.2596528234166051
461, 0.22708019195572526, 0.9819706160922579
462, 0.47342435200738364, 0.25613540816073976
463, 0.24954615726839102, 0.7237254740623913
464, 0.8378709465660709, 0.10276824769635307
465, 0.9940612676381323, 0.43206589216067137
466, 0.9912847208446127, 0.9160275164364973
467, 0.5073848199531773, 0.876037332775748
468, 0.22900987687842156, 0.04568098092703021
469, 0.06103659043433163, 0.7072445992337395
470, 0.5987379029648975, 0.560552780645561
471, 0.3174616107870244, 0.648961517702746
472, 0.45017990732891766, 0.41895976647327815
473, 0.09259691765666989, 0.8553734225603798
474, 0.2507096676925552, 0.42756850212798503
475, 0.3319069359585074, 0.5112078055608543
476, 0.12600888637415864, 0.9335301550258029
477, 0.5748537518659667, 0.470942449454418
478, 0.44570571396179204, 0.05443972600878566
479, 0.06633616537001052, 0.5037876083096727
480, 0.7921554501809805, 0.47723806647864575
481, 0.30212458876075854, 0.19941783498568377
482, 0.29964864782276257, 0.6300603053577224
483, 0.44971295530526867, 0.9959827148881809
484, 0.30256241770661674, 0.36327029498002805
485, 0.008584859134662781, 0.6332100926481167
486, 0.2979467709201411, 0.9722192410215221
487, 0.2198337575519287, 0.3804867668374412
488, 0.20889566573528073, 0.04190320103836953
489, 0.6758540545319951, 0.2807980799469739
490, 0.04594334277102563, 0.06749274869966815
491, 0.31204754029489234, 0.0909720531650865
492, 0.07252941706643523, 0.7604688082814347
493, 0.44854663233514125, 0.4782370252716366
494, 0.7423378222965097, 0.40825127538119776
495, 0.9068377672902619, 0.6123148779900063
496, 0.27905338414815295, 0.4607340466465254
497, 0.2010311965688828, 0.8405594482694596
498, 0.4396108237003421, 0.4293021407236137
499, 0.2537974972236101, 0.5158987677061748
500, 0.5545715810717021, 0.00011933703143740537
501, 0.5674834329490274, 0.6432445573659781
502, 0.3557372871273301, 0.3791444040170864
503, 0.5231921241639084, 0.40782178514522904
504, 0.22990665067396554, 0.6519041294588583
505, 0.7816367040565947, 0.806256257978883
506, 0.459184453992604, 0.6726657192996719
507, 0.4824656737606532, 0.7383109434728372
508, 0.8906562483196, 0.8580214985196267
509, 0.2174503474658952, 0.9481450228123417
510, 0.8845622429342704, 0.48962801064894546
511, 0.8705818977893025, 0.63782158765474
512, 0.7025974675251823, 0.24340776312006962
513, 0.6921371971633035, 0.5076559943773026
514, 0.986436869006392, 0.9514963703724068
515, 0.061991532845584896, 0.5480876716896802
516, 0.3803684949541867, 0.46395434380001677
517, 0.7828165002057568, 0.7939244453356176
518, 0.07011795615371552, 0.24440501423408578
519, 0.7024189393360746, 0.4380351605220273
520, 0.7194651071462963, 0.07990703669297816
521, 0.050203430495294965, 0.6917017313843072
522, 0.8991900502506585, 0.04665011655345941
523, 0.11952653623305376, 0.796359813796369
524, 0.7425791707970754, 0.8429108866736105
525, 0.560334933825002, 0.36308048463675147
526, 0.44702347502754136, 0.32669116664968634
527, 0.7913394205514398, 0.18692587708351993
528, 0.9900269256306233, 0.33774562639399164
529, 0.7296686338611614, 0.49560201134682025
530, 0.8367004438517242, 0.3474725880562082
531, 0.8582023954689413, 0.32396458328199873
532, 0.5353647873927427, 0.11766787196446504
533, 0.5334701970995002, 0.28212068520998224
534, 0.17102782699122687, 0.6647022922895233
535, 0.5030407928622694, 0.615988873083707
536, 0.9551624065843812, 0.1273941657272858
537, 0.4791271091012276, 0.5525023727938517
538, 0.6734341602223185, 0.39765909497519536
539, 0.8002300050413566, 0.25836301376326876
end_nodes
0, 1
0, 2
0, 3
0, 4
0, 5
0, 6
0, 7
0, 8
0, 9
0, 10
0, 11
0, 12
0, 13
0, 14
0, 15
0, 16
0, 17
0, 18
0, 19
0, 20
0, 21
0, 22
0, 23
27, 1
27, 2
27, 3
27, 4
27, 5
27, 6
27, 7
27, 8
27, 9
27, 10
27, 11
27, 12
27, 13
27, 14
27, 15
27, 16
27, 17
27, 18
27, 19
27, 20
27, 21
27, 22
27, 23
69, 1
69, 2
69, 3
69, 4
69, 5
69, 6
69, 7
69, 8
69, 9
69, 10
69, 11
69, 12
69, 13
69, 14
69, 15
69, 16
69, 17
69, 18
69, 19
69, 20
69, 21
69, 22
69, 23
103, 147
103, 195
103, 237
103, 301
108, 1
108, 2
108, 3
108, 4
108, 5
108, 6
108, 7
108, 8
108, 9
108, 10
108, 11
108, 12
108, 13
108, 14
108, 15
108, 16
108, 17
108, 18
108, 19
108, 20
108, 21
108, 22
108, 23
123, 1
123, 2
123, 3
123, 4
123, 5
123, 6
123, 7
123, 8
123, 9
123, 10
123, 11
123, 12
123, 13
123, 14
123, 15
123, 16
123, 17
123, 18
123, 19
123, 20
123, 21
123, 22
123, 23
126, 1
126, 2
126, 3
126, 4
126, 5
126, 6
126, 7
126, 8
126, 9
126, 11
126, 12
126, 13
126, 14
126, 15
126, 16
126, 17
126, 18
126, 19
126, 20
126, 21
126, 22
126, 23
126, 24
130, 1
130, 2
130, 3
130, 4
130, 5
130, 6
130, 7
130, 8
130, 9
130, 10
130, 11
130, 12
130, 13
130, 14
130, 15
130, 16
130, 17
130, 18
130, 19
130, 20
130, 21
130, 22
130, 23
145, 1
145, 2
145, 3
145, 4
145, 5
145, 6
145, 7
145, 8
145, 9
145, 10
145, 11
145, 12
145, 13
145, 14
145, 15
145, 16
145, 17
145, 18
145, 19
145, 20
145, 21
145, 22
145, 23
152, 1
152, 2
152, 3
152, 4
152, 5
152, 6
152, 7
152, 8
152, 9
152, 11
152, 12
152, 13
152, 14
152, 15
152, 16
152, 17
152, 18
152, 19
152, 20
152, 21
152, 22
152, 23
152, 24
161, 1
161, 2
161, 3
161, 4
161, 5
161, 6
161, 7
161, 8
161, 9
161, 10
161, 11
161, 12
161, 13
161, 14
161, 15
161, 16
161, 17
161, 18
161, 19
161, 20
161, 21
161, 22
161, 23
171, 1
171, 2
171, 3
171, 4
171, 5
171, 6
171, 7
171, 8
171, 9
171, 10
171, 11
171, 12
171, 13
171, 14
171, 15
171, 16
171, 17
171, 18
171, 19
171, 20
171, 21
171, 22
171, 23
219, 1
219, 2
219, 3
219, 4
219, 5
219, 6
219, 7
219, 8
219, 9
219, 10
219, 11
219, 12
219, 13
219, 14
219, 15
219, 16
219, 17
219, 18
219, 19
219, 20
219, 21
219, 22
219, 23
240, 1
240, 2
240, 3
240, 4
240, 5
240, 6
240, 7
240, 8
240, 9
240, 10
240, 11
240, 12
240, 13
240, 14
240, 15
240, 16
240, 17
240, 18
240, 19
240, 20
240, 21
240, 22
240, 23
241, 1
241, 2
241, 3
241, 4
241, 5
241, 6
241, 7
241, 8
241, 9
241, 10
241, 11
241, 12
241, 13
241, 14
241, 15
241, 16
241, 17
241, 18
241, 19
241, 20
241, 21
241, 22
241, 23
282, 37
282, 140
282, 150
282, 387
282, 490
299, 114
299, 140
299, 150
299, 387
299, 490
307, 1
307, 2
307, 3
307, 4
307, 5
307, 6
307, 7
307, 8
307, 9
307, 10
307, 11
307, 12
307, 13
307, 14
307, 15
307, 16
307, 17
307, 18
307, 19
307, 20
307, 21
307, 22
307, 23
317, 1
317, 2
317, 3
317, 4
317, 5
317, 6
317, 7
317, 8
317, 9
317, 10
317, 11
317, 12
317, 13
317, 14
317, 15
317, 16
317, 17
317, 18
317, 19
317, 20
317, 21
317, 22
317, 23
328, 1
328, 2
328, 3
328, 4
328, 5
328, 6
328, 7
328, 8
328, 9
328, 11
328, 12
328, 13
328, 14
328, 15
328, 16
328, 17
328, 18
328, 19
328, 20
328, 21
328, 22
328, 23
328, 24
333, 1
333, 2
333, 3
333, 4
333, 5
333, 6
333, 7
333, 8
333, 9
333, 10
333, 11
333, 12
333, 13
333, 14
333, 15
333, 16
333, 17
333, 18
333, 19
333, 20
333, 21
333, 22
333, 23
356, 1
356, 2
356, 3
356, 4
356, 5
356, 6
356, 7
356, 8
356, 9
356, 10
356, 11
356, 12
356, 13
356, 14
356, 15
356, 16
356, 17
356, 18
356, 19
356, 20
356, 21
356, 22
356, 23
364, 1
364, 2
364, 3
364, 4
364, 5
364, 6
364, 7
364, 8
364, 9
364, 11
364, 12
364, 13
364, 14
364, 15
364, 16
364, 17
364, 18
364, 19
364, 20
364, 21
364, 23
364, 24
364, 25
366, 147
366, 195
366, 237
366, 301
379, 1
379, 3
379, 9
379, 10
379, 11
379, 13
379, 14
379, 18
379, 20
379, 21
379, 22
379, 25
379, 28
379, 29
379, 31
379, 33
379, 35
379, 36
379, 37
379, 38
379, 41
379, 42
379, 44
418, 1
418, 2
418, 3
418, 4
418, 5
418, 6
418, 7
418, 8
418, 9
418, 10
418, 11
418, 12
418, 13
418, 14
418, 15
418, 16
418, 17
418, 18
418, 19
418, 20
418, 21
418, 22
418, 23
446, 1
446, 2
446, 3
446, 4
446, 5
446, 6
446, 7
446, 8
446, 9
446, 11
446, 12
446, 13
446, 14
446, 15
446, 16
446, 17
446, 18
446, 19
446, 20
446, 21
446, 22
446, 23
446, 24
447, 37
447, 140
447, 150
447, 387
447, 490
469, 2
469, 4
469, 5
469, 6
469, 7
469, 8
469, 10
469, 12
469, 15
469, 16
469, 17
469, 19
469, 22
469, 23
469, 24
469, 25
469, 26
469, 28
469, 29
469, 30
469, 31
469, 32
469, 33
473, 10
473, 24
473, 25
473, 26
473, 28
473, 29
473, 30
473, 31
473, 32
473, 33
473, 34
473, 35
473, 36
473, 37
473, 38
473, 39
473, 40
473, 41
473, 42
473, 43
473, 44
473, 45
473, 46
476, 24
476, 25
476, 26
476, 28
476, 29
476, 30
476, 31
476, 32
476, 33
476, 34
476, 35
476, 36
476, 37
476, 38
476, 39
476, 40
476, 41
476, 42
476, 43
476, 44
476, 45
476, 46
476, 47
479, 24
479, 25
479, 26
479, 28
479, 29
479, 30
479, 31
479, 32
479, 33
479, 34
479, 35
479, 36
479, 37
479, 38
479, 39
479, 40
479, 41
479, 42
479, 43
479, 44
479, 45
479, 46
479, 47
485, 10
485, 24
485, 25
485, 26
485, 28
485, 29
485, 30
485, 31
485, 32
485, 33
485, 34
485, 35
485, 36
485, 37
485, 38
485, 39
485, 40
485, 41
485, 42
485, 43
485, 44
485, 45
485, 46
492, 10
492, 24
492, 25
492, 26
492, 28
492, 29
492, 30
492, 31
492, 32
492, 33
492, 34
492, 35
492, 36
492, 37
492, 38
492, 39
492, 40
492, 41
492, 42
492, 43
492, 44
492, 45
492, 46
515, 10
515, 24
515, 25
515, 26
515, 28
515, 29
515, 30
515, 31
515, 32
515, 33
515, 34
515, 35
515, 36
515, 37
515, 38
515, 39
515, 40
515, 41
515, 42
515, 43
515, 44
515, 45
515, 46
521, 24
521, 25
521, 26
521, 28
521, 29
521, 30
521, 31
521, 32
521, 33
521, 34
521, 35
521, 36
521, 37
521, 38
521, 39
521, 40
521, 41
521, 42
521, 43
521, 44
521, 45
521, 46
521, 47
end