420
4
0, 0.24177366626337427, 0.8664284293544567
1, 0.2059351563723062, 0.5272402032285962
2, 0.16853466160766473, 0.08085261201171723
3, 0.8495352246055645, 0.7609861089468507
4, 0.03968657884353777, 0.5383675691238942
5, 0.4401916029405113, 0.8561339152971955
6, 0.34555944846637077, 0.09656563363813175
7, 0.8926418959173716, 0.3280810463981889
8, 0.6662909148277134, 0.2542703849709529
9, 0.9019936142039641, 0.33683201431633725
10, 0.5829125028510342, 0.05710454926851838
11, 0.9058592808863044, 0.8804700342111367
12, 0.8568285841314907, 0.5286800062700339
13, 0.9683138234530133, 0.6728631587096371
14, 0.1351762419485446, 0.569060276201157
15, 0.6364577060684898, 0.05172288712103179
16, 0.8977982378836599, 0.48571922594091455
17, 0.9501745307523408, 0.4730307214811814
18, 0.13609745971694054, 0.7566289733494119
19, 0.6563976670340151, 0.8154945715087103
20, 0.41816173365897835, 0.4631073656109864
21, 0.15160620152026472, 0.864733800245495
22, 0.2680349627618629, 0.7117839219819471
23, 0.9277086152278228, 0.23037474035810535
24, 0.8673281248239082, 0.7502973507309058
25, 0.008397818564986448, 0.6924343313507444
26, 0.009624605712049705, 0.9376604768696277
27, 0.50409485465417, 0.3739721816642091
28, 0.9513477678942975, 0.04552871189027152
29, 0.37119792006581964, 0.8599562352176153
30, 0.48257719291900125, 0.13774177943952903
31, 0.5190292272124453, 0.9716742544654214
32, 0.6319905901159865, 0.2776438399979597
33, 0.7373060515036124, 0.8128525958911101
34, 0.7965004957564797, 0.31823865552276664
35, 0.10428889166323696, 0.1829606362809908
36, 0.3627232287729676, 0.6066650351516198
37, 0.5642485017742451, 0.9669514298911756
38, 0.2214025722073244, 0.6094840871922207
39, 0.8388555235915135, 0.2468350047729394
40, 0.009720752409038247, 0.5815616950907644
41, 0.2868614264667936, 0.5716438547649042
42, 0.9452848587487357, 0.2621748526244051
43, 0.5166627790828401, 0.5310705275835895
44, 0.8525361470283708, 0.5174804013040074
45, 0.7255394774858931, 0.8551638289103017
46, 0.48342884299238853, 0.9184506232456059
47, 0.6946116841543899, 0.5265974258128028
48, 0.5753010507894836, 0.589896599557168
49, 0.7300860461548564, 0.17146590169026066
50, 0.6825072199097719, 0.890758084122319
51, 0.5523927040571995, 0.9761156473270589
52, 0.04480781674026901, 0.8642883214423899
53, 0.4153966474643932, 0.7677152635099423
54, 0.9641277557960806, 0.3786117121591823
55, 0.7696303388450212, 0.31216719371970947
56, 0.8889395594597884, 0.028740298133421827
57, 0.265789625761789, 0.39390633432499544
58, 0.9679997505354699, 0.9018620939047134
59, 0.5766197973018218, 0.4170701246450388
60, 0.989403701218749, 0.20161173293115042
61, 0.13049193388930824, 0.22464483407819036
62, 0.08488960752661734, 0.05447582552987751
63, 0.2070708249323745, 0.29245141421013765
64, 0.4746853572998897, 0.9483207420336068
65, 0.684874138317356, 0.357036380463316
66, 0.09873294268730992, 0.9523774509199224
67, 0.3636420273520037, 0.36319393231869757
68, 0.7116853894857134, 0.5782224415691953
69, 0.57581646777406, 0.42091829795156266
70, 0.6893719998182757, 0.662108475873959
71, 0.010721683683908245, 0.3334643968408253
72, 0.4916026195477846, 0.2843281559862335
73, 0.4508483524505855, 0.1401185849923815
74, 0.3057057792305077, 0.7703502048697698
75, 0.8483800621121668, 0.7135707533442887
76, 0.3148119252273113, 0.24813620023606897
77, 0.6674058907706096, 0.6701307471210395
78, 0.7646453598280218, 0.7786479817969851
79, 0.47600146503444163, 0.3087874322472993
80, 0.6324958451391126, 0.5162302968742514
81, 0.07512552859065924, 0.5222929348185334
82, 0.9106353258349308, 0.4184842082543039
83, 0.8760623358486226, 0.30478344038023886
84, 0.5918191919521859, 0.6329513238424992
85, 0.2652425775826699, 0.9521308576389717
86, 0.17815892723065385, 0.3279547066706163
87, 0.592552138279693, 0.6537815152847388
88, 0.6471849862448019, 0.6747261936227811
89, 0.7510196365691714, 0.19549176462585804
90, 0.7467525702476082, 0.3742899204514002
91, 0.4360738816171602, 0.29731014859600446
92, 0.9603814670998184, 0.979975198177237
93, 0.4177900899641934, 0.2108730289612949
94, 0.11475268908108804, 0.31869390269270925
95, 0.6477470884149613, 0.9970386695612306
96, 0.6245575790470835, 0.4547807953990871
97, 0.7781880544031565, 0.564090195031859
98, 0.8590418588894367, 0.30821466129081254
99, 0.8642645672974897, 0.7340084145088142
100, 0.47127602198931784, 0.38918719611982366
101, 0.6161789297229578, 0.5716125328453279
102, 0.015385335489441543, 0.7545850836236576
103, 0.4322285873843392, 0.4181366752893668
104, 0.6537892956868518, 0.4939912316627717
105, 0.02872182031836934, 0.04131109268389621
106, 0.2781562313888555, 0.5528082677755224
107, 0.5452366440167185, 0.04833509196021435
108, 0.9320913563043207, 0.25068922689818096
109, 0.19211151163577045, 0.1435394348586343
110, 0.15163011703580398, 0.32746129433268745
111, 0.10021741396750627, 0.8218443209899221
112, 0.30958695112326995, 0.012517518254697713
113, 0.632280915885158, 0.014796227706790788
114, 0.5615096625481744, 0.9462747475386746
115, 0.7923619811335127, 0.24468944380445112
116, 0.42279762959279865, 0.011512140173092211
117, 0.0790526210082797, 0.14801585049058874
118, 0.86655127003407, 0.44814492663153227
119, 0.7810196758980704, 0.602026266896534
120, 0.018968747807308728, 0.8356840236868883
121, 0.2079573416652909, 0.9430179406356141
122, 0.944860783796715, 0.8970443774847564
123, 0.7081937067542546, 0.9557159955988596
124, 0.6904263426869792, 0.17053269887783573
125, 0.8962114554351979, 0.9081284781169133
126, 0.5768158592022972, 0.8452478333783566
127, 0.7001216459012802, 0.390772268697002
128, 0.42992852317213004, 0.5964612882824429
129, 0.5668285999229018, 0.30364665906140986
130, 0.04863135067942925, 0.5888822288199538
131, 0.9407325730274145, 0.9151366508505934
132, 0.08717259183500603, 0.6105542647368167
133, 0.9309141115961846, 0.8166978871336352
134, 0.824895886897087, 0.007297035015343956
135, 0.36948552346512, 0.13350749926962158
136, 0.30171098826152865, 0.3626283327872939
137, 0.8130101008045844, 0.9492912266030606
138, 0.7059340815803061, 0.4225802506259375
139, 0.6546709956491666, 0.9937260965224648
140, 0.7801764200799418, 0.10660400053906782
141, 0.6466142215891991, 0.7480934201702261
142, 0.3083782707817829, 0.9776765885113011
143, 0.12797730432454146, 0.7172927698827645
144, 0.02484319949778957, 0.8141412269794975
145, 0.45063343827197233, 0.6546299178164265
146, 0.17071394583484656, 0.16686927319245437
147, 0.5435295645078101, 0.0051951498028612875
148, 0.268300752720236, 0.6383266945002469
149, 0.49364750512216504, 0.8277544887634266
150, 0.5126481228453714, 0.44889634624489105
151, 0.00031156503447782313, 0.3722961548857999
152, 0.03735602939546501, 0.0073901275538000855
153, 0.22955740965308535, 0.1311172641239715
154, 0.9703914827979785, 0.3655878074728931
155, 0.8204419276401917, 0.29611499061959634
156, 0.9660582462061823, 0.9355184836629337
157, 0.7945369861992245, 0.8015028619657184
158, 0.36174278780861746, 0.9914321586462174
159, 0.1985191963934071, 0.10854532883774204
160, 0.43518323828922756, 0.2341230794525032
161, 0.7178223899610753, 0.05919699158990588
162, 0.2519136930830169, 0.5885686544227031
163, 0.8367224408790801, 0.478729107136201
164, 0.27852662906641645, 0.7212810331458474
165, 0.3503634851057881, 0.7601937453413943
166, 0.07882693693014098, 0.1961096950608946
167, 0.15715585531915188, 0.8888794777209814
168, 0.467077652988669, 0.5619161150277457
169, 0.47327728248793854, 0.7593571886027486
170, 0.9666361097253154, 0.20815919143405792
171, 0.3381136122494053, 0.7917315152009815
172, 0.960213072717181, 0.6206476940492812
173, 0.1776101671564272, 0.22587752614973422
174, 0.6612317736532907, 0.478720783372394
175, 0.4815040567472745, 0.5267596009371973
176, 0.3484988561374328, 0.8073798845220036
177, 0.7533901709019919, 0.2414067117139208
178, 0.9266798898207329, 0.4328845469629734
179, 0.9457566891251816, 0.8558194843391944
180, 0.699121725405163, 0.16480109070196824
181, 0.5104318095860005, 0.7834875729987927
182, 0.5984464460780562, 0.2657818072018604
183, 0.6735996417468137, 0.006071657096296756
184, 0.7526477243898326, 0.07309651072688794
185, 0.3872538586379518, 0.24466266095592082
186, 0.16932052655490692, 0.469805857882722
187, 0.7687863760811543, 0.2123465861466326
188, 0.6063329645905658, 0.2890392231003589
189, 0.5396759754718852, 0.08159175184561718
190, 0.9259004242873003, 0.9174715572420701
191, 0.6335013774133732, 0.40502821954717483
192, 0.9091034791907332, 0.14163457021168024
193, 0.9224011376911557, 0.1477710082753282
194, 0.2402620344948504, 0.839001125811814
195, 0.26837565529908824, 0.2649308198973266
196, 0.1162426733739047, 0.5289413326149147
197, 0.6775043754972951, 0.674944527765619
198, 0.13101952238069825, 0.6907244170729482
199, 0.37985573557503516, 0.6198506456744812
200, 0.622224746111446, 0.461974830004271
201, 0.34210738187247103, 0.5399010172032285
202, 0.1715059116401334, 0.7890620673663092
203, 0.6840980470661001, 0.6819505102673957
204, 0.7313570719209536, 0.5203696348434794
205, 0.8435289990873187, 0.14881015271670583
206, 0.27110158003556883, 0.9243468995920042
207, 0.1634502259173477, 0.4771031064796949
208, 0.9489695309234945, 0.735403992616613
209, 0.8469709451929378, 0.6604520875599799
210, 0.945636586984883, 0.148209922588316
211, 0.9030456070929134, 0.6832727747175942
212, 0.3531076877972401, 0.7711480007717297
213, 0.10501429900302717, 0.7019943977343517
214, 0.03565586227269879, 0.4255237930865957
215, 0.7578685115433368, 0.20893973156975865
216, 0.4484160840992506, 0.25069313747948274
217, 0.5680412157526438, 0.5931204172166504
218, 0.19612348398185764, 0.3327379427697408
219, 0.28826834345258134, 0.7001907872581902
220, 0.5879187416403509, 0.46865682852962254
221, 0.3684355960745669, 0.9122683484842483
222, 0.41253804055559096, 0.5162777026749322
223, 0.8450272687050765, 0.6462149192724382
224, 0.551699152433104, 0.2510166532579897
225, 0.18370883893152723, 0.8271015739894827
226, 0.21719924192505613, 0.42115561058667916
227, 0.7915242800766678, 0.5707697109265522
228, 0.856873649420894, 0.4133039699192813
229, 0.8599184497559503, 0.7503769872124106
230, 0.4124406933936827, 0.9565268108255431
231, 0.8828646004745224, 0.15403020672378198
232, 0.8868244763835713, 0.5808576222197663
233, 0.6795566861381173, 0.500573696010152
234, 0.0010537023213524899, 0.9369714266664286
235, 0.23125508365331315, 0.290757016657063
236, 0.2078925400926216, 0.4952565179130949
237, 0.8011245632310462, 0.3375984700983917
238, 0.39961495469890784, 0.44410265183735054
239, 0.4340198769355781, 0.009063603307282175
240, 0.11811789627712443, 0.16109753631066315
241, 0.9970220976460386, 0.8624791955641663
242, 0.34382449788821534, 0.7932516627959382
243, 0.0874002429401266, 0.42205360259431735
244, 0.2720478736227895, 0.7940153803891967
245, 0.8382087367676819, 0.2270072216667448
246, 0.7543341243307387, 0.9290098840129292
247, 0.40844515148152294, 0.535346183830153
248, 0.19892811655673626, 0.05977060384690325
249, 0.2634833596106604, 0.3651925946370763
250, 0.15425028604651103, 0.9232485989919004
251, 0.47876838888783724, 0.21777473037102224
252, 0.3864381573702965, 0.8847677146819324
253, 0.8932711164535267, 0.46204117254150834
254, 0.9871430033288856, 0.20698228824421683
255, 0.831830209035529, 0.6403273219442849
256, 0.41752286941061767, 0.8066537477433804
257, 0.15761694984944663, 0.7626294109387503
258, 0.33065959500675735, 0.507064326577969
259, 0.8506364054059057, 0.36433656936005787
260, 0.07956487726647365, 0.9526441545020001
261, 0.14792754796701613, 0.020436358822873313
262, 0.8762620977884351, 0.6786542217103486
263, 0.1549850303842627, 0.8312767138440365
264, 0.04465942816553159, 0.6069740328526484
265, 0.7689281642165399, 0.17259559598490537
266, 0.15401960839652495, 0.8833100032403175
267, 0.11252058619894034, 0.27773950475880327
268, 0.30424465985134996, 0.4324603041418036
269, 0.7815304289521914, 0.4445865038628459
270, 0.5191523009177547, 0.999021255714381
271, 0.8849725344141302, 0.28871381233633797
272, 0.5459646144164795, 0.10326429889656363
273, 0.47163419448616495, 0.028015951507861292
274, 0.11648603185525463, 0.7167755155068758
275, 0.21495174663021077, 0.8435939116201333
276, 0.8670111440518237, 0.09952494537464818
277, 0.40497190565879826, 0.7707364505394755
278, 0.1268749006454689, 0.9367437461990533
279, 0.5827926494432601, 0.3175016482129841
280, 0.03079743379569644, 0.4760431541319552
281, 0.1373197165824368, 0.7387123522045547
282, 0.38403512916007454, 0.9625902792946738
283, 0.34486829358510096, 0.8856534466635361
284, 0.6120223075228888, 0.5012349605909011
285, 0.030362917083876173, 0.9930031877952031
286, 0.6350470021108607, 0.9658677720650588
287, 0.7130466215749498, 0.901883350609082
288, 0.18587175100349584, 0.6650932859954254
289, 0.878319825235462, 0.9730760193440977
290, 0.16203173133408333, 0.033780392800066505
291, 0.5503778407365054, 0.189183111434721
292, 0.7167145451667856, 0.6488176550305772
293, 0.8792836804539047, 0.364883230392259
294, 0.9789770416680887, 0.032550777635378725
295, 0.14048907074470984, 0.7383997664230151
296, 0.2379957953193217, 0.012488427797827995
297, 0.8755210235901018, 0.0744431355751346
298, 0.019890867000340262, 0.3749071545634751
299, 0.1417884645010915, 0.755020864467935
300, 0.2842531708118916, 0.05683982678393151
301, 0.19937555889706138, 0.8946670046488905
302, 0.6550475908339561, 0.8316454990850468
303, 0.3752714724217384, 0.7265138435379505
304, 0.3533339567199185, 0.18903284503794815
305, 0.2704646841598759, 0.08956896502573297
306, 0.06346664702505889, 0.5894260358319009
307, 0.25796254467213686, 0.8273100630540686
308, 0.571163862728733, 0.1692384774721183
309, 0.24205600631220436, 0.8984010140801488
310, 0.26233956254076574, 0.6627156285270785
311, 0.4481117106809672, 0.009537502803033782
312, 0.14980578199488448, 0.3665648609373484
313, 0.9141277461744524, 0.5093275212250726
314, 0.6539522708515542, 0.0911148315754412
315, 0.10380155199411667, 0.0581689296450959
316, 0.030018987238237482, 0.8479055498277386
317, 0.7215572603905681, 0.9605755974692053
318, 0.8822790327977539, 0.46827619930196085
319, 0.9516037509755276, 0.9717796238420587
320, 0.8777139009406297, 0.9467382576579916
321, 0.45406055416180224, 0.015350080855931592
322, 0.3924715367753735, 0.5363095594453994
323, 0.2529227055867692, 0.47426621919470613
324, 0.4342409198505107, 0.5228178619373579
325, 0.981210073522523, 0.2841491116915107
326, 0.8125267756329875, 0.2987497245114271
327, 0.8427478052763553, 0.9242364789402436
328, 0.6571470799852648, 0.8338705613531278
329, 0.5849689774430791, 0.03344215212874235
330, 0.3925971199316962, 0.6177028533088208
331, 0.28471767830097094, 0.552069021830851
332, 0.022836079842435186, 0.07777812417680874
333, 0.4762464500893624, 0.30691662061745995
334, 0.42430779986338973, 0.8462711315460683
335, 0.9674466958104967, 0.7851168405334341
336, 0.9994816957684569, 0.8156414050624374
337, 0.6021692817873355, 0.7284370488377082
338, 0.5371742159518184, 0.04599939774928408
339, 0.5227981812688418, 0.18104865144971805
340, 0.040827114934970044, 0.8231080474110549
341, 0.7827484545699267, 0.35798186813613175
342, 0.3645441630026046, 0.9003505134749947
343, 0.6683062907445262, 0.9355597551785725
344, 0.7766772272670273, 0.8416464685695454
345, 0.7869104393957248, 0.21210280014708782
346, 0.9707186171105142, 0.16498470489215145
347, 0.4865360047196109, 0.5010139131166257
348, 0.46403868054022424, 0.3010845544339059
349, 0.6920771702829558, 0.03553048694276717
350, 0.0710976371423565, 0.036977524733012634
351, 0.9088914772814896, 0.5699968085334959
352, 0.6143842914393727, 0.10533641168056496
353, 0.8752941722648981, 0.49144944736608476
354, 0.6496266065332699, 0.4678673353016637
355, 0.07466670624727101, 0.8942933877302424
356, 0.7275308367259006, 0.3015963425253886
357, 0.20652219134090644, 0.10512549092868506
358, 0.8288143117797641, 0.3691121307535855
359, 0.34148708395748373, 0.5775891473857281
360, 0.7410973011572785, 0.46144029801090325
361, 0.46145397839031543, 0.3280264959780318
362, 0.3946431342683162, 0.3289885000147269
363, 0.6268620666642448, 0.700583376937089
364, 0.31697918177929374, 0.3401110576103673
365, 0.3534606382700981, 0.8693231621752563
366, 0.425901703795474, 0.2691809108692531
367, 0.516254077262685, 0.6462680292104815
368, 0.80180123739438, 0.6365575133597942
369, 0.30033890705631283, 0.9143490190594061
370, 0.8597108561365939, 0.8823542511343991
371, 0.5656466943951474, 0.628274686333329
372, 0.02226530065892618, 0.9023731158901023
373, 0.4334975251904233, 0.9723127523053212
374, 0.33856757863192277, 0.7065896600498546
375, 0.2117129530855404, 0.6968591165535168
376, 0.7233020557846229, 0.12073131697048278
377, 0.5483191033352817, 0.7876247723397826
378, 0.5316679259101672, 0.4904668032441484
379, 0.26998090507962913, 0.3221329667580133
380, 0.35495605194192137, 0.3595931332690584
381, 0.6009457253358662, 0.21393774727548587
382, 0.4681666572280728, 0.22163215826046223
383, 0.04451858745721193, 0.584306411872561
384, 0.5370701465029064, 0.18360960940347193
385, 0.3809749247365243, 0.1035164200099411
386, 0.06156455888281054, 0.9085003840153126
387, 0.8726744213156532, 0.7116477176782958
388, 0.3238463415590602, 0.6350627659101342
389, 0.45908473249553916, 0.4018804910168411
390, 0.5413819213747676, 0.7029776937504869
391, 0.584641025030216, 0.5063767926323832
392, 0.11921257085701076, 0.18838133213158126
393, 0.5903900283490279, 0.8663403890962932
394, 0.5110395214032273, 0.8411092573390059
395, 0.18640383960806883, 0.6877984140898636
396, 0.6521612090066496, 0.5705804809814643
397, 0.36751108502897534, 0.052237359988010046
398, 0.11929141825974776, 0.09803474871425732
399, 0.8478947787666652, 0.2323974985786771
400, 0.7307115124309812, 0.786946353388308
401, 0.5790972668054285, 0.7119021490303902
402, 0.7848793948293734, 0.1280944046325323
403, 0.856235123102297, 0.020946590202408744
404, 0.3248202676575458, 0.5379486272691257
405, 0.6347275046914229, 0.766866454135773
406, 0.8051872469357781, 0.7666794892944722
407, 0.969007496165136, 0.6624699370531622
408, 0.9961768048551541, 0.9746282095075396
409, 0.229041466540837, 0.9079049509095767
410, 0.5386293244153295, 0.12144201601261717
411, 0.2533501572963074, 0.11272793341770826
412, 0.299546682020457, 0.7628972322526324
413, 0.4440032223418183, 0.5829350320076084
414, 0.30139561638604506, 0.33104146782711974
415, 0.6551691325398356, 0.7180102366638001
416, 0.003685280197936347, 0.32799637596198516
417, 0.43770457563021437, 0.4963655294163506
418, 0.6175136771849095, 0.4976777426702437
419, 0.4993411701539796, 0.5574434855063491
end_nodes
0, 1
0, 2
0, 3
0, 4
0, 5
0, 6
0, 7
0, 8
0, 9
0, 10
0, 11
0, 12
0, 13
0, 14
0, 15
0, 16
0, 17
0, 18
0, 19
0, 20
21, 1
21, 2
21, 3
21, 4
21, 5
21, 6
21, 7
21, 8
21, 9
21, 10
21, 11
21, 12
21, 13
21, 14
21, 15
21, 16
21, 17
21, 18
21, 19
21, 20
22, 1
22, 2
22, 6
22, 7
22, 8
22, 9
22, 10
22, 14
22, 15
22, 16
22, 17
22, 20
22, 23
22, 27
22, 28
22, 30
22, 32
22, 34
22, 35
22, 36
24, 208
25, 1
25, 2
25, 3
25, 4
25, 5
25, 6
25, 7
25, 8
25, 9
25, 10
25, 11
25, 12
25, 13
25, 14
25, 15
25, 16
25, 17
25, 19
25, 20
25, 23
26, 1
26, 2
26, 3
26, 4
26, 5
26, 6
26, 7
26, 8
26, 9
26, 10
26, 11
26, 12
26, 13
26, 14
26, 15
26, 16
26, 17
26, 18
26, 19
26, 20
29, 1
29, 2
29, 3
29, 4
29, 5
29, 6
29, 7
29, 8
29, 9
29, 10
29, 11
29, 12
29, 13
29, 14
29, 15
29, 16
29, 17
29, 19
29, 20
29, 23
31, 1
31, 2
31, 4
31, 6
31, 7
31, 8
31, 9
31, 10
31, 11
31, 12
31, 13
31, 14
31, 15
31, 16
31, 17
31, 18
31, 20
31, 23
31, 27
31, 28
37, 1
37, 2
37, 4
37, 6
37, 7
37, 8
37, 9
37, 10
37, 11
37, 12
37, 13
37, 14
37, 15
37, 16
37, 17
37, 20
37, 23
37, 27
37, 28
37, 30
39, 192
39, 193
39, 210
41, 2
41, 6
41, 10
41, 15
41, 30
41, 35
41, 57
41, 61
41, 62
41, 63
41, 67
41, 72
41, 73
41, 76
41, 79
41, 86
41, 91
41, 93
41, 105
41, 106
43, 8
43, 15
43, 23
43, 28
43, 32
43, 34
43, 42
43, 49
43, 56
43, 59
43, 60
43, 65
43, 69
43, 83
43, 89
43, 98
43, 108
43, 115
43, 124
43, 134
44, 16
44, 17
46, 1
46, 2
46, 3
46, 4
46, 6
46, 7
46, 8
46, 9
46, 10
46, 11
46, 12
46, 13
46, 14
46, 15
46, 16
46, 17
46, 20
46, 23
46, 27
46, 28
47, 7
47, 9
47, 23
47, 42
47, 54
47, 60
47, 82
47, 83
47, 108
47, 118
47, 154
47, 170
47, 228
47, 254
47, 259
47, 269
47, 271
47, 293
47, 325
47, 358
48, 7
48, 9
48, 23
48, 28
48, 34
48, 42
48, 54
48, 56
48, 60
48, 82
48, 83
48, 98
48, 108
48, 115
48, 118
48, 154
48, 155
48, 163
48, 170
48, 177
51, 1
51, 2
51, 4
51, 6
51, 7
51, 8
51, 9
51, 10
51, 11
51, 12
51, 13
51, 14
51, 15
51, 16
51, 17
51, 18
51, 20
51, 23
51, 27
51, 28
52, 1
52, 2
52, 3
52, 4
52, 5
52, 6
52, 7
52, 8
52, 9
52, 10
52, 11
52, 12
52, 13
52, 14
52, 15
52, 16
52, 17
52, 19
52, 20
52, 23
53, 3
53, 6
53, 7
53, 8
53, 9
53, 10
53, 12
53, 13
53, 15
53, 16
53, 17
53, 20
53, 23
53, 27
53, 28
53, 30
53, 32
53, 34
53, 42
53, 49
55, 28
55, 192
55, 193
55, 210
55, 231
55, 245
55, 294
55, 346
55, 399
64, 1
64, 2
64, 3
64, 4
64, 6
64, 7
64, 8
64, 9
64, 10
64, 11
64, 12
64, 13
64, 14
64, 15
64, 16
64, 17
64, 18
64, 20
64, 23
64, 27
66, 1
66, 2
66, 3
66, 4
66, 6
66, 7
66, 8
66, 9
66, 10
66, 11
66, 12
66, 13
66, 14
66, 15
66, 16
66, 17
66, 18
66, 19
66, 20
66, 23
68, 12
68, 16
68, 17
68, 54
68, 82
68, 118
68, 154
68, 163
68, 178
68, 253
68, 313
68, 318
68, 353
70, 17
70, 119
70, 232
70, 292
70, 313
70, 351
70, 368
74, 1
74, 2
74, 3
74, 4
74, 6
74, 7
74, 8
74, 9
74, 10
74, 12
74, 13
74, 14
74, 15
74, 16
74, 17
74, 20
74, 23
74, 27
74, 28
74, 30
75, 13
75, 387
77, 12
77, 16
77, 17
77, 119
77, 172
77, 227
77, 232
77, 255
77, 292
77, 313
77, 351
77, 368
78, 3
78, 208
78, 335
80, 7
80, 9
80, 23
80, 28
80, 34
80, 42
80, 60
80, 83
80, 98
80, 108
80, 115
80, 155
80, 170
80, 192
80, 193
80, 205
80, 210
80, 231
80, 237
80, 245
84, 7
84, 9
84, 12
84, 16
84, 17
84, 23
84, 42
84, 54
84, 60
84, 82
84, 83
84, 98
84, 108
84, 118
84, 154
84, 163
84, 170
84, 178
84, 193
84, 204
85, 1
85, 2
85, 3
85, 4
85, 6
85, 7
85, 8
85, 9
85, 10
85, 11
85, 12
85, 13
85, 14
85, 15
85, 16
85, 18
85, 20
85, 23
85, 27
85, 28
87, 12
87, 23
87, 42
87, 54
87, 60
87, 82
87, 83
87, 98
87, 108
87, 118
87, 119
87, 154
87, 163
87, 170
87, 178
87, 204
87, 227
87, 228
87, 232
87, 253
88, 12
88, 119
88, 172
88, 178
88, 227
88, 232
88, 253
88, 255
88, 292
88, 313
88, 351
88, 353
88, 368
90, 23
90, 34
90, 60
90, 108
90, 155
90, 170
90, 192
90, 193
90, 210
90, 237
90, 254
90, 294
90, 326
90, 346
90, 399
95, 1
95, 2
95, 4
95, 6
95, 8
95, 10
95, 11
95, 13
95, 14
95, 15
95, 20
95, 27
95, 28
95, 30
95, 32
95, 35
95, 36
95, 38
95, 40
95, 42
96, 28
96, 34
96, 56
96, 60
96, 65
96, 89
96, 98
96, 108
96, 115
96, 155
96, 170
96, 177
96, 187
96, 192
96, 193
96, 205
96, 210
96, 215
96, 231
96, 237
97, 313
97, 353
101, 28
101, 34
101, 42
101, 54
101, 60
101, 82
101, 83
101, 98
101, 108
101, 118
101, 154
101, 155
101, 163
101, 170
101, 178
101, 192
101, 193
101, 204
101, 210
101, 228
102, 1
102, 2
102, 3
102, 4
102, 5
102, 6
102, 8
102, 10
102, 11
102, 13
102, 14
102, 15
102, 19
102, 20
102, 27
102, 28
102, 30
102, 32
102, 33
102, 34
104, 28
104, 34
104, 42
104, 60
104, 83
104, 98
104, 108
104, 155
104, 170
104, 192
104, 193
104, 210
104, 231
104, 237
104, 245
104, 254
104, 259
104, 271
104, 293
104, 294
111, 1
111, 2
111, 3
111, 4
111, 5
111, 6
111, 8
111, 10
111, 11
111, 13
111, 14
111, 18
111, 19
111, 20
111, 27
111, 28
111, 30
111, 32
111, 33
111, 34
114, 1
114, 2
114, 4
114, 11
114, 13
114, 14
114, 20
114, 27
114, 28
114, 30
114, 32
114, 35
114, 36
114, 38
114, 40
114, 42
114, 45
114, 49
114, 50
114, 54
120, 1
120, 3
120, 4
120, 5
120, 11
120, 14
120, 19
120, 27
120, 28
120, 30
120, 32
120, 33
120, 34
120, 35
120, 38
120, 40
120, 42
120, 45
120, 49
120, 50
121, 3
121, 4
121, 11
121, 18
121, 19
121, 27
121, 30
121, 32
121, 33
121, 34
121, 35
121, 36
121, 38
121, 40
121, 42
121, 45
121, 49
121, 50
121, 54
121, 56
127, 34
127, 60
127, 115
127, 155
127, 170
127, 192
127, 193
127, 205
127, 210
127, 231
127, 245
127, 276
127, 294
127, 326
127, 346
127, 399
128, 27
128, 30
128, 32
128, 34
128, 42
128, 49
128, 56
128, 59
128, 60
128, 65
128, 69
128, 72
128, 73
128, 79
128, 83
128, 89
128, 91
128, 93
128, 98
128, 100
138, 34
138, 42
138, 60
138, 83
138, 98
138, 108
138, 155
138, 170
138, 192
138, 193
138, 210
138, 231
138, 237
138, 245
138, 254
138, 271
138, 294
138, 326
138, 341
138, 346
139, 11
139, 27
139, 30
139, 32
139, 35
139, 36
139, 38
139, 40
139, 42
139, 49
139, 54
139, 56
139, 57
139, 58
139, 59
139, 60
139, 61
139, 62
139, 63
139, 65
141, 99
141, 172
141, 208
141, 209
141, 211
141, 223
141, 262
141, 387
141, 407
142, 3
142, 18
142, 27
142, 30
142, 32
142, 33
142, 34
142, 35
142, 36
142, 38
142, 40
142, 42
142, 45
142, 49
142, 50
142, 54
142, 56
142, 57
142, 58
142, 59
144, 3
144, 5
144, 19
144, 27
144, 30
144, 32
144, 33
144, 34
144, 35
144, 38
144, 40
144, 42
144, 45
144, 49
144, 50
144, 54
144, 56
144, 57
144, 58
144, 59
145, 27
145, 30
145, 32
145, 34
145, 42
145, 49
145, 54
145, 56
145, 59
145, 60
145, 65
145, 69
145, 72
145, 79
145, 82
145, 83
145, 89
145, 98
145, 100
145, 107
148, 30
148, 32
148, 35
148, 49
148, 56
148, 57
148, 61
148, 62
148, 63
148, 67
148, 72
148, 73
148, 76
148, 79
148, 86
148, 89
148, 91
148, 93
148, 94
148, 100
149, 3
149, 19
149, 33
149, 45
149, 58
149, 99
149, 122
149, 131
149, 133
149, 157
149, 172
149, 179
149, 208
149, 209
149, 211
149, 223
149, 229
149, 241
149, 262
149, 302
150, 32
150, 49
150, 56
150, 89
150, 113
150, 124
150, 129
150, 134
150, 140
150, 161
150, 180
150, 182
150, 183
150, 184
150, 188
150, 224
150, 265
150, 279
150, 308
150, 314
158, 18
158, 30
158, 32
158, 33
158, 34
158, 35
158, 36
158, 38
158, 40
158, 42
158, 45
158, 49
158, 50
158, 54
158, 56
158, 57
158, 58
158, 59
158, 60
158, 61
164, 30
164, 32
164, 35
164, 36
164, 38
164, 49
164, 54
164, 56
164, 57
164, 59
164, 60
164, 61
164, 62
164, 63
164, 65
164, 67
164, 69
164, 71
164, 72
164, 73
165, 30
165, 32
165, 35
165, 36
165, 38
165, 49
165, 54
165, 56
165, 57
165, 59
165, 60
165, 61
165, 62
165, 63
165, 65
165, 67
165, 69
165, 71
165, 72
165, 73
167, 5
167, 18
167, 19
167, 32
167, 33
167, 35
167, 36
167, 38
167, 40
167, 45
167, 49
167, 50
167, 54
167, 56
167, 57
167, 58
167, 59
167, 60
167, 61
167, 62
168, 49
168, 56
168, 59
168, 60
168, 65
168, 69
168, 83
168, 89
168, 98
168, 107
168, 108
168, 113
168, 115
168, 124
168, 129
168, 134
168, 140
168, 147
168, 155
168, 161
169, 49
169, 54
169, 56
169, 65
169, 82
169, 83
169, 89
169, 98
169, 99
169, 108
169, 115
169, 118
169, 119
169, 124
169, 134
169, 140
169, 154
169, 155
169, 161
169, 163
171, 19
171, 33
171, 35
171, 36
171, 38
171, 40
171, 45
171, 49
171, 54
171, 56
171, 57
171, 59
171, 61
171, 62
171, 63
171, 65
171, 67
171, 69
171, 71
171, 72
174, 83
174, 98
174, 108
174, 155
174, 170
174, 192
174, 193
174, 210
174, 231
174, 237
174, 245
174, 254
174, 259
174, 271
174, 294
174, 325
174, 326
174, 341
174, 346
174, 358
175, 49
175, 56
175, 59
175, 65
175, 69
175, 89
175, 107
175, 113
175, 115
175, 124
175, 129
175, 134
175, 140
175, 155
175, 161
175, 177
175, 180
175, 182
175, 183
175, 184
176, 19
176, 33
176, 35
176, 36
176, 38
176, 40
176, 45
176, 54
176, 56
176, 57
176, 58
176, 59
176, 61
176, 62
176, 63
176, 65
176, 67
176, 69
176, 71
176, 72
181, 54
181, 82
181, 99
181, 118
181, 119
181, 154
181, 157
181, 163
181, 172
181, 178
181, 197
181, 203
181, 208
181, 209
181, 211
181, 223
181, 227
181, 229
181, 232
181, 253
191, 65
191, 89
191, 115
191, 134
191, 140
191, 177
191, 187
191, 192
191, 193
191, 205
191, 210
191, 215
191, 231
191, 245
191, 265
191, 276
191, 294
191, 297
191, 345
191, 356
194, 5
194, 18
194, 19
194, 33
194, 35
194, 36
194, 38
194, 40
194, 45
194, 50
194, 57
194, 58
194, 59
194, 61
194, 62
194, 63
194, 65
194, 67
194, 69
194, 71
199, 59
199, 65
199, 67
199, 69
199, 72
199, 73
199, 76
199, 79
199, 83
199, 89
199, 91
199, 93
199, 98
199, 100
199, 103
199, 107
199, 108
199, 112
199, 113
199, 115
200, 65
200, 83
200, 89
200, 98
200, 108
200, 115
200, 155
200, 170
200, 177
200, 187
200, 192
200, 193
200, 205
200, 210
200, 215
200, 231
200, 237
200, 245
200, 254
200, 265
202, 5
202, 18
202, 19
202, 33
202, 35
202, 38
202, 40
202, 45
202, 50
202, 57
202, 58
202, 59
202, 61
202, 62
202, 63
202, 65
202, 67
202, 69
202, 71
202, 72
206, 18
206, 19
206, 33
206, 35
206, 36
206, 38
206, 40
206, 45
206, 50
206, 57
206, 58
206, 59
206, 61
206, 62
206, 63
206, 65
206, 67
206, 69
206, 71
206, 72
212, 35
212, 36
212, 38
212, 57
212, 59
212, 61
212, 62
212, 63
212, 65
212, 67
212, 69
212, 71
212, 72
212, 73
212, 76
212, 79
212, 82
212, 83
212, 86
212, 89
217, 65
217, 82
217, 83
217, 98
217, 108
217, 115
217, 118
217, 154
217, 155
217, 163
217, 170
217, 177
217, 178
217, 187
217, 192
217, 193
217, 204
217, 205
217, 210
217, 215
219, 36
219, 38
219, 57
219, 59
219, 61
219, 62
219, 63
219, 67
219, 69
219, 71
219, 72
219, 73
219, 76
219, 79
219, 82
219, 83
219, 86
219, 89
219, 91
219, 93
220, 89
220, 115
220, 134
220, 140
220, 155
220, 170
220, 177
220, 184
220, 187
220, 192
220, 193
220, 205
220, 210
220, 215
220, 231
220, 245
220, 254
220, 265
220, 276
220, 294
221, 18
221, 33
221, 36
221, 38
221, 40
221, 45
221, 50
221, 57
221, 58
221, 61
221, 62
221, 63
221, 67
221, 69
221, 71
221, 72
221, 73
221, 76
221, 79
221, 81
225, 5
225, 18
225, 19
225, 33
225, 36
225, 38
225, 40
225, 45
225, 50
225, 57
225, 58
225, 61
225, 62
225, 63
225, 67
225, 69
225, 71
225, 72
225, 73
225, 76
230, 18
230, 33
230, 36
230, 40
230, 45
230, 50
230, 57
230, 58
230, 61
230, 62
230, 63
230, 67
230, 69
230, 71
230, 72
230, 73
230, 76
230, 79
230, 81
230, 82
233, 83
233, 98
233, 108
233, 155
233, 170
233, 193
233, 210
233, 228
233, 237
233, 254
233, 259
233, 269
233, 271
233, 293
233, 325
233, 341
233, 346
233, 358
233, 360
234, 5
234, 18
234, 33
234, 40
234, 45
234, 50
234, 57
234, 58
234, 61
234, 62
234, 63
234, 67
234, 69
234, 71
234, 72
234, 73
234, 76
234, 79
234, 81
234, 82
242, 33
242, 36
242, 45
242, 58
242, 61
242, 62
242, 63
242, 67
242, 69
242, 71
242, 72
242, 73
242, 76
242, 79
242, 81
242, 82
242, 86
242, 89
242, 91
242, 93
244, 33
244, 40
244, 45
244, 50
244, 58
244, 61
244, 62
244, 63
244, 67
244, 71
244, 72
244, 73
244, 76
244, 79
244, 81
244, 82
244, 86
244, 89
244, 91
244, 92
250, 5
250, 40
250, 45
250, 50
250, 58
250, 62
250, 63
250, 67
250, 71
250, 72
250, 73
250, 76
250, 79
250, 81
250, 82
250, 86
250, 89
250, 91
250, 92
250, 93
252, 50
252, 58
252, 63
252, 67
252, 71
252, 73
252, 76
252, 79
252, 81
252, 82
252, 86
252, 89
252, 91
252, 92
252, 93
252, 94
252, 98
252, 99
252, 100
252, 103
256, 58
256, 73
256, 76
256, 79
256, 82
256, 89
256, 91
256, 93
256, 98
256, 99
256, 100
256, 103
256, 107
256, 108
256, 109
256, 112
256, 113
256, 115
256, 116
256, 118
257, 50
257, 58
257, 71
257, 73
257, 76
257, 79
257, 81
257, 82
257, 86
257, 91
257, 92
257, 93
257, 94
257, 99
257, 100
257, 103
257, 105
257, 106
257, 107
257, 108
260, 50
260, 71
260, 73
260, 76
260, 79
260, 81
260, 86
260, 91
260, 92
260, 93
260, 94
260, 99
260, 100
260, 103
260, 105
260, 106
260, 107
260, 109
260, 110
260, 112
263, 5
263, 50
263, 71
263, 73
263, 76
263, 79
263, 81
263, 86
263, 91
263, 92
263, 93
263, 94
263, 99
263, 100
263, 103
263, 105
263, 106
263, 107
263, 109
263, 110
266, 5
266, 76
266, 79
266, 81
266, 86
266, 91
266, 92
266, 93
266, 94
266, 99
266, 100
266, 103
266, 105
266, 106
266, 107
266, 109
266, 110
266, 112
266, 113
266, 115
270, 76
270, 79
270, 81
270, 86
270, 91
270, 92
270, 93
270, 94
270, 99
270, 100
270, 103
270, 105
270, 106
270, 107
270, 109
270, 110
270, 112
270, 113
270, 115
270, 116
275, 5
275, 76
275, 81
275, 86
275, 91
275, 92
275, 93
275, 94
275, 99
275, 100
275, 103
275, 105
275, 106
275, 107
275, 109
275, 110
275, 112
275, 113
275, 115
275, 116
277, 91
277, 93
277, 99
277, 100
277, 103
277, 107
277, 109
277, 112
277, 113
277, 115
277, 116
277, 118
277, 119
277, 124
277, 129
277, 134
277, 135
277, 136
277, 140
277, 146
278, 81
278, 86
278, 91
278, 92
278, 93
278, 94
278, 99
278, 100
278, 103
278, 105
278, 106
278, 107
278, 109
278, 110
278, 112
278, 113
278, 115
278, 116
278, 117
278, 118
282, 81
282, 86
282, 91
282, 92
282, 93
282, 94
282, 99
282, 100
282, 103
282, 105
282, 106
282, 107
282, 109
282, 110
282, 112
282, 113
282, 115
282, 116
282, 117
282, 118
283, 81
283, 86
283, 91
283, 92
283, 93
283, 94
283, 99
283, 100
283, 103
283, 105
283, 106
283, 107
283, 109
283, 110
283, 112
283, 113
283, 116
283, 117
283, 118
283, 119
284, 155
284, 170
284, 177
284, 187
284, 192
284, 193
284, 205
284, 210
284, 215
284, 231
284, 237
284, 245
284, 254
284, 259
284, 271
284, 276
284, 294
284, 297
284, 325
284, 326
285, 81
285, 86
285, 92
285, 93
285, 94
285, 99
285, 100
285, 103
285, 105
285, 106
285, 107
285, 109
285, 110
285, 112
285, 113
285, 116
285, 117
285, 118
285, 119
285, 122
286, 81
286, 86
286, 92
286, 94
286, 99
286, 100
286, 103
286, 105
286, 106
286, 107
286, 109
286, 110
286, 112
286, 113
286, 116
286, 117
286, 118
286, 122
286, 123
286, 124
299, 81
299, 86
299, 94
299, 100
299, 103
299, 105
299, 106
299, 107
299, 109
299, 110
299, 112
299, 113
299, 116
299, 117
299, 118
299, 124
299, 129
299, 130
299, 132
299, 134
301, 5
301, 81
301, 92
301, 94
301, 99
301, 100
301, 103
301, 105
301, 106
301, 107
301, 109
301, 110
301, 112
301, 113
301, 116
301, 117
301, 118
301, 119
301, 122
301, 123
303, 103
303, 107
303, 109
303, 112
303, 113
303, 116
303, 118
303, 119
303, 124
303, 129
303, 134
303, 135
303, 136
303, 140
303, 146
303, 147
303, 152
303, 153
303, 154
303, 155
307, 92
307, 94
307, 99
307, 103
307, 105
307, 106
307, 109
307, 110
307, 112
307, 113
307, 116
307, 117
307, 118
307, 119
307, 122
307, 123
307, 124
307, 125
307, 126
307, 129
309, 92
309, 94
309, 103
309, 105
309, 106
309, 109
309, 110
309, 112
309, 113
309, 116
309, 117
309, 119
309, 122
309, 123
309, 124
309, 125
309, 126
309, 129
309, 130
309, 131
310, 94
310, 105
310, 106
310, 109
310, 110
310, 112
310, 113
310, 116
310, 117
310, 124
310, 129
310, 134
310, 135
310, 136
310, 140
310, 146
310, 147
310, 151
310, 152
310, 153
316, 92
316, 94
316, 105
316, 106
316, 109
316, 110
316, 112
316, 116
316, 117
316, 119
316, 122
316, 123
316, 124
316, 125
316, 126
316, 129
316, 130
316, 131
316, 132
316, 133
330, 112
330, 116
330, 124
330, 129
330, 134
330, 135
330, 140
330, 147
330, 155
330, 160
330, 161
330, 170
330, 177
330, 180
330, 182
330, 183
330, 184
330, 185
330, 187
330, 188
334, 92
334, 94
334, 105
334, 106
334, 109
334, 110
334, 116
334, 117
334, 119
334, 122
334, 124
334, 125
334, 126
334, 129
334, 130
334, 131
334, 132
334, 133
334, 134
334, 135
337, 119
337, 172
337, 197
337, 203
337, 209
337, 211
337, 223
337, 232
337, 255
337, 262
337, 292
337, 313
337, 351
337, 368
337, 387
337, 407
337, 415
340, 92
340, 105
340, 106
340, 110
340, 116
340, 117
340, 119
340, 122
340, 123
340, 124
340, 125
340, 126
340, 129
340, 130
340, 131
340, 132
340, 133
340, 134
340, 135
340, 136
342, 110
342, 116
342, 117
342, 119
342, 122
342, 123
342, 124
342, 125
342, 126
342, 129
342, 130
342, 131
342, 132
342, 133
342, 134
342, 135
342, 136
342, 137
342, 140
342, 143
347, 124
347, 129
347, 134
347, 140
347, 161
347, 177
347, 180
347, 182
347, 183
347, 184
347, 187
347, 188
347, 205
347, 215
347, 224
347, 231
347, 265
347, 272
347, 276
347, 279
354, 155
354, 170
354, 192
354, 193
354, 205
354, 210
354, 231
354, 237
354, 245
354, 254
354, 271
354, 276
354, 294
354, 297
354, 326
354, 341
354, 346
354, 399
355, 110
355, 117
355, 119
355, 122
355, 123
355, 124
355, 125
355, 126
355, 129
355, 130
355, 131
355, 132
355, 133
355, 134
355, 135
355, 136
355, 137
355, 140
355, 143
355, 146
363, 119
363, 172
363, 197
363, 203
363, 209
363, 223
363, 227
363, 232
363, 255
363, 292
363, 313
363, 351
363, 368
365, 117
365, 122
365, 123
365, 124
365, 125
365, 126
365, 129
365, 130
365, 131
365, 132
365, 133
365, 134
365, 135
365, 136
365, 137
365, 140
365, 143
365, 146
365, 147
365, 151
367, 134
367, 140
367, 154
367, 163
367, 170
367, 177
367, 178
367, 180
367, 184
367, 187
367, 192
367, 193
367, 204
367, 205
367, 210
367, 215
367, 228
367, 231
367, 237
367, 245
369, 117
369, 122
369, 123
369, 125
369, 126
369, 129
369, 130
369, 131
369, 132
369, 133
369, 134
369, 135
369, 136
369, 137
369, 140
369, 143
369, 146
369, 147
369, 151
369, 152
371, 154
371, 163
371, 178
371, 192
371, 193
371, 204
371, 205
371, 210
371, 228
371, 231
371, 237
371, 245
371, 253
371, 254
371, 259
371, 269
371, 271
371, 276
371, 293
371, 294
372, 117
372, 122
372, 123
372, 125
372, 126
372, 129
372, 130
372, 131
372, 132
372, 133
372, 135
372, 136
372, 137
372, 140
372, 143
372, 146
372, 147
372, 151
372, 152
372, 153
373, 117
373, 122
373, 123
373, 125
373, 129
373, 130
373, 131
373, 132
373, 133
373, 135
373, 136
373, 137
373, 140
373, 143
373, 146
373, 147
373, 151
373, 152
373, 153
373, 154
374, 117
374, 135
374, 136
374, 140
374, 146
374, 147
374, 152
374, 153
374, 154
374, 159
374, 160
374, 161
374, 163
374, 166
374, 173
374, 177
374, 178
374, 180
374, 182
374, 183
375, 135
375, 136
375, 140
375, 146
375, 147
375, 151
375, 152
375, 153
375, 159
375, 160
375, 161
375, 162
375, 166
375, 173
375, 177
375, 180
375, 182
375, 183
375, 184
375, 185
377, 157
377, 172
377, 208
377, 209
377, 211
377, 223
377, 229
377, 232
377, 255
377, 262
377, 335
377, 336
377, 351
377, 368
377, 387
377, 400
377, 406
377, 407
378, 161
378, 177
378, 180
378, 182
378, 183
378, 184
378, 187
378, 188
378, 192
378, 205
378, 210
378, 215
378, 231
378, 245
378, 265
378, 276
378, 279
378, 294
378, 297
378, 314
386, 122
386, 123
386, 125
386, 126
386, 130
386, 131
386, 132
386, 133
386, 135
386, 136
386, 137
386, 143
386, 146
386, 147
386, 151
386, 152
386, 153
386, 154
386, 156
386, 157
388, 135
388, 136
388, 146
388, 147
388, 152
388, 153
388, 159
388, 160
388, 161
388, 173
388, 177
388, 180
388, 182
388, 183
388, 184
388, 185
388, 187
388, 188
388, 189
388, 192
390, 154
390, 163
390, 172
390, 178
390, 197
390, 203
390, 204
390, 209
390, 223
390, 227
390, 228
390, 232
390, 237
390, 253
390, 254
390, 255
390, 259
390, 269
390, 271
390, 292
391, 177
391, 187
391, 205
391, 215
391, 231
391, 237
391, 245
391, 254
391, 265
391, 271
391, 276
391, 294
391, 297
391, 325
391, 326
391, 341
391, 345
391, 346
391, 356
391, 358
396, 154
396, 163
396, 178
396, 204
396, 228
396, 253
396, 254
396, 259
396, 269
396, 271
396, 293
396, 318
396, 325
396, 346
396, 358
396, 360
401, 154
401, 163
401, 172
401, 178
401, 197
401, 203
401, 209
401, 223
401, 227
401, 232
401, 253
401, 255
401, 262
401, 292
401, 313
401, 318
401, 351
401, 353
401, 368
401, 407
405, 172
405, 208
405, 211
405, 229
405, 262
405, 387
405, 406
405, 407
409, 122
409, 123
409, 125
409, 126
409, 130
409, 131
409, 132
409, 133
409, 135
409, 136
409, 137
409, 143
409, 146
409, 147
409, 151
409, 152
409, 153
409, 154
409, 156
409, 157
412, 130
412, 132
412, 135
412, 136
412, 146
412, 147
412, 151
412, 152
412, 153
412, 154
412, 159
412, 160
412, 161
412, 162
412, 163
412, 166
412, 172
412, 173
412, 177
412, 178
413, 147
413, 161
413, 177
413, 180
413, 182
413, 183
413, 184
413, 187
413, 188
413, 189
413, 205
413, 215
413, 224
413, 231
413, 237
413, 245
413, 251
413, 254
413, 265
413, 271
418, 177
418, 187
418, 205
418, 231
418, 237
418, 245
418, 254
418, 259
418, 271
418, 276
418, 294
418, 297
418, 325
418, 326
418, 341
418, 345
418, 346
418, 356
418, 358
418, 399
419, 161
419, 177
419, 180
419, 182
419, 183
419, 184
419, 187
419, 188
419, 205
419, 215
419, 231
419, 237
419, 245
419, 254
419, 259
419, 265
419, 271
419, 276
419, 279
419, 294
end