320
4
0, 0.581846223169423, 0.4807152641057366
1, 0.8294672771809185, 0.659769145456523
2, 0.3340677403539448, 0.7093865909225041
3, 0.9015132840670476, 0.8800433735789186
4, 0.24281159454372658, 0.04873295746444117
5, 0.7163598516736764, 0.960918024387017
6, 0.16808718480843954, 0.7168181375438324
7, 0.05792564532607991, 0.3034932563818171
8, 0.7998951283939029, 0.9903612895910819
9, 0.77116257343446, 0.24487221168006357
10, 0.8666712671164795, 0.8812571307387179
11, 0.839485863559929, 0.4274770157235337
12, 0.19214167868315535, 0.5495147989665543
13, 0.8024975137791255, 0.6452313727666221
14, 0.5118830725613419, 0.0672212336062572
15, 0.8123276210614396, 0.139560083233493
16, 0.3042702458726735, 0.3398873951928706
17, 0.0739963265604453, 0.6788341463684591
18, 0.34030401217763273, 0.792293882923431
19, 0.6241074948943132, 0.5427303334857798
20, 0.0623349335375486, 0.3060378158262852
21, 0.5641477569417701, 0.6713424732428097
22, 0.2581197382919579, 0.39437779112923266
23, 0.06005751813118321, 0.2620960229232716
24, 0.2447994002429671, 0.9241400443624482
25, 0.873918342612709, 0.5858377176442073
26, 0.6367085852063501, 0.11170525569797829
27, 0.0034335407643791838, 0.16560561219658132
28, 0.03786800148330305, 0.5394775797406004
29, 0.2990105023496943, 0.1025557242634264
30, 0.6420229309140878, 0.0733211173411622
31, 0.6948997806476033, 0.17430599180594852
32, 0.6936658018964729, 0.49789015104315915
33, 0.6946075183968412, 0.24190659428586747
34, 0.44901996982781145, 0.0431680905730325
35, 0.9301178830001603, 0.09929368248377046
36, 0.33392611177713893, 0.4726685588218176
37, 0.9067936870851606, 0.27136553868899893
38, 0.11888898424070249, 0.939372011142981
39, 0.8597424899156185, 0.6200782324669994
40, 0.45187157769202324, 0.17506568303456516
41, 0.08516162585254827, 0.1445931057190175
42, 0.46157679584687816, 0.5265912113432918
43, 0.846929323379048, 0.06378571704953895
44, 0.12297126489163734, 0.6923810557327355
45, 0.2727349264179124, 0.5527776982062428
46, 0.3652419914842674, 0.37289077428422546
47, 0.7116053507017498, 0.3005660073455544
48, 0.9274522238513924, 0.8557930870975707
49, 0.8698908244828517, 0.8019229736272588
50, 0.5432744435119522, 0.43082036855850514
51, 0.44990529789138334, 0.3344293593297035
52, 0.1937590478323995, 0.4858450197046035
53, 0.5542052340958181, 0.5361252650903938
54, 0.20879945595562677, 0.08740088961501236
55, 0.511509224121783, 0.9520565804255605
56, 0.38388284272179407, 0.08606962930216522
57, 0.41291037550999743, 0.5102240871190709
58, 0.16871868783706534, 0.23904246784080674
59, 0.02956410485252925, 0.8865452549363888
60, 0.7229631641660048, 0.8503201434490569
61, 0.4887308074318797, 0.6707207268005841
62, 0.5110288815729382, 0.8567437904222607
63, 0.42371801748561777, 0.6999348068676283
64, 0.15542279822627703, 0.8794862976557057
65, 0.34351461002804373, 0.4035160947101254
66, 0.5468935858625159, 0.17715337424244137
67, 0.9373870980113423, 0.5904795816243698
68, 0.767559539240208, 0.3275471760921611
69, 0.07360560424122631, 0.0724183028792934
70, 0.13143357072552309, 0.30531653618781907
71, 0.760177354933549, 0.9356631351698118
72, 0.39282203733616294, 0.3150186434553499
73, 0.8027558745812263, 0.7014001079857912
74, 0.0016183127331741431, 0.5469193063372417
75, 0.8231632492735408, 0.7904713623695437
76, 0.44761473345509895, 0.06718235480004342
77, 0.7241118955423123, 0.5198136686956688
78, 0.5274610476291641, 0.9263046818996004
79, 0.768748234704353, 0.45543683693481707
80, 0.7094232239731517, 0.8106661766035336
81, 0.538095388129165, 0.8711461924731132
82, 0.20281391315900066, 0.33990287942565134
83, 0.7286136230095642, 0.39900416519894255
84, 0.594298427451589, 0.8669041228966021
85, 0.07995702427142082, 0.45495474785995116
86, 0.8056803933490938, 0.0015487379652723288
87, 0.5580961687209277, 0.712790643255058
88, 0.5504220226350047, 0.7774427428138694
89, 0.8134741217261781, 0.6378268800216949
90, 0.538814586797397, 0.26576314700734793
91, 0.13788137414849289, 0.15701386563574704
92, 0.5329215534437962, 0.15447509985212882
93, 0.24443059442464554, 0.06108271515762265
94, 0.50164369125576, 0.8352870186533364
95, 0.2609801738955575, 0.989940580565756
96, 0.4632517328610377, 0.8026468350645144
97, 0.6074944844629434, 0.5273623320773446
98, 0.893476964952208, 0.3644663396875625
99, 0.9402866989739369, 0.398871910036218
100, 0.6595637960791068, 0.8448365022842372
101, 0.33361628669587007, 0.567151964958533
102, 0.3538494751517286, 0.531302437843512
103, 0.8604722065759023, 0.7913368594399619
104, 0.8263710518580644, 0.9683631328746048
105, 0.19548598116900118, 0.3130278075784214
106, 0.9318268566683977, 0.3944981735517602
107, 0.17076463972714306, 0.6547083289161232
108, 0.054236155653741513, 0.011397386741979987
109, 0.07271201064612065, 0.8823479215628705
110, 0.6462962994558256, 0.5849042094410094
111, 0.9122353059458892, 0.10836914311539858
112, 0.1901180928988594, 0.8052029958147893
113, 0.6016414374822538, 0.2533439872873482
114, 0.18014945828247364, 0.16587751725928646
115, 0.6357522817815243, 0.2883803985066843
116, 0.8978212994012102, 0.3083976176127121
117, 0.8112588428425542, 0.4105432352250068
118, 0.8161396150009178, 0.3889862555353589
119, 0.1795817793562675, 0.046402579087793994
120, 0.08497276915650342, 0.4724193172660819
121, 0.8002908148264595, 0.3508268326892423
122, 0.6318972008124463, 0.547164039645815
123, 0.2944899619436637, 0.03889405128671852
124, 0.4766777562375718, 0.3994465769370037
125, 0.2740928180636729, 0.18236096935440405
126, 0.8858428153536825, 0.4792053843848425
127, 0.4952757014171296, 0.230252194382074
128, 0.026459062997783445, 0.657050231368526
129, 0.260109085424994, 0.81647457931588
130, 0.5962353928469163, 0.4879744728388957
131, 0.09538206111162717, 0.31352588449521845
132, 0.4855843409623224, 0.9512695454142926
133, 0.5094146168068489, 0.7224360410815497
134, 0.6259952998575669, 0.5480305247233098
135, 0.8155541511936893, 0.687309593332417
136, 0.6297406810801347, 0.5286324156050769
137, 0.05944722494857124, 0.15671699931171934
138, 0.6071941022468781, 0.46977410154770327
139, 0.9684708263921944, 0.9986080343881094
140, 0.26971111778547496, 0.3626811083053927
141, 0.10394336456781395, 0.3269809498004278
142, 0.7861401767006567, 0.25929198994281333
143, 0.5577581997255291, 0.8485227066224696
144, 0.43844403303072155, 0.3331735088110468
145, 0.876384616959426, 0.6648624325675805
146, 0.6027745304967852, 0.830101031548455
147, 0.7107684708618791, 0.1622680555304239
148, 0.09414512149165388, 0.11260763749586822
149, 0.10386930833185948, 0.4233497227117694
150, 0.6355963686545689, 0.01985363560554454
151, 0.26416299337387494, 0.9630732886728651
152, 0.3981313285301119, 0.29283522825616126
153, 0.8085473932388502, 0.07316340192366888
154, 0.20595675644943, 0.01127228584707729
155, 0.5507546006676384, 0.8950144543376464
156, 0.8287292063622621, 0.7627842570287844
157, 0.2600818422096348, 0.693375083708814
158, 0.4194128848432115, 0.1763747903449966
159, 0.9709503029487832, 0.48336488000324573
160, 0.9094154609282606, 0.5581738164317207
161, 0.4300664971349376, 0.8533115997788888
162, 0.928918305541776, 0.9593112290918856
163, 0.9075593679069488, 0.7713170365946352
164, 0.5519341787028433, 0.7331883935739865
165, 0.8985743296391275, 0.30298895673926285
166, 0.8399200220360553, 0.2505948344524759
167, 0.8768082174797881, 0.9926103614718171
168, 0.33234724609544597, 0.9079845083986274
169, 0.25422857603185334, 0.8205789512424667
170, 0.011451350540950811, 0.30367820617162744
171, 0.9881986797319869, 0.006672870583747215
172, 0.8429943001851394, 0.019707705696997313
173, 0.7546547858601139, 0.6248386292054002
174, 0.3905051750879486, 0.43570010369375
175, 0.051410268715878504, 0.11883770579162423
176, 0.315180154600902, 0.9742632714163668
177, 0.9946314050904886, 0.5490356433098037
178, 0.453633668491631, 0.5121555483014079
179, 0.14374910518027728, 0.1797091394799376
180, 0.544102192492349, 0.8933832923509348
181, 0.7849292697454466, 0.8160110460779756
182, 0.7059196872365551, 0.42889697377248714
183, 0.3067246692510306, 0.7233105074724613
184, 0.60266289428398, 0.9751493958046968
185, 0.4801465502533455, 0.03324039634089837
186, 0.621888399764527, 0.9882296697114764
187, 0.8953313272482702, 0.5413951603066905
188, 0.13100761080576528, 0.06734634879861923
189, 0.7854819386661283, 0.7370009422109045
190, 0.7188626708551885, 0.8980500918134187
191, 0.2628352699334372, 0.6352342265552733
192, 0.7310404805730567, 0.4051351165972039
193, 0.8675993580036424, 0.5387918714062044
194, 0.6973801971864075, 0.5341045555393293
195, 0.9912355328759765, 0.5106265778352092
196, 0.8542071451071361, 0.3883934814603005
197, 0.5967569805570452, 0.044449124278321595
198, 0.5015035772544463, 0.47066231319258744
199, 0.8409459931188892, 0.14723690966189695
200, 0.24323517414936224, 0.35779188448482424
201, 0.8477438596183039, 0.7977377306513351
202, 0.7462351909795573, 0.37705787442949634
203, 0.8848329894749526, 0.7712704724155242
204, 0.009082234885412599, 0.011101923532901736
205, 0.8073363248536013, 0.08189595374360437
206, 0.5108720641289873, 0.10367723057973321
207, 0.692451071035446, 0.2992483801997905
208, 0.873963032187406, 0.892813656981114
209, 0.6769135695080112, 0.7126539983099763
210, 0.8468129491226398, 0.8475451751080875
211, 0.5447406018292206, 0.7802241192609977
212, 0.6084716149465985, 0.8662241949802618
213, 0.04157799177735921, 0.9303798170911154
214, 0.5721629168386657, 0.5671311635405203
215, 0.115679738848801, 0.3503174630996584
216, 0.3540829532406292, 0.9987299839136181
217, 0.3914549683077627, 0.12288284636554436
218, 0.669980602135059, 0.037693724632202885
219, 0.6375644154567692, 0.48401616309593987
220, 0.06472773664624798, 0.18941907518561707
221, 0.0596487177437901, 0.3200926538012798
222, 0.3200600591171813, 0.22485977799208146
223, 0.19120503301064995, 0.2638633244490297
224, 0.41527352740104173, 0.6523008893192079
225, 0.5444891936056364, 0.3127057028683018
226, 0.4258604115524145, 0.85148747688076
227, 0.9826251463548914, 0.5863047759354633
228, 0.7947591499563822, 0.4849654947284575
229, 0.7623666622253497, 0.8341413460924795
230, 0.2734048421778992, 0.7322461712856344
231, 0.25925043179903173, 0.26491305510413043
232, 0.49183345822376257, 0.17571360576248918
233, 0.689744631863339, 0.45458726230051094
234, 0.4654638488177042, 0.3222666756519177
235, 0.5169371486377983, 0.5442638257024659
236, 0.09905009268418252, 0.07177560624781143
237, 0.06615981717804953, 0.642830472337113
238, 0.8360099560650601, 0.9843938493286353
239, 0.215659033343796, 0.16515496971714694
240, 0.4380570330286746, 0.14902339256881403
241, 0.44660615414558624, 0.9047056582949832
242, 0.9822746444348783, 0.18460583448466772
243, 0.9428319616657176, 0.7438767489302712
244, 0.3366148927841234, 0.14939145139703958
245, 0.3761601890087849, 0.4768949122639643
246, 0.11173996303447631, 0.6864694346625372
247, 0.62238606436859, 0.10132222916195299
248, 0.5805284603367052, 0.9824127186437447
249, 0.9203304750688797, 0.35323258564688076
250, 0.813608676762613, 0.5781949571043589
251, 0.1312627545230225, 0.7224476341371946
252, 0.38157344928337256, 0.44227981508331693
253, 0.4880172844256495, 0.3350483467048806
254, 0.1531588284427995, 0.6883070813502559
255, 0.2347667653100376, 0.34338739239904437
256, 0.7942801447585522, 0.5449332453642742
257, 0.8085890065668488, 0.8060860738497501
258, 0.6144051358158379, 0.28997317554217406
259, 0.4533678929203676, 0.22165319268486905
260, 0.9144426397107958, 0.12639995999193732
261, 0.35017370457167074, 0.2639063784615657
262, 0.5159332312528281, 0.7293306541174087
263, 0.9537643416564436, 0.7614401366167254
264, 0.1391607269811116, 0.13234703097260547
265, 0.1619774510372598, 0.5522493409848266
266, 0.565575804704756, 0.500591247194776
267, 0.5375555131214762, 0.12196252221702752
268, 0.45588727394494555, 0.6085516944496512
269, 0.1892585756384878, 0.08086980727367743
270, 0.8503531328652917, 0.4117869832711831
271, 0.7195850869276238, 0.49601761706947156
272, 0.7162313311473435, 0.15933208818127786
273, 0.539161264776284, 0.010576328482925446
274, 0.6665938961002706, 0.5538514736675629
275, 0.8061122262876044, 0.11409141429074987
276, 0.34701984866100255, 0.49972359363573104
277, 0.014224889682122321, 0.3508748558165572
278, 0.7104506122489028, 0.11743600677877886
279, 0.39028039775887546, 0.05326285637722028
280, 0.5625429761243523, 0.9591543978395529
281, 0.5437827884262162, 0.37706751394842997
282, 0.9329737410784102, 0.946964917837953
283, 0.3268336072047775, 0.7226145605333788
284, 0.3730832308618389, 0.9553347206949774
285, 0.8723772673091135, 0.7562460035235777
286, 0.633328174336004, 0.03985354433527388
287, 0.5823573851467286, 0.9036366794941151
288, 0.7771744195524206, 0.11823832274273849
289, 0.2810217486998948, 0.41807607002311964
290, 0.7809377624757445, 0.29971375898486785
291, 0.8568970127398856, 0.20122803773496556
292, 0.611806169561686, 0.07740026429156333
293, 0.4042127085810583, 0.17671180176766121
294, 0.49705642438499276, 0.14671269062047299
295, 0.7895169970432616, 0.5724632526900343
296, 0.036318854706924975, 0.338317728640687
297, 0.297760974131858, 0.36654832840729545
298, 0.9922523113200636, 0.6457500690179387
299, 0.1391441879841483, 0.7386440438629798
300, 0.24111022443160346, 0.13595196935705822
301, 0.9295928041816166, 0.8882425386065836
302, 0.5152380853310601, 0.7072774483027499
303, 0.4739268062688008, 0.7596541525973907
304, 0.7560859967287304, 0.10742821914179046
305, 0.3138080516817824, 0.9505583814473839
306, 0.9950616241776195, 0.6892110979911354
307, 0.6182260559943165, 0.5291878517106514
308, 0.002507035264492141, 0.6767251712906224
309, 0.7136647978610877, 0.29268605720849317
310, 0.2388161912049792, 0.23404725143145666
311, 0.1677512995649565, 0.6008986055416986
312, 0.6908368513833475, 0.5619328371110642
313, 0.9516795976145894, 0.7404497689553748
314, 0.45929971088482036, 0.2715255299538738
315, 0.664668171894553, 0.32964356657121274
316, 0.23661622497037782, 0.7796272052350851
317, 0.09240651180760173, 0.24396177401420394
318, 0.8336925837853537, 0.02238682257898228
319, 0.8027672579670001, 0.387325382923397
end_nodes
0, 1
0, 2
0, 3
0, 4
0, 5
0, 6
0, 7
0, 8
0, 9
0, 10
0, 11
0, 12
0, 13
0, 14
0, 15
0, 16
0, 17
18, 9
18, 14
18, 15
18, 24
18, 26
18, 30
18, 31
18, 33
18, 35
18, 43
18, 47
18, 66
18, 86
18, 90
18, 92
18, 95
18, 111
19, 2
19, 3
19, 4
19, 7
19, 8
19, 10
19, 12
19, 20
19, 22
19, 23
19, 28
19, 29
19, 34
19, 36
19, 38
19, 48
19, 49
21, 14
21, 66
21, 90
21, 92
21, 150
21, 185
21, 197
21, 206
21, 267
21, 273
21, 286
21, 292
21, 294
25, 7
25, 12
25, 16
25, 20
25, 22
25, 23
25, 27
25, 28
25, 36
25, 41
25, 46
25, 52
25, 57
25, 58
25, 65
25, 67
25, 70
32, 2
32, 12
32, 16
32, 27
32, 28
32, 38
32, 41
32, 46
32, 58
32, 59
32, 64
32, 74
32, 109
32, 112
32, 129
32, 137
32, 169
37, 2
37, 6
37, 17
37, 38
37, 44
37, 45
37, 59
37, 64
37, 101
37, 107
37, 109
37, 112
37, 128
37, 129
37, 157
37, 169
37, 183
39, 7
39, 16
39, 20
39, 22
39, 23
39, 27
39, 36
39, 41
39, 46
39, 52
39, 57
39, 58
39, 65
39, 70
39, 82
39, 85
39, 105
40, 8
40, 10
40, 104
40, 110
40, 162
40, 167
40, 181
40, 208
40, 210
40, 229
40, 238
40, 240
40, 257
40, 279
42, 6
42, 12
42, 14
42, 17
42, 28
42, 44
42, 52
42, 59
42, 66
42, 67
42, 74
42, 85
42, 90
42, 92
42, 101
42, 107
42, 113
50, 1
50, 3
50, 4
50, 6
50, 10
50, 13
50, 14
50, 17
50, 27
50, 29
50, 31
50, 41
50, 44
50, 45
50, 48
50, 49
50, 58
51, 1
51, 3
51, 13
51, 48
51, 49
51, 73
51, 89
51, 103
51, 135
51, 156
51, 163
51, 173
51, 175
51, 185
51, 189
51, 201
51, 203
53, 2
53, 3
53, 6
53, 12
53, 14
53, 15
53, 28
53, 35
53, 36
53, 38
53, 57
53, 59
53, 64
53, 66
53, 74
53, 85
53, 90
54, 1
54, 3
54, 13
54, 48
54, 49
54, 73
54, 89
54, 103
54, 135
54, 156
54, 163
54, 173
54, 189
54, 201
54, 203
54, 243
54, 263
55, 14
55, 66
55, 90
55, 92
55, 150
55, 185
55, 197
55, 206
55, 267
55, 273
55, 286
55, 292
55, 294
56, 10
56, 162
56, 208
56, 210
56, 257
60, 34
60, 76
60, 232
61, 14
61, 38
61, 66
61, 90
61, 92
61, 150
61, 185
61, 197
61, 206
61, 267
61, 273
61, 286
61, 292
61, 294
62, 14
62, 66
62, 90
62, 92
62, 150
62, 185
62, 197
62, 206
62, 267
62, 273
62, 286
62, 292
62, 294
63, 14
63, 15
63, 33
63, 35
63, 38
63, 43
63, 64
63, 66
63, 90
63, 92
63, 111
63, 129
63, 150
63, 153
63, 169
63, 171
63, 172
68, 2
68, 6
68, 17
68, 38
68, 44
68, 45
68, 59
68, 64
68, 101
68, 107
68, 109
68, 112
68, 128
68, 129
68, 157
68, 169
68, 183
69, 1
69, 3
69, 13
69, 48
69, 49
69, 73
69, 89
69, 103
69, 135
69, 156
69, 163
69, 173
69, 189
69, 201
69, 203
69, 243
69, 263
71, 34
71, 76
71, 232
72, 1
72, 3
72, 13
72, 41
72, 48
72, 49
72, 73
72, 89
72, 103
72, 135
72, 156
72, 163
72, 173
72, 175
72, 179
72, 189
72, 201
75, 4
75, 29
75, 244
77, 12
77, 16
77, 23
77, 27
77, 28
77, 41
77, 46
77, 58
77, 70
77, 74
77, 82
77, 105
77, 137
77, 140
77, 175
77, 179
77, 200
78, 14
78, 66
78, 90
78, 92
78, 150
78, 185
78, 197
78, 206
78, 267
78, 273
78, 286
78, 292
78, 294
79, 2
79, 6
79, 12
79, 28
79, 38
79, 59
79, 64
79, 74
79, 109
79, 112
79, 129
79, 157
79, 169
79, 183
79, 213
79, 230
79, 251
80, 34
80, 76
80, 232
81, 14
81, 66
81, 90
81, 92
81, 150
81, 185
81, 197
81, 206
81, 267
81, 273
81, 286
81, 292
81, 294
83, 2
83, 6
83, 17
83, 38
83, 44
83, 45
83, 59
83, 64
83, 101
83, 107
83, 109
83, 112
83, 128
83, 129
83, 157
83, 169
83, 183
84, 14
84, 66
84, 90
84, 92
84, 150
84, 185
84, 197
84, 206
84, 267
84, 273
84, 286
84, 292
84, 294
87, 14
87, 66
87, 90
87, 92
87, 150
87, 185
87, 197
87, 206
87, 267
87, 273
87, 286
87, 292
87, 294
88, 14
88, 66
88, 90
88, 92
88, 150
88, 185
88, 197
88, 206
88, 267
88, 273
88, 286
88, 292
88, 294
91, 1
91, 3
91, 13
91, 48
91, 49
91, 73
91, 89
91, 103
91, 135
91, 156
91, 163
91, 173
91, 189
91, 201
91, 203
91, 243
91, 263
93, 1
93, 3
93, 13
93, 48
93, 49
93, 73
93, 89
93, 103
93, 135
93, 156
93, 163
93, 173
93, 189
93, 201
93, 203
93, 243
93, 263
94, 14
94, 66
94, 90
94, 92
94, 150
94, 185
94, 197
94, 206
94, 267
94, 273
94, 286
94, 292
94, 294
96, 14
96, 66
96, 90
96, 92
96, 150
96, 185
96, 197
96, 206
96, 267
96, 273
96, 286
96, 292
96, 294
97, 2
97, 3
97, 4
97, 6
97, 7
97, 8
97, 12
97, 20
97, 22
97, 23
97, 28
97, 34
97, 36
97, 38
97, 48
97, 49
97, 59
98, 2
98, 6
98, 17
98, 38
98, 44
98, 45
98, 59
98, 64
98, 101
98, 107
98, 109
98, 112
98, 128
98, 129
98, 157
98, 169
98, 183
99, 2
99, 6
99, 17
99, 38
99, 44
99, 45
99, 59
99, 64
99, 101
99, 107
99, 109
99, 112
99, 128
99, 129
99, 157
99, 169
99, 183
100, 66
100, 90
100, 92
100, 150
100, 185
100, 197
100, 206
100, 267
100, 273
100, 286
100, 292
100, 294
102, 11
102, 12
102, 28
102, 45
102, 67
102, 74
102, 265
106, 2
106, 6
106, 17
106, 38
106, 44
106, 45
106, 59
106, 64
106, 101
106, 107
106, 109
106, 112
106, 128
106, 129
106, 157
106, 169
106, 183
108, 1
108, 3
108, 13
108, 48
108, 49
108, 73
108, 89
108, 103
108, 135
108, 156
108, 163
108, 173
108, 189
108, 201
108, 203
108, 243
108, 263
114, 1
114, 3
114, 13
114, 48
114, 49
114, 73
114, 89
114, 103
114, 135
114, 156
114, 163
114, 173
114, 189
114, 201
114, 203
114, 243
114, 263
115, 86
115, 147
115, 150
115, 286
116, 2
116, 6
116, 17
116, 38
116, 44
116, 45
116, 59
116, 64
116, 101
116, 107
116, 109
116, 112
116, 128
116, 129
116, 157
116, 169
116, 183
117, 2
117, 6
117, 17
117, 38
117, 44
117, 45
117, 59
117, 64
117, 101
117, 107
117, 109
117, 112
117, 128
117, 129
117, 157
117, 169
117, 183
118, 2
118, 6
118, 17
118, 38
118, 44
118, 45
118, 59
118, 64
118, 101
118, 107
118, 109
118, 112
118, 128
118, 129
118, 157
118, 169
118, 183
119, 1
119, 3
119, 13
119, 48
119, 49
119, 73
119, 89
119, 103
119, 135
119, 156
119, 163
119, 173
119, 189
119, 201
119, 203
119, 243
119, 263
120, 67
121, 2
121, 6
121, 17
121, 38
121, 44
121, 45
121, 59
121, 64
121, 101
121, 107
121, 109
121, 112
121, 128
121, 129
121, 157
121, 169
121, 183
122, 3
122, 4
122, 7
122, 10
122, 12
122, 20
122, 22
122, 23
122, 28
122, 29
122, 34
122, 36
122, 48
122, 49
122, 57
122, 64
122, 65
123, 10
123, 162
123, 208
123, 210
123, 257
124, 1
124, 3
124, 13
124, 27
124, 41
124, 48
124, 49
124, 58
124, 66
124, 73
124, 89
124, 92
124, 103
124, 135
124, 137
124, 156
124, 163
125, 1
125, 3
125, 13
125, 48
125, 49
125, 73
125, 89
125, 103
125, 135
125, 156
125, 163
125, 173
125, 189
125, 201
125, 203
125, 243
125, 263
126, 12
126, 28
126, 74
126, 265
127, 8
127, 104
127, 110
127, 185
127, 206
127, 229
127, 238
127, 273
127, 294
130, 1
130, 2
130, 6
130, 7
130, 8
130, 10
130, 12
130, 13
130, 16
130, 17
130, 20
130, 23
130, 27
130, 28
130, 34
130, 35
130, 41
132, 90
132, 92
132, 150
132, 185
132, 197
132, 206
132, 267
132, 273
132, 286
132, 292
132, 294
133, 150
133, 185
133, 197
133, 206
133, 267
133, 273
133, 286
133, 292
133, 294
134, 4
134, 7
134, 8
134, 10
134, 12
134, 20
134, 22
134, 28
134, 34
134, 36
134, 48
134, 49
134, 52
134, 57
134, 59
134, 64
134, 67
136, 7
136, 10
136, 12
136, 16
136, 20
136, 22
136, 23
136, 27
136, 28
136, 46
136, 48
136, 49
136, 59
136, 64
136, 65
136, 70
136, 73
138, 1
138, 10
138, 13
138, 16
138, 17
138, 23
138, 27
138, 28
138, 35
138, 41
138, 44
138, 45
138, 46
138, 58
138, 74
138, 89
138, 101
139, 4
139, 29
139, 244
142, 17
142, 35
142, 44
142, 45
142, 101
142, 107
142, 109
142, 111
142, 112
142, 128
142, 129
142, 157
142, 169
142, 183
142, 191
142, 213
142, 230
143, 150
143, 185
143, 197
143, 206
143, 267
143, 273
143, 286
143, 292
143, 294
144, 1
144, 13
144, 41
144, 73
144, 89
144, 103
144, 135
144, 156
144, 163
144, 173
144, 175
144, 179
144, 189
144, 201
144, 203
144, 243
144, 263
145, 7
145, 16
145, 20
145, 22
145, 23
145, 27
145, 36
145, 41
145, 46
145, 52
145, 57
145, 58
145, 65
145, 70
145, 82
145, 85
145, 105
146, 197
146, 206
146, 267
146, 273
146, 286
146, 292
146, 294
148, 1
148, 13
148, 73
148, 89
148, 103
148, 135
148, 156
148, 163
148, 173
148, 189
148, 201
148, 203
148, 243
148, 263
148, 285
148, 301
148, 313
151, 15
151, 26
151, 30
151, 31
151, 33
151, 43
151, 86
151, 113
151, 147
151, 153
151, 172
151, 205
151, 207
151, 218
151, 225
151, 247
151, 258
152, 73
152, 89
152, 103
152, 135
152, 156
152, 163
152, 173
152, 189
152, 201
152, 203
152, 243
152, 263
152, 285
152, 301
152, 313
154, 73
154, 89
154, 103
154, 135
154, 156
154, 163
154, 173
154, 189
154, 201
154, 203
154, 243
154, 263
154, 285
154, 301
154, 313
155, 197
155, 267
155, 292
158, 10
158, 162
158, 208
158, 210
158, 257
159, 12
159, 28
159, 74
159, 265
160, 12
160, 28
160, 74
160, 265
165, 17
165, 44
165, 45
165, 101
165, 107
165, 109
165, 112
165, 128
165, 129
165, 157
165, 169
165, 183
165, 191
165, 213
165, 230
165, 237
165, 246
166, 44
166, 45
166, 101
166, 107
166, 109
166, 112
166, 128
166, 129
166, 157
166, 169
166, 183
166, 191
166, 213
166, 230
166, 237
166, 246
166, 251
174, 7
174, 20
174, 22
174, 131
174, 141
174, 170
174, 215
174, 221
177, 74
177, 265
178, 11
178, 26
178, 30
178, 36
178, 44
178, 45
178, 74
178, 95
178, 101
178, 107
178, 128
178, 149
178, 191
178, 218
178, 225
178, 237
178, 246
182, 101
182, 107
182, 109
182, 112
182, 128
182, 129
182, 157
182, 169
182, 183
182, 191
182, 213
182, 230
182, 237
182, 246
182, 251
182, 254
182, 283
187, 74
187, 265
188, 73
188, 89
188, 103
188, 135
188, 156
188, 163
188, 173
188, 189
188, 201
188, 203
188, 243
188, 263
188, 285
188, 301
188, 313
190, 34
190, 76
190, 232
192, 107
192, 109
192, 112
192, 128
192, 157
192, 183
192, 191
192, 213
192, 230
192, 237
192, 246
192, 251
192, 254
192, 283
192, 299
192, 308
192, 311
193, 74
193, 265
194, 7
194, 16
194, 20
194, 22
194, 23
194, 27
194, 41
194, 46
194, 58
194, 65
194, 70
194, 74
194, 82
194, 105
194, 131
194, 137
194, 140
195, 74
195, 265
196, 128
196, 157
196, 183
196, 191
196, 213
196, 230
196, 237
196, 246
196, 251
196, 254
196, 283
196, 299
196, 308
196, 311
196, 316
198, 7
198, 20
198, 22
198, 23
198, 65
198, 70
198, 82
198, 103
198, 105
198, 131
198, 140
198, 141
198, 156
198, 170
198, 189
198, 191
198, 200
202, 191
202, 213
202, 230
202, 237
202, 246
202, 251
202, 254
202, 283
202, 299
202, 308
202, 311
202, 316
204, 135
204, 163
204, 173
204, 189
204, 201
204, 203
204, 243
204, 263
204, 285
204, 301
204, 313
209, 34
209, 76
209, 232
214, 52
214, 67
214, 74
214, 85
214, 213
214, 230
214, 265
214, 283
214, 316
217, 10
217, 162
217, 208
217, 210
217, 257
219, 16
219, 23
219, 27
219, 41
219, 46
219, 58
219, 105
219, 137
219, 162
219, 175
219, 179
219, 191
219, 213
219, 220
219, 223
219, 230
219, 231
222, 173
222, 201
222, 203
222, 243
222, 263
222, 285
222, 301
222, 313
224, 9
224, 31
224, 35
224, 47
224, 86
224, 111
224, 113
224, 147
224, 171
224, 199
224, 213
224, 230
224, 258
224, 272
224, 278
224, 283
224, 304
227, 265
228, 265
233, 191
233, 213
233, 230
233, 237
233, 246
233, 251
233, 254
233, 283
233, 299
233, 308
233, 311
233, 316
234, 10
234, 29
234, 162
234, 203
234, 208
234, 210
234, 243
234, 244
234, 257
234, 263
234, 285
234, 301
234, 313
235, 9
235, 33
235, 35
235, 43
235, 47
235, 52
235, 67
235, 85
235, 111
235, 149
235, 153
235, 171
235, 172
235, 199
235, 205
235, 207
235, 213
236, 243
236, 263
236, 285
236, 301
236, 313
239, 285
239, 301
239, 313
242, 191
242, 213
242, 230
242, 237
242, 246
242, 251
242, 254
242, 283
242, 299
242, 308
242, 311
242, 316
245, 277
249, 191
249, 213
249, 230
249, 237
249, 246
249, 251
249, 254
249, 283
249, 299
249, 308
249, 311
249, 316
250, 7
250, 16
250, 20
250, 22
250, 23
250, 27
250, 36
250, 41
250, 46
250, 52
250, 57
250, 58
250, 65
250, 67
250, 70
250, 82
250, 85
252, 7
252, 20
252, 22
252, 131
252, 141
252, 170
252, 215
252, 221
252, 296
253, 10
253, 162
253, 208
253, 210
253, 257
253, 285
253, 313
255, 23
255, 70
256, 7
256, 16
256, 20
256, 23
256, 27
256, 41
256, 46
256, 58
256, 70
256, 82
256, 105
256, 131
256, 137
256, 140
256, 175
256, 179
256, 200
259, 10
259, 162
259, 208
259, 210
259, 257
260, 191
260, 213
260, 230
260, 237
260, 246
260, 251
260, 254
260, 283
260, 299
260, 308
260, 311
260, 316
261, 285
261, 301
261, 313
264, 285
264, 301
264, 313
266, 7
266, 9
266, 15
266, 20
266, 22
266, 23
266, 35
266, 43
266, 65
266, 70
266, 82
266, 105
266, 111
266, 131
266, 140
266, 141
266, 170
268, 9
268, 31
268, 33
268, 35
268, 47
268, 86
268, 111
268, 147
268, 153
268, 171
268, 172
268, 199
268, 205
268, 213
268, 230
268, 272
268, 278
269, 285
269, 301
269, 313
270, 191
270, 230
270, 237
270, 246
270, 251
270, 254
270, 283
270, 299
270, 308
270, 311
270, 316
271, 27
271, 41
271, 58
271, 137
271, 175
271, 179
271, 220
271, 223
271, 231
271, 265
271, 283
271, 316
274, 10
274, 20
274, 22
274, 36
274, 52
274, 57
274, 65
274, 67
274, 70
274, 82
274, 85
274, 105
274, 131
274, 140
274, 141
274, 149
274, 162
276, 85
281, 8
281, 76
281, 113
281, 162
281, 208
281, 210
281, 257
281, 313
282, 4
282, 29
282, 244
289, 215
289, 296
290, 191
290, 237
290, 246
290, 251
290, 254
290, 283
290, 299
290, 308
290, 311
290, 316
291, 191
291, 237
291, 246
291, 251
291, 254
291, 283
291, 299
291, 308
291, 311
291, 316
293, 162
293, 208
293, 210
293, 257
295, 16
295, 22
295, 27
295, 36
295, 41
295, 46
295, 52
295, 57
295, 58
295, 65
295, 67
295, 70
295, 82
295, 85
295, 105
295, 131
295, 137
297, 70
297, 105
298, 16
298, 22
298, 27
298, 36
298, 46
298, 52
298, 57
298, 58
298, 65
298, 70
298, 82
298, 85
298, 105
298, 131
298, 137
298, 140
298, 141
300, 285
300, 301
300, 313
306, 16
306, 36
306, 46
306, 52
306, 57
306, 58
306, 65
306, 70
306, 82
306, 85
306, 105
306, 131
306, 137
306, 140
306, 141
306, 149
306, 170
307, 4
307, 8
307, 29
307, 34
307, 36
307, 65
307, 70
307, 76
307, 82
307, 105
307, 131
307, 140
307, 141
307, 149
307, 162
307, 170
307, 200
309, 24
310, 175
310, 179
310, 285
310, 301
310, 313
312, 16
312, 36
312, 46
312, 52
312, 57
312, 58
312, 65
312, 67
312, 82
312, 85
312, 105
312, 131
312, 140
312, 141
312, 149
312, 170
312, 200
314, 162
314, 208
314, 210
314, 257
314, 313
315, 43
315, 237
315, 275
315, 308
315, 311
319, 237
319, 246
319, 251
319, 254
319, 283
319, 299
319, 308
319, 311
319, 316
end