500
4
0, 0.9214461797112535, 0.27267779669210235
1, 0.9478627096230026, 0.2355663421959895
2, 0.361612250139138, 0.8035278416645991
3, 0.57996002542447, 0.2685433156363942
4, 0.42619829358787575, 0.1465512755421109
5, 0.26535634968551836, 0.43908068831579095
6, 0.7565360192982359, 0.22228693779723518
7, 0.12463659493691692, 0.22602167898838188
8, 0.7260607420834815, 0.24409261323636644
9, 0.896325491489123, 0.6742398131541837
10, 0.33410102046203327, 0.5944213297153599
11, 0.7214959583400059, 0.8929101989358403
12, 0.07216622103676285, 0.9913969387995337
13, 0.3644491428975529, 0.03009600953590763
14, 0.6776372263583682, 0.002850094217861421
15, 0.0773568273955424, 0.778260225490197
16, 0.03861576006032719, 0.7308983909862662
17, 0.36695806473929937, 0.7529004820478481
18, 0.21248909683699246, 0.9027332060342177
19, 0.5418449099705861, 0.3711917876902525
20, 0.8517783489525451, 0.9270732972424129
21, 0.38317996539572863, 0.26420586661787837
22, 0.8744722449481314, 0.03528053315329205
23, 0.9083003272054613, 0.2720663526508441
24, 0.10861968964083712, 0.10358582438788444
25, 0.023784584254680996, 0.24231755087987128
26, 0.02837523891152005, 0.5506885169479253
27, 0.22596466842770357, 0.4861340852444205
28, 0.3181738668720656, 0.9249164223040818
29, 0.7308763396489208, 0.16437952712710058
30, 0.5562541175161033, 0.11341249031048739
31, 0.35206203431798966, 0.7928426556492862
32, 0.44548770630748913, 0.47346270340890795
33, 0.5090885524545081, 0.3910060098826328
34, 0.36901085975604353, 0.818853843419457
35, 0.8955490654451392, 0.1353852548257054
36, 0.16867515404915123, 0.5886958738777265
37, 0.27863789740522915, 0.04913253162126463
38, 0.09143208893936916, 0.9834686296007609
39, 0.3941843262596664, 0.5581292643566724
40, 0.44903503740728745, 0.9410899159838484
41, 0.28060013331504885, 0.2594004068070994
42, 0.7439172369235909, 0.9478453754349678
43, 0.9539976387259897, 0.5696032285535108
44, 0.16113587868553203, 0.8243420939654276
45, 0.21435063850111247, 0.0035650121328100193
46, 0.5786533027431916, 0.2414619505021085
47, 0.8556667412002175, 0.10837772818517954
48, 0.021370585764076133, 0.43078497021951667
49, 0.31649644974878266, 0.8024531052616733
50, 0.30052200314500943, 0.7256730864766194
51, 0.23550752848177325, 0.8481003749881763
52, 0.2549593980770932, 0.5440609443949433
53, 0.3111146145347382, 0.8132374758786922
54, 0.23813432380336852, 0.8364201047497417
55, 0.9260991706198776, 0.5395018479874298
56, 0.3625712886297022, 0.7846937184679669
57, 0.9331957969981228, 0.7597026847673565
58, 0.4064820784541786, 0.8562662094169354
59, 0.9347677009108916, 0.36085993398857874
60, 0.7368509218995521, 0.1848457565630418
61, 0.0015684113968543745, 0.3133497562790647
62, 0.6125629260618428, 0.39787014695004475
63, 0.6458863940588233, 0.6062364798533947
64, 0.04227544465552713, 0.9993825214136207
65, 0.5555557725933185, 0.07101588108861312
66, 0.6828131507646629, 0.755586787015127
67, 0.5657974618635377, 0.3812988401706755
68, 0.7694288764089845, 0.995359170328608
69, 0.09966844766625704, 0.1817373211686213
70, 0.9933441723207269, 0.45344567249105405
71, 0.9393690605739008, 0.5722790711971406
72, 0.2273831292976174, 0.6245792303689054
73, 0.825653913578642, 0.8554451432326093
74, 0.16817016903980608, 0.07288863532490097
75, 0.5086963312022623, 0.5302199289583164
76, 0.9984544162518746, 0.137651351902785
77, 0.2820057920765441, 0.255320729479804
78, 0.2433743468984415, 0.0005414313654331648
79, 0.8032847218369447, 0.0590491110173188
80, 0.34095381006782566, 0.47024904653384103
81, 0.1354396001694922, 0.545991833067119
82, 0.7080528070904346, 0.7918031220008328
83, 0.6213255004895466, 0.12938196447527472
84, 0.040590843527516296, 0.11315751016510545
85, 0.15008469891878218, 0.3793222760753021
86, 0.6426730281861402, 0.43378337292114266
87, 0.8574448892450054, 0.2851071246012872
88, 0.2952960047783699, 0.49015648331628014
89, 0.40616110390102145, 0.1063584578228407
90, 0.03312513876796963, 0.6666853704353292
91, 0.6994103124799543, 0.7708577273635808
92, 0.35902416590132735, 0.8749611487232851
93, 0.9128261400502942, 0.47915321403074496
94, 0.01059003494836841, 0.6224918264052863
95, 0.6188718283085187, 0.41754928393611224
96, 0.9350461991643343, 0.15967225572023702
97, 0.5130627603891527, 0.42498292838966956
98, 0.031778859948292215, 0.6027014033709549
99, 0.44721016972951, 0.19990254358923942
100, 0.19771677812654054, 0.7097075468722049
101, 0.9402049705834176, 0.0570163882634781
102, 0.22537489964601365, 0.4843110638323749
103, 0.32790528149295306, 0.03715576011244848
104, 0.8688921833170316, 0.03896262473742074
105, 0.2345496585709851, 0.986346899009128
106, 0.205042822862454, 0.42819925793813174
107, 0.44553073776074403, 0.23226987150890244
108, 0.7409031271563387, 0.9860230228993331
109, 0.7416804932828222, 0.47253224535795224
110, 0.2214613767854957, 0.11335677643468245
111, 0.4543001456004131, 0.9033490810187437
112, 0.9772656961806151, 0.0008163242850356411
113, 0.654311956383237, 0.51222699003002
114, 0.8430656881897143, 0.33064745180009947
115, 0.7147317050966305, 0.8285427830900008
116, 0.8676434442383527, 0.5919335127248386
117, 0.9781720582065684, 0.5255731706313818
118, 0.09405186571183743, 0.8071186589443567
119, 0.04656206884158376, 0.6855290881909984
120, 0.4295316785683786, 0.044828713124540065
121, 0.9437033202302821, 0.8318517867945663
122, 0.31164928584332086, 0.5433066661625656
123, 0.3981927615300779, 0.26798240872137713
124, 0.7365882266867965, 0.2444492288219129
125, 0.6820400682134966, 0.384833961188935
126, 0.9355394399940112, 0.2840003797884999
127, 0.7542336152267202, 0.6085138333128047
128, 0.17712064571446096, 0.9539732512882009
129, 0.7393866454271366, 0.23691267904471414
130, 0.5986906202133517, 0.44635417286764234
131, 0.5802996954421119, 0.8465005210840418
132, 0.9105672990362472, 0.38500667769914787
133, 0.2372730373425197, 0.5845634714396866
134, 0.9744018979697706, 0.8576510850631354
135, 0.48368341053050623, 0.7921781993465116
136, 0.2163494818208458, 0.22083816565296077
137, 0.10103359667978995, 0.0319746402246297
138, 0.9385244079729594, 0.11607446371008545
139, 0.4021522170633347, 0.9217633009559555
140, 0.40041877239035095, 0.0962640143817135
141, 0.9280334163022466, 0.4901596129577054
142, 0.4985177245733813, 0.09861839101578995
143, 0.4645535804627735, 0.0573971716303735
144, 0.21383740235602222, 0.5085900264750632
145, 0.3698993139969101, 0.41792327701187515
146, 0.05137659499415248, 0.20224369463821923
147, 0.9830940013218957, 0.855122741123674
148, 0.9674061340101955, 0.5825285886836096
149, 0.9486776763187778, 0.6795886847710385
150, 0.3087060349917149, 0.7481235573031979
151, 0.32334642989813633, 0.948854301991707
152, 0.3911286658457025, 0.9712924075742891
153, 0.18433919266186316, 0.23906417229486
154, 0.6386021305863934, 0.12375535348860855
155, 0.03629571678242749, 0.9001573013876188
156, 0.3361415857032849, 0.9776163738277647
157, 0.452554256031096, 0.20934889759909792
158, 0.11858838577759301, 0.10933640641945186
159, 0.5714793890869602, 0.31247917929666147
160, 0.3939811970061936, 0.8244526930673668
161, 0.003135807216294917, 0.9969111461491017
162, 0.23488508263033425, 0.3917620515834066
163, 0.06870847189988816, 0.9756925834255523
164, 0.5153099418681921, 0.22106346519894737
165, 0.2365681101783922, 0.39072009424485177
166, 0.8524354996340304, 0.8322323730434599
167, 0.5703627784585952, 0.29269478414920924
168, 0.2376074618819829, 0.40492539972235264
169, 0.8358350284543535, 0.4308389336245514
170, 0.5377720425965384, 0.2958392731442049
171, 0.8267952389484733, 0.7575486192731716
172, 0.0364465205201111, 0.6830083427820565
173, 0.436035487912375, 0.6992069866759775
174, 0.07099479640541762, 0.30826827724119366
175, 0.1657728244565576, 0.7795931295855782
176, 0.2151800207649076, 0.0630905640363979
177, 0.5860409285313076, 0.736401464140488
178, 0.2505906488149299, 0.664947539429504
179, 0.044303007107390546, 0.8826387841784825
180, 0.759875177548949, 0.5509769366707971
181, 0.46176337400975787, 0.9909320514156018
182, 0.7852057648936984, 0.01806211651657519
183, 0.5230779761742221, 0.5531675287542239
184, 0.8765553371667351, 0.6498256432324342
185, 0.8414099644310047, 0.24666650992683292
186, 0.02114354535876506, 0.26215448569309874
187, 0.9652703879758502, 0.7907723955935746
188, 0.7605981659973806, 0.33733406091847984
189, 0.2577268975072511, 0.62894251237128
190, 0.7540653151819067, 0.45538019162465726
191, 0.5123644179686618, 0.7524580504466584
192, 0.3044660308857636, 0.6104879793718291
193, 0.8284538656580435, 0.9932359343432176
194, 0.21950208046297004, 0.140479403825147
195, 0.6932672845651875, 0.2748908998312586
196, 0.6188055854938762, 0.05032664770447326
197, 0.5689995190628866, 0.633194049384277
198, 0.3308148564194674, 0.2949109108545993
199, 0.19170870663719985, 0.4669901311440706
200, 0.5100905195683794, 0.13464083074078437
201, 0.2551709523201967, 0.8459701886413392
202, 0.19882036742672782, 0.3785715538990856
203, 0.954964432718202, 0.5442549463513358
204, 0.5354162130612656, 0.397902865959894
205, 0.24948286717341328, 0.11252262303157512
206, 0.8802230166466403, 0.3432884143063354
207, 0.13318962277413504, 0.699198782869594
208, 0.669965152037969, 0.591372217316516
209, 0.7626644603309957, 0.6435526904366782
210, 0.01942665710045144, 0.9765050478296041
211, 0.29425414991821774, 0.684460810781564
212, 0.14379951787080614, 0.09972280271772282
213, 0.6373308229587898, 0.9634473862874344
214, 0.8280742539851299, 0.6292297886418853
215, 0.11273398025535175, 0.1574925642954369
216, 0.9896577601805968, 0.70817864252571
217, 0.4670115925496865, 0.7445310430327218
218, 0.9599742866390756, 0.7265641093625633
219, 0.2621463844234668, 0.007463953601059781
220, 0.39590628688024443, 0.7556853050316257
221, 0.28231351627920387, 0.27880552523444735
222, 0.39897945556004555, 0.4397584046692872
223, 0.00015962013163794975, 0.8431711164345925
224, 0.07836751496223326, 0.3262117595367847
225, 0.49615066958499054, 0.19728831285457915
226, 0.5515291129400104, 0.01090942136873585
227, 0.6333007480798138, 0.04425273876706093
228, 0.8183150692205944, 0.16036981791993865
229, 0.12040435396615079, 0.3532942922778489
230, 0.04683564644729077, 0.005828869215220633
231, 0.22221175518186165, 0.6733086408689232
232, 0.8300353344945856, 0.9384345498608666
233, 0.16962512938272278, 0.01125050890888879
234, 0.13648363335935432, 0.8861200915985878
235, 0.6702918648299847, 0.30900493789807515
236, 0.9405282976351608, 0.5283972740715579
237, 0.9555497907833944, 0.8912447998463752
238, 0.5513830651000747, 0.9385821223529759
239, 0.2654074657505705, 0.8571496390357991
240, 0.5946501796473188, 0.3912130939281847
241, 0.9930806864341569, 0.30184909994952325
242, 0.5650892835649924, 0.46519060426002523
243, 0.1537096844748116, 0.6119437602883927
244, 0.95627558186088, 0.6125458293998888
245, 0.5079787841901319, 0.45034180959302317
246, 0.7388434318229834, 0.33989345885260147
247, 0.3066518318922691, 0.650089447285918
248, 0.9350693342411008, 0.25768895788833845
249, 0.2635469215142445, 0.43638301149394754
250, 0.7699370295969824, 0.30643236479751923
251, 0.9516292976161093, 0.2122007396679937
252, 0.1896528327073126, 0.4100796878577819
253, 0.7955315153302248, 0.262690167813203
254, 0.1357800560076461, 0.7558643423545582
255, 0.45092765884080865, 0.07392479177387468
256, 0.924243441279634, 0.24989014978568236
257, 0.6571908960451192, 0.6326092608290448
258, 0.4400212590743334, 0.355009258599868
259, 0.21637493422830234, 0.7055544033129925
260, 0.0032286496103774986, 0.07606640176029433
261, 0.263020456607568, 0.14017197179000784
262, 0.9479101434199728, 0.36210050223976187
263, 0.016193836913198867, 0.9791947356427785
264, 0.6708349051045558, 0.4206035819578965
265, 0.03909167178376072, 0.48361356186259397
266, 0.3985921555657005, 0.08549941165931607
267, 0.5259563337361587, 0.39678384443974757
268, 0.3749177993966929, 0.9741851482993503
269, 0.6491371876508159, 0.2554671930477578
270, 0.8527149848557678, 0.46527170144879226
271, 0.7655230604075826, 0.9981496465412734
272, 0.5886282177685075, 0.7310355710264733
273, 0.3282001371982689, 0.11153468228815056
274, 0.0023348514926462283, 0.33948946455055085
275, 0.4295223937595689, 0.12946393979394555
276, 0.6849646807051654, 0.2921701384684212
277, 0.5759357027211188, 0.7194822383541276
278, 0.9895821674856043, 0.2044897226011987
279, 0.8174190189366191, 0.32002207302535446
280, 0.7664248963584696, 0.5369380207849968
281, 0.9001577543886586, 0.3218500444488257
282, 0.37191341311369, 0.3133663645025546
283, 0.7420351335081017, 0.1369247774569986
284, 0.06542296367786982, 0.7390471719999268
285, 0.5503777347636439, 0.17931911591262195
286, 0.8100330384521186, 0.1796020195209992
287, 0.399028230115298, 0.8995943899574755
288, 0.8975762195775556, 0.25506081303926764
289, 0.0644805212060715, 0.06679943003971622
290, 0.008474205086679398, 0.2561844009266804
291, 0.6132266868204528, 0.9538958215158944
292, 0.725613526629215, 0.6955395080929165
293, 0.3830701762231873, 0.5038305525395498
294, 0.17107202089192852, 0.6461236638219041
295, 0.7803885250157893, 0.661672242469654
296, 0.03631040657778939, 0.0675805347519638
297, 0.1269570824494891, 0.7226960130076352
298, 0.14617421143389964, 0.1605608568346215
299, 0.7792756096581696, 0.8206915593805466
300, 0.37944479127329267, 0.1580340790723087
301, 0.41609480011879385, 0.33288337407749025
302, 0.05214746227506939, 0.02706573416378033
303, 0.2557613087406124, 0.08412923524572147
304, 0.22932041034040973, 0.059432548757764825
305, 0.8590935479847406, 0.548590811280603
306, 0.19408718437409134, 0.4489358671728497
307, 0.5385582153420715, 0.094614364994966
308, 0.12424727087755705, 0.018435893675477932
309, 0.27405290021779205, 0.6157116031847719
310, 0.3287381089985588, 0.7147679726924019
311, 0.3886801319812564, 0.7879690116070108
312, 0.036110354729470995, 0.1318555403720959
313, 0.4185698602809865, 0.5460650309362394
314, 0.962374707023862, 0.42640152915551643
315, 0.3755676823401327, 0.17872605366887795
316, 0.7000987494480484, 0.22412825808764314
317, 0.15692611472674978, 0.9469582933441131
318, 0.24744471127774648, 0.07379245343877294
319, 0.29471461996573145, 0.5389230543202238
320, 0.9961606659966469, 0.5796038259534982
321, 0.8873758419841037, 0.7344772305250903
322, 0.16773826846702478, 0.03352982983117314
323, 0.003910374080893564, 0.7611281651792123
324, 0.9723269845809909, 0.4674660745644791
325, 0.19164096793607943, 0.7464081312753033
326, 0.30101803185268416, 0.3484704585745132
327, 0.7536200140747821, 0.8288703671561709
328, 0.7313117736530103, 0.8504707017184081
329, 0.18968474835214633, 0.10510176680975614
330, 0.7491266876964133, 0.3582667978490456
331, 0.1335407278619526, 0.2556020187906999
332, 0.4020125130440213, 0.11808430723062668
333, 0.06370291584524901, 0.16376508457409988
334, 0.44920971968630896, 0.9372826296707549
335, 0.582765747770452, 0.40719749684952133
336, 0.15163724328369899, 0.14114176257582756
337, 0.28657966848675287, 0.3031662152283292
338, 0.6804895700873405, 0.12490206169704499
339, 0.14288297891242396, 0.12609619876922906
340, 0.6560985382712665, 0.8361399957786513
341, 0.19664166350812995, 0.7189357560079811
342, 0.5878438137655955, 0.8470237245486928
343, 0.05991093383366086, 0.05911178378351678
344, 0.923119648416377, 0.3642912841640954
345, 0.04948352100479103, 0.15468365864703915
346, 0.9499739099705896, 0.6184847032893309
347, 0.6046186775868662, 0.8286382728573046
348, 0.732553899014584, 0.48958405430982244
349, 0.5448057832114097, 0.6151228180225475
350, 0.7669020364041217, 0.4744913608121317
351, 0.36312567966337683, 0.5681000425017609
352, 0.8899559170685386, 0.8788457914349814
353, 0.9723962654301246, 0.37823912716999053
354, 0.4873832447423455, 0.6677060232105384
355, 0.21877054556162945, 0.23588711644596005
356, 0.2320805443155276, 0.04339086268499581
357, 0.7355328154354914, 0.3815905966887245
358, 0.7114724714448217, 0.9537855822473494
359, 0.8044821430696748, 0.23051968282124347
360, 0.6764121264006291, 0.38120835418551335
361, 0.03206038043749704, 0.8630202050881074
362, 0.7653103918178704, 0.9048560793589205
363, 0.05894515257699595, 0.08245082113289226
364, 0.12650579904986892, 0.36093913936422606
365, 0.6621888438191286, 0.8628064534512133
366, 0.8577028960265423, 0.3165116078570983
367, 0.06166463621788876, 0.4679744246275622
368, 0.3770531363688078, 0.15626552938721572
369, 0.5654550557740056, 0.06963093476896498
370, 0.8021846233490717, 0.2951391708524702
371, 0.8565312730539891, 0.9383515258597012
372, 0.713575044957819, 0.3238435367909206
373, 0.7675337185563635, 0.06223173839694052
374, 0.5065475733577298, 0.1112018054219861
375, 0.8088407557333647, 0.08843185065116832
376, 0.555382288581207, 0.615616428722355
377, 0.7537821224758225, 0.5862609262698395
378, 0.8808039709398591, 0.585435617352618
379, 0.5637029113477784, 0.11612150747166261
380, 0.22275111128138925, 0.31032714678441475
381, 0.7416204460383364, 0.7222519668604387
382, 0.5826474174273861, 0.303389223644417
383, 0.0821218982820161, 0.6969408871802438
384, 0.8486853574507192, 0.31685080211099415
385, 0.8482576310511574, 0.7483728184274913
386, 0.28580676013393835, 0.319969684292273
387, 0.925933284533107, 0.03995049007183271
388, 0.8068274770481346, 0.036976498836754135
389, 0.24785964906556368, 0.6152837941619896
390, 0.946216674605112, 0.43786560797471197
391, 0.44752008274473876, 0.8282032042190131
392, 0.004476777568778401, 0.05524342720750197
393, 0.18814370460302987, 0.035979349776016356
394, 0.45576977052761725, 0.513132877539721
395, 0.21433444740413443, 0.6746765585201593
396, 0.7059748254863674, 0.6174221951125207
397, 0.11738297068833803, 0.8476292723644557
398, 0.5573675309002023, 0.9235219526948785
399, 0.2146643661957569, 0.24558362116936294
400, 0.6763682542682439, 0.29254381670471574
401, 0.6338703197857846, 0.7657225586725284
402, 0.886576340541415, 0.7620940550670718
403, 0.9693277874704359, 0.4759714958047725
404, 0.7040806179354846, 0.9062927920755499
405, 0.9367702370096298, 0.41268489478365755
406, 0.918369298475628, 0.08396045509422745
407, 0.55356418256965, 0.09605380459965829
408, 0.18969946621270817, 0.5715258583178541
409, 0.9404404432379209, 0.3406071316979482
410, 0.516620609705596, 0.2619791719585045
411, 0.46489780630103805, 0.08824192122802688
412, 0.6627419833194684, 0.9401599400797708
413, 0.19424499385330918, 0.9118213913885743
414, 0.7694471704991875, 0.8701774238570571
415, 0.48938548483662936, 0.02748401552673485
416, 0.9989303539633949, 0.12707288164353536
417, 0.5266953708645025, 0.622786723026774
418, 0.7203676581788171, 0.2560716595223733
419, 0.47182549947347874, 0.5760444450873033
420, 0.9985512823349844, 0.8550535178478378
421, 0.4582717786833175, 0.3617532231467384
422, 0.03528237519755528, 0.6177405696619171
423, 0.7881072923176752, 0.878267160852549
424, 0.9661642127054004, 0.26495250114781843
425, 0.20268248989080062, 0.7903697258942537
426, 0.048798441220287314, 0.4324884789715555
427, 0.9904552545639201, 0.6252497929677774
428, 0.9322914182031096, 0.739811257973302
429, 0.9757981071626605, 0.2580703531188322
430, 0.6054705486538555, 0.23748409743470034
431, 0.48846883292608667, 0.13865859522766932
432, 0.05352631616936043, 0.4311676979535005
433, 0.09998966726073766, 0.5305781375613349
434, 0.09193598573346295, 0.6282763044017743
435, 0.4888470782765164, 0.2732603399664928
436, 0.687119972161212, 0.5957066438620912
437, 0.7770549803285874, 0.5437138477982605
438, 0.16922568258469817, 0.2808711749598344
439, 0.36604825652047057, 0.6504632215269888
440, 0.9685444814428834, 0.5963541314945376
441, 0.8170016977133221, 0.5273441549988631
442, 0.4797212410801076, 0.5670688477274011
443, 0.37527310807846603, 0.5477364367640823
444, 0.93797010584913, 0.33880272784931853
445, 0.2011951177717608, 0.40373039034405434
446, 0.5482891033616478, 0.762998277742784
447, 0.7625943355218604, 0.22065763014548623
448, 0.34719247479900806, 0.8391251929540107
449, 0.35739955056046313, 0.10917615933424929
450, 0.5016735471305658, 0.10858710157233087
451, 0.06636789018101585, 0.43658546593021064
452, 0.13793180678378814, 0.40580840585539
453, 0.7747173615977919, 0.1081556172286432
454, 0.03800057456252037, 0.025889231425486936
455, 0.08775648308302897, 0.2072161994284265
456, 0.44044504973628107, 0.5646526343727092
457, 0.44784070794703845, 0.00015623662460839682
458, 0.23321442873891962, 0.9384968469410413
459, 0.03879662449125465, 0.8099534904382973
460, 0.09911122695160779, 0.9936172489044073
461, 0.4943841685115503, 0.17778084139344552
462, 0.03126113635332606, 0.9120254771182221
463, 0.20000498644795794, 0.32684127195862334
464, 0.4194861253761929, 0.7227440373498643
465, 0.27529009424159323, 0.19448484870511096
466, 0.31167416688153937, 0.2181880550751577
467, 0.5645494329169428, 0.6621185999454671
468, 0.48130618082672094, 0.6880196837512322
469, 0.4774389977751349, 0.42247889858110876
470, 0.9621359245326129, 0.5774757752207205
471, 0.9478410603961005, 0.5915895552012428
472, 0.1466773049020348, 0.24892442252817848
473, 0.285403205032991, 0.3064252053775326
474, 0.25848984962390154, 0.8625718658513596
475, 0.6068172263997477, 0.5315343273034646
476, 0.424834590983034, 0.6690108970159065
477, 0.03807320260485325, 0.06651498484843887
478, 0.7602414012459112, 0.026692522962432186
479, 0.09730912425172356, 0.6789144932795586
480, 0.6616602474847694, 0.2257162258463764
481, 0.7722411162861931, 0.04391527108013227
482, 0.19084178104127225, 0.41405007066156174
483, 0.6443612193992405, 0.27217059051514925
484, 0.07543672073237873, 0.04233720516091333
485, 0.014232008065709456, 0.7692703279674584
486, 0.7505603772124306, 0.8223625336387856
487, 0.43661802993696475, 0.7107468404419667
488, 0.4119079091137209, 0.5354432068807876
489, 0.30423872466750956, 0.12416116554978929
490, 0.848706380339963, 0.194271014514508
491, 0.36308962933407585, 0.08330375404780888
492, 0.7756683275216212, 0.4574123070701366
493, 0.6099276085605878, 0.4753142467034188
494, 0.34745662260551047, 0.06564577169807984
495, 0.7141802641984337, 0.312918149379916
496, 0.08752872761232877, 0.927546122220932
497, 0.5077364106090811, 0.9651584385320419
498, 0.7551377226303398, 0.17277780676972587
499, 0.37192410290841316, 0.8086237377352662
end_nodes
0, 1
0, 2
0, 3
0, 4
0, 5
0, 6
0, 7
0, 8
0, 9
0, 10
0, 11
0, 12
0, 13
0, 14
0, 15
0, 16
0, 17
0, 18
0, 19
0, 20
0, 21
0, 22
23, 3
23, 4
23, 5
23, 6
23, 7
23, 8
23, 9
23, 10
23, 11
23, 12
23, 13
23, 14
23, 15
23, 16
23, 17
23, 18
23, 19
23, 20
23, 21
23, 22
23, 24
23, 25
27, 26
27, 48
27, 265
27, 367
28, 1
28, 76
28, 105
28, 251
28, 416
29, 13
29, 65
29, 78
29, 120
29, 143
29, 154
29, 196
29, 219
29, 226
29, 227
29, 307
29, 338
29, 369
29, 407
29, 415
29, 457
30, 13
30, 45
30, 78
30, 103
30, 120
30, 219
30, 255
31, 12
31, 18
31, 38
31, 49
31, 51
31, 53
31, 54
31, 64
31, 128
31, 155
31, 161
31, 163
31, 179
31, 201
31, 210
31, 234
31, 239
31, 263
31, 317
31, 361
31, 397
31, 413
32, 5
32, 26
32, 36
32, 48
32, 52
32, 61
32, 81
32, 85
32, 90
32, 94
32, 98
32, 102
32, 106
32, 144
32, 162
32, 165
32, 168
32, 174
32, 199
32, 202
32, 224
32, 229
33, 5
33, 7
33, 24
33, 25
33, 26
33, 41
33, 48
33, 61
33, 69
33, 77
33, 84
33, 85
33, 102
33, 106
33, 136
33, 145
33, 146
33, 153
33, 158
33, 162
33, 165
33, 168
34, 12
34, 18
34, 38
34, 64
34, 128
34, 161
34, 163
34, 210
34, 234
34, 239
34, 263
34, 317
34, 413
34, 448
34, 458
34, 460
34, 462
34, 474
34, 496
35, 9
35, 11
35, 20
35, 22
35, 40
35, 42
35, 57
35, 66
35, 68
35, 73
35, 82
35, 91
35, 104
35, 108
35, 115
35, 121
35, 131
35, 134
35, 147
35, 166
35, 171
35, 181
37, 233
39, 16
39, 26
39, 36
39, 52
39, 72
39, 81
39, 90
39, 94
39, 98
39, 119
39, 122
39, 133
39, 172
39, 189
39, 207
39, 243
39, 265
39, 284
39, 294
39, 309
39, 319
39, 323
43, 2
43, 5
43, 7
43, 10
43, 12
43, 13
43, 14
43, 15
43, 16
43, 17
43, 18
43, 19
43, 21
43, 22
43, 24
43, 25
43, 26
43, 36
43, 38
43, 41
43, 44
43, 45
46, 4
46, 7
46, 13
46, 24
46, 45
46, 69
46, 74
46, 78
46, 84
46, 99
46, 103
46, 107
46, 110
46, 120
46, 136
46, 137
46, 146
46, 157
46, 158
46, 164
46, 176
46, 194
47, 40
47, 66
47, 131
47, 181
47, 238
47, 291
47, 334
47, 340
47, 342
47, 347
47, 388
47, 398
47, 401
47, 497
50, 15
50, 44
50, 118
50, 155
50, 175
50, 179
50, 223
50, 254
50, 323
50, 325
50, 361
50, 397
50, 425
50, 459
50, 462
50, 485
55, 2
55, 5
55, 7
55, 10
55, 12
55, 13
55, 14
55, 15
55, 16
55, 17
55, 18
55, 19
55, 21
55, 24
55, 25
55, 26
55, 36
55, 38
55, 41
55, 44
55, 45
55, 48
56, 12
56, 18
56, 38
56, 49
56, 51
56, 53
56, 54
56, 64
56, 128
56, 155
56, 161
56, 163
56, 179
56, 201
56, 210
56, 234
56, 239
56, 263
56, 317
56, 361
56, 397
56, 413
58, 1
58, 12
58, 38
58, 76
58, 105
58, 128
58, 251
58, 416
58, 458
58, 460
59, 2
59, 3
59, 4
59, 5
59, 7
59, 10
59, 12
59, 13
59, 14
59, 15
59, 16
59, 17
59, 18
59, 19
59, 21
59, 22
59, 24
59, 25
59, 26
59, 36
59, 38
59, 41
60, 13
60, 45
60, 65
60, 78
60, 83
60, 103
60, 120
60, 137
60, 140
60, 142
60, 143
60, 154
60, 196
60, 219
60, 226
60, 227
60, 230
60, 233
60, 255
60, 304
60, 307
60, 308
62, 5
62, 7
62, 19
62, 21
62, 24
62, 25
62, 26
62, 36
62, 41
62, 48
62, 52
62, 61
62, 69
62, 74
62, 77
62, 81
62, 84
62, 85
62, 90
62, 94
62, 98
62, 102
63, 1
63, 2
63, 10
63, 12
63, 15
63, 16
63, 17
63, 18
63, 26
63, 36
63, 38
63, 40
63, 44
63, 49
63, 51
63, 52
63, 53
63, 54
63, 64
63, 72
63, 76
63, 81
67, 5
67, 7
67, 19
67, 21
67, 24
67, 25
67, 26
67, 41
67, 48
67, 61
67, 69
67, 74
67, 77
67, 84
67, 85
67, 102
67, 106
67, 110
67, 123
67, 136
67, 137
67, 144
70, 2
70, 3
70, 4
70, 5
70, 7
70, 10
70, 12
70, 13
70, 14
70, 15
70, 16
70, 17
70, 18
70, 19
70, 21
70, 22
70, 24
70, 25
70, 26
70, 36
70, 38
70, 41
71, 2
71, 5
71, 7
71, 10
71, 12
71, 13
71, 14
71, 15
71, 16
71, 17
71, 18
71, 19
71, 21
71, 24
71, 25
71, 26
71, 36
71, 38
71, 41
71, 44
71, 45
71, 48
75, 10
75, 15
75, 16
75, 26
75, 36
75, 48
75, 52
75, 72
75, 81
75, 90
75, 94
75, 98
75, 100
75, 102
75, 106
75, 118
75, 119
75, 122
75, 133
75, 144
75, 172
75, 178
79, 182
80, 26
80, 48
80, 81
80, 102
80, 106
80, 144
80, 199
80, 265
80, 306
80, 367
80, 426
80, 432
80, 433
80, 451
80, 452
86, 5
86, 7
86, 10
86, 15
86, 16
86, 19
86, 21
86, 24
86, 25
86, 26
86, 36
86, 41
86, 48
86, 52
86, 61
86, 69
86, 72
86, 74
86, 77
86, 81
86, 84
86, 85
87, 3
87, 4
87, 5
87, 7
87, 8
87, 11
87, 13
87, 14
87, 16
87, 19
87, 21
87, 24
87, 25
87, 26
87, 36
87, 40
87, 41
87, 42
87, 45
87, 48
87, 52
87, 61
88, 26
88, 48
88, 81
88, 102
88, 144
88, 199
88, 265
88, 367
88, 426
88, 432
88, 433
88, 451
89, 137
89, 230
89, 304
89, 308
89, 322
89, 393
92, 1
92, 12
92, 38
92, 76
92, 105
92, 128
92, 251
92, 416
92, 458
92, 460
93, 2
93, 3
93, 5
93, 7
93, 9
93, 10
93, 12
93, 13
93, 14
93, 15
93, 16
93, 17
93, 18
93, 19
93, 20
93, 21
93, 24
93, 25
93, 26
93, 36
93, 38
93, 41
95, 5
95, 7
95, 16
95, 19
95, 21
95, 24
95, 25
95, 26
95, 36
95, 41
95, 48
95, 52
95, 61
95, 69
95, 72
95, 74
95, 77
95, 81
95, 84
95, 85
95, 90
95, 94
96, 9
96, 11
96, 20
96, 40
96, 42
96, 57
96, 66
96, 68
96, 73
96, 82
96, 91
96, 108
96, 115
96, 121
96, 131
96, 134
96, 147
96, 166
96, 171
96, 181
96, 187
96, 193
97, 5
97, 7
97, 25
97, 26
97, 48
97, 61
97, 69
97, 81
97, 85
97, 94
97, 98
97, 102
97, 106
97, 144
97, 145
97, 146
97, 153
97, 162
97, 165
97, 168
97, 174
97, 186
101, 9
101, 11
101, 20
101, 40
101, 42
101, 57
101, 66
101, 68
101, 73
101, 82
101, 91
101, 108
101, 115
101, 121
101, 131
101, 134
101, 147
101, 166
101, 171
101, 181
101, 187
101, 193
109, 1
109, 2
109, 5
109, 7
109, 10
109, 12
109, 13
109, 15
109, 16
109, 17
109, 18
109, 19
109, 21
109, 24
109, 25
109, 26
109, 36
109, 38
109, 40
109, 41
109, 44
109, 45
111, 1
111, 76
111, 251
111, 416
112, 9
112, 11
112, 20
112, 40
112, 42
112, 57
112, 66
112, 68
112, 73
112, 82
112, 91
112, 108
112, 115
112, 121
112, 131
112, 134
112, 147
112, 166
112, 171
112, 181
112, 187
112, 193
113, 5
113, 7
113, 10
113, 12
113, 15
113, 16
113, 17
113, 18
113, 25
113, 26
113, 36
113, 38
113, 40
113, 44
113, 48
113, 49
113, 51
113, 52
113, 53
113, 54
113, 61
113, 64
114, 3
114, 4
114, 5
114, 7
114, 10
114, 11
114, 12
114, 13
114, 14
114, 15
114, 16
114, 17
114, 18
114, 19
114, 21
114, 24
114, 25
114, 36
114, 38
114, 40
114, 41
114, 42
116, 2
116, 5
116, 7
116, 10
116, 12
116, 13
116, 15
116, 16
116, 17
116, 18
116, 19
116, 20
116, 21
116, 24
116, 25
116, 36
116, 38
116, 41
116, 44
116, 45
116, 48
116, 49
117, 2
117, 3
117, 5
117, 7
117, 10
117, 12
117, 13
117, 14
117, 15
117, 16
117, 17
117, 18
117, 19
117, 21
117, 22
117, 24
117, 25
117, 36
117, 38
117, 41
117, 44
117, 45
124, 4
124, 7
124, 8
124, 13
124, 24
124, 25
124, 41
124, 45
124, 65
124, 69
124, 74
124, 77
124, 78
124, 83
124, 84
124, 99
124, 103
124, 107
124, 110
124, 120
124, 136
124, 137
125, 5
125, 13
125, 16
125, 19
125, 21
125, 24
125, 25
125, 36
125, 41
125, 45
125, 48
125, 52
125, 61
125, 69
125, 72
125, 74
125, 77
125, 78
125, 81
125, 84
125, 85
125, 90
126, 2
126, 3
126, 4
126, 8
126, 9
126, 10
126, 12
126, 13
126, 14
126, 15
126, 16
126, 17
126, 18
126, 19
126, 20
126, 21
126, 22
126, 24
126, 25
126, 36
126, 38
126, 41
127, 2
127, 10
127, 12
127, 15
127, 16
127, 17
127, 18
127, 36
127, 38
127, 44
127, 48
127, 49
127, 51
127, 52
127, 53
127, 54
127, 61
127, 64
127, 66
127, 72
127, 81
127, 82
129, 4
129, 13
129, 24
129, 45
129, 65
129, 69
129, 74
129, 78
129, 83
129, 84
129, 99
129, 103
129, 107
129, 110
129, 120
129, 136
129, 137
129, 142
129, 143
129, 146
129, 153
129, 154
130, 10
130, 41
130, 48
130, 52
130, 61
130, 69
130, 72
130, 77
130, 81
130, 84
130, 85
130, 90
130, 94
130, 98
130, 102
130, 106
130, 119
130, 122
130, 133
130, 136
130, 144
130, 145
132, 2
132, 3
132, 4
132, 9
132, 10
132, 12
132, 13
132, 14
132, 15
132, 17
132, 18
132, 19
132, 20
132, 21
132, 38
132, 41
132, 44
132, 45
132, 48
132, 49
132, 51
132, 52
135, 1
135, 18
135, 38
135, 64
135, 76
135, 105
135, 128
135, 160
135, 161
135, 163
135, 210
135, 239
135, 251
135, 263
135, 317
135, 413
135, 416
135, 448
135, 458
135, 460
135, 474
135, 496
138, 9
138, 11
138, 20
138, 40
138, 42
138, 57
138, 66
138, 68
138, 73
138, 82
138, 91
138, 108
138, 115
138, 121
138, 131
138, 134
138, 147
138, 166
138, 171
138, 181
138, 187
138, 193
139, 1
139, 76
139, 251
139, 416
141, 2
141, 3
141, 10
141, 14
141, 15
141, 17
141, 18
141, 19
141, 21
141, 38
141, 41
141, 44
141, 45
141, 48
141, 49
141, 51
141, 52
141, 53
141, 54
141, 57
141, 61
141, 64
148, 2
148, 10
148, 14
148, 15
148, 17
148, 19
148, 21
148, 22
148, 44
148, 45
148, 48
148, 49
148, 51
148, 52
148, 53
148, 54
148, 61
148, 64
148, 65
148, 69
148, 72
148, 74
149, 2
149, 14
149, 17
149, 44
149, 45
149, 49
149, 51
149, 52
149, 53
149, 54
149, 61
149, 64
149, 65
149, 69
149, 72
149, 74
149, 77
149, 78
149, 81
149, 83
149, 84
149, 85
150, 44
150, 118
150, 155
150, 175
150, 179
150, 210
150, 223
150, 234
150, 263
150, 361
150, 397
150, 425
150, 459
150, 462
151, 1
151, 76
151, 251
151, 416
152, 1
152, 76
152, 251
152, 416
156, 1
156, 76
156, 251
156, 416
159, 45
159, 61
159, 69
159, 74
159, 77
159, 78
159, 84
159, 85
159, 107
159, 110
159, 123
159, 136
159, 137
159, 146
159, 153
159, 157
159, 158
159, 170
159, 174
159, 176
159, 186
159, 194
167, 45
167, 61
167, 69
167, 74
167, 77
167, 78
167, 84
167, 99
167, 103
167, 107
167, 110
167, 123
167, 136
167, 137
167, 146
167, 153
167, 157
167, 158
167, 170
167, 174
167, 176
167, 186
169, 2
169, 3
169, 11
169, 14
169, 17
169, 42
169, 44
169, 45
169, 49
169, 51
169, 52
169, 53
169, 54
169, 61
169, 64
169, 65
169, 66
169, 68
169, 69
169, 72
169, 74
169, 77
173, 17
173, 44
173, 49
173, 51
173, 54
173, 64
173, 118
173, 155
173, 161
173, 163
173, 175
173, 179
173, 201
173, 210
173, 223
173, 234
173, 254
173, 263
173, 284
173, 297
173, 317
173, 323
177, 1
177, 2
177, 40
177, 44
177, 49
177, 51
177, 53
177, 54
177, 64
177, 76
177, 105
177, 128
177, 155
177, 160
177, 161
177, 163
177, 179
177, 181
177, 201
177, 210
177, 234
177, 239
180, 2
180, 44
180, 49
180, 51
180, 52
180, 53
180, 54
180, 61
180, 64
180, 66
180, 69
180, 72
180, 74
180, 77
180, 81
180, 84
180, 85
180, 90
180, 91
180, 94
180, 98
180, 100
183, 52
183, 72
183, 81
183, 90
183, 94
183, 98
183, 100
183, 102
183, 118
183, 119
183, 122
183, 133
183, 144
183, 155
183, 172
183, 175
183, 178
183, 179
183, 189
183, 192
183, 199
183, 207
184, 2
184, 20
184, 44
184, 45
184, 49
184, 51
184, 52
184, 53
184, 54
184, 61
184, 64
184, 69
184, 72
184, 74
184, 77
184, 78
184, 81
184, 84
184, 85
184, 90
184, 94
184, 98
185, 3
185, 4
185, 6
185, 8
185, 11
185, 14
185, 40
185, 45
185, 61
185, 65
185, 66
185, 69
185, 74
185, 77
185, 78
185, 82
185, 83
185, 84
185, 91
185, 99
185, 103
185, 107
188, 3
188, 4
188, 40
188, 52
188, 61
188, 65
188, 69
188, 72
188, 74
188, 77
188, 78
188, 81
188, 83
188, 84
188, 85
188, 90
188, 94
188, 98
188, 99
188, 102
188, 103
188, 106
190, 1
190, 2
190, 40
190, 44
190, 49
190, 51
190, 52
190, 53
190, 54
190, 64
190, 69
190, 72
190, 74
190, 76
190, 77
190, 78
190, 81
190, 84
190, 85
190, 90
190, 94
190, 98
191, 1
191, 44
191, 49
191, 51
191, 53
191, 54
191, 64
191, 76
191, 105
191, 128
191, 155
191, 160
191, 161
191, 163
191, 179
191, 201
191, 210
191, 234
191, 239
191, 251
191, 263
191, 311
195, 3
195, 4
195, 65
195, 69
195, 74
195, 77
195, 78
195, 84
195, 99
195, 103
195, 107
195, 110
195, 120
195, 123
195, 136
195, 137
195, 142
195, 143
195, 146
195, 153
195, 157
195, 158
197, 49
197, 51
197, 53
197, 54
197, 64
197, 72
197, 76
197, 90
197, 94
197, 98
197, 100
197, 118
197, 119
197, 128
197, 155
197, 161
197, 163
197, 172
197, 175
197, 178
197, 179
197, 189
200, 137
200, 140
200, 176
200, 230
200, 302
200, 304
200, 308
200, 318
200, 322
200, 356
200, 393
200, 491
203, 14
203, 22
203, 49
203, 51
203, 53
203, 54
203, 64
203, 65
203, 72
203, 74
203, 77
203, 78
203, 81
203, 83
203, 84
203, 85
203, 90
203, 94
203, 98
203, 99
203, 100
203, 102
204, 77
204, 81
204, 84
204, 85
204, 102
204, 106
204, 136
204, 144
204, 145
204, 146
204, 153
204, 158
204, 162
204, 165
204, 168
204, 174
204, 186
204, 198
204, 199
204, 202
204, 212
204, 215
206, 3
206, 4
206, 11
206, 14
206, 20
206, 42
206, 49
206, 51
206, 53
206, 54
206, 64
206, 65
206, 66
206, 68
206, 72
206, 73
206, 74
206, 77
206, 78
206, 81
206, 82
206, 83
208, 1
208, 40
208, 49
208, 51
208, 53
208, 54
208, 64
208, 72
208, 76
208, 90
208, 94
208, 98
208, 100
208, 102
208, 105
208, 106
208, 118
208, 119
208, 122
208, 128
208, 133
208, 144
209, 49
209, 51
209, 53
209, 54
209, 64
209, 72
209, 82
209, 90
209, 94
209, 98
209, 100
209, 105
209, 115
209, 118
209, 119
209, 122
209, 128
209, 133
209, 155
209, 160
209, 161
209, 163
211, 100
211, 118
211, 207
211, 223
211, 254
211, 259
211, 284
211, 297
211, 323
211, 325
211, 341
211, 361
211, 383
211, 459
211, 485
214, 42
214, 51
214, 53
214, 54
214, 68
214, 72
214, 84
214, 85
214, 90
214, 94
214, 98
214, 100
214, 102
214, 105
214, 106
214, 108
214, 118
214, 119
214, 122
214, 128
214, 133
214, 144
216, 14
216, 22
216, 53
216, 54
216, 65
216, 74
216, 77
216, 78
216, 83
216, 85
216, 90
216, 94
216, 98
216, 100
216, 102
216, 103
216, 104
216, 105
216, 106
216, 107
216, 110
216, 118
217, 53
217, 76
217, 105
217, 118
217, 128
217, 155
217, 161
217, 163
217, 179
217, 201
217, 210
217, 223
217, 234
217, 239
217, 251
217, 263
217, 311
217, 317
217, 361
217, 397
217, 413
217, 416
218, 14
218, 65
218, 78
218, 83
218, 85
218, 90
218, 94
218, 98
218, 100
218, 102
218, 103
218, 105
218, 106
218, 107
218, 110
218, 118
218, 119
218, 120
218, 122
218, 123
218, 128
218, 133
220, 118
220, 128
220, 155
220, 161
220, 163
220, 179
220, 201
220, 210
220, 223
220, 234
220, 239
220, 263
220, 317
220, 361
220, 397
220, 413
220, 425
220, 460
220, 462
220, 474
220, 496
222, 85
222, 102
222, 106
222, 144
222, 162
222, 165
222, 168
222, 174
222, 186
222, 199
222, 202
222, 224
222, 229
222, 249
222, 252
222, 265
222, 274
222, 290
222, 306
222, 364
222, 367
222, 426
228, 40
228, 227
228, 334
228, 373
228, 453
228, 478
228, 481
235, 3
235, 78
235, 85
235, 99
235, 103
235, 106
235, 107
235, 110
235, 120
235, 123
235, 136
235, 137
235, 142
235, 143
235, 146
235, 153
235, 157
235, 158
235, 162
235, 164
235, 165
235, 168
236, 3
236, 22
236, 65
236, 78
236, 83
236, 90
236, 94
236, 98
236, 99
236, 100
236, 102
236, 103
236, 104
236, 105
236, 106
236, 107
236, 110
236, 118
236, 119
236, 120
236, 121
236, 122
240, 94
240, 98
240, 102
240, 106
240, 110
240, 123
240, 136
240, 137
240, 144
240, 145
240, 146
240, 153
240, 158
240, 162
240, 165
240, 168
240, 174
240, 176
240, 186
240, 194
240, 198
240, 199
241, 3
241, 4
241, 8
241, 22
241, 65
241, 78
241, 83
241, 90
241, 94
241, 98
241, 99
241, 100
241, 102
241, 103
241, 104
241, 105
241, 106
241, 107
241, 110
241, 118
241, 119
241, 120
242, 90
242, 98
242, 102
242, 106
242, 119
242, 122
242, 133
242, 144
242, 145
242, 146
242, 153
242, 162
242, 165
242, 168
242, 172
242, 174
242, 186
242, 189
242, 192
242, 199
242, 202
242, 207
244, 22
244, 65
244, 83
244, 99
244, 100
244, 103
244, 104
244, 105
244, 106
244, 107
244, 110
244, 118
244, 119
244, 120
244, 122
244, 123
244, 128
244, 133
244, 134
244, 136
244, 137
244, 142
245, 106
245, 122
245, 144
245, 145
245, 146
245, 162
245, 165
245, 168
245, 174
245, 186
245, 199
245, 202
245, 224
245, 229
245, 243
245, 249
245, 252
245, 265
245, 274
245, 290
245, 306
245, 319
246, 3
246, 4
246, 40
246, 65
246, 83
246, 99
246, 103
246, 106
246, 107
246, 110
246, 120
246, 122
246, 123
246, 133
246, 136
246, 137
246, 142
246, 143
246, 144
246, 145
246, 146
246, 153
247, 100
247, 119
247, 172
247, 178
247, 207
247, 223
247, 231
247, 254
247, 259
247, 284
247, 294
247, 297
247, 323
247, 341
247, 383
247, 395
247, 459
247, 479
247, 485
248, 3
248, 4
248, 6
248, 8
248, 9
248, 11
248, 20
248, 22
248, 42
248, 57
248, 65
248, 68
248, 73
248, 83
248, 99
248, 100
248, 103
248, 104
248, 105
248, 107
248, 108
248, 110
250, 3
250, 4
250, 40
250, 65
250, 83
250, 99
250, 103
250, 107
250, 110
250, 120
250, 123
250, 136
250, 137
250, 142
250, 143
250, 144
250, 145
250, 146
250, 153
250, 154
250, 157
250, 158
253, 4
253, 8
253, 40
253, 65
253, 83
253, 99
253, 103
253, 107
253, 110
253, 120
253, 123
253, 131
253, 136
253, 137
253, 142
253, 143
253, 146
253, 153
253, 154
253, 157
253, 158
253, 164
256, 4
256, 6
256, 8
256, 9
256, 11
256, 20
256, 22
256, 42
256, 57
256, 65
256, 66
256, 68
256, 73
256, 82
256, 83
256, 91
256, 99
256, 103
256, 104
256, 107
256, 108
256, 110
257, 1
257, 40
257, 76
257, 100
257, 105
257, 118
257, 119
257, 128
257, 133
257, 155
257, 160
257, 161
257, 163
257, 172
257, 175
257, 178
257, 179
257, 181
257, 189
257, 192
257, 201
257, 207
262, 4
262, 22
262, 83
262, 99
262, 100
262, 103
262, 104
262, 105
262, 107
262, 110
262, 118
262, 119
262, 120
262, 122
262, 123
262, 128
262, 133
262, 134
262, 136
262, 137
262, 142
262, 143
264, 100
264, 103
264, 107
264, 110
264, 119
264, 122
264, 123
264, 133
264, 136
264, 137
264, 144
264, 145
264, 146
264, 153
264, 158
264, 162
264, 165
264, 168
264, 170
264, 172
264, 174
264, 176
266, 233
267, 136
267, 144
267, 145
267, 146
267, 153
267, 158
267, 162
267, 165
267, 168
267, 174
267, 186
267, 198
267, 199
267, 202
267, 215
267, 221
267, 224
267, 229
267, 249
267, 252
267, 258
267, 260
268, 1
268, 76
268, 251
268, 416
269, 99
269, 107
269, 110
269, 120
269, 123
269, 136
269, 137
269, 142
269, 143
269, 146
269, 153
269, 157
269, 158
269, 164
269, 176
269, 186
269, 194
269, 205
269, 212
269, 215
269, 219
269, 221
270, 11
270, 42
270, 68
270, 73
270, 83
270, 99
270, 100
270, 105
270, 107
270, 108
270, 115
270, 118
270, 119
270, 120
270, 122
270, 123
270, 128
270, 133
270, 136
270, 137
270, 142
270, 143
272, 1
272, 40
272, 76
272, 105
272, 128
272, 155
272, 160
272, 161
272, 163
272, 179
272, 181
272, 201
272, 210
272, 223
272, 234
272, 239
272, 251
272, 263
272, 311
272, 317
272, 334
272, 361
276, 99
276, 120
276, 123
276, 136
276, 137
276, 142
276, 143
276, 146
276, 153
276, 157
276, 158
276, 164
276, 170
276, 174
276, 176
276, 186
276, 194
276, 198
276, 202
276, 205
276, 212
276, 215
277, 1
277, 76
277, 105
277, 118
277, 128
277, 155
277, 160
277, 161
277, 163
277, 175
277, 179
277, 201
277, 210
277, 223
277, 234
277, 239
277, 251
277, 263
277, 311
277, 317
277, 334
277, 361
278, 6
278, 22
278, 99
278, 100
278, 104
278, 105
278, 118
278, 119
278, 120
278, 122
278, 123
278, 128
278, 133
278, 137
278, 140
278, 143
278, 144
278, 145
278, 146
278, 153
278, 154
278, 155
279, 66
279, 82
279, 83
279, 91
279, 100
279, 115
279, 119
279, 120
279, 122
279, 123
279, 131
279, 133
279, 142
279, 143
279, 144
279, 145
279, 146
279, 153
279, 154
279, 157
279, 158
279, 162
280, 66
280, 82
280, 91
280, 119
280, 122
280, 123
280, 133
280, 144
280, 145
280, 146
280, 153
280, 155
280, 158
280, 160
280, 161
280, 162
280, 163
280, 165
280, 168
280, 172
280, 174
280, 175
281, 9
281, 11
281, 20
281, 42
281, 57
281, 68
281, 73
281, 82
281, 83
281, 91
281, 108
281, 115
281, 119
281, 120
281, 121
281, 122
281, 123
281, 133
281, 142
281, 143
281, 145
281, 153
283, 196
283, 226
283, 227
286, 196
286, 226
286, 227
286, 334
286, 338
286, 369
286, 373
286, 415
286, 453
286, 457
286, 478
286, 481
287, 1
287, 76
287, 251
287, 416
288, 6
288, 8
288, 9
288, 11
288, 20
288, 42
288, 57
288, 66
288, 68
288, 73
288, 76
288, 82
288, 91
288, 108
288, 115
288, 121
288, 123
288, 131
288, 140
288, 142
288, 143
288, 145
292, 91
292, 155
292, 160
292, 161
292, 163
292, 175
292, 179
292, 201
292, 210
292, 213
292, 223
292, 234
292, 239
292, 263
292, 291
292, 311
292, 317
292, 361
292, 365
292, 397
292, 412
292, 413
293, 199
293, 243
293, 265
293, 306
293, 319
293, 367
293, 408
293, 422
293, 426
293, 432
293, 433
293, 434
293, 451
295, 11
295, 155
295, 160
295, 161
295, 163
295, 172
295, 175
295, 178
295, 179
295, 189
295, 192
295, 201
295, 207
295, 210
295, 223
295, 231
295, 234
295, 239
295, 243
295, 254
295, 259
295, 263
299, 42
299, 108
299, 362
299, 414
305, 68
305, 73
305, 108
305, 122
305, 123
305, 133
305, 142
305, 143
305, 145
305, 153
305, 154
305, 155
305, 157
305, 158
305, 160
305, 161
305, 162
305, 163
305, 165
305, 168
305, 170
305, 171
310, 155
310, 175
310, 179
310, 223
310, 254
310, 284
310, 323
310, 325
310, 361
310, 397
310, 425
310, 459
310, 462
310, 485
313, 122
313, 133
313, 172
313, 189
313, 192
313, 207
313, 243
313, 265
313, 284
313, 294
313, 309
313, 319
313, 323
313, 351
313, 367
313, 383
313, 389
313, 408
313, 422
313, 433
313, 434
313, 443
314, 22
314, 104
314, 133
314, 142
314, 143
314, 145
314, 154
314, 155
314, 157
314, 158
314, 160
314, 161
314, 162
314, 163
314, 164
314, 165
314, 168
314, 170
314, 172
314, 174
314, 175
314, 176
320, 22
320, 104
320, 142
320, 143
320, 145
320, 154
320, 157
320, 158
320, 160
320, 161
320, 162
320, 163
320, 165
320, 168
320, 170
320, 172
320, 174
320, 175
320, 176
320, 178
320, 179
320, 182
321, 352
321, 402
324, 22
324, 104
324, 142
324, 143
324, 145
324, 154
324, 157
324, 158
324, 160
324, 161
324, 162
324, 163
324, 164
324, 165
324, 168
324, 170
324, 172
324, 174
324, 175
324, 176
324, 178
324, 179
328, 11
328, 358
330, 142
330, 143
330, 145
330, 157
330, 158
330, 162
330, 164
330, 165
330, 168
330, 170
330, 172
330, 174
330, 176
330, 178
330, 181
330, 186
330, 189
330, 192
330, 194
330, 198
330, 199
330, 202
335, 145
335, 158
335, 162
335, 165
335, 168
335, 174
335, 186
335, 194
335, 198
335, 199
335, 202
335, 212
335, 215
335, 221
335, 224
335, 229
335, 230
335, 249
335, 252
335, 258
335, 260
335, 261
344, 9
344, 20
344, 22
344, 57
344, 104
344, 121
344, 134
344, 142
344, 143
344, 147
344, 154
344, 157
344, 160
344, 161
344, 162
344, 163
344, 164
344, 165
344, 166
344, 168
344, 170
344, 172
346, 134
346, 142
346, 154
346, 157
346, 160
346, 162
346, 165
346, 168
346, 170
346, 172
346, 174
346, 175
346, 176
346, 178
346, 179
346, 182
346, 186
346, 187
346, 189
346, 192
346, 194
346, 196
348, 1
348, 131
348, 160
348, 162
348, 165
348, 168
348, 172
348, 174
348, 175
348, 176
348, 178
348, 179
348, 181
348, 186
348, 189
348, 192
348, 194
348, 198
348, 199
348, 201
348, 202
348, 205
349, 172
349, 175
349, 178
349, 179
349, 189
349, 192
349, 201
349, 207
349, 210
349, 223
349, 231
349, 234
349, 239
349, 243
349, 254
349, 259
349, 263
349, 284
349, 294
349, 297
349, 309
349, 317
350, 66
350, 131
350, 157
350, 160
350, 165
350, 168
350, 170
350, 172
350, 174
350, 175
350, 176
350, 178
350, 181
350, 186
350, 189
350, 192
350, 194
350, 198
350, 199
350, 201
350, 202
350, 205
353, 104
353, 154
353, 157
353, 160
353, 164
353, 170
353, 172
353, 174
353, 175
353, 176
353, 178
353, 182
353, 186
353, 189
353, 192
353, 194
353, 196
353, 198
353, 199
353, 201
353, 202
353, 205
354, 172
354, 175
354, 178
354, 201
354, 207
354, 210
354, 223
354, 231
354, 234
354, 239
354, 254
354, 259
354, 263
354, 284
354, 297
354, 317
354, 323
354, 325
354, 341
354, 361
354, 383
354, 395
357, 157
357, 170
357, 176
357, 178
357, 181
357, 186
357, 189
357, 192
357, 194
357, 198
357, 199
357, 202
357, 205
357, 207
357, 212
357, 215
357, 219
357, 221
357, 223
357, 224
357, 229
357, 230
359, 6
359, 131
359, 140
359, 154
359, 157
359, 176
359, 181
359, 194
359, 196
359, 205
359, 212
359, 215
359, 219
359, 225
359, 226
359, 227
359, 230
359, 233
359, 255
359, 260
359, 261
359, 273
360, 157
360, 170
360, 176
360, 186
360, 194
360, 198
360, 199
360, 202
360, 205
360, 212
360, 215
360, 219
360, 221
360, 224
360, 229
360, 230
360, 233
360, 243
360, 249
360, 252
360, 258
360, 260
366, 11
366, 42
366, 66
366, 68
366, 82
366, 91
366, 108
366, 115
366, 131
366, 154
366, 164
366, 170
366, 171
366, 175
366, 176
366, 178
366, 181
366, 182
366, 186
366, 189
366, 192
366, 194
370, 131
370, 154
370, 164
370, 170
370, 176
370, 181
370, 186
370, 194
370, 196
370, 198
370, 199
370, 202
370, 205
370, 212
370, 215
370, 219
370, 221
370, 224
370, 225
370, 226
370, 227
370, 229
372, 164
372, 170
372, 176
372, 186
372, 194
372, 198
372, 199
372, 202
372, 205
372, 212
372, 215
372, 219
372, 221
372, 224
372, 225
372, 229
372, 230
372, 233
372, 249
372, 252
372, 255
372, 258
374, 219
374, 233
374, 494
375, 182
375, 478
375, 481
376, 175
376, 178
376, 189
376, 192
376, 201
376, 207
376, 210
376, 223
376, 231
376, 234
376, 239
376, 243
376, 254
376, 259
376, 263
376, 284
376, 294
376, 297
376, 309
376, 317
376, 323
376, 325
377, 66
377, 82
377, 91
377, 160
377, 178
377, 189
377, 192
377, 199
377, 201
377, 202
377, 207
377, 210
377, 213
377, 223
377, 224
377, 229
377, 231
377, 234
377, 239
377, 243
377, 249
377, 252
378, 20
378, 154
378, 160
378, 166
378, 170
378, 178
378, 189
378, 192
378, 193
378, 194
378, 196
378, 198
378, 199
378, 201
378, 202
378, 205
378, 207
378, 210
378, 212
378, 215
378, 219
378, 221
379, 219
379, 255
381, 115
381, 210
381, 263
381, 317
381, 404
381, 412
381, 413
381, 458
381, 460
381, 496
382, 170
382, 194
382, 198
382, 205
382, 212
382, 215
382, 219
382, 221
382, 224
382, 229
382, 230
382, 233
382, 260
382, 261
382, 273
382, 274
382, 282
382, 289
382, 290
382, 296
382, 298
382, 300
384, 11
384, 42
384, 66
384, 68
384, 82
384, 91
384, 108
384, 115
384, 131
384, 154
384, 164
384, 170
384, 178
384, 181
384, 189
384, 192
384, 194
384, 196
384, 198
384, 202
384, 205
384, 207
385, 193
385, 232
387, 9
387, 11
387, 20
387, 42
387, 57
387, 66
387, 68
387, 73
387, 82
387, 91
387, 108
387, 115
387, 121
387, 131
387, 134
387, 147
387, 166
387, 171
387, 181
387, 187
387, 193
387, 213
390, 104
390, 121
390, 134
390, 147
390, 154
390, 160
390, 164
390, 170
390, 178
390, 182
390, 187
390, 189
390, 192
390, 194
390, 196
390, 198
390, 201
390, 202
390, 205
390, 207
390, 210
390, 212
391, 210
391, 251
391, 263
391, 317
391, 416
391, 458
391, 460
394, 243
394, 265
394, 294
394, 306
394, 319
394, 323
394, 367
394, 383
394, 389
394, 408
394, 422
394, 426
394, 432
394, 433
394, 434
394, 443
394, 451
394, 452
394, 479
396, 131
396, 189
396, 192
396, 201
396, 207
396, 223
396, 231
396, 234
396, 238
396, 239
396, 243
396, 254
396, 259
396, 263
396, 265
396, 284
396, 294
396, 297
396, 309
396, 311
396, 317
396, 319
400, 164
400, 194
400, 198
400, 202
400, 205
400, 212
400, 215
400, 219
400, 221
400, 224
400, 225
400, 229
400, 230
400, 233
400, 255
400, 260
400, 261
400, 273
400, 274
400, 282
400, 289
400, 290
403, 104
403, 154
403, 164
403, 182
403, 189
403, 192
403, 196
403, 198
403, 202
403, 205
403, 207
403, 212
403, 215
403, 219
403, 221
403, 223
403, 224
403, 225
403, 226
403, 227
403, 229
403, 230
405, 57
405, 104
405, 121
405, 134
405, 147
405, 154
405, 164
405, 182
405, 187
405, 192
405, 196
405, 198
405, 205
405, 207
405, 212
405, 215
405, 219
405, 221
405, 223
405, 224
405, 225
405, 226
406, 9
406, 20
406, 42
406, 57
406, 66
406, 68
406, 73
406, 82
406, 91
406, 108
406, 115
406, 121
406, 131
406, 134
406, 147
406, 166
406, 171
406, 181
406, 187
406, 193
406, 213
406, 232
409, 57
409, 104
409, 121
409, 134
409, 147
409, 164
409, 182
409, 187
409, 192
409, 196
409, 198
409, 205
409, 207
409, 212
409, 215
409, 219
409, 221
409, 223
409, 224
409, 225
409, 226
409, 227
411, 219
417, 207
417, 223
417, 231
417, 234
417, 239
417, 243
417, 254
417, 259
417, 263
417, 284
417, 294
417, 297
417, 309
417, 317
417, 323
417, 325
417, 341
417, 361
417, 383
417, 389
417, 395
417, 397
418, 164
418, 196
418, 205
418, 212
418, 215
418, 219
418, 221
418, 225
418, 226
418, 230
418, 233
418, 255
418, 260
418, 261
418, 273
418, 275
418, 285
418, 289
418, 290
418, 296
418, 298
418, 300
419, 207
419, 231
419, 243
419, 254
419, 259
419, 265
419, 284
419, 294
419, 297
419, 309
419, 319
419, 323
419, 325
419, 341
419, 351
419, 361
419, 383
419, 389
419, 395
419, 408
419, 422
419, 433
420, 104
420, 182
420, 196
420, 198
420, 205
420, 212
420, 215
420, 219
420, 221
420, 224
420, 226
420, 227
420, 229
420, 230
420, 231
420, 233
420, 234
420, 239
420, 243
420, 249
420, 252
420, 254
423, 68
423, 271
424, 6
424, 8
424, 104
424, 140
424, 164
424, 182
424, 196
424, 205
424, 212
424, 215
424, 219
424, 221
424, 224
424, 225
424, 226
424, 227
424, 229
424, 230
424, 231
424, 233
424, 234
424, 239
427, 104
427, 182
427, 196
427, 205
427, 212
427, 215
427, 219
427, 221
427, 224
427, 226
427, 227
427, 229
427, 230
427, 231
427, 233
427, 234
427, 239
427, 243
427, 249
427, 252
427, 254
427, 255
428, 57
428, 212
428, 215
428, 221
428, 224
428, 229
428, 230
428, 231
428, 233
428, 239
428, 243
428, 249
428, 252
428, 254
428, 255
428, 258
428, 259
428, 260
428, 261
428, 263
428, 265
428, 273
429, 6
429, 8
429, 104
429, 140
429, 164
429, 182
429, 196
429, 212
429, 215
429, 221
429, 224
429, 225
429, 226
429, 227
429, 229
429, 230
429, 231
429, 233
429, 243
429, 249
429, 252
429, 254
436, 131
436, 181
436, 231
436, 238
436, 243
436, 252
436, 254
436, 259
436, 263
436, 265
436, 274
436, 284
436, 294
436, 297
436, 306
436, 309
436, 311
436, 317
436, 319
436, 323
436, 325
436, 341
437, 66
437, 82
437, 91
437, 115
437, 213
437, 221
437, 224
437, 229
437, 230
437, 231
437, 233
437, 243
437, 249
437, 252
437, 254
437, 258
437, 259
437, 260
437, 261
437, 265
437, 273
437, 274
439, 231
439, 254
439, 259
439, 284
439, 294
439, 297
439, 323
439, 325
439, 341
439, 361
439, 383
439, 395
439, 459
439, 479
439, 485
440, 182
440, 196
440, 221
440, 224
440, 226
440, 227
440, 229
440, 230
440, 231
440, 233
440, 243
440, 249
440, 252
440, 254
440, 255
440, 258
440, 259
440, 260
440, 261
440, 265
440, 273
440, 274
441, 42
441, 82
441, 108
441, 115
441, 213
441, 221
441, 229
441, 230
441, 231
441, 233
441, 243
441, 249
441, 252
441, 254
441, 255
441, 258
441, 259
441, 260
441, 261
441, 265
441, 273
441, 274
442, 231
442, 243
442, 254
442, 259
442, 265
442, 284
442, 294
442, 297
442, 309
442, 319
442, 323
442, 325
442, 341
442, 351
442, 361
442, 367
442, 383
442, 389
442, 395
442, 408
442, 422
442, 433
444, 57
444, 121
444, 134
444, 147
444, 182
444, 187
444, 196
444, 225
444, 226
444, 227
444, 229
444, 230
444, 231
444, 233
444, 237
444, 249
444, 252
444, 255
444, 258
444, 259
444, 260
444, 261
446, 251
446, 317
446, 334
446, 413
446, 416
446, 448
446, 458
446, 460
446, 462
446, 474
446, 496
446, 499
447, 140
447, 196
447, 225
447, 226
447, 227
447, 230
447, 233
447, 255
447, 260
447, 261
447, 273
447, 275
447, 285
447, 289
447, 296
447, 298
447, 300
447, 302
447, 303
447, 304
447, 307
447, 308
450, 233
456, 231
456, 259
456, 265
456, 284
456, 294
456, 297
456, 309
456, 319
456, 323
456, 341
456, 351
456, 383
456, 389
456, 395
456, 408
456, 422
456, 433
456, 434
456, 459
456, 479
456, 485
464, 317
464, 325
464, 361
464, 397
464, 413
464, 425
464, 459
464, 460
464, 462
464, 474
464, 485
464, 496
467, 251
467, 259
467, 284
467, 297
467, 311
467, 317
467, 323
467, 325
467, 341
467, 361
467, 383
467, 395
467, 397
467, 413
467, 416
467, 425
467, 448
467, 458
467, 459
467, 460
467, 462
467, 474
468, 259
468, 284
468, 297
468, 317
468, 323
468, 325
468, 341
468, 361
468, 397
468, 413
468, 425
468, 459
468, 460
468, 462
468, 474
468, 485
468, 496
469, 249
469, 252
469, 265
469, 274
469, 290
469, 306
469, 326
469, 331
469, 364
469, 367
469, 380
469, 386
469, 426
469, 432
469, 433
469, 438
469, 445
469, 451
469, 452
469, 455
469, 463
469, 472
470, 134
470, 147
470, 182
470, 226
470, 227
470, 233
470, 249
470, 252
470, 255
470, 258
470, 259
470, 260
470, 261
470, 265
470, 273
470, 274
470, 282
470, 284
470, 289
470, 290
470, 294
470, 296
471, 134
471, 182
471, 187
471, 226
471, 227
471, 237
471, 249
471, 252
471, 255
471, 258
471, 259
471, 260
471, 261
471, 265
471, 273
471, 274
471, 282
471, 284
471, 289
471, 290
471, 294
471, 296
475, 249
475, 252
475, 265
475, 274
475, 284
475, 290
475, 294
475, 297
475, 306
475, 309
475, 319
475, 323
475, 325
475, 341
475, 351
475, 361
475, 364
475, 367
475, 383
475, 389
475, 395
475, 397
476, 284
476, 297
476, 323
476, 325
476, 341
476, 361
476, 383
476, 395
476, 397
476, 425
476, 459
476, 462
476, 479
476, 485
476, 496
483, 225
483, 255
483, 260
483, 261
483, 273
483, 274
483, 289
483, 290
483, 296
483, 298
483, 300
483, 302
483, 303
483, 304
483, 308
483, 312
483, 315
483, 318
483, 322
483, 329
483, 331
483, 333
486, 358
487, 323
487, 325
487, 361
487, 397
487, 413
487, 425
487, 459
487, 460
487, 462
487, 474
487, 485
487, 496
488, 294
488, 319
488, 323
488, 367
488, 383
488, 389
488, 408
488, 422
488, 426
488, 433
488, 434
488, 443
488, 451
488, 479
490, 82
490, 91
490, 115
490, 131
490, 181
490, 182
490, 213
490, 226
490, 227
490, 238
490, 291
490, 334
490, 340
490, 342
490, 347
490, 358
490, 365
490, 369
490, 373
490, 388
490, 398
490, 401
492, 91
492, 131
492, 181
492, 213
492, 238
492, 249
492, 251
492, 252
492, 255
492, 258
492, 260
492, 261
492, 273
492, 274
492, 282
492, 289
492, 290
492, 291
492, 294
492, 296
492, 297
492, 298
493, 249
493, 252
493, 260
493, 274
493, 282
493, 290
493, 294
493, 297
493, 298
493, 306
493, 309
493, 312
493, 319
493, 325
493, 326
493, 331
493, 333
493, 337
493, 341
493, 345
493, 351
493, 355
495, 225
495, 226
495, 249
495, 255
495, 258
495, 260
495, 261
495, 273
495, 274
495, 282
495, 289
495, 290
495, 296
495, 298
495, 300
495, 301
495, 302
495, 303
495, 304
495, 306
495, 307
495, 308
498, 226
498, 227
498, 307
498, 338
498, 369
498, 407
498, 415
498, 457
end