280
4
0, 0.10068261930804978, 0.0593139459813411
1, 0.0400188191623323, 0.4972271117825361
2, 0.9703625432829703, 0.415830388414862
3, 0.9954112258059847, 0.210531291431854
4, 0.747226219477496, 0.6090900523247222
5, 0.7168530907644275, 0.20952979322855325
6, 0.700776108411613, 0.03929675908838837
7, 0.007760051778050836, 0.7432855373116715
8, 0.8772240964082427, 0.9976557920349892
9, 0.7784210638246198, 0.20507435114612593
10, 0.8118875395582944, 0.42969834529977025
11, 0.4019238797356137, 0.9022897201825676
12, 0.3103141951541337, 0.028019417677623504
13, 0.4971166295904276, 0.3092653516785443
14, 0.9319011287825563, 0.9462736015929485
15, 0.46955503729480796, 0.8765502928084404
16, 0.2851518004386864, 0.007150344835399003
17, 0.673408578488798, 0.9524597418247359
18, 0.7755095205289296, 0.9450149595767586
19, 0.5166397701000962, 0.3851510437208713
20, 0.8361351690340451, 0.6486100181149272
21, 0.6991715599985779, 0.3228454519973061
22, 0.5096344007899022, 0.6015755059624249
23, 0.4031452400316876, 0.16184141862993429
24, 0.7867993204480144, 0.7601116129754579
25, 0.9389487689375077, 0.25520422462220493
26, 0.8809108276987143, 0.7399283457391895
27, 0.039524477091160914, 0.2435813225974477
28, 0.7341239426143089, 0.45460897465870276
29, 0.0573117803193246, 0.5506775508615747
30, 0.19401709692685887, 0.34654052925673473
31, 0.24323754177033985, 0.3606174829740375
32, 0.5292881934364754, 0.7266312050431482
33, 0.4381822095739608, 0.30610352307857513
34, 0.5445412303907935, 0.04024989853227301
35, 0.7186696693498078, 0.5253803753133323
36, 0.4848538190189291, 0.7146677602422561
37, 0.3963828379772245, 0.3839778468615438
38, 0.3264322110094473, 0.5768379652574481
39, 0.29075928040288745, 0.709745316721671
40, 0.29822190404431137, 0.2761573674892679
41, 0.7135083011241548, 0.563967866377745
42, 0.262542582683822, 0.46946381653606595
43, 0.9966145569524741, 0.7344644631485567
44, 0.5843998354502882, 0.19949900825763545
45, 0.8154593922079695, 0.7616214053205933
46, 0.4671828369662797, 0.26125676022088595
47, 0.40552313659825523, 0.362515098706773
48, 0.06940652449940565, 0.5400236822144419
49, 0.8669053946164448, 0.27617185595778015
50, 0.2857201366268691, 0.3469572646762714
51, 0.06017520630588924, 0.32479316600241026
52, 0.6049237043889485, 0.501807583794403
53, 0.5219254498810004, 0.5111989049070187
54, 0.5043925068134769, 0.5906668721647562
55, 0.6628288010616741, 0.336170696225658
56, 0.027130486464317816, 0.9026152338979075
57, 0.9684271635722486, 0.28657972375908713
58, 0.5956319623736755, 0.1731319210128648
59, 0.8400314082682123, 0.9785398430252226
60, 0.19999219044687744, 0.19415688173979861
61, 0.6553119776563232, 0.44562782329751827
62, 0.2585735243533406, 0.7745304361045964
63, 0.09656720151339926, 0.36897154579814884
64, 0.7896294307956249, 0.28278908226634447
65, 0.2017599307303839, 0.7727334302182551
66, 0.7163465734391823, 0.32801256991028627
67, 0.9364894744080146, 0.40238288174398384
68, 0.8410440380796862, 0.10806517399626014
69, 0.8355628341080886, 0.6683704677296788
70, 0.9291539620591822, 0.2798085015401929
71, 0.9683251786585805, 0.6576428690470979
72, 0.42587785183919447, 0.5082795924508544
73, 0.23091733766306632, 0.9161528688224962
74, 0.06325378986044039, 0.8131572632318255
75, 0.04341803240659159, 0.2181354056770748
76, 0.5491196372874496, 0.6377417754060286
77, 0.8033793966019216, 0.080730692538451
78, 0.41096151077002085, 0.11745914010702418
79, 0.048817889266352554, 0.8643360431595718
80, 0.5996721696288098, 0.2568439008392538
81, 0.8544033749187215, 0.1444781814788494
82, 0.08086167513367237, 0.3064172585185093
83, 0.786522644256392, 0.9686027448824196
84, 0.6483344473848838, 0.9041931589495883
85, 0.005823149278005091, 0.8890126067773687
86, 0.8354632068240063, 0.4997347393721734
87, 0.6598370290305157, 0.6513707261632002
88, 0.5341460955772668, 0.8298800672491674
89, 0.7269703468379919, 0.2031286205688697
90, 0.9706139846059413, 0.029056778461813093
91, 0.9451405137816574, 0.9643798286026475
92, 0.5182745998031081, 0.3475640802961599
93, 0.7549690619497915, 0.9693086560972473
94, 0.501591558558576, 0.4232755883194448
95, 0.34979491894975234, 0.13920895745928774
96, 0.759853864256984, 0.6204424082174407
97, 0.5983755168643643, 0.6450988564408239
98, 0.08072646519768345, 0.2224427865779054
99, 0.9039537947554138, 0.25219123807715826
100, 0.3883220452640821, 0.04425196033151135
101, 0.19764415567061433, 0.3727672189637735
102, 0.012981427570405435, 0.6300421273516806
103, 0.7898393777511478, 0.503191598140686
104, 0.9770248695772983, 0.11535783775862696
105, 0.8737123127706726, 0.5911926870963673
106, 0.9196764390834522, 0.11880616191769022
107, 0.0678546233595746, 0.16914376002797793
108, 0.5088063061534834, 0.6753782523591138
109, 0.537218790232332, 0.46442201924111426
110, 0.10539345848318782, 0.7828910316086772
111, 0.6220886997465366, 0.640680091226221
112, 0.20587238867255175, 0.31389617199853626
113, 0.21223772249151363, 0.04361176758071117
114, 0.6349963643433465, 0.9462894516532041
115, 0.03867476803540337, 0.26395214500175135
116, 0.6196752844440396, 0.5057176252607011
117, 0.9641773393344071, 0.8355770257988355
118, 0.5652741600905228, 0.3031525966633083
119, 0.9664984273458196, 0.5437649512934729
120, 0.6431229022903069, 0.23753330249352878
121, 0.6807946534324363, 0.8465015425160348
122, 0.28660211328003427, 0.9820677623126659
123, 0.27785270851638366, 0.9420217933524844
124, 0.4313464971322615, 0.2291846629156472
125, 0.37808314552197797, 0.10013894877911222
126, 0.33181444934221194, 0.1676717641612886
127, 0.9739415141495007, 0.4825567835566835
128, 0.48749576325147104, 0.4105315310269635
129, 0.3362588879986318, 0.03695570091389311
130, 0.8166148316305848, 0.3296272227772694
131, 0.5546648677459184, 0.7904582219641362
132, 0.4622568106286292, 0.8360716920357436
133, 0.3826733342127291, 0.7353812726536525
134, 0.8369778722229815, 0.08011439205519555
135, 0.09535468674135872, 0.7804670678260578
136, 0.09516250548191074, 0.17280438789883934
137, 0.39318166323574755, 0.6072371247418366
138, 0.2654415787640133, 0.255579023895944
139, 0.04148282521893676, 0.034160776556870664
140, 0.42618602440877407, 0.2749931806314403
141, 0.06067112045697354, 0.10793853422384858
142, 0.0018401078574674656, 0.9340785601065311
143, 0.9433968703962231, 0.226620691456499
144, 0.3829581992448958, 0.35953270740773147
145, 0.5127885962970964, 0.9392724556746068
146, 0.2944084719171429, 0.4093235170261078
147, 0.2802594016691765, 0.3208723213382767
148, 0.18844146554331065, 0.14761807199769483
149, 0.3235363878544104, 0.35515111799264265
150, 0.06745626475498767, 0.3076698368653328
151, 0.12079055110130732, 0.1856254101026521
152, 0.8211891112048234, 0.017105674257215986
153, 0.9930452890348757, 0.24560179479545652
154, 0.5513974304953863, 0.7610907810118323
155, 0.09094797805848487, 0.9311641856418973
156, 0.6624241782952064, 0.6878874790312156
157, 0.32828744229217566, 0.043671456025961675
158, 0.585521374082719, 0.2675403461254737
159, 0.176454555345522, 0.41361583168625327
160, 0.42018443311143094, 0.5591472072080012
161, 0.28502521323699337, 0.8780106434853051
162, 0.6767980909999979, 0.29771425359303416
163, 0.35734586078074504, 0.23177316621149047
164, 0.6563376657705523, 0.8800762634323516
165, 0.35077452457367164, 0.24123619465051616
166, 0.6481005419284688, 0.6538039754309511
167, 0.42916641937423716, 0.8255341681715377
168, 0.33430536872201555, 0.7721918803474136
169, 0.6825001855339192, 0.024748576136961464
170, 0.515336225545937, 0.771699624215613
171, 0.6196461556291429, 0.20947827688903842
172, 0.5611916817357393, 0.6889815932066152
173, 0.877675853844297, 0.6424115499678308
174, 0.7971666380541567, 0.8638893294606298
175, 0.010544651886093992, 0.932642124258481
176, 0.6895731648489754, 0.17386213947135665
177, 0.9828980835662091, 0.03297584656993435
178, 0.5038746380872899, 0.8099761670815963
179, 0.7732375701895047, 0.022101808171388404
180, 0.40061190104779565, 0.6743278011635109
181, 0.5255308650619841, 0.6175874256110806
182, 0.8111438907441495, 0.8512731810965171
183, 0.49298650916701503, 0.5203844953739959
184, 0.8058701193007355, 0.7890596570974696
185, 0.6819941242120369, 0.2706321770059834
186, 0.789309094903291, 0.2748496747610275
187, 0.6046500819526026, 0.12892789750905576
188, 0.637903722917844, 0.5201157857028048
189, 0.10751186940899327, 0.9525084223935482
190, 0.3802570405290854, 0.23978064651372866
191, 0.06805196834732452, 0.5545260400368379
192, 0.30239402326851095, 0.5097363085204335
193, 0.5287351932775365, 0.9812701039260574
194, 0.18217426042675877, 0.711343347872998
195, 0.9222537007667507, 0.28090586055618605
196, 0.3126740524150837, 0.9806404936633605
197, 0.6395944174780519, 0.29590990681689255
198, 0.8118880387253331, 0.8408774134431497
199, 0.9379833689467318, 0.7441260713412094
200, 0.8082853102202356, 0.5647698547263167
201, 0.6380549842904665, 0.5900810418589085
202, 0.5462841894277117, 0.4897571062416217
203, 0.9103936171916218, 0.2777260592237827
204, 0.5692051419920895, 0.7441894546131417
205, 0.5023721299765748, 0.24442589905765155
206, 0.0012614880093821945, 0.4450862926950455
207, 0.8985317920923093, 0.5405342931847316
208, 0.4973196734275698, 0.9493327488482303
209, 0.9969584485691254, 0.7380668794310087
210, 0.6048913963663854, 0.03775859016658223
211, 0.5081993249539256, 0.04517230615679568
212, 0.35474017384153045, 0.6759685980023299
213, 0.8071577556341218, 0.8433032805612852
214, 0.5465670596578057, 0.9545076205265791
215, 0.2503018634200084, 0.7252863748993051
216, 0.9910265610543604, 0.8233458079945387
217, 0.1945449274830059, 0.8368388326644963
218, 0.327485156514161, 0.31259649650213284
219, 0.9002505897547897, 0.8799458434051453
220, 0.03252799946362439, 0.7740101919549132
221, 0.8635771956816781, 0.2092049502781913
222, 0.5203870653865958, 0.057484486756978814
223, 0.5029265190942755, 0.45110660775279776
224, 0.5390575691085101, 0.5549936934812556
225, 0.8421928873764362, 0.25368385384030623
226, 0.12235869215966211, 0.998338864934419
227, 0.2470554100703558, 0.8072330074218864
228, 0.7559301816390858, 0.4744577774473745
229, 0.2116591452606249, 0.18532762102845057
230, 0.6702831078776128, 0.5608589125487194
231, 0.6160975974630216, 0.8850495242376225
232, 0.9715206842009467, 0.44754082095882275
233, 0.7787277560529399, 0.07380767786962461
234, 0.5664266475056456, 0.39053413514943136
235, 0.8452209371586691, 0.8834309561212257
236, 0.18440782993576854, 0.7023192877897969
237, 0.16956251468454864, 0.015907544496874815
238, 0.8436151138942292, 0.719603040812416
239, 0.5793157777718769, 0.5547449665635923
240, 0.28124001166831625, 0.7994626491868884
241, 0.8795013849434968, 0.3528249727820807
242, 0.9319897134715235, 0.078891441681049
243, 0.7284734520001666, 0.854773975544213
244, 0.3824919357103864, 0.5353896097042513
245, 0.8181551481906355, 0.06974851698541795
246, 0.17685910472614963, 0.786470118253992
247, 0.09309040919185407, 0.326755293978779
248, 0.33948323769458677, 0.8509592308545528
249, 0.4828782798689125, 0.10481618112138869
250, 0.1231360262425718, 0.5329009264272522
251, 0.8425382516671935, 0.6374698898394161
252, 0.7679437883608038, 0.06177882280743541
253, 0.2328846871950747, 0.3712470756633678
254, 0.7215702297433941, 0.5569745853320788
255, 0.35409124443146744, 0.7198530820069114
256, 0.48314417260772136, 0.8879693446311112
257, 0.17244581987808916, 0.28321046398799243
258, 0.7253506009473492, 0.3067245489550583
259, 0.10529731277356869, 0.4949052820586597
260, 0.4499295834998476, 0.15745043907225664
261, 0.8305126663548317, 0.29136293109703415
262, 0.9980244805192111, 0.7249349225573257
263, 0.6132325959172007, 0.6355033401878303
264, 0.650479283346954, 0.8758355078952562
265, 0.45602557126357957, 0.4333861502474541
266, 0.8416593652738829, 0.18477533732309848
267, 0.4236554167672607, 0.5006891436758455
268, 0.32546292933799215, 0.3189820130391441
269, 0.6906929966279068, 0.6289224632724858
270, 0.2610849181668593, 0.5893549364860456
271, 0.9641570980519748, 0.4030140747769614
272, 0.13973688607191914, 0.4180663961128378
273, 0.5078672445294478, 0.27344272327486696
274, 0.1933606094634378, 0.5494097046669675
275, 0.3199052628673753, 0.3755079128591373
276, 0.05720029096491264, 0.2842144102701204
277, 0.17698169810104547, 0.11976062304751878
278, 0.7633335588204633, 0.9522361054232367
279, 0.31373391482792823, 0.28797284551859226
end_nodes
0, 1
0, 2
0, 3
0, 4
0, 5
0, 6
0, 7
0, 8
0, 9
0, 10
0, 11
0, 12
0, 13
0, 14
0, 15
0, 16
19, 2
19, 4
19, 10
19, 14
19, 20
19, 24
19, 26
19, 28
19, 35
19, 41
19, 43
19, 45
19, 52
19, 57
19, 61
19, 67
21, 2
21, 66
21, 67
21, 127
21, 232
21, 241
21, 271
22, 8
22, 14
22, 17
22, 18
22, 24
22, 26
22, 43
22, 45
22, 59
22, 76
22, 83
22, 84
22, 87
22, 91
22, 93
22, 97
23, 2
23, 3
23, 4
23, 5
23, 6
23, 9
23, 10
23, 20
23, 25
23, 26
23, 28
23, 34
23, 35
23, 41
23, 43
23, 44
27, 1
27, 2
27, 3
27, 4
27, 5
27, 6
27, 7
27, 8
27, 9
27, 10
27, 11
27, 12
27, 13
27, 14
27, 15
27, 16
29, 7
29, 56
29, 74
29, 79
29, 85
29, 110
29, 135
29, 142
29, 155
29, 175
29, 189
29, 220
29, 226
30, 2
30, 3
30, 4
30, 5
30, 6
30, 8
30, 9
30, 10
30, 11
30, 14
30, 15
30, 17
30, 18
30, 20
30, 24
30, 25
31, 2
31, 3
31, 4
31, 5
31, 8
31, 9
31, 10
31, 11
31, 14
31, 15
31, 17
31, 18
31, 20
31, 24
31, 25
31, 26
32, 8
32, 14
32, 17
32, 18
32, 59
32, 83
32, 84
32, 91
32, 93
32, 114
32, 121
32, 131
32, 154
32, 164
32, 174
32, 231
33, 2
33, 3
33, 4
33, 5
33, 8
33, 9
33, 10
33, 14
33, 18
33, 20
33, 24
33, 25
33, 26
33, 28
33, 35
33, 41
36, 8
36, 14
36, 17
36, 18
36, 59
36, 83
36, 84
36, 88
36, 91
36, 93
36, 114
36, 121
36, 131
36, 154
36, 164
36, 170
37, 2
37, 3
37, 4
37, 8
37, 10
37, 14
37, 17
37, 18
37, 20
37, 24
37, 25
37, 26
37, 28
37, 35
37, 41
37, 43
38, 8
38, 11
38, 14
38, 15
38, 17
38, 18
38, 24
38, 26
38, 45
38, 59
38, 83
38, 84
38, 88
38, 91
38, 93
38, 114
39, 11
39, 15
39, 145
39, 168
39, 193
39, 196
39, 208
39, 214
39, 248
39, 256
40, 2
40, 3
40, 4
40, 5
40, 6
40, 8
40, 9
40, 10
40, 11
40, 13
40, 14
40, 15
40, 17
40, 18
40, 20
40, 24
42, 2
42, 4
42, 8
42, 10
42, 11
42, 14
42, 15
42, 17
42, 18
42, 20
42, 24
42, 26
42, 28
42, 35
42, 41
42, 43
46, 2
46, 3
46, 4
46, 5
46, 9
46, 10
46, 20
46, 25
46, 26
46, 28
46, 35
46, 41
46, 43
46, 44
46, 49
46, 55
47, 2
47, 3
47, 4
47, 8
47, 10
47, 14
47, 17
47, 18
47, 20
47, 24
47, 25
47, 26
47, 28
47, 35
47, 41
47, 43
48, 7
48, 56
48, 65
48, 73
48, 74
48, 79
48, 85
48, 110
48, 122
48, 123
48, 135
48, 142
48, 155
48, 161
48, 175
48, 189
50, 2
50, 3
50, 4
50, 5
50, 8
50, 9
50, 10
50, 11
50, 14
50, 15
50, 17
50, 18
50, 20
50, 24
50, 25
50, 26
51, 1
51, 2
51, 3
51, 4
51, 5
51, 6
51, 7
51, 8
51, 9
51, 10
51, 11
51, 12
51, 14
51, 15
51, 16
51, 17
53, 4
53, 8
53, 18
53, 20
53, 24
53, 26
53, 35
53, 41
53, 43
53, 45
53, 59
53, 69
53, 71
53, 83
53, 87
53, 91
54, 17
54, 18
54, 24
54, 26
54, 43
54, 45
54, 59
54, 69
54, 76
54, 83
54, 84
54, 87
54, 91
54, 93
54, 97
54, 111
58, 3
58, 5
58, 9
58, 25
58, 49
58, 57
58, 68
58, 70
58, 77
58, 81
58, 89
58, 90
58, 99
58, 104
58, 106
58, 134
60, 2
60, 3
60, 4
60, 5
60, 6
60, 7
60, 9
60, 10
60, 11
60, 12
60, 13
60, 15
60, 17
60, 18
60, 20
60, 24
62, 122
62, 123
62, 161
62, 196
63, 1
63, 3
63, 5
63, 6
63, 7
63, 9
63, 10
63, 11
63, 12
63, 15
63, 16
63, 17
63, 18
63, 20
63, 24
63, 25
64, 49
64, 57
64, 70
64, 195
64, 203
64, 261
72, 17
72, 20
72, 24
72, 26
72, 35
72, 41
72, 43
72, 45
72, 59
72, 69
72, 71
72, 76
72, 83
72, 84
72, 87
72, 88
75, 1
75, 3
75, 5
75, 6
75, 7
75, 9
75, 11
75, 12
75, 13
75, 15
75, 16
75, 20
75, 25
75, 26
75, 28
75, 34
78, 5
78, 6
78, 9
78, 25
78, 34
78, 49
78, 55
78, 57
78, 66
78, 67
78, 68
78, 70
78, 77
78, 81
78, 89
78, 90
80, 5
80, 9
80, 25
80, 49
80, 57
80, 66
80, 67
80, 70
80, 89
80, 99
80, 104
80, 119
80, 127
80, 130
80, 143
80, 153
82, 1
82, 6
82, 7
82, 11
82, 12
82, 15
82, 16
82, 25
82, 26
82, 28
82, 34
82, 35
82, 41
82, 43
82, 44
82, 45
92, 25
92, 28
92, 35
92, 41
92, 43
92, 45
92, 49
92, 55
92, 57
92, 61
92, 66
92, 67
92, 69
92, 70
92, 71
92, 86
94, 28
94, 35
94, 41
94, 43
94, 45
94, 52
94, 59
94, 61
94, 67
94, 69
94, 71
94, 83
94, 86
94, 87
94, 91
94, 96
95, 6
95, 13
95, 25
95, 28
95, 34
95, 35
95, 41
95, 43
95, 44
95, 45
95, 49
95, 52
95, 55
95, 57
95, 59
95, 61
98, 1
98, 6
98, 7
98, 11
98, 12
98, 13
98, 15
98, 16
98, 28
98, 34
98, 35
98, 41
98, 43
98, 44
98, 45
98, 49
100, 6
100, 34
100, 68
100, 77
100, 90
100, 104
100, 106
100, 134
100, 152
100, 169
100, 177
100, 179
100, 210
100, 211
100, 222
100, 233
101, 6
101, 11
101, 15
101, 28
101, 35
101, 41
101, 43
101, 44
101, 45
101, 49
101, 52
101, 55
101, 57
101, 59
101, 61
101, 65
107, 1
107, 6
107, 7
107, 12
107, 13
107, 16
107, 28
107, 34
107, 35
107, 41
107, 44
107, 45
107, 49
107, 52
107, 55
107, 56
108, 59
108, 83
108, 84
108, 91
108, 93
108, 114
108, 121
108, 131
108, 154
108, 164
108, 174
108, 182
108, 184
108, 198
108, 204
108, 213
109, 28
109, 45
109, 52
109, 59
109, 69
109, 71
109, 86
109, 87
109, 91
109, 96
109, 103
109, 105
109, 116
109, 117
109, 119
109, 127
112, 34
112, 44
112, 45
112, 49
112, 52
112, 55
112, 57
112, 59
112, 61
112, 65
112, 66
112, 67
112, 68
112, 69
112, 70
112, 71
113, 1
113, 7
113, 12
113, 13
113, 16
113, 34
113, 45
113, 49
113, 52
113, 55
113, 56
113, 57
113, 59
113, 61
113, 65
113, 66
115, 1
115, 7
115, 12
115, 13
115, 16
115, 34
115, 44
115, 49
115, 52
115, 55
115, 56
115, 57
115, 59
115, 61
115, 65
115, 66
118, 49
118, 55
118, 57
118, 66
118, 67
118, 70
118, 71
118, 86
118, 103
118, 105
118, 119
118, 127
118, 130
118, 162
118, 195
118, 203
120, 49
120, 57
120, 67
120, 70
120, 89
120, 99
120, 104
120, 106
120, 130
120, 143
120, 153
120, 186
120, 195
120, 203
120, 221
120, 225
124, 13
124, 44
124, 49
124, 55
124, 57
124, 61
124, 66
124, 67
124, 68
124, 69
124, 70
124, 71
124, 77
124, 81
124, 86
124, 89
125, 34
125, 55
125, 57
125, 66
125, 67
125, 68
125, 70
125, 71
125, 77
125, 81
125, 86
125, 89
125, 90
125, 99
125, 103
125, 104
126, 13
126, 34
126, 44
126, 52
126, 55
126, 57
126, 59
126, 61
126, 66
126, 67
126, 68
126, 69
126, 70
126, 71
126, 76
126, 77
128, 52
128, 61
128, 67
128, 69
128, 71
128, 83
128, 86
128, 87
128, 91
128, 96
128, 103
128, 105
128, 111
128, 116
128, 117
128, 119
129, 34
129, 68
129, 77
129, 81
129, 90
129, 104
129, 106
129, 134
129, 143
129, 152
129, 153
129, 169
129, 177
129, 179
129, 187
129, 210
132, 145
132, 193
132, 208
132, 214
132, 256
133, 114
133, 145
133, 167
133, 193
133, 208
133, 214
133, 256
136, 1
136, 7
136, 12
136, 13
136, 16
136, 34
136, 44
136, 52
136, 55
136, 56
136, 61
136, 65
136, 66
136, 67
136, 68
136, 69
137, 83
137, 84
137, 88
137, 91
137, 93
137, 114
137, 117
137, 121
137, 131
137, 145
137, 154
137, 164
137, 170
137, 172
137, 174
137, 178
138, 13
138, 34
138, 44
138, 52
138, 55
138, 61
138, 66
138, 67
138, 68
138, 69
138, 70
138, 71
138, 73
138, 76
138, 77
138, 81
139, 1
139, 7
139, 12
139, 13
139, 16
139, 44
139, 52
139, 55
139, 56
139, 61
139, 65
139, 66
139, 67
139, 68
139, 69
139, 70
140, 13
140, 44
140, 52
140, 61
140, 66
140, 68
140, 69
140, 70
140, 71
140, 77
140, 81
140, 86
140, 87
140, 89
140, 90
140, 91
141, 1
141, 7
141, 12
141, 16
141, 44
141, 52
141, 56
141, 61
141, 65
141, 66
141, 68
141, 69
141, 70
141, 71
141, 73
141, 74
144, 69
144, 70
144, 71
144, 76
144, 83
144, 84
144, 86
144, 87
144, 88
144, 91
144, 93
144, 96
144, 97
144, 99
144, 103
144, 105
146, 71
146, 76
146, 83
146, 84
146, 86
146, 87
146, 88
146, 91
146, 93
146, 96
146, 97
146, 99
146, 103
146, 105
146, 111
146, 114
147, 68
147, 76
147, 77
147, 81
147, 83
147, 84
147, 86
147, 87
147, 88
147, 89
147, 90
147, 91
147, 93
147, 96
147, 97
147, 99
148, 1
148, 12
148, 16
148, 56
148, 65
148, 68
148, 73
148, 74
148, 76
148, 77
148, 79
148, 81
148, 83
148, 84
148, 85
148, 86
149, 68
149, 76
149, 81
149, 83
149, 84
149, 86
149, 87
149, 88
149, 89
149, 91
149, 93
149, 96
149, 97
149, 99
149, 103
149, 104
150, 1
150, 12
150, 16
150, 56
150, 65
150, 73
150, 74
150, 76
150, 77
150, 79
150, 81
150, 84
150, 85
150, 86
150, 87
150, 88
151, 1
151, 16
151, 56
151, 65
151, 73
151, 74
151, 76
151, 77
151, 79
151, 81
151, 84
151, 85
151, 86
151, 87
151, 88
151, 89
157, 77
157, 81
157, 89
157, 90
157, 99
157, 104
157, 106
157, 119
157, 127
157, 130
157, 134
157, 143
157, 152
157, 153
157, 162
157, 169
158, 99
158, 104
158, 119
158, 127
158, 130
158, 143
158, 153
158, 162
158, 186
158, 195
158, 203
158, 221
158, 225
158, 232
158, 241
158, 258
159, 65
159, 73
159, 76
159, 77
159, 81
159, 84
159, 86
159, 87
159, 88
159, 89
159, 90
159, 93
159, 96
159, 97
159, 99
159, 103
160, 76
160, 87
160, 88
160, 93
160, 96
160, 97
160, 111
160, 114
160, 117
160, 121
160, 131
160, 154
160, 156
160, 164
160, 166
160, 170
163, 76
163, 77
163, 81
163, 89
163, 90
163, 93
163, 96
163, 97
163, 99
163, 103
163, 104
163, 105
163, 106
163, 111
163, 114
163, 116
165, 76
165, 81
165, 88
165, 89
165, 90
165, 93
165, 96
165, 97
165, 99
165, 103
165, 104
165, 105
165, 106
165, 111
165, 114
165, 116
180, 88
180, 93
180, 114
180, 121
180, 131
180, 145
180, 154
180, 164
180, 167
180, 170
180, 178
180, 193
180, 208
180, 214
180, 231
180, 243
181, 97
181, 117
181, 121
181, 156
181, 164
181, 166
181, 172
181, 174
181, 182
181, 184
181, 198
181, 199
181, 209
181, 213
181, 216
181, 219
183, 96
183, 97
183, 105
183, 111
183, 117
183, 121
183, 156
183, 164
183, 166
183, 173
183, 174
183, 182
183, 184
183, 198
183, 199
183, 200
185, 99
185, 130
185, 143
185, 153
185, 186
185, 195
185, 203
185, 225
185, 232
185, 241
185, 261
185, 271
190, 89
190, 90
190, 96
190, 97
190, 99
190, 103
190, 104
190, 105
190, 106
190, 111
190, 116
190, 117
190, 119
190, 121
190, 127
190, 130
191, 56
191, 73
191, 74
191, 79
191, 85
191, 110
191, 135
191, 142
191, 155
191, 175
191, 189
191, 217
191, 220
191, 226
191, 246
192, 88
192, 96
192, 97
192, 105
192, 111
192, 114
192, 117
192, 119
192, 121
192, 131
192, 145
192, 154
192, 156
192, 164
192, 166
192, 167
194, 65
194, 73
194, 122
194, 123
194, 161
194, 196
194, 217
194, 246
197, 119
197, 127
197, 130
197, 162
197, 195
197, 203
197, 232
197, 241
197, 258
197, 261
197, 271
201, 96
201, 117
201, 173
201, 182
201, 184
201, 198
201, 199
201, 209
201, 213
201, 216
201, 219
201, 235
201, 238
201, 251
201, 262
201, 269
202, 96
202, 103
202, 105
202, 116
202, 117
202, 119
202, 156
202, 166
202, 173
202, 174
202, 182
202, 184
202, 188
202, 198
202, 199
202, 200
205, 89
205, 90
205, 99
205, 103
205, 104
205, 105
205, 106
205, 119
205, 127
205, 130
205, 134
205, 143
205, 153
205, 162
205, 171
205, 173
206, 56
206, 65
206, 73
206, 74
206, 79
206, 85
206, 88
206, 90
206, 97
206, 102
206, 103
206, 104
206, 105
206, 106
206, 110
206, 111
212, 114
212, 131
212, 145
212, 164
212, 167
212, 170
212, 178
212, 193
212, 208
212, 214
212, 231
212, 256
212, 264
212, 278
215, 122
215, 123
215, 161
215, 196
215, 227
215, 240
215, 248
218, 90
218, 97
218, 103
218, 104
218, 105
218, 106
218, 111
218, 114
218, 116
218, 117
218, 119
218, 121
218, 127
218, 130
218, 131
218, 134
223, 103
223, 105
223, 111
223, 116
223, 117
223, 119
223, 127
223, 156
223, 166
223, 173
223, 174
223, 182
223, 184
223, 188
223, 198
223, 199
224, 111
224, 117
224, 121
224, 156
224, 166
224, 173
224, 174
224, 182
224, 184
224, 198
224, 199
224, 209
224, 213
224, 216
224, 219
224, 235
229, 56
229, 65
229, 73
229, 74
229, 79
229, 85
229, 90
229, 104
229, 105
229, 106
229, 110
229, 111
229, 114
229, 116
229, 117
229, 119
236, 65
236, 73
236, 122
236, 123
236, 161
236, 196
236, 217
236, 227
236, 246
237, 56
237, 73
237, 74
237, 79
237, 85
237, 102
237, 106
237, 110
237, 111
237, 114
237, 116
237, 117
237, 119
237, 121
237, 122
237, 123
239, 117
239, 156
239, 166
239, 173
239, 174
239, 182
239, 184
239, 198
239, 199
239, 209
239, 213
239, 216
239, 219
239, 235
239, 238
239, 251
244, 111
244, 121
244, 131
244, 145
244, 154
244, 156
244, 164
244, 166
244, 170
244, 172
244, 173
244, 174
244, 178
244, 182
244, 184
244, 193
247, 56
247, 73
247, 74
247, 79
247, 85
247, 102
247, 106
247, 110
247, 116
247, 119
247, 121
247, 122
247, 123
247, 127
247, 130
247, 131
249, 106
249, 134
249, 143
249, 152
249, 153
249, 169
249, 176
249, 177
249, 179
249, 187
249, 195
249, 203
249, 210
249, 221
249, 225
249, 233
250, 73
250, 74
250, 79
250, 110
250, 121
250, 122
250, 123
250, 131
250, 135
250, 142
250, 145
250, 154
250, 155
250, 161
250, 164
250, 167
253, 73
253, 106
253, 116
253, 122
253, 123
253, 127
253, 130
253, 131
253, 134
253, 143
253, 145
253, 152
253, 153
253, 154
253, 156
253, 161
255, 145
255, 167
255, 193
255, 208
255, 214
255, 256
257, 74
257, 79
257, 85
257, 110
257, 116
257, 122
257, 123
257, 127
257, 130
257, 131
257, 134
257, 135
257, 142
257, 143
257, 145
257, 152
259, 74
259, 79
259, 85
259, 110
259, 116
259, 122
259, 123
259, 127
259, 131
259, 135
259, 142
259, 145
259, 154
259, 155
259, 156
259, 161
260, 127
260, 130
260, 134
260, 143
260, 152
260, 153
260, 162
260, 169
260, 171
260, 176
260, 177
260, 179
260, 186
260, 187
260, 195
260, 203
263, 156
263, 166
263, 174
263, 182
263, 184
263, 198
263, 199
263, 209
263, 213
263, 216
263, 219
263, 235
263, 238
263, 243
265, 116
265, 156
265, 164
265, 166
265, 172
265, 173
265, 174
265, 182
265, 184
265, 188
265, 198
265, 199
265, 200
265, 207
265, 209
265, 213
267, 116
267, 131
267, 154
267, 156
267, 164
267, 166
267, 170
267, 172
267, 173
267, 174
267, 182
267, 184
267, 188
267, 198
267, 199
267, 200
268, 130
268, 134
268, 143
268, 145
268, 152
268, 153
268, 154
268, 156
268, 162
268, 164
268, 166
268, 167
268, 170
268, 171
268, 172
268, 173
270, 122
270, 123
270, 145
270, 154
270, 161
270, 164
270, 167
270, 168
270, 170
270, 174
270, 178
270, 182
270, 193
270, 196
270, 198
270, 204
272, 74
272, 79
272, 85
272, 110
272, 122
272, 123
272, 130
272, 134
272, 135
272, 142
272, 143
272, 145
272, 152
272, 153
272, 154
272, 155
273, 143
273, 153
273, 162
273, 173
273, 186
273, 195
273, 199
273, 200
273, 203
273, 207
273, 209
273, 216
273, 221
273, 225
273, 228
273, 232
274, 122
274, 123
274, 154
274, 161
274, 167
274, 168
274, 170
274, 172
274, 174
274, 178
274, 182
274, 184
274, 193
274, 196
274, 198
274, 204
275, 143
275, 153
275, 156
275, 166
275, 167
275, 170
275, 172
275, 173
275, 174
275, 178
275, 182
275, 184
275, 186
275, 188
275, 193
275, 195
276, 74
276, 79
276, 85
276, 102
276, 110
276, 122
276, 123
276, 134
276, 135
276, 142
276, 143
276, 152
276, 153
276, 155
276, 161
276, 162
277, 79
277, 85
277, 102
277, 110
277, 122
277, 123
277, 134
277, 135
277, 142
277, 152
277, 153
277, 155
277, 161
277, 162
277, 166
277, 167
279, 134
279, 152
279, 162
279, 166
279, 167
279, 169
279, 170
279, 171
279, 172
279, 173
279, 176
279, 177
279, 178
279, 179
279, 182
279, 184
end