280
4
0, 0.9165869656116924, 0.5445433713108833
1, 0.7157164528639095, 0.28032733267294363
2, 0.5531094269136564, 0.47296390338958094
3, 0.8046932782200155, 0.9687225770358653
4, 0.317068528137438, 0.39203108499137285
5, 0.7677340702993312, 0.07196677271662855
6, 0.8142056900201663, 0.0655496483316671
7, 0.718487621095037, 0.13190559755066433
8, 0.9852996631883387, 0.7349745435225903
9, 0.23760144028430508, 0.6072009610692957
10, 0.7173384583411402, 0.9976792089795117
11, 0.6496137369580476, 0.16864920637433867
12, 0.7980195142518954, 0.18326679353360442
13, 0.9446105783157422, 0.3027917132230251
14, 0.016565837739447087, 0.532860624533198
15, 0.5472850890168882, 0.7496206733757154
16, 0.34704478407491746, 0.3652856155421176
17, 0.7910008896382703, 0.18264762250076727
18, 0.39657533871353745, 0.6652632009998141
19, 0.3423418796304245, 0.31613294871121966
20, 0.8028895828459673, 0.7441727075561451
21, 0.20012048201313182, 0.6865014352451196
22, 0.12464939524018204, 0.965620106373695
23, 0.8841946326293012, 0.6131219316792748
24, 0.02473327885326515, 0.9079451416894245
25, 0.15628367548027422, 0.287138890438688
26, 0.10391532687565797, 0.04914032292415249
27, 0.9282799258510023, 0.12441093530895875
28, 0.6552356659075085, 0.17170214192843702
29, 0.8471281582272511, 0.3994283828596913
30, 0.4409216907425534, 0.8651212143121627
31, 0.6104496556434678, 0.23092201227681286
32, 0.8419535834238705, 0.7391852663228559
33, 0.7718994835157774, 0.4571463403813786
34, 0.5863181050619459, 0.95082289908838
35, 0.7161035918874517, 0.16688156016912836
36, 0.9392255253334101, 0.5472799524967302
37, 0.09040051259500381, 0.14613128056772018
38, 0.021502908199012905, 0.40337504737655616
39, 0.2709751019362332, 0.8025426421892713
40, 0.9580810071828747, 0.6470336318361595
41, 0.8497687002188632, 0.8045132956837338
42, 0.6170237485296779, 0.3341786013379402
43, 0.8040488804859834, 0.9934267355867727
44, 0.513348138144606, 0.12107393093270724
45, 0.6067304886214558, 0.569860314117694
46, 0.6985489758911692, 0.21074313027674896
47, 0.0364662976745217, 0.9705788645539292
48, 0.5332079786628022, 0.7545012018619067
49, 0.1562197978888057, 0.3626751252298458
50, 0.429231700891889, 0.327120362644301
51, 0.9636595062903979, 0.617132159168991
52, 0.21025579914490056, 0.4672434233620092
53, 0.8002222637679706, 0.8445470164829346
54, 0.2218727466725101, 0.6223335156411549
55, 0.6634522102818634, 0.693771028469552
56, 0.8187328477547754, 0.47558090988131463
57, 0.20433523168984757, 0.9991213851322693
58, 0.5985155564622106, 0.7880255740086919
59, 0.47257621684678497, 0.9387205559633036
60, 0.52134033825729, 0.6898769447779909
61, 0.4118570108857261, 0.17638353985968092
62, 0.17333753045500166, 0.5472642459341477
63, 0.42980645347142354, 0.912252662608594
64, 0.31501142268646765, 0.6498564544231814
65, 0.3685752681285218, 0.8679389946008562
66, 0.6474288222078959, 0.5142033160723276
67, 0.19949416871985548, 0.07735498729627133
68, 0.5176632596448949, 0.23719342806839483
69, 0.82348652653824, 0.2826470667516304
70, 0.904880305951626, 0.8694099562919151
71, 0.312143343397963, 0.6782383239141218
72, 0.024494404502893086, 0.8048729229584135
73, 0.6083772188391784, 0.07967105831799437
74, 0.674057226354714, 0.9802756525773013
75, 0.34553691132323505, 0.4704014427408977
76, 0.8885575426948837, 0.7706082038382756
77, 0.8967730774384396, 0.545192919984589
78, 0.8465003050396778, 0.7856318275658418
79, 0.7378994870816717, 0.17217397546961744
80, 0.28874292700668647, 0.18097605958320906
81, 0.1522535346496917, 0.7771688386665183
82, 0.13075220943467292, 0.9896201876193802
83, 0.896398438163086, 0.7721097648795616
84, 0.6009236062406901, 0.19042432918624597
85, 0.3771198903410865, 0.4041195840604621
86, 0.70669199443902, 0.30410001438321865
87, 0.9130842917762243, 0.1017293754278693
88, 0.577064909411185, 0.1887510496528424
89, 0.8837051541593247, 0.2793430256395373
90, 0.41597437677176285, 0.7330842688322395
91, 0.327782656154495, 0.7099017990252422
92, 0.3755640367489992, 0.9413474937782904
93, 0.8271033048081917, 0.5445435016212853
94, 0.6898785420097671, 0.9352094749941177
95, 0.026903567128635952, 0.5631207988032729
96, 0.2683910422323974, 0.4579906471697289
97, 0.4608223922563729, 0.195608478453987
98, 0.07839117878781654, 0.740970144504565
99, 0.6835665250695602, 0.031620850573174764
100, 0.7492011649697975, 0.21607546193988125
101, 0.5475416724824658, 0.5261163524905946
102, 0.44970042924404974, 0.4087963598614446
103, 0.6201435304678568, 0.5240826762450442
104, 0.9464679194744581, 0.9399080715821706
105, 0.24305319144594217, 0.6411549137724655
106, 0.3923613484296604, 0.5642482065837785
107, 0.5320375436457553, 0.19646521970807274
108, 0.6680506081709995, 0.5865735099593254
109, 0.37679781679238433, 0.6491105135538795
110, 0.9096059447041785, 0.7635895931083886
111, 0.7131175271659062, 0.6454723293999721
112, 0.17282002911574068, 0.5062478635768353
113, 0.16257977565157733, 0.8850446484941157
114, 0.33554062228020576, 0.7175210382519961
115, 0.9588805152583838, 0.33026435324399694
116, 0.6645996744751902, 0.6848160337809996
117, 0.8026692898677643, 0.3345105408155423
118, 0.7857891313376149, 0.9030347090105261
119, 0.9274981499144923, 0.28787489917227127
120, 0.47960181378577926, 0.1671506045199468
121, 0.9538395723571561, 0.24615449556539348
122, 0.663382881539594, 0.4458182496600013
123, 0.08932491567097334, 0.5280346960223399
124, 0.7990910141706288, 0.5026201755659131
125, 0.38751487379262717, 0.998263648702473
126, 0.6962227770669723, 0.8563697435360974
127, 0.6231768977447935, 0.054325443191760026
128, 0.7359642235201207, 0.9395018698074504
129, 0.3690379539179385, 0.3761626363272377
130, 0.8282898071228099, 0.17667559751670214
131, 0.7752077754493369, 0.96075741695465
132, 0.740056910788189, 0.4634156424113829
133, 0.4954719269545058, 0.8143483408653971
134, 0.5898102435031387, 0.46321883308015277
135, 0.0032701595948912976, 0.7002365916695005
136, 0.0757675138756988, 0.8972687960712102
137, 0.6467940143882858, 0.8618580413303208
138, 0.712429944467138, 0.7994250798208543
139, 0.008337260409659653, 0.3801914826716867
140, 0.6792012670938825, 0.9898316736848739
141, 0.9770988057626411, 0.9793720196842919
142, 0.5806964608811679, 0.6771762226474013
143, 0.5192189351391502, 0.5725375065657484
144, 0.5035527964684776, 0.44762196104586083
145, 0.48359341978674586, 0.24039127881955857
146, 0.11544018594520267, 0.6301965008173699
147, 0.49475270032376995, 0.5213968205236543
148, 0.2919692357863173, 0.6595247915977601
149, 0.32864167551755075, 0.42609227138267236
150, 0.23713686780517118, 0.5704373353526971
151, 0.9904978474762267, 0.15810198404042441
152, 0.5626154147242652, 0.9997951426110151
153, 0.5693471281623469, 0.33864336773708714
154, 0.7766072436690975, 0.5510983834275877
155, 0.24025533147270361, 0.6689558396083065
156, 0.38344025787224334, 0.9419976877111573
157, 0.9365722632494207, 0.65763561690362
158, 0.6332197763115613, 0.7356509524109793
159, 0.6270902136258358, 0.2689994330880435
160, 0.9664514302713512, 0.11340481422248316
161, 0.5426269742263191, 0.6221609876183434
162, 0.5646227001446149, 0.2965198423280493
163, 0.729456994314322, 0.1590234306288688
164, 0.8038400485065399, 0.841206882494438
165, 0.9966388823496828, 0.7069324747518563
166, 0.5971852677009768, 0.3554144116494157
167, 0.8201243061599796, 0.36827213249041124
168, 0.33673293527393144, 0.9066777086804361
169, 0.6135010057776425, 0.21907634348080918
170, 0.019838286401315575, 0.4996067107015383
171, 0.7794970178765588, 0.013839889249619652
172, 0.3027085386030779, 0.15452019966522035
173, 0.8060280109673044, 0.0212455451794763
174, 0.1410202791318893, 0.1006526958473738
175, 0.27034385864460997, 0.990768271419654
176, 0.8191698540198699, 0.2656608796049248
177, 0.5754451820539234, 0.8754859226331017
178, 0.9967070738965031, 0.5426322974731334
179, 0.3705055555021928, 0.9092710903800325
180, 0.13250629285773374, 0.3921655412610675
181, 0.41921300307969567, 0.8614684190024167
182, 0.03003597266011404, 0.010181559916403238
183, 0.12515361599621933, 0.1775499529471719
184, 0.2780171716564742, 0.4214055021379336
185, 0.13306815893020807, 0.6058611967559461
186, 0.9921056707621931, 0.858518336276455
187, 0.8930840778089819, 0.9368614158098806
188, 0.4588295827360528, 0.17117178810265687
189, 0.9869933055714469, 0.3129418827671233
190, 0.3154414482964846, 0.7061980401848517
191, 0.5476222355397915, 0.09451603650852047
192, 0.27185385045163135, 0.8108990891687652
193, 0.6409049694596516, 0.5906341364824861
194, 0.9042172994095566, 0.8783181286060531
195, 0.675522899750635, 0.572433539795221
196, 0.022727134992443054, 0.7732262070336859
197, 0.08565808259676766, 0.570303237086809
198, 0.9759592217054575, 0.6138862724173683
199, 0.2949410073989218, 0.521366505145691
200, 0.8133150384664674, 0.8600313200386892
201, 0.7321149665622001, 0.906214247955206
202, 0.8514384826090511, 0.8933699089602046
203, 0.9667698534192561, 0.0964921578486807
204, 0.8039226714141233, 0.12903013561773724
205, 0.612079950089201, 0.4573943072096317
206, 0.13946046538574597, 0.19561362585658537
207, 0.9071856249956637, 0.6227704392237551
208, 0.5703121089528584, 0.7647792558292474
209, 0.7225377921455453, 0.4340562499539842
210, 0.3515513785554133, 0.5526868318164607
211, 0.6989752242640912, 0.2367730564782503
212, 0.6199053406696787, 0.05374383869264343
213, 0.6078326878830377, 0.3791923516075769
214, 0.3456414985665469, 0.04647568098360888
215, 0.6537966687096941, 0.7377461268285643
216, 0.3406162256092278, 0.7506507021026836
217, 0.233325495002786, 0.10522101181783539
218, 0.8756475338281642, 0.715242843789584
219, 0.5386427931300284, 0.6643525251679399
220, 0.48318123224057996, 0.4013264106262445
221, 0.030298656189202355, 0.1754132877343194
222, 0.7433874498950793, 0.5099779592675323
223, 0.6443455335560462, 0.6526359566219069
224, 0.63336668707583, 0.8373936480983977
225, 0.28587619598554204, 0.0846524286533652
226, 0.07922345987744339, 0.9454841554820436
227, 0.29264336888603104, 0.5063978754009936
228, 0.4934112424965178, 0.07825761726350167
229, 0.352058834428439, 0.8922189435739613
230, 0.10360767997699427, 0.6928306690791515
231, 0.34091666966566747, 0.52490637792387
232, 0.2639867598029497, 0.46284616418956304
233, 0.1768965372276754, 0.9034538906078811
234, 0.91775030961897, 0.20949001134257117
235, 0.41990966170738764, 0.794583136802435
236, 0.7505831175392926, 0.40901502517810195
237, 0.39400068279329736, 0.23014082967065674
238, 0.4241014425988443, 0.5405092419327762
239, 0.5773497434385588, 0.9793493071036489
240, 0.902483753797938, 0.8325880585753348
241, 0.011241936038920652, 0.42602928107459426
242, 0.039643746402012625, 0.1454346559992622
243, 0.7040296780144454, 0.3695856977965938
244, 0.26583714326595675, 0.44757576536207455
245, 0.7841620239397772, 0.47600130437998256
246, 0.13318659103847663, 0.20380342921683203
247, 0.7069836374050239, 0.4327188244251988
248, 0.9942845791313389, 0.95807864817704
249, 0.43138858483700104, 0.6080402453004576
250, 0.09168723751965446, 0.7026819946074895
251, 0.01679154098980995, 0.2989038188504607
252, 0.9841644044790016, 0.7486603129749604
253, 0.6057220967471851, 0.4652743873328956
254, 0.21439870539801476, 0.47257803311464086
255, 0.26575073571449526, 0.8080017922561262
256, 0.25197917545681003, 0.44314399985604047
257, 0.43556490780734125, 0.4215021857957424
258, 0.09109593683104567, 0.23965264714036083
259, 0.5723341609921442, 0.2864321554412833
260, 0.31475067762103515, 0.09052035643136314
261, 0.4420429066432382, 0.1202120562495983
262, 0.9888194956024969, 0.8323003820244899
263, 0.4459373840620836, 0.7608675727762343
264, 0.173093394141408, 0.09686168785981564
265, 0.9488395543662972, 0.25357344649765945
266, 0.20172884868366991, 0.9986006967389307
267, 0.43527209860284577, 0.35785939189368854
268, 0.009136506470240113, 0.49069744231694157
269, 0.9116807368902358, 0.7666619958498824
270, 0.44505937014528063, 0.8229857725722978
271, 0.8762078845655534, 0.9909194831486209
272, 0.3876905635813229, 0.9557671195481183
273, 0.5411405960283534, 0.23558938678638008
274, 0.95636516229692, 0.5549932662356993
275, 0.9161512961169809, 0.29956034672026866
276, 0.45973064483889725, 0.5456458651718955
277, 0.7553847319115563, 0.5662233223590131
278, 0.7137005361669322, 0.20948495063073236
279, 0.07542166008247164, 0.8765110276514435
end_nodes
0, 1
0, 2
0, 3
0, 4
0, 5
0, 6
0, 7
0, 8
0, 9
0, 10
0, 11
0, 12
0, 13
0, 14
0, 15
0, 16
17, 5
17, 8
17, 40
17, 99
17, 171
17, 252
18, 21
18, 24
18, 71
18, 72
18, 81
18, 91
18, 98
18, 135
18, 190
18, 196
18, 230
18, 250
18, 279
19, 25
19, 221
19, 246
19, 251
19, 258
20, 5
20, 10
20, 12
20, 34
20, 74
20, 94
20, 126
20, 128
20, 137
20, 140
20, 152
20, 171
20, 201
20, 239
23, 2
23, 3
23, 4
23, 5
23, 6
23, 9
23, 10
23, 12
23, 13
23, 14
23, 15
23, 21
23, 22
23, 24
23, 25
23, 27
26, 182
28, 11
28, 191
28, 228
29, 1
29, 2
29, 4
29, 5
29, 6
29, 7
29, 8
29, 9
29, 11
29, 12
29, 14
29, 16
29, 21
29, 22
29, 24
29, 25
30, 57
30, 175
30, 179
30, 266
31, 44
31, 120
31, 214
31, 260
31, 261
32, 5
32, 6
32, 10
32, 12
32, 27
32, 34
32, 53
32, 74
32, 87
32, 89
32, 94
32, 118
32, 126
32, 128
32, 130
32, 131
33, 2
33, 4
33, 9
33, 14
33, 16
33, 21
33, 22
33, 24
33, 25
33, 37
33, 38
33, 39
33, 47
33, 49
33, 52
33, 54
35, 73
35, 127
35, 212
36, 1
36, 2
36, 3
36, 4
36, 7
36, 9
36, 10
36, 11
36, 13
36, 14
36, 15
36, 16
36, 21
36, 22
36, 24
36, 25
41, 3
41, 5
41, 6
41, 10
41, 12
41, 13
41, 27
41, 43
41, 87
41, 89
41, 118
41, 119
41, 121
41, 130
41, 131
41, 160
42, 25
42, 37
42, 49
42, 61
42, 67
42, 80
42, 97
42, 139
42, 145
42, 174
42, 182
42, 183
42, 206
42, 217
42, 221
42, 225
45, 9
45, 14
45, 21
45, 24
45, 39
45, 47
45, 54
45, 62
45, 64
45, 71
45, 72
45, 81
45, 91
45, 95
45, 98
45, 105
46, 11
46, 44
46, 73
46, 191
46, 214
46, 228
48, 22
48, 47
48, 57
48, 65
48, 82
48, 113
48, 168
48, 175
48, 179
48, 181
48, 226
48, 229
48, 233
48, 235
48, 266
48, 270
50, 25
50, 37
50, 183
50, 206
50, 221
50, 242
50, 246
50, 251
50, 258
51, 1
51, 2
51, 3
51, 4
51, 7
51, 9
51, 10
51, 11
51, 14
51, 16
51, 21
51, 22
51, 24
51, 25
51, 34
51, 37
55, 15
55, 22
55, 24
55, 39
55, 47
55, 57
55, 59
55, 63
55, 65
55, 72
55, 81
55, 82
55, 90
55, 92
55, 113
55, 125
56, 2
56, 4
56, 5
56, 6
56, 9
56, 12
56, 14
56, 15
56, 16
56, 21
56, 22
56, 24
56, 25
56, 37
56, 38
56, 39
58, 57
58, 59
58, 63
58, 82
58, 92
58, 125
58, 156
58, 168
58, 175
58, 179
58, 181
58, 229
58, 266
58, 272
60, 22
60, 24
60, 39
60, 47
60, 72
60, 81
60, 82
60, 90
60, 91
60, 98
60, 113
60, 114
60, 136
60, 192
60, 196
60, 216
66, 4
66, 9
66, 14
66, 21
66, 24
66, 38
66, 49
66, 52
66, 54
66, 62
66, 64
66, 71
66, 72
66, 75
66, 81
66, 85
68, 61
68, 67
68, 80
68, 97
68, 172
68, 174
68, 182
68, 217
68, 225
68, 260
68, 264
69, 5
69, 6
69, 7
69, 8
69, 11
69, 12
69, 37
69, 40
69, 44
69, 67
69, 73
69, 79
69, 80
69, 84
69, 88
69, 99
70, 5
70, 6
70, 12
70, 13
70, 27
70, 87
70, 89
70, 119
70, 121
70, 130
70, 160
70, 171
70, 173
70, 203
70, 204
70, 234
76, 3
76, 5
76, 6
76, 12
76, 13
76, 27
76, 43
76, 87
76, 89
76, 119
76, 121
76, 130
76, 160
76, 171
76, 173
76, 203
77, 1
77, 2
77, 3
77, 4
77, 5
77, 6
77, 9
77, 10
77, 11
77, 12
77, 13
77, 14
77, 15
77, 16
77, 21
77, 22
78, 3
78, 5
78, 6
78, 10
78, 12
78, 13
78, 27
78, 43
78, 53
78, 87
78, 89
78, 118
78, 119
78, 121
78, 128
78, 130
83, 3
83, 5
83, 6
83, 12
83, 13
83, 27
83, 43
83, 87
83, 89
83, 119
83, 121
83, 130
83, 160
83, 171
83, 173
83, 203
86, 25
86, 37
86, 44
86, 61
86, 67
86, 80
86, 84
86, 88
86, 97
86, 107
86, 120
86, 162
86, 169
86, 172
86, 174
86, 182
93, 2
93, 4
93, 5
93, 6
93, 9
93, 12
93, 14
93, 15
93, 16
93, 21
93, 22
93, 24
93, 25
93, 34
93, 37
93, 38
100, 11
100, 73
100, 127
100, 191
100, 212
100, 228
101, 9
101, 14
101, 21
101, 38
101, 52
101, 54
101, 62
101, 64
101, 72
101, 75
101, 95
101, 96
101, 98
101, 105
101, 106
101, 112
102, 4
102, 16
102, 25
102, 38
102, 49
102, 85
102, 129
102, 139
102, 149
102, 170
102, 180
102, 184
102, 241
102, 244
102, 251
102, 256
103, 9
103, 14
103, 21
103, 24
103, 38
103, 49
103, 52
103, 54
103, 62
103, 64
103, 71
103, 72
103, 75
103, 81
103, 91
103, 95
104, 5
104, 6
104, 12
104, 13
104, 27
104, 87
104, 89
104, 119
104, 121
104, 130
104, 160
104, 171
104, 173
104, 203
104, 204
104, 234
108, 9
108, 14
108, 21
108, 22
108, 24
108, 39
108, 47
108, 54
108, 57
108, 62
108, 64
108, 65
108, 71
108, 72
108, 81
108, 82
109, 21
109, 64
109, 71
109, 72
109, 81
109, 98
109, 135
109, 148
109, 155
109, 196
109, 230
109, 250
110, 6
110, 12
110, 13
110, 27
110, 87
110, 89
110, 119
110, 121
110, 130
110, 160
110, 171
110, 173
110, 203
110, 204
110, 234
110, 265
111, 15
111, 21
111, 22
111, 24
111, 39
111, 47
111, 57
111, 59
111, 63
111, 64
111, 65
111, 71
111, 72
111, 81
111, 82
111, 90
115, 2
115, 3
115, 4
115, 7
115, 9
115, 10
115, 11
115, 14
115, 15
115, 16
115, 22
115, 24
115, 25
115, 34
115, 37
115, 38
116, 15
116, 22
116, 39
116, 47
116, 57
116, 59
116, 63
116, 65
116, 72
116, 81
116, 82
116, 90
116, 92
116, 113
116, 125
116, 133
117, 1
117, 4
117, 11
117, 16
117, 25
117, 37
117, 38
117, 44
117, 49
117, 67
117, 73
117, 80
117, 84
117, 85
117, 88
117, 107
122, 2
122, 4
122, 9
122, 14
122, 16
122, 25
122, 37
122, 38
122, 49
122, 52
122, 54
122, 62
122, 75
122, 85
122, 95
122, 96
124, 2
124, 4
124, 15
124, 16
124, 22
124, 25
124, 37
124, 38
124, 39
124, 47
124, 49
124, 52
124, 54
124, 57
124, 59
124, 61
132, 2
132, 4
132, 16
132, 37
132, 38
132, 39
132, 47
132, 49
132, 52
132, 54
132, 62
132, 64
132, 67
132, 71
132, 72
132, 75
134, 2
134, 16
134, 38
134, 49
134, 52
134, 54
134, 62
134, 75
134, 85
134, 95
134, 96
134, 112
134, 123
134, 129
134, 135
134, 139
138, 34
138, 137
138, 152
138, 239
141, 6
141, 13
141, 27
141, 87
141, 89
141, 119
141, 121
141, 130
141, 160
141, 171
141, 173
141, 203
141, 204
141, 234
141, 265
142, 39
142, 47
142, 57
142, 65
142, 72
142, 81
142, 82
142, 90
142, 91
142, 98
142, 113
142, 114
142, 136
142, 168
142, 175
142, 190
143, 54
143, 62
143, 64
143, 71
143, 72
143, 81
143, 95
143, 98
143, 105
143, 106
143, 123
143, 135
143, 146
143, 148
143, 150
143, 155
144, 38
144, 49
144, 52
144, 62
144, 75
144, 85
144, 95
144, 96
144, 112
144, 123
144, 139
144, 149
144, 170
144, 180
144, 184
144, 197
147, 38
147, 52
147, 54
147, 62
147, 95
147, 105
147, 106
147, 112
147, 123
147, 135
147, 146
147, 150
147, 170
147, 185
147, 197
147, 199
151, 2
151, 3
151, 10
151, 16
151, 34
151, 37
151, 38
151, 39
151, 43
151, 47
151, 49
151, 52
151, 53
151, 54
151, 57
151, 59
153, 37
153, 49
153, 67
153, 80
153, 139
153, 174
153, 182
153, 183
153, 206
153, 217
153, 221
153, 237
153, 242
153, 246
153, 251
153, 258
154, 2
154, 15
154, 39
154, 47
154, 49
154, 52
154, 54
154, 57
154, 59
154, 62
154, 63
154, 64
154, 65
154, 71
154, 72
154, 75
157, 3
157, 10
157, 13
157, 27
157, 34
157, 43
157, 53
157, 59
157, 63
157, 74
157, 87
157, 89
157, 92
157, 94
157, 118
157, 119
158, 47
158, 57
158, 59
158, 63
158, 65
158, 82
158, 92
158, 113
158, 125
158, 133
158, 136
158, 156
158, 168
158, 175
158, 179
158, 181
159, 37
159, 61
159, 67
159, 80
159, 97
159, 107
159, 120
159, 172
159, 174
159, 182
159, 183
159, 188
159, 206
159, 214
159, 221
159, 225
161, 39
161, 47
161, 54
161, 64
161, 71
161, 72
161, 81
161, 91
161, 98
161, 105
161, 113
161, 114
161, 135
161, 136
161, 146
161, 148
163, 127
163, 212
164, 10
164, 118
164, 128
164, 171
165, 1
165, 3
165, 7
165, 10
165, 11
165, 34
165, 39
165, 43
165, 44
165, 47
165, 49
165, 52
165, 53
165, 54
165, 57
165, 59
166, 49
166, 67
166, 80
166, 129
166, 139
166, 174
166, 180
166, 182
166, 183
166, 206
166, 217
166, 221
166, 237
166, 241
166, 242
166, 246
167, 1
167, 11
167, 44
167, 52
167, 61
167, 62
167, 67
167, 73
167, 75
167, 80
167, 84
167, 85
167, 88
167, 95
167, 96
167, 97
176, 7
176, 8
176, 11
176, 40
176, 44
176, 67
176, 73
176, 79
176, 84
176, 88
176, 99
176, 127
176, 171
176, 173
176, 182
176, 191
177, 59
177, 125
178, 1
178, 3
178, 7
178, 10
178, 11
178, 15
178, 34
178, 39
178, 43
178, 44
178, 52
178, 53
178, 57
178, 59
178, 61
178, 62
186, 13
186, 27
186, 87
186, 89
186, 119
186, 121
186, 130
186, 160
186, 171
186, 173
186, 203
186, 204
186, 234
186, 265
187, 13
187, 27
187, 87
187, 89
187, 119
187, 121
187, 130
187, 160
187, 171
187, 173
187, 203
187, 204
187, 234
187, 265
189, 3
189, 7
189, 10
189, 11
189, 15
189, 34
189, 43
189, 44
189, 52
189, 53
189, 57
189, 59
189, 62
189, 63
189, 64
189, 65
193, 57
193, 62
193, 64
193, 71
193, 81
193, 82
193, 90
193, 91
193, 95
193, 98
193, 105
193, 106
193, 113
193, 114
193, 123
193, 135
194, 13
194, 27
194, 87
194, 89
194, 119
194, 121
194, 130
194, 160
194, 171
194, 173
194, 203
194, 204
194, 234
194, 265
195, 64
195, 65
195, 71
195, 81
195, 82
195, 90
195, 91
195, 95
195, 98
195, 105
195, 106
195, 112
195, 113
195, 114
195, 123
195, 135
198, 1
198, 3
198, 7
198, 34
198, 43
198, 44
198, 53
198, 59
198, 61
198, 63
198, 64
198, 65
198, 67
198, 71
198, 73
198, 74
200, 118
200, 130
200, 131
200, 171
200, 173
200, 204
202, 27
202, 87
202, 89
202, 119
202, 121
202, 130
202, 160
202, 171
202, 173
202, 203
202, 204
202, 234
202, 265
205, 75
205, 85
205, 95
205, 96
205, 112
205, 123
205, 129
205, 135
205, 139
205, 146
205, 149
205, 150
205, 170
205, 180
205, 184
205, 185
207, 15
207, 27
207, 34
207, 43
207, 53
207, 59
207, 63
207, 64
207, 65
207, 71
207, 74
207, 75
207, 81
207, 82
207, 85
207, 87
208, 63
208, 65
208, 82
208, 92
208, 133
208, 156
208, 168
208, 175
208, 179
208, 181
208, 226
208, 229
208, 233
208, 266
208, 270
208, 272
209, 61
209, 67
209, 75
209, 80
209, 85
209, 95
209, 96
209, 98
209, 105
209, 106
209, 112
209, 123
209, 129
209, 135
209, 139
209, 145
211, 44
211, 67
211, 84
211, 88
211, 120
211, 182
211, 191
211, 214
211, 225
211, 228
211, 260
211, 261
213, 67
213, 80
213, 85
213, 129
213, 139
213, 149
213, 170
213, 174
213, 180
213, 182
213, 183
213, 184
213, 206
213, 217
213, 220
213, 221
215, 59
215, 63
215, 65
215, 82
215, 92
215, 113
215, 125
215, 133
215, 156
215, 168
215, 175
215, 179
215, 181
215, 226
215, 229
215, 233
218, 43
218, 53
218, 74
218, 87
218, 89
218, 94
218, 118
218, 119
218, 121
218, 128
218, 130
218, 131
218, 140
218, 152
218, 160
218, 171
219, 71
219, 82
219, 90
219, 91
219, 98
219, 113
219, 114
219, 135
219, 136
219, 190
219, 192
219, 196
219, 216
219, 226
219, 230
219, 233
222, 65
222, 75
222, 82
222, 85
222, 90
222, 91
222, 95
222, 96
222, 98
222, 105
222, 106
222, 112
222, 113
222, 114
222, 123
222, 129
223, 15
223, 65
223, 90
223, 91
223, 92
223, 98
223, 113
223, 114
223, 135
223, 136
223, 148
223, 155
223, 156
223, 168
223, 175
223, 179
224, 125
236, 61
236, 67
236, 75
236, 80
236, 85
236, 95
236, 96
236, 97
236, 98
236, 105
236, 106
236, 107
236, 112
236, 120
236, 123
236, 129
240, 89
240, 119
240, 121
240, 130
240, 160
240, 173
240, 203
240, 204
240, 234
240, 265
243, 61
243, 80
243, 85
243, 96
243, 97
243, 107
243, 112
243, 120
243, 123
243, 129
243, 139
243, 145
243, 149
243, 162
243, 170
243, 174
245, 61
245, 75
245, 80
245, 85
245, 90
245, 91
245, 95
245, 96
245, 97
245, 98
245, 105
245, 106
245, 112
245, 113
245, 114
245, 123
247, 75
247, 80
247, 85
247, 96
247, 105
247, 106
247, 112
247, 123
247, 129
247, 135
247, 139
247, 146
247, 148
247, 149
247, 150
247, 155
248, 119
248, 121
248, 160
248, 173
248, 203
248, 204
248, 234
248, 265
249, 105
249, 135
249, 146
249, 148
249, 155
249, 185
249, 196
249, 230
249, 250
253, 96
253, 106
253, 112
253, 123
253, 129
253, 135
253, 139
253, 146
253, 149
253, 150
253, 170
253, 180
253, 184
253, 185
253, 197
253, 199
257, 96
257, 139
257, 149
257, 170
257, 180
257, 184
257, 241
257, 244
257, 251
257, 254
257, 256
257, 268
259, 61
259, 80
259, 97
259, 145
259, 172
259, 174
259, 182
259, 183
259, 206
259, 217
259, 221
259, 225
259, 237
259, 242
259, 246
259, 258
262, 121
262, 160
262, 173
262, 203
262, 204
262, 234
262, 265
263, 113
263, 136
263, 192
263, 226
263, 233
263, 255
263, 279
267, 139
267, 206
267, 221
267, 242
267, 246
267, 251
267, 258
269, 160
269, 173
269, 203
269, 204
269, 234
269, 265
271, 203
271, 204
271, 234
271, 265
273, 61
273, 97
273, 172
273, 174
273, 182
273, 188
273, 214
273, 225
273, 260
273, 264
274, 1
274, 7
274, 34
274, 43
274, 44
274, 53
274, 61
274, 63
274, 73
274, 74
274, 84
274, 88
274, 90
274, 91
274, 92
274, 94
275, 7
275, 44
275, 73
275, 79
275, 84
275, 88
275, 99
275, 127
275, 172
275, 174
275, 182
275, 183
275, 191
275, 206
275, 212
275, 214
276, 105
276, 106
276, 112
276, 123
276, 135
276, 146
276, 150
276, 170
276, 185
276, 197
276, 199
276, 210
276, 230
276, 231
276, 238
276, 250
277, 63
277, 90
277, 91
277, 92
277, 96
277, 105
277, 106
277, 112
277, 113
277, 114
277, 123
277, 125
277, 136
277, 139
277, 146
277, 148
278, 44
278, 73
278, 127
278, 191
278, 212
278, 214
278, 228
end