480
4
0, 0.8527298545454309, 0.6621427608463252
1, 0.21836533653078927, 0.5841110598970031
2, 0.03632193407895201, 0.8692618627273905
3, 0.0036702662711864953, 0.31514004975715815
4, 0.7751880769095639, 0.4642122867290719
5, 0.782019036494398, 0.012055732190329183
6, 0.6183332507186251, 0.48070628310472696
7, 0.7812574452910634, 0.1181412782432435
8, 0.792086481991594, 0.20314743371690402
9, 0.5722943361461809, 0.5233644006161967
10, 0.7087411506510772, 0.8757334978291386
11, 0.20193429494417825, 0.9461247898355765
12, 0.33213689966088544, 0.8634414851378354
13, 0.9052023050731132, 0.5097713469581918
14, 0.4816553983743057, 0.6422187182791527
15, 0.43059211262732344, 0.9472095248075875
16, 0.4588199397750502, 0.22894664719563318
17, 0.6897207115687621, 0.7322619625234669
18, 0.9015203564527284, 0.43186224290451447
19, 0.6011822556928472, 0.49616510977952777
20, 0.9198910715559971, 0.6627200250270456
21, 0.8976134784687371, 0.41940563650650886
22, 0.8081213016701494, 0.09696443040254743
23, 0.2889600813416562, 0.4499529420093753
24, 0.46015953633395656, 0.2819663285203001
25, 0.07703841458399696, 0.14271022705120562
26, 0.6938460632607085, 0.178313909285438
27, 0.03289113474787986, 0.31045760360387153
28, 0.402840540447561, 0.6184884248977218
29, 0.2706400059708973, 0.5697584506112053
30, 0.2797251399976751, 0.5060047513867933
31, 0.6627915996891849, 0.37079430580521067
32, 0.10850069657081884, 0.395296513368839
33, 0.6689539561295743, 0.20653562411666404
34, 0.7474454163417408, 0.4899120456304211
35, 0.728291116531717, 0.012343896437466029
36, 0.2723648568405185, 0.7043248780136782
37, 0.6293807541643721, 0.9048890665701844
38, 0.38975411506347357, 0.4097687559059755
39, 0.026193982948327088, 0.01700030855308543
40, 0.32796350860686263, 0.2118777427951759
41, 0.3123597614906838, 0.5254510949810148
42, 0.841689986844117, 0.9785458069001585
43, 0.8142194777565847, 0.6090377654890974
44, 0.2916258018929224, 0.3836623414526822
45, 0.933721563369527, 0.11094458046677469
46, 0.4965352535274321, 0.9058757754376083
47, 0.0199990046327575, 0.4696339443661408
48, 0.6421007402837965, 0.035341390853569465
49, 0.4417478537495344, 0.30459495972989337
50, 0.8627039548173713, 0.5688841547743515
51, 0.8050918717749874, 0.8011359666879758
52, 0.550185689207984, 0.1782574748069926
53, 0.7587750222027146, 0.14868749814481097
54, 0.19545202527228567, 0.055957790537350394
55, 0.770028435500815, 0.7534261504444301
56, 0.1163689471864644, 0.5276128783720972
57, 0.32621208068777974, 0.46370164119196233
58, 0.898636060215132, 0.08957487417591203
59, 0.4584344558387502, 0.8806665013063024
60, 0.5911406223393603, 0.07595734893039208
61, 0.5819653730993141, 0.5176904442529284
62, 0.21256294040605683, 0.6666568873913652
63, 0.4430278072683912, 0.7379679112840652
64, 0.6667581280842635, 0.05713595567986818
65, 0.22508094882923346, 0.07409284828701557
66, 0.2439666660892339, 0.10522599132374855
67, 0.08668448189370126, 0.5333117811339148
68, 0.013003582355976762, 0.23523567978686477
69, 0.3227366717646971, 0.7235697340268845
70, 0.004689558325393306, 0.5241825827908626
71, 0.5021704780503775, 0.14942123530910056
72, 0.9387453205173889, 0.8844191515217851
73, 0.005720030603819759, 0.020212728591311957
74, 0.3936045011265551, 0.3655277879111496
75, 0.029708618577941714, 0.40312641447659936
76, 0.7293029580023298, 0.4056599121133794
77, 0.38118656571515874, 0.8607272615914809
78, 0.010147952485810241, 0.4500534600446847
79, 0.6272622686602787, 0.23163756391369672
80, 0.9875758889303173, 0.2888324455021545
81, 0.03383365746962397, 0.22282637979068298
82, 0.31478903142341985, 0.4445334442379618
83, 0.9041697780213142, 0.48234680987024936
84, 0.6494418680279118, 0.2881564764576353
85, 0.4928091608509627, 0.7045312842358883
86, 0.870135004546154, 0.7350780646069424
87, 0.6004462193468275, 0.22947243151541075
88, 0.4197088046391426, 0.20367685219280507
89, 0.40796125571566755, 0.5181444948517434
90, 0.010938497111852019, 0.09731635094878188
91, 0.3961900330387259, 0.17844742106565126
92, 0.39339762011581925, 0.15202003371261041
93, 0.5009966628911493, 0.4762541905459863
94, 0.06780975820467927, 0.7224892052826436
95, 0.20249502609394054, 0.3484762226668563
96, 0.74765374368483, 0.8682988850229318
97, 0.9076792510574001, 0.8824662807526362
98, 0.7145465068118505, 0.05881588091408996
99, 0.8255626472137229, 0.1784848789959822
100, 0.06530967012776134, 0.622612611339594
101, 0.4517509579069391, 0.31429696422701736
102, 0.6895224953596162, 0.5936123213006232
103, 0.9221439546048167, 0.1715886462935885
104, 0.11333412803289644, 0.48494632431731655
105, 0.11351245434638546, 0.8021284528654284
106, 0.47891386073002606, 0.4672991359074281
107, 0.4278294117557322, 0.7552488113028615
108, 0.4040330418932362, 0.33957459738589835
109, 0.983666511159406, 0.056336400430882616
110, 0.4372794990736386, 0.3452248648893723
111, 0.9534034238633415, 0.8419079086460608
112, 0.09970097980056458, 0.3021243433906262
113, 0.6733168259753115, 0.8950528255312428
114, 0.4243827498927132, 0.9998220857560729
115, 0.7179651166945135, 0.7838273811135905
116, 0.8624845217498684, 0.5068385711840196
117, 0.5123703745317251, 0.9756426841961143
118, 0.5253184085048321, 0.7968285913612505
119, 0.8935959808126672, 0.32562245693124425
120, 0.1626222507482662, 0.41603387595322217
121, 0.024324724853929447, 0.9400663345625279
122, 0.5724965808391866, 0.47958946400868296
123, 0.4395496739645556, 0.9722423782056022
124, 0.722954565512158, 0.6473982492507531
125, 0.6691276047296977, 0.5608136833314891
126, 0.946570401149484, 0.24941160833822673
127, 0.9432385319081087, 0.6489016530034409
128, 0.3104482838768886, 0.7649670678326816
129, 0.42337423872052415, 0.48943042107401014
130, 0.5795176353862781, 0.9254221927708404
131, 0.02882261665660668, 0.382461016046566
132, 0.23131637048790188, 0.3884640003561186
133, 0.32365757101902526, 0.5060776223135837
134, 0.7841273986434947, 0.6325431811971728
135, 0.1898658749734654, 0.46796123499958564
136, 0.44592185012722274, 0.38837964424640925
137, 0.35292147142755437, 0.059970416436457286
138, 0.0006889971798927919, 0.5973517922335232
139, 0.48264796026234114, 0.8655388997592804
140, 0.8425539788226638, 0.6838005875053564
141, 0.03971424308536131, 0.3335144202152387
142, 0.6247691880647451, 0.7003084421207236
143, 0.24642997259516863, 0.6014084195757612
144, 0.41278717284353295, 0.819722386746327
145, 0.30093094348398997, 0.7862562889948629
146, 0.5229672963645025, 0.6211992753940953
147, 0.026898881502581462, 0.031465290296265436
148, 0.2637537925517246, 0.7545971963491384
149, 0.14947302891106895, 0.6592918121348342
150, 0.6901103896364116, 0.6375471863685549
151, 0.7193359412015903, 0.5512819077756865
152, 0.6919931480791499, 0.9053548995721796
153, 0.0895799839068333, 0.8778477939880381
154, 0.35918309091255285, 0.32746438889431173
155, 0.9487469432081483, 0.7213588314493059
156, 0.9860636464552458, 0.08822597932183163
157, 0.31103731276133595, 0.6886675363907689
158, 0.24836754913502845, 0.4736322147787436
159, 0.0409230929806802, 0.9581697874541537
160, 0.8573458302035567, 0.481770678468759
161, 0.5209456631022416, 0.6633543172638655
162, 0.04479333222909976, 0.45371705549644437
163, 0.9677399864254268, 0.45659225666584125
164, 0.7784392169125876, 0.06290748813182145
165, 0.8024916417239429, 0.7163380179041017
166, 0.82128994324537, 0.986128990652316
167, 0.7008510552548669, 0.5254783909583856
168, 0.764207476238606, 0.7604021288744668
169, 0.2231445125674184, 0.013103197539781952
170, 0.6878174437456824, 0.5816021737026991
171, 0.8940987252458877, 0.5846838012122244
172, 0.9152841057151123, 0.00394924628707416
173, 0.1365766303786683, 0.6595285670224946
174, 0.8163124060700638, 0.500793255427999
175, 0.39154608265213575, 0.6413400055748815
176, 0.9043845820810111, 0.7968047361110092
177, 0.8967090229623154, 0.7640482315696974
178, 0.6411228721015125, 0.16276472286755594
179, 0.23692362245830756, 0.6468754164175262
180, 0.680542653444742, 0.9128827433680541
181, 0.8342340675108323, 0.1447467114898452
182, 0.4373701906756654, 0.22085703470408757
183, 0.7858364132280525, 0.6835174924795093
184, 0.7633555797726915, 0.9014588248789015
185, 0.17334408320722905, 0.7225290673305211
186, 0.2922342896095188, 0.562149207743843
187, 0.21961605908916537, 0.42432462978421237
188, 0.2962374152348688, 0.7446144424710975
189, 0.2370645837749894, 0.21640515371705282
190, 0.9059165987145648, 0.9624424789052053
191, 0.5922522813116188, 0.7017368913269035
192, 0.20425241839671449, 0.7611631488909388
193, 0.8989718530403291, 0.5185729890467152
194, 0.2197363446973043, 0.12997562992610334
195, 0.5302305155329409, 0.851890497408295
196, 0.0786033412928735, 0.7270503237190273
197, 0.3680839548241004, 0.18024926593014412
198, 0.6480824805538736, 0.21324058173883353
199, 0.5892127242104388, 0.4504895660798428
200, 0.17198982047769307, 0.7619205044108848
201, 0.38237693639892634, 0.9879474437939686
202, 0.5371260695751022, 0.2851457173141353
203, 0.6765822506607878, 0.8210112212502769
204, 0.3922064393717517, 0.8644207804539911
205, 0.3003725831770997, 0.508934188038044
206, 0.7212427801647121, 0.9505126172273396
207, 0.8734646025295897, 0.6371943813268914
208, 0.675850113013519, 0.21311122910516445
209, 0.3241994796237626, 0.9745966591568739
210, 0.2634286901693461, 0.7807976953339504
211, 0.6067197342279889, 0.0020278267033196906
212, 0.8397258808885469, 0.09108331743528997
213, 0.2131428366296978, 0.26262872352780375
214, 0.35609486055497286, 0.4699717954398275
215, 0.1858586503966937, 0.19571327242530734
216, 0.5415893640258987, 0.010704901216683549
217, 0.324533667156906, 0.040312176959704904
218, 0.3267307856098871, 0.6292597548768725
219, 0.2370528881804722, 0.7125567558665323
220, 0.35629008014157904, 0.4607797806893492
221, 0.7421318095082153, 0.35586665649535865
222, 0.06220570319957619, 0.5937251225926597
223, 0.20852528934548165, 0.6137484868325244
224, 0.999114851262557, 0.8218000042842745
225, 0.8429821431024149, 0.4792948910974333
226, 0.9000632306874226, 0.9420367788303327
227, 0.2796882555389295, 0.41845752750555076
228, 0.30281799752174465, 0.5813486659484062
229, 0.8863610610687365, 0.4632957597027718
230, 0.7307928040513431, 0.7224078938112716
231, 0.16008980746048118, 0.3769299148955203
232, 0.6499695095650853, 0.06007052906459165
233, 0.9939886537453968, 0.7600403184974441
234, 0.26275662950129663, 0.37526885066498283
235, 0.8222761372634374, 0.8187056457955548
236, 0.34176703891229065, 0.5187609486843858
237, 0.14842634840712787, 0.716231217942449
238, 0.38897177456112453, 0.8898316044938518
239, 0.6659610074986653, 0.09823554814203816
240, 0.6432926225669632, 0.653810409570044
241, 0.334547242247465, 0.35163116807991035
242, 0.33465466932054033, 0.40993690369239333
243, 0.30899798392934574, 0.09582677414398455
244, 0.6826931112332006, 0.4348148417158444
245, 0.052127969781399996, 0.499424856997539
246, 0.584991213376379, 0.18707531987009174
247, 0.6629271145197286, 0.44156626917762654
248, 0.5890044398832861, 0.7987865105792608
249, 0.5200918346824626, 0.3508235362270343
250, 0.28729084444500164, 0.5588331876145104
251, 0.21213266875655112, 0.43434133563180366
252, 0.9593090878066771, 0.12857171841967585
253, 0.533828900331969, 0.1417916048971567
254, 0.019680840685763368, 0.3780462884345108
255, 0.7710263386847377, 0.4245206238051248
256, 0.5747023945348374, 0.8708216697880212
257, 0.9051164847649935, 0.9019527569741187
258, 0.42914458956672197, 0.9170475651768981
259, 0.381365966913051, 0.391645177861483
260, 0.6111449082081403, 0.02053926648690574
261, 0.9348173203175993, 0.8611635841810577
262, 0.5519280903577727, 0.6656310253212161
263, 0.7192012698377478, 0.920020561760538
264, 0.9095766100542203, 0.3176206919467929
265, 0.40231816971109857, 0.917306446528174
266, 0.027518734580241566, 0.14353005400984675
267, 0.39872954344746614, 0.06380891810020217
268, 0.0006463978992583552, 0.8426829751827518
269, 0.7188537318702094, 0.6169384060804471
270, 0.34636075117218923, 0.054124171887969696
271, 0.3795863641104227, 0.3381748549809698
272, 0.5191598280069378, 0.2955198355047295
273, 0.4425745914532484, 0.48175383813346173
274, 0.896978405244085, 0.7682354211008942
275, 0.5906983880682715, 0.07203157401666427
276, 0.46885949644963376, 0.7979931608949586
277, 0.2930434583915804, 0.6944725735942058
278, 0.27385369500679124, 0.8323478968305589
279, 0.8314526260057958, 0.4229140918072216
280, 0.46133781032871124, 0.147963613234659
281, 0.1213130078986554, 0.6774408237646077
282, 0.2927129648576241, 0.31432658517561407
283, 0.6245382845027715, 0.3260553941657326
284, 0.3736167019499358, 0.11666728539813609
285, 0.30967501343909654, 0.12704159747730326
286, 0.853020473460207, 0.15851517684431582
287, 0.7356700742785174, 0.9390892868910239
288, 0.8165465534538806, 0.6610207549538251
289, 0.2911993036765065, 0.8606414852961637
290, 0.9855701040011667, 0.6543084809508557
291, 0.15698814992960164, 0.995788952270906
292, 0.9065273190392868, 0.09144125485535826
293, 0.25394930847459407, 0.10772793533889702
294, 0.9462457868834165, 0.15121173834979973
295, 0.21827324596907205, 0.972044234803862
296, 0.9407255388763807, 0.7594115868483291
297, 0.1866601451403832, 0.7512192064650184
298, 0.262104910690499, 0.8747446709425434
299, 0.16459003985156684, 0.44080877568104726
300, 0.3957443385018128, 0.38245368859280815
301, 0.5205036470006525, 0.11894350209728499
302, 0.2898829553775504, 0.8379790099829927
303, 0.29426859251039095, 0.9720858357996054
304, 0.40323727967413003, 0.692597224155656
305, 0.4751870274656812, 0.42062170847664226
306, 0.746253877209653, 0.17798302166498225
307, 0.7712390890985479, 0.945119855125019
308, 0.23740310217695182, 0.18651793909876668
309, 0.6516534859270474, 0.8512082006462541
310, 0.5834351455001607, 0.10253234768078212
311, 0.6988171975982689, 0.8286721868795487
312, 0.5520113558357019, 0.6683900167809284
313, 0.4037902457611553, 0.7078050505734017
314, 0.6994568821746823, 0.24017035052610958
315, 0.061644130949401355, 0.7418399804563861
316, 0.25282882965921916, 0.7604965686493442
317, 0.6475305674217537, 0.12143220601860905
318, 0.567471243138167, 0.5925989602294226
319, 0.6795981672084106, 0.6330722193902381
320, 0.9450240190215307, 0.08030207482330687
321, 0.3359113635340638, 0.45710633044197346
322, 0.4631650415853862, 0.5182942789270706
323, 0.07225148001988879, 0.8793116057456631
324, 0.19403172282593195, 0.5165043583689211
325, 0.61763437804133, 0.9148703982752773
326, 0.7381222908864385, 0.36902346419014165
327, 0.9149172493114859, 0.3278168438184551
328, 0.11634859336179193, 0.5658066229417094
329, 0.3730035167732164, 0.16988206754913826
330, 0.248046047993409, 0.3549863772903389
331, 0.5877363127703366, 0.7946466638891405
332, 0.9391934272393596, 0.0339890232723018
333, 0.3595412183166311, 0.9576715036035722
334, 0.5721042503608582, 0.4621035337258621
335, 0.29308098575822017, 0.22491759696083857
336, 0.30436761268625145, 0.6019851394048583
337, 0.6482106616758341, 0.875530907027769
338, 0.7457173916979171, 0.06420359050720537
339, 0.3771103174665924, 0.6272607447377011
340, 0.8447128322142472, 0.25967132343139265
341, 0.8378117332574784, 0.9919053129370491
342, 0.2512626691656148, 0.7955659056426511
343, 0.356472956234962, 0.12332800780875819
344, 0.7468862291718026, 0.7585549909547279
345, 0.9787863179865051, 0.8983314605813518
346, 0.4901953178100119, 0.7218103176069518
347, 0.9829508194434049, 0.3823799080202188
348, 0.5321887304946613, 0.19130735273415578
349, 0.753922644845147, 0.6136866583200754
350, 0.2723504470110726, 0.02229609672084154
351, 0.7034362044722262, 0.4093127945938785
352, 0.8225133915844999, 0.7701041660141565
353, 0.9097466165364803, 0.7303007113551505
354, 0.43266025272506825, 0.479412778751106
355, 0.8664066708242617, 0.3795637474643293
356, 0.32454113342103963, 0.9121948115475973
357, 0.15122179178936868, 0.9567659963481884
358, 0.7921142454391606, 0.535455524597135
359, 0.7176018181181725, 0.6516130847682697
360, 0.42203385893851697, 0.609936440093391
361, 0.9067367306656677, 0.8889067599828817
362, 0.9881973962625572, 0.8508341874976839
363, 0.7872914552082676, 0.06437855670396198
364, 0.7454906075905264, 0.8428944035292855
365, 0.6400376512455025, 0.23609909571907106
366, 0.15894345376805608, 0.17733786449830258
367, 0.5734655135754878, 0.4053879572090986
368, 0.3961115847528184, 0.4345465250170105
369, 0.6791120636823494, 0.9710872109629399
370, 0.443669133364044, 0.09198991142683588
371, 0.5804198690163472, 0.6781879784368268
372, 0.557282476849862, 0.5728180990611614
373, 0.39668825166281885, 0.08284607359324103
374, 0.2694627447629353, 0.6676743106402648
375, 0.2960717859988129, 0.0980632343742377
376, 0.24569924245540975, 0.40890917189902587
377, 0.45635440303250063, 0.18567290446621698
378, 0.9335510068169259, 0.7030005012246374
379, 0.18450789111952637, 0.36455472672159817
380, 0.10524567126046647, 0.28968521124648916
381, 0.06467759116621907, 0.7565221031098712
382, 0.5967405910126162, 0.3973998753481496
383, 0.0030607449458874836, 0.5822570706838978
384, 0.02192372682575172, 0.35867235415360776
385, 0.22277093292641426, 0.5936612222417652
386, 0.7019137576853516, 0.07032675779597264
387, 0.4384340591196306, 0.3157331892532884
388, 0.6098633665696862, 0.6963886642023773
389, 0.6025997706151862, 0.15275921974408213
390, 0.21065309223739526, 0.7250344593689778
391, 0.8723003754835925, 0.6500970581936669
392, 0.5479728229919982, 0.829583479765601
393, 0.845053894288417, 0.03822167156381073
394, 0.5488698263111778, 0.22167896250527075
395, 0.5245149203924708, 0.7745434408709373
396, 0.8798740085355116, 0.6939409753644756
397, 0.7579530009955584, 0.6430530848424322
398, 0.08725958983407112, 0.909862976356273
399, 0.6980602253241653, 0.7157983833978208
400, 0.5292666095034542, 0.3245237606710887
401, 0.05751568318564937, 0.15760778930955932
402, 0.6606347826305858, 0.9881973603498811
403, 0.8300496248976673, 0.3761073010521544
404, 0.30031994607827706, 0.16974133248300793
405, 0.6121894346336488, 0.8739412902539071
406, 0.463171137702985, 0.6162761608659374
407, 0.9518565229880956, 0.9270503445939166
408, 0.0888125952478509, 0.22672112114022502
409, 0.8034357263479845, 0.2760383646354745
410, 0.5075096159254345, 0.7039910030948601
411, 0.15174109447789363, 0.3358576039834208
412, 0.028779428290584885, 0.044891107942558794
413, 0.018457734295881045, 0.5657934870710598
414, 0.3037047227923172, 0.2406601934274898
415, 0.5125418572639721, 0.7119322840281467
416, 0.46706323083697254, 0.8084608318767794
417, 0.9576798757709236, 0.46786611500554287
418, 0.614467201847262, 0.8613194845900212
419, 0.48390816218547406, 0.49604015194590545
420, 0.9049323701843688, 0.1311796988952818
421, 0.8716061906368889, 0.4749011674581698
422, 0.14707653763701667, 0.97485471277979
423, 0.7819484889833163, 0.9540986411083549
424, 0.2638895681658511, 0.5038509635521945
425, 0.935109779247673, 0.3840894280102244
426, 0.3850885656940958, 0.34707492202037893
427, 0.324548756031552, 0.6571767167151895
428, 0.8774664039490155, 0.5869131265001455
429, 0.9390008510669076, 0.5519869616644189
430, 0.9852073924937748, 0.5499263494361628
431, 0.5103362740793943, 0.5891140037348995
432, 0.4557934507642065, 0.9059065397800409
433, 0.4473336119830016, 0.4978436482931221
434, 0.3707791140474934, 0.7517011224048966
435, 0.34433371893944764, 0.46900727535325437
436, 0.10759328138694468, 0.5481530545657658
437, 0.3383469068117786, 0.5425824442494456
438, 0.21780814727107933, 0.22657001606742055
439, 0.3371660286086793, 0.5635449120586131
440, 0.16689582748557985, 0.8609903619815218
441, 0.1582302519570724, 0.790072078162471
442, 0.025543483308146597, 0.6716716974797146
443, 0.3101314845498908, 0.3468111162762929
444, 0.8549548223635499, 0.8449041423796564
445, 0.012475955408977502, 0.9270605828225299
446, 0.6257509271740573, 0.6717722173912671
447, 0.016872749833023448, 0.9729807434315357
448, 0.6898178218218941, 0.6110137774734892
449, 0.3533621699260343, 0.9756844151862057
450, 0.39516865629194986, 0.4745971466957293
451, 0.2912883514269168, 0.4564751801032655
452, 0.7858457472372027, 0.7701496318081741
453, 0.5302160470971677, 0.06840263700829374
454, 0.2080313417840406, 0.2958018240384437
455, 0.11204217870265543, 0.6624785328525017
456, 0.15032345451704787, 0.15268185685529823
457, 0.36131990805575864, 0.5250379017185547
458, 0.9069411608782634, 0.30649553408133523
459, 0.1452669006666626, 0.5797211081670723
460, 0.0760486197538256, 0.848026392887012
461, 0.8477135805425513, 0.2665806086520093
462, 0.4789708872930901, 0.29599967881219835
463, 0.3664597133049141, 0.6064141996860318
464, 0.9203494455933006, 0.7132205491881056
465, 0.40808551998550324, 0.302922415317872
466, 0.898073579801325, 0.24560287387470414
467, 0.6521952027775951, 0.9425473728114083
468, 0.12146338184849781, 0.1403996511579617
469, 0.8318912108244562, 0.9129502015199349
470, 0.11702771764045439, 0.44125385139138373
471, 0.3157391051523394, 0.4767116660332117
472, 0.7654882144069621, 0.12074438168522994
473, 0.06859648062536317, 0.4102868497669947
474, 0.45763428388376926, 0.5253869094944565
475, 0.49584639239091, 0.13255367853798428
476, 0.23562281426891174, 0.9893327845975984
477, 0.49944134872243795, 0.5103550940725977
478, 0.03715132119798892, 0.36267887789351494
479, 0.8793970543570845, 0.8509322173024478
end_nodes
0, 1
0, 2
0, 3
0, 4
0, 5
0, 6
0, 7
0, 8
0, 9
0, 10
0, 11
0, 12
0, 13
0, 14
0, 15
0, 16
0, 17
0, 18
0, 19
0, 20
0, 21
22, 42
22, 166
22, 341
22, 444
22, 469
23, 3
23, 27
23, 141
23, 187
23, 231
23, 384
23, 478
24, 54
24, 65
24, 169
24, 197
24, 243
24, 285
24, 293
24, 375
26, 48
26, 72
26, 97
26, 190
26, 226
26, 232
26, 239
26, 257
26, 361
26, 407
26, 479
28, 1
28, 67
28, 70
28, 143
28, 149
28, 173
28, 281
28, 328
28, 336
28, 383
28, 385
28, 413
28, 436
28, 442
28, 455
28, 459
29, 56
29, 67
29, 70
29, 245
30, 75
30, 131
30, 135
30, 254
30, 470
30, 473
31, 52
31, 71
31, 253
31, 267
31, 283
31, 301
31, 348
31, 370
31, 394
31, 475
32, 384
32, 478
34, 52
34, 71
34, 84
34, 87
34, 137
34, 217
34, 246
34, 253
34, 267
34, 270
34, 280
34, 283
34, 301
34, 348
34, 351
34, 370
34, 373
34, 377
34, 394
34, 453
34, 475
35, 72
35, 97
35, 190
35, 226
35, 257
35, 361
35, 407
35, 479
36, 94
36, 185
36, 196
36, 219
36, 237
36, 315
36, 381
37, 325
38, 81
38, 408
41, 75
41, 78
41, 131
41, 135
41, 162
41, 254
41, 424
41, 470
41, 473
43, 2
43, 6
43, 11
43, 12
43, 15
43, 16
43, 17
43, 19
43, 25
43, 39
43, 40
43, 45
43, 46
43, 49
43, 52
43, 54
43, 58
43, 59
43, 62
43, 63
43, 65
50, 2
50, 11
50, 12
50, 15
50, 17
50, 18
50, 21
50, 33
50, 42
50, 45
50, 46
50, 48
50, 59
50, 60
50, 62
50, 63
50, 69
50, 72
50, 77
50, 80
50, 83
51, 1
51, 3
51, 13
51, 18
51, 21
51, 45
51, 47
51, 56
51, 58
51, 67
51, 70
51, 75
51, 78
51, 80
51, 83
51, 100
51, 103
51, 104
51, 109
51, 119
51, 120
53, 72
53, 97
53, 190
53, 226
53, 257
53, 338
53, 361
53, 407
53, 479
55, 1
55, 3
55, 18
55, 21
55, 27
55, 44
55, 45
55, 47
55, 56
55, 58
55, 67
55, 68
55, 70
55, 75
55, 78
55, 80
55, 81
55, 82
55, 83
55, 95
55, 100
57, 3
57, 27
57, 141
57, 187
57, 231
57, 376
57, 384
57, 478
61, 25
61, 39
61, 44
61, 68
61, 73
61, 74
61, 81
61, 90
61, 95
61, 106
61, 108
61, 112
61, 136
61, 147
61, 154
61, 189
61, 213
61, 215
61, 234
61, 241
61, 242
64, 72
64, 97
64, 190
64, 226
64, 257
64, 361
64, 407
64, 479
76, 79
76, 84
76, 87
76, 216
76, 246
76, 253
76, 301
76, 310
76, 365
76, 389
76, 453
85, 2
85, 69
85, 105
85, 128
85, 145
85, 148
85, 153
85, 188
85, 192
85, 200
85, 210
85, 268
85, 297
85, 316
85, 323
85, 342
85, 381
85, 434
85, 441
85, 445
85, 460
86, 1
86, 3
86, 6
86, 14
86, 16
86, 19
86, 25
86, 27
86, 39
86, 40
86, 44
86, 47
86, 49
86, 52
86, 54
86, 56
86, 65
86, 66
86, 67
86, 68
86, 70
88, 91
88, 169
88, 243
88, 343
88, 350
89, 3
89, 27
89, 75
89, 120
89, 131
89, 141
89, 187
89, 231
89, 251
89, 254
89, 299
89, 376
89, 379
89, 384
89, 451
89, 471
89, 473
89, 478
93, 68
93, 81
93, 330
93, 380
93, 408
93, 454
96, 13
96, 18
96, 21
96, 45
96, 58
96, 80
96, 83
96, 103
96, 109
96, 119
96, 126
96, 156
96, 163
96, 172
96, 229
96, 252
96, 264
96, 292
96, 294
96, 320
96, 327
98, 72
98, 97
98, 190
98, 226
98, 257
98, 361
98, 407
98, 479
99, 42
99, 166
99, 341
99, 444
99, 469
102, 3
102, 9
102, 19
102, 25
102, 27
102, 39
102, 40
102, 44
102, 49
102, 54
102, 62
102, 65
102, 66
102, 68
102, 69
102, 73
102, 74
102, 81
102, 82
102, 90
102, 94
107, 2
107, 121
107, 145
107, 153
107, 268
107, 278
107, 323
107, 342
107, 398
107, 440
107, 445
107, 460
111, 1
111, 3
111, 4
111, 6
111, 16
111, 19
111, 25
111, 27
111, 33
111, 39
111, 40
111, 44
111, 47
111, 48
111, 49
111, 52
111, 54
111, 56
111, 60
111, 65
111, 66
115, 1
115, 67
115, 70
115, 100
115, 114
115, 117
115, 123
115, 130
115, 138
115, 143
115, 179
115, 201
115, 203
115, 218
115, 222
115, 223
115, 256
115, 309
115, 325
115, 328
115, 383
116, 21
116, 42
116, 45
116, 58
116, 103
116, 109
116, 119
116, 126
116, 156
116, 166
116, 172
116, 252
116, 264
116, 292
116, 294
116, 320
116, 327
116, 332
116, 341
116, 420
116, 421
118, 11
118, 77
118, 204
118, 238
118, 291
118, 295
118, 356
118, 357
118, 422
118, 476
124, 1
124, 2
124, 3
124, 11
124, 12
124, 25
124, 27
124, 39
124, 44
124, 47
124, 56
124, 62
124, 63
124, 67
124, 68
124, 69
124, 70
124, 73
124, 74
124, 75
124, 77
125, 19
125, 25
125, 39
125, 40
125, 44
125, 49
125, 54
125, 65
125, 66
125, 68
125, 73
125, 74
125, 81
125, 90
125, 95
125, 101
125, 106
125, 108
125, 110
125, 112
125, 122
127, 2
127, 10
127, 11
127, 12
127, 15
127, 46
127, 59
127, 62
127, 63
127, 69
127, 77
127, 94
127, 105
127, 113
127, 114
127, 117
127, 121
127, 123
127, 128
127, 130
127, 139
129, 3
129, 27
129, 68
129, 81
129, 82
129, 95
129, 112
129, 132
129, 141
129, 220
129, 227
129, 231
129, 234
129, 321
129, 376
129, 379
129, 380
129, 411
129, 450
133, 3
133, 75
133, 120
133, 131
133, 135
133, 141
133, 158
133, 254
133, 299
133, 384
133, 470
133, 473
133, 478
134, 2
134, 3
134, 6
134, 9
134, 11
134, 12
134, 15
134, 16
134, 19
134, 25
134, 27
134, 39
134, 40
134, 44
134, 45
134, 46
134, 49
134, 54
134, 58
134, 59
134, 62
140, 1
140, 3
140, 5
140, 6
140, 7
140, 8
140, 9
140, 10
140, 11
140, 12
140, 13
140, 14
140, 15
140, 16
140, 18
140, 19
140, 21
140, 25
140, 27
140, 39
140, 40
142, 1
142, 2
142, 11
142, 12
142, 47
142, 56
142, 63
142, 67
142, 70
142, 77
142, 78
142, 100
142, 104
142, 105
142, 121
142, 128
142, 138
142, 143
142, 144
142, 145
142, 148
146, 1
146, 3
146, 47
146, 56
146, 62
146, 67
146, 70
146, 75
146, 78
146, 94
146, 104
146, 120
146, 131
146, 135
146, 141
146, 149
146, 158
146, 162
146, 173
146, 185
146, 186
150, 1
150, 2
150, 3
150, 25
150, 27
150, 39
150, 44
150, 47
150, 56
150, 62
150, 63
150, 67
150, 68
150, 69
150, 70
150, 73
150, 74
150, 75
150, 78
150, 81
150, 82
151, 6
151, 16
151, 25
151, 39
151, 40
151, 49
151, 54
151, 65
151, 66
151, 73
151, 74
151, 90
151, 91
151, 92
151, 101
151, 108
151, 110
151, 136
151, 137
151, 147
151, 149
152, 13
152, 18
152, 21
152, 45
152, 58
152, 80
152, 83
152, 103
152, 109
152, 119
152, 126
152, 156
152, 163
152, 172
152, 229
152, 252
152, 264
152, 292
152, 294
152, 320
152, 327
155, 1
155, 3
155, 4
155, 6
155, 9
155, 14
155, 16
155, 19
155, 25
155, 27
155, 33
155, 39
155, 40
155, 44
155, 47
155, 48
155, 49
155, 52
155, 54
155, 56
155, 60
157, 94
157, 185
157, 196
157, 237
157, 315
160, 42
160, 45
160, 58
160, 103
160, 109
160, 119
160, 156
160, 166
160, 172
160, 252
160, 264
160, 292
160, 294
160, 320
160, 327
160, 332
160, 341
160, 420
160, 444
160, 458
160, 466
161, 1
161, 47
161, 56
161, 62
161, 67
161, 69
161, 70
161, 94
161, 100
161, 105
161, 138
161, 143
161, 148
161, 175
161, 179
161, 185
161, 188
161, 192
161, 196
161, 200
161, 218
165, 1
165, 3
165, 13
165, 14
165, 15
165, 18
165, 19
165, 21
165, 25
165, 27
165, 39
165, 40
165, 44
165, 45
165, 46
165, 47
165, 49
165, 54
165, 56
165, 58
165, 59
167, 16
167, 39
167, 40
167, 49
167, 54
167, 65
167, 66
167, 73
167, 91
167, 92
167, 101
167, 110
167, 137
167, 147
167, 169
167, 189
167, 194
167, 197
167, 199
167, 202
167, 215
168, 1
168, 3
168, 18
168, 21
168, 27
168, 45
168, 47
168, 56
168, 58
168, 67
168, 68
168, 70
168, 75
168, 78
168, 80
168, 82
168, 100
168, 103
168, 104
168, 109
168, 112
170, 3
170, 9
170, 19
170, 25
170, 27
170, 39
170, 40
170, 44
170, 49
170, 54
170, 62
170, 65
170, 66
170, 68
170, 73
170, 74
170, 81
170, 82
170, 90
170, 94
170, 95
171, 2
171, 10
171, 11
171, 12
171, 15
171, 17
171, 46
171, 59
171, 62
171, 63
171, 69
171, 77
171, 80
171, 94
171, 105
171, 113
171, 114
171, 117
171, 121
171, 123
171, 128
174, 33
174, 42
174, 48
174, 58
174, 60
174, 72
174, 97
174, 166
174, 172
174, 178
174, 190
174, 198
174, 208
174, 211
174, 216
174, 221
174, 226
174, 232
174, 239
174, 255
174, 257
176, 1
176, 3
176, 6
176, 16
176, 19
176, 25
176, 27
176, 33
176, 39
176, 40
176, 44
176, 47
176, 49
176, 52
176, 54
176, 56
176, 60
176, 65
176, 66
176, 67
176, 68
177, 1
177, 4
177, 6
177, 14
177, 16
177, 19
177, 25
177, 27
177, 33
177, 39
177, 40
177, 44
177, 47
177, 48
177, 49
177, 52
177, 54
177, 56
177, 60
177, 65
177, 66
181, 42
181, 166
181, 341
181, 444
181, 469
182, 91
182, 169
182, 243
182, 343
182, 350
183, 1
183, 2
183, 6
183, 11
183, 12
183, 14
183, 15
183, 17
183, 19
183, 25
183, 27
183, 39
183, 40
183, 44
183, 45
183, 46
183, 47
183, 49
183, 54
183, 56
183, 58
184, 13
184, 18
184, 21
184, 45
184, 58
184, 80
184, 83
184, 103
184, 109
184, 119
184, 126
184, 156
184, 163
184, 172
184, 229
184, 252
184, 264
184, 292
184, 294
184, 320
184, 327
191, 2
191, 63
191, 70
191, 100
191, 105
191, 121
191, 128
191, 138
191, 143
191, 145
191, 148
191, 153
191, 159
191, 175
191, 179
191, 188
191, 192
191, 200
191, 210
191, 218
191, 222
193, 2
193, 11
193, 12
193, 59
193, 62
193, 63
193, 69
193, 77
193, 80
193, 94
193, 105
193, 109
193, 121
193, 126
193, 128
193, 139
193, 144
193, 145
193, 148
193, 149
193, 153
205, 75
205, 131
205, 135
205, 254
205, 299
205, 384
205, 470
205, 473
205, 478
206, 13
206, 18
206, 21
206, 45
206, 58
206, 80
206, 83
206, 103
206, 109
206, 119
206, 126
206, 156
206, 163
206, 172
206, 229
206, 252
206, 264
206, 292
206, 294
206, 320
206, 327
207, 2
207, 4
207, 6
207, 10
207, 11
207, 12
207, 13
207, 15
207, 16
207, 17
207, 25
207, 33
207, 39
207, 40
207, 46
207, 48
207, 49
207, 52
207, 54
207, 59
207, 60
212, 42
212, 166
212, 341
212, 444
212, 469
214, 27
214, 68
214, 82
214, 112
214, 132
214, 141
214, 227
214, 231
214, 321
214, 376
214, 379
214, 411
224, 1
224, 4
224, 6
224, 16
224, 19
224, 25
224, 27
224, 33
224, 39
224, 40
224, 44
224, 47
224, 48
224, 49
224, 52
224, 54
224, 56
224, 60
224, 65
224, 66
224, 67
225, 42
225, 45
225, 58
225, 72
225, 103
225, 109
225, 119
225, 166
225, 172
225, 252
225, 292
225, 294
225, 320
225, 332
225, 341
225, 407
225, 420
225, 444
225, 466
225, 469
228, 56
228, 67
228, 70
228, 245
228, 436
230, 1
230, 11
230, 12
230, 15
230, 44
230, 46
230, 47
230, 56
230, 59
230, 67
230, 68
230, 70
230, 75
230, 77
230, 78
230, 81
230, 82
230, 95
230, 100
230, 104
230, 112
233, 4
233, 6
233, 9
233, 14
233, 16
233, 19
233, 25
233, 33
233, 39
233, 40
233, 44
233, 47
233, 48
233, 49
233, 52
233, 54
233, 56
233, 60
233, 65
233, 66
233, 67
235, 13
235, 18
235, 21
235, 45
235, 47
235, 56
235, 58
235, 67
235, 70
235, 75
235, 78
235, 80
235, 83
235, 100
235, 103
235, 104
235, 109
235, 119
235, 126
235, 131
235, 135
236, 75
236, 120
236, 131
236, 135
236, 158
236, 254
236, 299
236, 384
236, 470
236, 473
236, 478
240, 2
240, 14
240, 44
240, 47
240, 62
240, 63
240, 67
240, 68
240, 69
240, 70
240, 75
240, 78
240, 81
240, 82
240, 94
240, 95
240, 100
240, 104
240, 105
240, 112
240, 120
244, 71
244, 92
244, 137
244, 202
244, 217
244, 267
244, 270
244, 280
244, 284
244, 348
244, 350
244, 370
244, 373
244, 377
244, 394
244, 475
247, 16
247, 91
247, 92
247, 137
247, 169
247, 197
247, 202
247, 217
247, 243
247, 267
247, 270
247, 272
247, 280
247, 284
247, 285
247, 329
247, 343
247, 350
247, 370
247, 373
247, 375
249, 54
249, 65
249, 66
249, 169
249, 197
249, 243
249, 285
249, 293
249, 329
249, 375
249, 404
250, 47
250, 78
250, 104
250, 245
259, 408
259, 443
259, 454
261, 4
261, 6
261, 16
261, 19
261, 25
261, 33
261, 40
261, 44
261, 48
261, 49
261, 52
261, 54
261, 60
261, 65
261, 66
261, 67
261, 68
261, 70
261, 71
261, 73
261, 74
262, 2
262, 67
262, 69
262, 70
262, 78
262, 94
262, 100
262, 104
262, 105
262, 128
262, 138
262, 143
262, 148
262, 162
262, 175
262, 179
262, 185
262, 186
262, 188
262, 192
262, 196
263, 13
263, 18
263, 21
263, 45
263, 58
263, 80
263, 83
263, 103
263, 109
263, 119
263, 126
263, 156
263, 163
263, 172
263, 229
263, 252
263, 264
263, 292
263, 294
263, 320
263, 327
269, 2
269, 19
269, 40
269, 44
269, 49
269, 54
269, 62
269, 63
269, 65
269, 66
269, 68
269, 69
269, 73
269, 74
269, 75
269, 78
269, 81
269, 82
269, 90
269, 94
269, 95
273, 68
273, 81
273, 95
273, 112
273, 132
273, 227
273, 234
273, 242
273, 330
273, 379
273, 380
273, 408
273, 411
273, 454
274, 4
274, 6
274, 16
274, 19
274, 33
274, 40
274, 49
274, 52
274, 60
274, 65
274, 66
274, 68
274, 70
274, 71
274, 73
274, 74
274, 75
274, 78
274, 79
274, 81
274, 82
276, 11
276, 12
276, 121
276, 144
276, 159
276, 289
276, 291
276, 298
276, 357
276, 422
276, 447
277, 94
277, 185
277, 196
277, 237
277, 315
277, 381
279, 42
279, 58
279, 166
279, 172
279, 292
279, 341
279, 420
279, 444
279, 469
286, 42
286, 166
286, 341
286, 444
286, 469
287, 13
287, 18
287, 21
287, 45
287, 58
287, 80
287, 83
287, 103
287, 109
287, 119
287, 126
287, 156
287, 163
287, 172
287, 229
287, 252
287, 264
287, 292
287, 294
287, 320
287, 327
288, 2
288, 6
288, 9
288, 11
288, 12
288, 14
288, 15
288, 16
288, 17
288, 18
288, 19
288, 20
288, 21
288, 45
288, 46
288, 49
288, 52
288, 58
288, 59
288, 62
288, 63
290, 2
290, 10
290, 11
290, 12
290, 15
290, 46
290, 59
290, 62
290, 63
290, 69
290, 77
290, 94
290, 105
290, 113
290, 114
290, 117
290, 121
290, 123
290, 128
290, 130
290, 139
296, 4
296, 6
296, 14
296, 16
296, 19
296, 33
296, 48
296, 52
296, 60
296, 65
296, 66
296, 68
296, 70
296, 71
296, 73
296, 74
296, 75
296, 78
296, 79
296, 81
296, 82
302, 121
302, 159
302, 398
302, 445
302, 447
304, 94
304, 185
304, 192
304, 196
304, 200
304, 219
304, 237
304, 297
304, 315
304, 381
304, 390
306, 72
306, 97
306, 190
306, 226
306, 257
306, 361
306, 407
306, 479
307, 13
307, 18
307, 21
307, 45
307, 58
307, 80
307, 83
307, 103
307, 109
307, 119
307, 126
307, 156
307, 163
307, 172
307, 229
307, 252
307, 264
307, 292
307, 294
307, 320
307, 327
311, 117
311, 130
311, 325
311, 337
312, 2
312, 69
312, 78
312, 94
312, 100
312, 104
312, 105
312, 128
312, 138
312, 143
312, 148
312, 162
312, 175
312, 179
312, 185
312, 186
312, 188
312, 192
312, 196
312, 200
312, 210
313, 69
313, 105
313, 148
313, 188
313, 192
313, 200
313, 268
313, 297
313, 315
313, 316
313, 381
313, 390
313, 441
314, 211
314, 260
314, 317
318, 62
318, 68
318, 75
318, 78
318, 81
318, 82
318, 95
318, 104
318, 112
318, 120
318, 131
318, 132
318, 135
318, 141
318, 149
318, 158
318, 162
318, 173
318, 187
318, 220
318, 227
319, 62
319, 63
319, 69
319, 73
319, 74
319, 75
319, 78
319, 81
319, 82
319, 90
319, 94
319, 95
319, 104
319, 105
319, 112
319, 120
319, 121
319, 128
319, 131
319, 132
319, 135
322, 81
322, 82
322, 95
322, 112
322, 132
322, 141
322, 187
322, 220
322, 227
322, 231
322, 234
322, 254
322, 321
322, 330
322, 376
322, 379
322, 380
322, 384
322, 411
322, 450
322, 451
324, 78
324, 104
324, 162
334, 65
334, 66
334, 73
334, 90
334, 108
334, 110
334, 136
334, 147
334, 154
334, 189
334, 194
334, 215
334, 266
334, 271
334, 293
334, 308
334, 335
334, 366
334, 387
334, 401
334, 404
340, 42
340, 166
340, 341
340, 444
340, 469
344, 15
344, 45
344, 46
344, 75
344, 78
344, 100
344, 103
344, 104
344, 114
344, 117
344, 120
344, 123
344, 130
344, 131
344, 135
344, 138
344, 141
344, 143
344, 162
344, 172
344, 175
345, 4
345, 6
345, 16
345, 33
345, 48
345, 52
345, 60
345, 65
345, 66
345, 71
345, 73
345, 74
345, 78
345, 79
345, 81
345, 82
345, 84
345, 87
345, 90
345, 91
345, 92
346, 63
346, 105
346, 121
346, 128
346, 145
346, 148
346, 153
346, 192
346, 210
346, 268
346, 316
346, 323
346, 342
346, 398
346, 434
346, 440
346, 441
346, 445
346, 460
349, 6
349, 9
349, 11
349, 12
349, 16
349, 62
349, 63
349, 65
349, 66
349, 69
349, 73
349, 74
349, 77
349, 81
349, 82
349, 90
349, 91
349, 92
349, 94
349, 95
349, 101
352, 13
352, 18
352, 21
352, 73
352, 74
352, 80
352, 81
352, 82
352, 83
352, 90
352, 95
352, 100
352, 103
352, 104
352, 109
352, 112
352, 119
352, 120
352, 126
352, 131
352, 132
353, 4
353, 6
353, 9
353, 14
353, 33
353, 48
353, 52
353, 60
353, 66
353, 71
353, 73
353, 74
353, 79
353, 82
353, 84
353, 87
353, 90
353, 91
353, 92
353, 95
353, 100
354, 95
354, 112
354, 132
354, 227
354, 234
354, 242
354, 330
354, 376
354, 379
354, 380
354, 408
354, 411
355, 42
355, 103
355, 166
355, 172
355, 292
355, 320
355, 332
355, 341
355, 420
355, 444
355, 466
355, 469
358, 52
358, 60
358, 62
358, 71
358, 79
358, 84
358, 87
358, 137
358, 149
358, 172
358, 173
358, 198
358, 216
358, 217
358, 246
358, 253
358, 267
358, 270
358, 275
358, 280
358, 281
359, 11
359, 12
359, 62
359, 63
359, 69
359, 73
359, 74
359, 77
359, 82
359, 90
359, 94
359, 95
359, 104
359, 105
359, 108
359, 112
359, 120
359, 121
359, 128
359, 131
359, 132
360, 104
360, 149
360, 162
360, 173
360, 186
360, 245
360, 328
360, 413
360, 436
360, 442
360, 455
360, 459
362, 4
362, 33
362, 48
362, 52
362, 60
362, 66
362, 71
362, 73
362, 74
362, 79
362, 82
362, 84
362, 87
362, 90
362, 91
362, 92
362, 95
362, 100
362, 101
362, 104
362, 108
363, 5
363, 42
363, 166
363, 341
363, 444
363, 469
364, 13
364, 18
364, 21
364, 80
364, 83
364, 103
364, 109
364, 119
364, 126
364, 156
364, 163
364, 172
364, 180
364, 229
364, 252
364, 264
364, 292
364, 294
364, 320
364, 327
364, 332
367, 91
367, 101
367, 169
367, 194
367, 197
367, 243
367, 285
367, 293
367, 329
367, 343
367, 350
367, 375
367, 404
367, 462
369, 13
369, 18
369, 21
369, 80
369, 83
369, 103
369, 109
369, 119
369, 126
369, 156
369, 163
369, 172
369, 229
369, 252
369, 264
369, 292
369, 294
369, 320
369, 327
369, 332
369, 347
371, 63
371, 69
371, 94
371, 100
371, 104
371, 105
371, 121
371, 128
371, 138
371, 143
371, 145
371, 148
371, 153
371, 162
371, 175
371, 179
371, 185
371, 186
371, 188
371, 192
371, 196
372, 95
372, 112
372, 120
372, 131
372, 132
372, 135
372, 141
372, 158
372, 187
372, 220
372, 227
372, 231
372, 234
372, 242
372, 251
372, 254
372, 266
372, 299
372, 321
372, 330
372, 376
374, 281
374, 442
378, 4
378, 9
378, 14
378, 33
378, 48
378, 52
378, 60
378, 71
378, 73
378, 74
378, 79
378, 84
378, 87
378, 90
378, 91
378, 92
378, 95
378, 100
378, 101
378, 104
378, 106
382, 91
382, 92
382, 137
382, 169
382, 197
382, 217
382, 243
382, 270
382, 272
382, 284
382, 285
382, 293
382, 329
382, 343
382, 350
382, 375
382, 462
386, 72
386, 97
386, 190
386, 226
386, 257
386, 361
386, 407
386, 479
388, 11
388, 12
388, 63
388, 100
388, 104
388, 105
388, 121
388, 128
388, 138
388, 143
388, 144
388, 145
388, 148
388, 153
388, 159
388, 162
388, 175
388, 179
388, 186
388, 188
388, 192
391, 4
391, 9
391, 10
391, 11
391, 12
391, 13
391, 15
391, 17
391, 33
391, 46
391, 48
391, 52
391, 59
391, 60
391, 63
391, 69
391, 71
391, 72
391, 74
391, 77
391, 79
393, 42
393, 166
393, 341
393, 444
393, 469
395, 12
395, 77
395, 121
395, 144
395, 159
395, 204
395, 289
395, 291
395, 295
395, 298
395, 356
395, 357
395, 398
395, 416
395, 422
395, 445
395, 447
396, 4
396, 9
396, 10
396, 14
396, 33
396, 48
396, 60
396, 71
396, 72
396, 74
396, 79
396, 80
396, 84
396, 87
396, 90
396, 91
396, 92
396, 95
396, 100
396, 101
396, 106
397, 59
397, 63
397, 69
397, 77
397, 90
397, 91
397, 94
397, 101
397, 105
397, 106
397, 108
397, 110
397, 112
397, 121
397, 122
397, 128
397, 131
397, 132
397, 135
397, 136
397, 139
399, 15
399, 46
399, 59
399, 77
399, 100
399, 112
399, 120
399, 121
399, 131
399, 135
399, 138
399, 139
399, 141
399, 143
399, 144
399, 153
399, 158
399, 159
399, 162
399, 175
399, 179
400, 91
400, 92
400, 169
400, 197
400, 243
400, 284
400, 285
400, 329
400, 343
400, 350
400, 375
402, 13
402, 18
402, 21
402, 80
402, 83
402, 103
402, 109
402, 119
402, 126
402, 156
402, 163
402, 172
402, 229
402, 252
402, 264
402, 292
402, 294
402, 320
402, 327
402, 332
402, 347
403, 42
403, 166
403, 172
403, 341
403, 444
403, 469
405, 117
406, 149
406, 162
406, 173
406, 186
406, 245
406, 281
406, 328
406, 413
406, 436
406, 439
406, 442
406, 455
406, 459
406, 463
406, 470
409, 42
409, 164
409, 166
409, 341
409, 469
410, 105
410, 128
410, 145
410, 148
410, 153
410, 188
410, 192
410, 200
410, 210
410, 268
410, 297
410, 316
410, 323
410, 342
410, 381
410, 434
410, 440
410, 441
410, 445
410, 460
415, 105
415, 121
415, 128
415, 145
415, 148
415, 153
415, 188
415, 192
415, 200
415, 210
415, 268
415, 278
415, 316
415, 323
415, 342
415, 398
415, 434
415, 440
415, 441
415, 445
415, 460
417, 15
417, 17
417, 46
417, 59
417, 77
417, 105
417, 114
417, 121
417, 123
417, 128
417, 139
417, 144
417, 145
417, 148
417, 149
417, 153
417, 159
417, 173
417, 185
417, 188
417, 192
418, 114
418, 117
419, 90
419, 112
419, 132
419, 234
419, 242
419, 266
419, 330
419, 368
419, 379
419, 380
419, 401
419, 408
419, 411
419, 454
423, 13
423, 18
423, 80
423, 83
423, 103
423, 109
423, 119
423, 126
423, 156
423, 163
423, 172
423, 229
423, 252
423, 264
423, 292
423, 294
423, 320
423, 327
423, 332
423, 347
423, 420
427, 20
427, 138
427, 149
427, 173
427, 179
427, 442
427, 455
428, 13
428, 15
428, 17
428, 33
428, 46
428, 48
428, 59
428, 77
428, 80
428, 83
428, 109
428, 114
428, 117
428, 121
428, 123
428, 126
428, 128
428, 130
428, 139
428, 144
428, 145
429, 10
429, 15
429, 17
429, 46
429, 59
429, 77
429, 113
429, 114
429, 117
429, 121
429, 123
429, 128
429, 130
429, 139
429, 144
429, 145
429, 148
429, 149
429, 153
429, 159
429, 163
430, 10
430, 15
430, 17
430, 46
430, 59
430, 77
430, 113
430, 114
430, 117
430, 123
430, 128
430, 130
430, 139
430, 144
430, 145
430, 148
430, 149
430, 153
430, 159
430, 173
430, 180
431, 120
431, 131
431, 135
431, 141
431, 149
431, 158
431, 162
431, 173
431, 187
431, 231
431, 245
431, 251
431, 254
431, 299
431, 376
431, 379
431, 384
431, 424
431, 437
431, 442
431, 451
433, 112
433, 132
433, 141
433, 220
433, 227
433, 231
433, 234
433, 242
433, 321
433, 330
433, 376
433, 379
433, 380
433, 408
433, 411
433, 450
435, 112
435, 141
435, 187
435, 231
435, 376
435, 379
435, 384
435, 411
435, 478
446, 14
446, 120
446, 131
446, 135
446, 138
446, 141
446, 143
446, 145
446, 148
446, 153
446, 158
446, 159
446, 162
446, 175
446, 179
446, 185
446, 186
446, 187
446, 188
446, 192
446, 196
448, 90
448, 108
448, 110
448, 112
448, 131
448, 132
448, 135
448, 136
448, 141
448, 145
448, 147
448, 148
448, 149
448, 153
448, 154
448, 158
448, 162
448, 173
448, 185
448, 187
448, 188
452, 10
452, 13
452, 83
452, 103
452, 109
452, 113
452, 119
452, 120
452, 126
452, 131
452, 132
452, 135
452, 138
452, 141
452, 143
452, 156
452, 158
452, 162
452, 163
452, 172
452, 175
457, 120
457, 131
457, 135
457, 141
457, 158
457, 251
457, 254
457, 299
457, 384
457, 470
457, 473
457, 478
461, 42
461, 166
461, 341
461, 444
461, 469
464, 4
464, 9
464, 14
464, 33
464, 48
464, 60
464, 71
464, 79
464, 84
464, 87
464, 90
464, 91
464, 92
464, 101
464, 106
464, 108
464, 110
464, 120
464, 122
464, 132
464, 135
474, 132
474, 141
474, 187
474, 220
474, 227
474, 231
474, 254
474, 321
474, 376
474, 379
474, 380
474, 384
474, 411
474, 451
474, 478
477, 90
477, 132
477, 141
477, 227
477, 231
477, 234
477, 242
477, 266
477, 330
477, 368
477, 376
477, 379
477, 380
477, 401
477, 408
477, 411
477, 454
end