540
4
0, 0.6224550850694954, 0.8594069983550824
1, 0.8043390314523399, 0.028229929946496535
2, 0.11949688566911432, 0.981506330934538
3, 0.5192559303624193, 0.43276238868418015
4, 0.283723454800089, 0.7500121810274726
5, 0.7733801993065177, 0.7537641035008578
6, 0.3511124092882143, 0.9012434965826946
7, 0.18483789753775925, 0.6839650375086036
8, 0.2702104558154603, 0.8903249989357614
9, 0.8947042861088793, 0.34873055690506993
10, 0.4556274025261282, 0.14578996911304398
11, 0.4526529876555998, 0.35318305976564257
12, 0.9960886218368564, 0.9539505388719467
13, 0.3854584416644179, 0.12557546292271693
14, 0.09511653358086447, 0.4855355521015542
15, 0.507012772806807, 0.48702988367504074
16, 0.7508573285769864, 0.021395617919540366
17, 0.13520365772954968, 0.47854447017986446
18, 0.7167537672738391, 0.1028283498174718
19, 0.6256388201751659, 0.5667474561451665
20, 0.048019448030725886, 0.09654585545177807
21, 0.08663660228761783, 0.7779764164460118
22, 0.9840282645103454, 0.237696369686211
23, 0.9482060168560089, 0.16196511298550487
24, 0.7811186931007664, 0.8396849762314407
25, 0.7020604245325149, 0.4764604874083913
26, 0.7878263808041666, 0.6776077536700108
27, 0.630564249174084, 0.5370367019577413
28, 0.9584948959506737, 0.9564032634672673
29, 0.685319105834968, 0.9797680095396243
30, 0.190416328172484, 0.2841405458258892
31, 0.6893565806051981, 0.8724022579606948
32, 0.17064340187565796, 0.0028361907950236187
33, 0.8159589384078247, 0.5343135210273935
34, 0.1563620353626891, 0.6089588752384139
35, 0.19233912124574803, 0.17161593368010886
36, 0.16616071299585344, 0.7930172668163975
37, 0.9505774947156158, 0.4235656169233455
38, 0.47200470027732744, 0.901869023599835
39, 0.6758142128327908, 0.8172624093846447
40, 0.8190255917493136, 0.9767274696069891
41, 0.7713146046704032, 0.27825324349777214
42, 0.855831374101085, 0.05179262070892188
43, 0.23356680256371165, 0.7222660477156283
44, 0.8884951003362095, 0.707422846312756
45, 0.13321145460199524, 0.03018111992703154
46, 0.9223619638035327, 0.6074369201142621
47, 0.4944041468835554, 0.21653255569815955
48, 0.17869854305607047, 0.9865949439459866
49, 0.2656440167929959, 0.40735521466658087
50, 0.9490665289334546, 0.27193281988736595
51, 0.014687575700209177, 0.06845271574309286
52, 0.8399799884382584, 0.06991491117586701
53, 0.1843025265497944, 0.8763489540912097
54, 0.8656681488495266, 0.037143413599698194
55, 0.7355523715505367, 0.5851992259687719
56, 0.6931237440797227, 0.9846427706722853
57, 0.2581129710598655, 0.29035667252028796
58, 0.8411508225266253, 0.25154755685947505
59, 0.4857540043177002, 0.36993039879873046
60, 0.7224919743960311, 0.902502153288936
61, 0.8565054947316713, 0.7866416372862497
62, 0.9921897534752971, 0.30677865099734936
63, 0.3220541064972281, 0.20807610977096214
64, 0.4342418680536533, 0.6124454343573503
65, 0.00829993379992, 0.4419424348293345
66, 0.46482499293145285, 0.7597649800696985
67, 0.026526166653874417, 0.7139603991101959
68, 0.7248712792314229, 0.2366944675080338
69, 0.479789763121343, 0.74179680233592
70, 0.541910222985002, 0.9707847160252725
71, 0.23509877826929004, 0.05718438489484401
72, 0.993722798008544, 0.045544589988666395
73, 0.5693223506668088, 0.2660242431333496
74, 0.20797673191378008, 0.00382655329307946
75, 0.7860547101779105, 0.7996272440858827
76, 0.8110113071406657, 0.7837172762337027
77, 0.7745400450604686, 0.01994688445905002
78, 0.9908465375643065, 0.5085450192485089
79, 0.991513790823059, 0.2374958566173585
80, 0.3809365659896674, 0.6338907751425814
81, 0.9156650220260636, 0.7188623333125579
82, 0.3297535316084621, 0.7360804598878747
83, 0.08866840985431357, 0.5203614347780147
84, 0.6698412342849619, 0.8508013499627652
85, 0.779760559023805, 0.3673610016194423
86, 0.11903199624422167, 0.5733447266979401
87, 0.6626540558779775, 0.739978397925126
88, 0.28315748115172346, 0.3064081008079764
89, 0.21787404237218055, 0.7786044621867206
90, 0.6849525937737193, 0.706262702884569
91, 0.5104220070202732, 0.5657536729398949
92, 0.27491539332104564, 0.1527438286617857
93, 0.9387324788941849, 0.7946591330030429
94, 0.1862009262916422, 0.016826338705072552
95, 0.7390600312171656, 0.785372966214048
96, 0.2191840033270387, 0.6482598108196977
97, 0.7089962299855632, 0.6950878658705573
98, 0.6644122516630498, 0.5835656031841369
99, 0.43760637032577765, 0.31657156352109606
100, 0.36576630583698033, 0.4949541698588641
101, 0.20994208016621285, 0.545559098063276
102, 0.29528652976202563, 0.20389990165224148
103, 0.9075873808411313, 0.19685749118318818
104, 0.480744593341199, 0.3199770580891065
105, 0.11677800686873985, 0.19234662468828445
106, 0.10767474078630512, 0.6757355964566065
107, 0.09195611980215301, 0.15306153995585137
108, 0.10264462096019566, 0.33402822839249613
109, 0.8614078472589239, 0.7233147253812033
110, 0.49957646482191287, 0.265177742161562
111, 0.3479113577953794, 0.005279872594769253
112, 0.03524137200969368, 0.615550745561347
113, 0.4369268823946397, 0.7115877295191003
114, 0.6264847738299798, 0.4341813079434428
115, 0.43868925726165753, 0.55485148064629
116, 0.1683167039743393, 0.6723975543492694
117, 0.26502245089089393, 0.6145424902459259
118, 0.35462618774813226, 0.7040144303275628
119, 0.8972734444233541, 0.04355342055902134
120, 0.8759631360417, 0.9685077680646113
121, 0.09166723528796772, 0.4922590976715754
122, 0.48923022209475575, 0.4765817023668347
123, 0.8485279072687854, 0.8193575034653074
124, 0.6277965169420058, 0.424248045557686
125, 0.4923547987754636, 0.8806001848253603
126, 0.5292270748222099, 0.9952695315198855
127, 0.5751817532308371, 0.6587381489943175
128, 0.3908438518877698, 0.6995676790266233
129, 0.8374903902816052, 0.6117717589111477
130, 0.5234709797077843, 0.3882650685041129
131, 0.3030265160737413, 0.868539869234004
132, 0.6044011484791235, 0.4131247079867677
133, 0.9584201188284908, 0.90180831376371
134, 0.09373521230466009, 0.718945536912544
135, 0.7509890173084045, 0.5922216557371648
136, 0.5830579639538984, 0.020829750717713424
137, 0.7947049603906275, 0.5974831727289586
138, 0.8695380894687494, 0.6485029939329615
139, 0.98604120556253, 0.3066901513908632
140, 0.5588522106243003, 0.7404382724758892
141, 0.24266359951329552, 0.8645029016180075
142, 0.9642214488909513, 0.9392104271935164
143, 0.19771568448041632, 0.3298256561231274
144, 0.6364923458119087, 0.5570475278964759
145, 0.373059478652658, 0.3625051802991456
146, 0.1895309168907222, 0.47802843343739265
147, 0.06093286164793843, 0.0221769322029447
148, 0.4793277894237149, 0.42995283319659616
149, 0.5827056430593761, 0.07438231137038254
150, 0.1490544969087395, 0.7979073980209805
151, 0.6194036137338602, 0.7475189738788349
152, 0.5621474799398265, 0.3246365407984586
153, 0.7655511631896851, 0.9812604729720056
154, 0.9848544557023866, 0.5556061325719359
155, 0.9515045857168858, 0.5898319406435892
156, 0.05591209571131328, 0.1197224319902922
157, 0.5880445376801181, 0.5972286837310006
158, 0.2679266918835642, 0.476664859383213
159, 0.6556009102516134, 0.020476188508937287
160, 0.008541840899955688, 0.40368536081250417
161, 0.8759269362052509, 0.39053641649747084
162, 0.9384861643338888, 0.2829502396172533
163, 0.8401916268956189, 0.11469171030330261
164, 0.7788700357057363, 0.7069258632338229
165, 0.8786267431949432, 0.5930828678722342
166, 0.7354049070455423, 0.8026352203339103
167, 0.21444741582339666, 0.2957632986821608
168, 0.49123418198774227, 0.6258534619876877
169, 0.13507432734610147, 0.9629904693790216
170, 0.11670425256271277, 0.9908097920221755
171, 0.3556111389965063, 0.045924316347579985
172, 0.22730256520605963, 0.9900988357297424
173, 0.4904988510474464, 0.4315816841541986
174, 0.7105563979844676, 0.2931608735090635
175, 0.39392073567336094, 0.20117668056373894
176, 0.07666407444914358, 0.19976866931021442
177, 0.5421621293746733, 0.0003740017087948688
178, 0.33298763961935807, 0.36924078905454727
179, 0.7792924790965878, 0.8152532400173901
180, 0.2830915668304219, 0.5662456976872526
181, 0.03970492778385548, 0.47433289647583465
182, 0.6723838542120624, 0.3045529786492176
183, 0.5351873415949786, 0.5400577054931477
184, 0.7851531843083392, 0.0151823906119547
185, 0.9550574089296899, 0.7170695703637139
186, 0.429361738687696, 0.4681598060418274
187, 0.8653702727538415, 0.13658092318528303
188, 0.8567144247407588, 0.3541296183284468
189, 0.02066372487177015, 0.5931271201476516
190, 0.3529578246679418, 0.753943375568889
191, 0.4944449389146477, 0.7018351945622476
192, 0.6529886654038914, 0.92485315786277
193, 0.32095547340388386, 0.49420512025954555
194, 0.9092258304539179, 0.35800098430910954
195, 0.506422162301182, 0.6180889590978509
196, 0.7628298677729808, 0.17994590305060565
197, 0.5131421536608689, 0.5441088029664786
198, 0.7801597505116219, 0.5253331795140049
199, 0.4296948311972236, 0.8658581182404016
200, 0.21204240547756203, 0.08916636928194599
201, 0.8003437316609103, 0.6587315846153512
202, 0.5037745335223925, 0.9785792171724531
203, 0.2618371439903793, 0.9149599131226763
204, 0.7661786565946274, 0.41687432247050293
205, 0.10495783834509886, 0.28143754891653716
206, 0.6181589230755112, 0.3709876033968933
207, 0.8983888387662309, 0.19214610818582334
208, 0.9453432075937299, 0.5782731535325565
209, 0.269638917693538, 0.06344958114162369
210, 0.8444677005648205, 0.5249284837388967
211, 0.28451388860618443, 0.9517456303720507
212, 0.8079804009791195, 0.9770247949089911
213, 0.27547725308791005, 0.9683533165567846
214, 0.4899805505963556, 0.2214575457364819
215, 0.7081463749138767, 0.5862298694070629
216, 0.6520157804625194, 0.12480644685780717
217, 0.7068693233832702, 0.7545720661995197
218, 0.15630447142501724, 0.8409899154654412
219, 0.9017639220666437, 0.92031629976749
220, 0.3953686259624368, 0.005067347057020277
221, 0.20812257000531675, 0.6352952157834637
222, 0.7736105117270513, 0.2881447852006964
223, 0.3030862343370734, 0.5715970239364965
224, 0.4269471482521521, 0.5979057701896702
225, 0.5568928834869816, 0.4694438339473288
226, 0.042989644694778395, 0.6766568766910939
227, 0.7698122515534961, 0.7973357156930138
228, 0.029299154247671044, 0.504232624296507
229, 0.5983810129231018, 0.09863895562749425
230, 0.8369467839964587, 0.4221369976479775
231, 0.10414612707892201, 0.4148360553539162
232, 0.9820572850496426, 0.06713772204267343
233, 0.3911776619703844, 0.3148348974593266
234, 0.059419562342208465, 0.134150260367218
235, 0.24167378532777273, 0.8910800208669116
236, 0.07289735195194214, 0.7865232977504115
237, 0.42210155737199473, 0.7301520954857855
238, 0.8020031289939216, 0.8520089076621254
239, 0.5793507772365928, 0.8914309612878043
240, 0.21690071525883037, 0.8816771476429102
241, 0.36224070691684396, 0.6120269804928341
242, 0.964592661424004, 0.7957792875678803
243, 0.8743776642214954, 0.3421904729076106
244, 0.02755073712354017, 0.43050070050527456
245, 0.7089587877129918, 0.2498753835673715
246, 0.17363073883323166, 0.7587023790673367
247, 0.6754019525989519, 0.2735988072843394
248, 0.6192340864297344, 0.6846914412472522
249, 0.2130557120858425, 0.5827204850260637
250, 0.7948716384638167, 0.05538475206327331
251, 0.8733087948862412, 0.9622719386577986
252, 0.7304930559224118, 0.9244988949449162
253, 0.6819853121479448, 0.6744105151494361
254, 0.7992054537921358, 0.26587489464511405
255, 0.5563425011969285, 0.463539909264734
256, 0.6546203072743706, 0.6542692194376777
257, 0.24964914500633262, 0.9224783083003559
258, 0.5104304817618326, 0.7101383027642005
259, 0.8341379864989055, 0.6545730914475903
260, 0.43733347695115765, 0.64078586343376
261, 0.5470181436823744, 0.35741426251739195
262, 0.8862782707141446, 0.6668633131322086
263, 0.09093568186302992, 0.6181844329375307
264, 0.6231514880407661, 0.3347647845584617
265, 0.9466586163920649, 0.1313306123500465
266, 0.08858560421101547, 0.5781985581460365
267, 0.19955204006623495, 0.9057773296219953
268, 0.6919283761810746, 0.5023785036430068
269, 0.35904996117515886, 0.5713713294671713
270, 0.17524075468253952, 0.8059479817805683
271, 0.035960672973584296, 0.44448383078927123
272, 0.3049880302576099, 0.38375819794511945
273, 0.7402196483945267, 0.3230043633597094
274, 0.7941749643993099, 0.35101947920077403
275, 0.8364468144395303, 0.9315304230444116
276, 0.04935298656523868, 0.8981210280507869
277, 0.4857319621026527, 0.020949581929781247
278, 0.27143981393750205, 0.9099580484596211
279, 0.9771758062153192, 0.556752754401838
280, 0.7367086272177948, 0.957044617226247
281, 0.9782643693049182, 0.0489802131403958
282, 0.4904393202784417, 0.7029735576005782
283, 0.015994461637555468, 0.635650736912281
284, 0.10966497039209622, 0.4351265315403816
285, 0.6604593468508365, 0.48849493553799306
286, 0.27937420771659505, 0.6928151159023943
287, 0.39699460011796495, 0.3696327684201026
288, 0.6043828889928844, 0.07742735667266554
289, 0.6221007968758568, 0.4846430012476405
290, 0.07315760656269577, 0.92690300191537
291, 0.33867006275001077, 0.056010113968786635
292, 0.01966406395436937, 0.6556998544951618
293, 0.9741347277461223, 0.909050714608663
294, 0.7123018197074454, 0.3753583583567137
295, 0.4719433512598844, 0.17777194272805985
296, 0.13844213940432692, 0.4063853686988378
297, 0.7015406936828575, 0.46480549167070595
298, 0.39753304776352183, 0.9948981463233849
299, 0.2880665734778374, 0.5681128410569928
300, 0.5493362021861428, 0.2139109994490207
301, 0.307831855873129, 0.42047764012949906
302, 0.19724228258221377, 0.05398619376347258
303, 0.4794881834819644, 0.49142310537648937
304, 0.8422321280236462, 0.6829223927449546
305, 0.22864541824212548, 0.007385549248721479
306, 0.8469438210095739, 0.743190459442681
307, 0.8480471559365919, 0.05651542671861387
308, 0.009488726315377671, 0.03899396614960038
309, 0.963594241229796, 0.5925311807988265
310, 0.46483696736260927, 0.9277004597136044
311, 0.6160171343410752, 0.7591978287645839
312, 0.6587928952243784, 0.09262362740178864
313, 0.10466844764834782, 0.6698799736103054
314, 0.35877508582037587, 0.4727141042731875
315, 0.11256024852453705, 0.25469183834050557
316, 0.5213969150057974, 0.5599577913605743
317, 0.7711523784802176, 0.675689447519475
318, 0.6046959561306737, 0.11690810227955872
319, 0.44749532871814846, 0.9983109232969398
320, 0.8958344513904587, 0.09512962454424345
321, 0.30036457274229655, 0.16772218558958696
322, 0.9811922719339088, 0.7703240869994956
323, 0.2253255736892107, 0.32182845072361277
324, 0.5892245847104647, 0.8147931014547627
325, 0.5938792276526497, 0.729285400015096
326, 0.5436020156640488, 0.7608014209185735
327, 0.39206340325253286, 0.9477230610562919
328, 0.6668513734814127, 0.7714683269759653
329, 0.36262495744941214, 0.7103937801875998
330, 0.9804086609130654, 0.6864785255828584
331, 0.21960190976329863, 0.22901245856836283
332, 0.1948647195766643, 0.3846292303710016
333, 0.01176742801569286, 0.0976481379723736
334, 0.6173446929482088, 0.6740653407499184
335, 0.41468045603725834, 0.49795349524769794
336, 0.5577216797214647, 0.9355909521182038
337, 0.9980429217626411, 0.5430967159237384
338, 0.25634483987201795, 0.7843235615939598
339, 0.11690501374985873, 0.48419000941669277
340, 0.4327652364189025, 0.3200279986342738
341, 0.010677631557151068, 0.8948060589070751
342, 0.18610776587103683, 0.28953798914512796
343, 0.11051578400880357, 0.6832198116590844
344, 0.1421829578409911, 0.2837936883048322
345, 0.9173225980616766, 0.21204665965067204
346, 0.7333891626831787, 0.9042706846257048
347, 0.9265365569958501, 0.41028199639355967
348, 0.4836261372008581, 0.3773436985283317
349, 0.5625676278795321, 0.13081989013161122
350, 0.5621055459445085, 0.28099892906106694
351, 0.5690940362774424, 0.036554104444750046
352, 0.24822305160534275, 0.8387053509000456
353, 0.8037903775941987, 0.6171620714583075
354, 0.651787688349372, 0.7901908971717783
355, 0.6290491707179318, 0.21235099102973265
356, 0.9002660543208976, 0.15635464487342599
357, 0.11250139319243446, 0.5096133611192866
358, 0.3713859627715196, 0.795243515942539
359, 0.3478114229597369, 0.6424545851841872
360, 0.6475418685028071, 0.47513600370860065
361, 0.20540731180415084, 0.7900228465059244
362, 0.4980935945406336, 0.23320709177298848
363, 0.48754964630318354, 0.4571248337356305
364, 0.27187783321949344, 0.7188976777747479
365, 0.6357990697344162, 0.7141510746487215
366, 0.8067347117829956, 0.29955564975802285
367, 0.21818063428306833, 0.5528690904732912
368, 0.7779980305388351, 0.18379549946933393
369, 0.24558206335579447, 0.25424142175599296
370, 0.4694528154340878, 0.7624004881818818
371, 0.5038335575942944, 0.9402812744456177
372, 0.787137365885934, 0.5688970864821599
373, 0.41652140794149195, 0.3181818234658803
374, 0.8606990355682809, 0.5829885860600557
375, 0.412617120883498, 0.8486584598237993
376, 0.916322101977674, 0.3169438007056822
377, 0.017637839500523445, 0.8695555800359555
378, 0.026757859201952394, 0.7223495530914616
379, 0.9556710671854346, 0.33395465672700597
380, 0.6144268010366728, 0.9395498347227503
381, 0.28959181978259463, 0.43059813995338947
382, 0.9008899593987578, 0.6998677208584988
383, 0.8780066412258547, 0.19578790530012902
384, 0.42128891969035787, 0.0015629422416699734
385, 0.9453587482950512, 0.32079491905953816
386, 0.38166151838832696, 0.8809839546550297
387, 0.66460130546303, 0.542717673873508
388, 0.5685453331255234, 0.9396359319136748
389, 0.571832220492045, 0.3233357508584749
390, 0.714025374731936, 0.09113462262672778
391, 0.2239428300398879, 0.8839138858277273
392, 0.9336612493247705, 0.514251139502254
393, 0.07379477578079563, 0.39802851441861375
394, 0.6241647748957363, 0.9432323892460488
395, 0.3566728139586768, 0.07816365420702975
396, 0.23743777948273914, 0.30488075576634077
397, 0.02185647736597751, 0.11990299650903269
398, 0.5449970921987219, 0.8891167997591005
399, 0.3820312683053789, 0.8906852717453292
400, 0.676025236746442, 0.502700282556164
401, 0.4031592291956313, 0.35452157244088933
402, 0.24342620611504695, 0.1134455012076463
403, 0.6028017883862141, 0.20485305846000768
404, 0.6427812857783277, 0.5336321019183687
405, 0.9340271004651649, 0.22322999794159104
406, 0.0017772867953136373, 0.00932111727378393
407, 0.9701708030185876, 0.08309279496583077
408, 0.5615160185860444, 0.9641728833438052
409, 0.208113085617449, 0.691118870865235
410, 0.6061495120101332, 0.4286485228455825
411, 0.5566892911249732, 0.6137448718279214
412, 0.2709630620453065, 0.078545252961293
413, 0.2008403710369815, 0.3396231995102226
414, 0.5592587821611011, 0.5510455318090894
415, 0.5580714575325609, 0.979329163284431
416, 0.27151524451439746, 0.1993852697189581
417, 0.44097290437780257, 0.48209431200328745
418, 0.29312012173051993, 0.5848487422857572
419, 0.2797677029337723, 0.13529313950398036
420, 0.11042686667727586, 0.9135517219345007
421, 0.19227243771932656, 0.2630852935013247
422, 0.5280039404425009, 0.4330455647620154
423, 0.24527949004869898, 0.6221546240177284
424, 0.8961100638575936, 0.1992135565431672
425, 0.5876146669835892, 0.9090418136023702
426, 0.22097177131904155, 0.117953663915638
427, 0.08211633046972222, 0.4497040018597308
428, 0.21538972258605138, 0.5293526166147783
429, 0.04888214317846462, 0.16120609337673797
430, 0.1808448325805373, 0.16429747490772284
431, 0.3209310413837927, 0.07617944384442832
432, 0.59857561067966, 0.62349481340423
433, 0.9907300545690565, 0.2628686720831642
434, 0.6684695865333851, 0.22923582155965738
435, 0.8516805858020405, 0.8602163672543982
436, 0.6372126314189258, 0.028854478085220348
437, 0.24583134058962164, 0.05093917952758498
438, 0.009933556856262626, 0.003400656235588495
439, 0.3979425465052162, 0.1481427637899142
440, 0.789769348048053, 0.8798041366949512
441, 0.26754076375701696, 0.8340617865580647
442, 0.9359473990131566, 0.00942859540821217
443, 0.29991713496718475, 0.704158994365787
444, 0.5251912048598867, 0.8102835860619453
445, 0.010412352989029872, 0.05701737441057453
446, 0.9385841661985566, 0.27647179147965106
447, 0.21014530767786277, 0.9263209577385726
448, 0.6522491726921824, 0.5112225528757814
449, 0.6997246760100796, 0.7166366731072085
450, 0.6576218493932711, 0.6560096473640918
451, 0.8609731953396512, 0.2882841038169488
452, 0.8098740719934061, 0.03948033977279297
453, 0.8354923468826082, 0.840539142377923
454, 0.3845269683644006, 0.34709681533856074
455, 0.7881900525515598, 0.30073549126599464
456, 0.519709443147649, 0.3596103571460372
457, 0.4657144766045749, 0.050958105826725
458, 0.4265656594619214, 0.7691297771639356
459, 0.8636058920441239, 0.4863516834480831
460, 0.37995722719611413, 0.8655083801698148
461, 0.5798677824016119, 0.7464031286259882
462, 0.6971635885419001, 0.9020292508298144
463, 0.6781174390454175, 0.8924687292162453
464, 0.5502356826554676, 0.7625989123156499
465, 0.8798151107064448, 0.7929136460711236
466, 0.43617770239617837, 0.11665630936030202
467, 0.9914820746099378, 0.36379510864352804
468, 0.5667641679864438, 0.17513575540786985
469, 0.8295239176174755, 0.8831625486641745
470, 0.37667787367950545, 0.5772290792458258
471, 0.06624985676611828, 0.1348162366353547
472, 0.5553353828177874, 0.7346799530129454
473, 0.16093975656101334, 0.06967343972393913
474, 0.322099054492042, 0.6662341347271052
475, 0.9592241398178295, 0.4240576263690534
476, 0.5062264210027123, 0.9957202109302009
477, 0.09743818839241636, 0.8583927811850237
478, 0.1478065910805153, 0.7654566768295223
479, 0.6961908156473706, 0.0836240144733097
480, 0.27216062569595334, 0.8185441476433134
481, 0.38934454127280793, 0.591376759373482
482, 0.6543607144697327, 0.17320220078217174
483, 0.13465648931903185, 0.1959025377139325
484, 0.3468332131999534, 0.945552645876267
485, 0.33994939562464266, 0.5761989521022415
486, 0.41680479719272734, 0.22307304328909083
487, 0.30354434029477784, 0.651066289966652
488, 0.689040581359056, 0.6888946789171346
489, 0.4864035241266207, 0.3766939365169296
490, 0.8719060346268533, 0.9280037367611236
491, 0.2500039086231567, 0.9328580386132971
492, 0.09385044930191533, 0.3532938043551127
493, 0.4028967718097898, 0.09005301748980488
494, 0.5109645934226834, 0.9351976346738611
495, 0.8971987787141431, 0.6747436614631106
496, 0.8219448893842337, 0.40892559788475213
497, 0.055145452717559995, 0.7678348850862786
498, 0.5160603729369729, 0.03267423324321739
499, 0.5210274128540883, 0.9515345892041311
500, 0.5196484037062072, 0.5858245278029294
501, 0.580487546268871, 0.2800263901470791
502, 0.6571867249631385, 0.5568008385870061
503, 0.8111768441280561, 0.3569930726782402
504, 0.43055053755704487, 0.2951973559858041
505, 0.0818672802054704, 0.5536825127466889
506, 0.8756721034264446, 0.6570570664888791
507, 0.752541471176622, 0.459454379910601
508, 0.37050169233442, 0.06916239814824798
509, 0.6873565020911745, 0.1246952747314155
510, 0.8899657703226369, 0.1919957370774471
511, 0.04077635973790983, 0.7647575029744135
512, 0.12062435219322232, 0.10986131915816355
513, 0.932336013764458, 0.09362915361249702
514, 0.08469164185622036, 0.45700923221418144
515, 0.2298554934133631, 0.08796122792603955
516, 0.8146321877983024, 0.49833237369813543
517, 0.1865545511869673, 0.9212711205827576
518, 0.07573231794383406, 0.5616234189992922
519, 0.3743708449104848, 0.10497503852685508
520, 0.6456341710641379, 0.11012603035144397
521, 0.5245953320158391, 0.03505228160476215
522, 0.2529190985937322, 0.005398736509064972
523, 0.7437146237615392, 0.4022539635654435
524, 0.6332135304954231, 0.8235861855224196
525, 0.533369565366014, 0.6072455047705099
526, 0.6510227124159789, 0.8344230148612133
527, 0.46979530201844444, 0.5791309426827506
528, 0.3558120135428149, 0.599159946073822
529, 0.9286116493887485, 0.8842245311711997
530, 0.2749481135686537, 0.06372453319731886
531, 0.35522669863841505, 0.7202139433828646
532, 0.6080578782247688, 0.7158450967059518
533, 0.4511281967323848, 0.0987200126726212
534, 0.2406470940025679, 0.4404155267651654
535, 0.42889069781167843, 0.5328714170905451
536, 0.204163442592333, 0.491394848115294
537, 0.9465033884941537, 0.7396724500429744
538, 0.1391753507642236, 0.4354028154915395
539, 0.18190433136659223, 0.6876708773594976
end_nodes
0, 1
0, 2
0, 3
0, 4
0, 5
0, 6
0, 7
0, 8
0, 9
0, 10
0, 11
0, 12
0, 13
0, 14
0, 15
0, 16
0, 17
0, 18
0, 19
0, 20
0, 21
0, 22
0, 23
24, 1
24, 2
24, 3
24, 5
24, 6
24, 8
24, 9
24, 10
24, 11
24, 13
24, 15
24, 16
24, 17
24, 18
24, 19
24, 20
24, 21
24, 22
24, 23
24, 25
24, 26
24, 27
24, 30
28, 1
28, 3
28, 4
28, 5
28, 7
28, 9
28, 10
28, 11
28, 13
28, 14
28, 15
28, 16
28, 17
28, 18
28, 19
28, 20
28, 22
28, 23
28, 25
28, 26
28, 27
28, 30
28, 32
29, 1
29, 3
29, 4
29, 5
29, 7
29, 9
29, 10
29, 11
29, 13
29, 14
29, 15
29, 16
29, 17
29, 18
29, 19
29, 20
29, 22
29, 23
29, 25
29, 26
29, 27
29, 30
29, 32
31, 1
31, 2
31, 3
31, 4
31, 5
31, 6
31, 7
31, 8
31, 9
31, 10
31, 11
31, 12
31, 13
31, 14
31, 15
31, 16
31, 17
31, 18
31, 19
31, 20
31, 21
31, 22
31, 23
34, 86
34, 228
34, 266
34, 505
34, 518
35, 45
35, 147
35, 473
36, 12
36, 21
36, 236
38, 1
38, 2
38, 3
38, 4
38, 5
38, 6
38, 7
38, 8
38, 9
38, 10
38, 11
38, 13
38, 14
38, 15
38, 16
38, 17
38, 18
38, 19
38, 20
38, 22
38, 23
38, 25
38, 26
39, 1
39, 2
39, 3
39, 5
39, 6
39, 8
39, 9
39, 10
39, 11
39, 13
39, 14
39, 15
39, 16
39, 17
39, 18
39, 19
39, 20
39, 21
39, 22
39, 23
39, 25
39, 26
39, 27
40, 1
40, 3
40, 4
40, 5
40, 7
40, 9
40, 10
40, 11
40, 13
40, 14
40, 15
40, 16
40, 17
40, 18
40, 19
40, 20
40, 22
40, 23
40, 25
40, 26
40, 27
40, 30
40, 32
44, 1
44, 2
44, 6
44, 8
44, 9
44, 16
44, 18
44, 21
44, 22
44, 23
44, 33
44, 37
44, 41
44, 42
44, 46
44, 48
44, 50
44, 52
44, 53
44, 54
44, 58
44, 62
44, 68
49, 20
49, 30
49, 32
49, 45
49, 51
49, 94
49, 105
49, 107
49, 143
49, 147
49, 156
49, 167
49, 176
49, 205
49, 234
49, 302
49, 308
49, 315
49, 323
49, 333
49, 342
49, 344
49, 397
56, 1
56, 3
56, 4
56, 5
56, 7
56, 9
56, 10
56, 11
56, 13
56, 14
56, 15
56, 16
56, 17
56, 18
56, 19
56, 20
56, 22
56, 23
56, 25
56, 26
56, 27
56, 30
56, 32
57, 20
57, 32
57, 45
57, 51
57, 74
57, 94
57, 147
57, 200
57, 302
57, 308
57, 406
57, 426
57, 430
57, 438
57, 445
57, 473
57, 512
60, 1
60, 2
60, 3
60, 4
60, 5
60, 6
60, 7
60, 8
60, 9
60, 10
60, 11
60, 13
60, 14
60, 15
60, 16
60, 17
60, 18
60, 19
60, 20
60, 22
60, 23
60, 25
60, 26
61, 1
61, 2
61, 6
61, 8
61, 9
61, 10
61, 13
61, 16
61, 18
61, 21
61, 22
61, 23
61, 25
61, 26
61, 33
61, 37
61, 41
61, 42
61, 46
61, 47
61, 48
61, 50
61, 52
64, 10
64, 11
64, 13
64, 20
64, 30
64, 32
64, 45
64, 47
64, 51
64, 59
64, 63
64, 71
64, 74
64, 92
64, 94
64, 99
64, 102
64, 104
64, 105
64, 107
64, 108
64, 110
64, 111
66, 1
66, 3
66, 10
66, 11
66, 13
66, 14
66, 15
66, 16
66, 17
66, 18
66, 20
66, 27
66, 30
66, 32
66, 41
66, 42
66, 45
66, 47
66, 51
66, 52
66, 54
66, 58
66, 59
67, 12
69, 1
69, 3
69, 10
69, 11
69, 13
69, 14
69, 15
69, 16
69, 17
69, 18
69, 20
69, 27
69, 30
69, 32
69, 41
69, 42
69, 45
69, 47
69, 51
69, 52
69, 54
69, 58
69, 59
70, 1
70, 3
70, 4
70, 5
70, 7
70, 9
70, 10
70, 11
70, 13
70, 14
70, 15
70, 16
70, 17
70, 18
70, 19
70, 20
70, 22
70, 23
70, 25
70, 26
70, 27
70, 30
70, 32
75, 1
75, 2
75, 3
75, 5
75, 6
75, 8
75, 9
75, 10
75, 11
75, 13
75, 15
75, 16
75, 18
75, 19
75, 20
75, 21
75, 22
75, 23
75, 25
75, 26
75, 27
75, 30
75, 32
76, 1
76, 2
76, 3
76, 6
76, 8
76, 9
76, 10
76, 11
76, 13
76, 16
76, 18
76, 19
76, 21
76, 22
76, 23
76, 25
76, 26
76, 27
76, 32
76, 33
76, 37
76, 41
76, 42
80, 13
80, 17
80, 20
80, 30
80, 32
80, 45
80, 51
80, 63
80, 71
80, 74
80, 92
80, 94
80, 102
80, 105
80, 107
80, 108
80, 111
80, 143
80, 145
80, 146
80, 147
80, 156
80, 158
81, 1
81, 2
81, 6
81, 8
81, 9
81, 16
81, 18
81, 21
81, 22
81, 23
81, 37
81, 41
81, 42
81, 46
81, 48
81, 50
81, 52
81, 53
81, 54
81, 58
81, 62
81, 72
81, 77
82, 7
82, 14
82, 17
82, 20
82, 30
82, 32
82, 45
82, 51
82, 65
82, 71
82, 74
82, 83
82, 86
82, 94
82, 101
82, 105
82, 107
82, 108
82, 112
82, 116
82, 117
82, 121
82, 143
84, 1
84, 2
84, 3
84, 5
84, 6
84, 7
84, 8
84, 9
84, 10
84, 11
84, 13
84, 14
84, 15
84, 16
84, 17
84, 18
84, 19
84, 20
84, 21
84, 22
84, 23
84, 25
84, 26
87, 1
87, 3
87, 9
87, 10
87, 11
87, 13
87, 15
87, 16
87, 18
87, 19
87, 20
87, 22
87, 23
87, 25
87, 27
87, 30
87, 32
87, 33
87, 37
87, 41
87, 42
87, 45
87, 47
88, 32
88, 45
88, 71
88, 74
88, 94
88, 147
88, 200
88, 302
88, 305
88, 308
88, 402
88, 406
88, 426
88, 430
88, 437
88, 438
88, 445
88, 473
88, 512
88, 515
89, 12
89, 21
89, 112
89, 226
89, 283
89, 292
89, 343
90, 1
90, 3
90, 9
90, 10
90, 11
90, 13
90, 15
90, 16
90, 18
90, 19
90, 20
90, 22
90, 23
90, 25
90, 27
90, 30
90, 32
90, 33
90, 37
90, 41
90, 42
90, 45
90, 47
91, 3
91, 10
91, 11
91, 13
91, 15
91, 16
91, 18
91, 20
91, 30
91, 32
91, 45
91, 47
91, 51
91, 59
91, 63
91, 71
91, 73
91, 74
91, 92
91, 94
91, 99
91, 102
91, 104
93, 1
93, 2
93, 6
93, 8
93, 9
93, 16
93, 18
93, 21
93, 22
93, 23
93, 37
93, 41
93, 42
93, 46
93, 48
93, 50
93, 52
93, 53
93, 54
93, 58
93, 62
93, 72
93, 77
95, 1
95, 2
95, 3
95, 5
95, 6
95, 8
95, 9
95, 10
95, 11
95, 13
95, 15
95, 19
95, 21
95, 22
95, 23
95, 25
95, 26
95, 27
95, 30
95, 32
95, 33
95, 37
95, 41
96, 14
96, 65
96, 83
96, 86
96, 121
96, 160
96, 181
96, 228
96, 244
96, 266
96, 271
96, 357
96, 427
96, 505
96, 514
96, 518
97, 3
97, 9
97, 10
97, 11
97, 15
97, 19
97, 22
97, 23
97, 25
97, 27
97, 32
97, 33
97, 37
97, 41
97, 42
97, 45
97, 47
97, 50
97, 52
97, 54
97, 55
97, 58
97, 59
100, 30
100, 32
100, 45
100, 51
100, 63
100, 71
100, 74
100, 92
100, 94
100, 102
100, 105
100, 107
100, 111
100, 143
100, 147
100, 156
100, 167
100, 171
100, 176
100, 200
100, 205
100, 209
100, 234
109, 2
109, 6
109, 8
109, 9
109, 21
109, 22
109, 23
109, 33
109, 37
109, 41
109, 42
109, 46
109, 48
109, 50
109, 52
109, 53
109, 54
109, 58
109, 62
109, 68
109, 72
109, 77
109, 78
113, 3
113, 11
113, 14
113, 15
113, 17
113, 30
113, 32
113, 45
113, 47
113, 51
113, 59
113, 63
113, 65
113, 71
113, 73
113, 74
113, 83
113, 86
113, 92
113, 94
113, 99
113, 101
113, 102
115, 30
115, 32
115, 45
115, 47
115, 51
115, 63
115, 71
115, 74
115, 92
115, 94
115, 99
115, 102
115, 104
115, 105
115, 107
115, 110
115, 111
115, 143
115, 145
115, 147
115, 156
115, 167
115, 171
118, 14
118, 17
118, 30
118, 45
118, 51
118, 63
118, 65
118, 71
118, 74
118, 83
118, 86
118, 92
118, 94
118, 101
118, 102
118, 105
118, 107
118, 108
118, 111
118, 117
118, 121
118, 143
118, 146
120, 3
120, 4
120, 5
120, 7
120, 14
120, 15
120, 17
120, 19
120, 25
120, 26
120, 27
120, 30
120, 33
120, 37
120, 41
120, 42
120, 43
120, 45
120, 46
120, 47
120, 50
120, 51
120, 52
122, 45
122, 47
122, 59
122, 63
122, 71
122, 74
122, 92
122, 94
122, 99
122, 102
122, 104
122, 110
122, 111
122, 136
122, 147
122, 148
122, 149
122, 171
122, 173
122, 175
122, 177
122, 200
122, 209
123, 2
123, 6
123, 8
123, 19
123, 21
123, 25
123, 26
123, 27
123, 33
123, 37
123, 41
123, 42
123, 45
123, 46
123, 47
123, 48
123, 50
123, 52
123, 53
123, 54
123, 55
123, 58
123, 59
125, 2
125, 4
125, 5
125, 6
125, 7
125, 8
125, 14
125, 15
125, 17
125, 19
125, 25
125, 26
125, 27
125, 30
125, 33
125, 37
125, 41
125, 42
125, 43
125, 45
125, 46
125, 47
125, 48
126, 4
126, 5
126, 7
126, 14
126, 17
126, 19
126, 25
126, 26
126, 27
126, 33
126, 37
126, 41
126, 42
126, 43
126, 45
126, 46
126, 47
126, 50
126, 51
126, 52
126, 54
126, 55
126, 58
127, 19
127, 25
127, 27
127, 41
127, 42
127, 45
127, 47
127, 51
127, 52
127, 54
127, 58
127, 59
127, 63
127, 68
127, 71
127, 72
127, 73
127, 74
127, 77
127, 85
127, 92
127, 94
127, 99
128, 14
128, 17
128, 51
128, 63
128, 65
128, 71
128, 74
128, 83
128, 86
128, 92
128, 94
128, 99
128, 101
128, 102
128, 105
128, 107
128, 108
128, 111
128, 117
128, 121
128, 143
128, 145
128, 146
131, 53
131, 141
131, 240
131, 276
131, 341
131, 377
131, 391
131, 420
131, 477
133, 2
133, 6
133, 8
133, 21
133, 25
133, 33
133, 37
133, 41
133, 42
133, 46
133, 47
133, 48
133, 50
133, 52
133, 53
133, 54
133, 55
133, 58
133, 62
133, 68
133, 72
133, 73
133, 77
134, 12
140, 14
140, 17
140, 27
140, 33
140, 37
140, 41
140, 42
140, 47
140, 50
140, 51
140, 52
140, 54
140, 55
140, 58
140, 59
140, 62
140, 63
140, 65
140, 68
140, 71
140, 72
140, 73
140, 74
142, 2
142, 6
142, 8
142, 14
142, 21
142, 26
142, 27
142, 33
142, 37
142, 41
142, 42
142, 46
142, 47
142, 48
142, 50
142, 51
142, 52
142, 53
142, 54
142, 55
142, 58
142, 59
142, 62
150, 236
151, 27
151, 33
151, 37
151, 41
151, 42
151, 47
151, 50
151, 51
151, 52
151, 54
151, 55
151, 58
151, 59
151, 62
151, 63
151, 68
151, 71
151, 72
151, 73
151, 74
151, 77
151, 78
151, 79
153, 4
153, 5
153, 7
153, 26
153, 33
153, 37
153, 41
153, 42
153, 43
153, 46
153, 47
153, 50
153, 51
153, 52
153, 54
153, 55
153, 58
153, 59
153, 62
153, 63
153, 65
153, 68
153, 71
157, 41
157, 42
157, 47
157, 51
157, 52
157, 54
157, 58
157, 59
157, 63
157, 68
157, 71
157, 72
157, 73
157, 74
157, 77
157, 92
157, 94
157, 99
157, 102
157, 104
157, 107
157, 110
157, 111
166, 2
166, 5
166, 6
166, 8
166, 21
166, 26
166, 33
166, 37
166, 42
166, 46
166, 47
166, 48
166, 50
166, 51
166, 52
166, 53
166, 54
166, 55
166, 58
166, 59
166, 62
166, 63
166, 68
168, 51
168, 59
168, 63
168, 71
168, 73
168, 74
168, 77
168, 92
168, 94
168, 99
168, 102
168, 104
168, 105
168, 107
168, 108
168, 110
168, 111
168, 130
168, 136
168, 143
168, 145
168, 147
168, 148
172, 5
172, 26
172, 33
172, 37
172, 46
172, 50
172, 52
172, 54
172, 55
172, 58
172, 59
172, 62
172, 63
172, 65
172, 68
172, 71
172, 72
172, 73
172, 74
172, 77
172, 78
172, 79
172, 83
178, 63
178, 71
178, 74
178, 92
178, 94
178, 102
178, 107
178, 147
178, 156
178, 200
178, 209
178, 302
178, 305
178, 308
178, 321
178, 402
178, 406
178, 412
178, 416
178, 419
178, 426
178, 430
178, 431
179, 2
179, 5
179, 6
179, 8
179, 21
179, 26
179, 33
179, 37
179, 46
179, 48
179, 50
179, 52
179, 53
179, 54
179, 55
179, 58
179, 59
179, 62
179, 63
179, 68
179, 71
179, 72
179, 73
180, 105
180, 107
180, 108
180, 143
180, 146
180, 147
180, 156
180, 160
180, 167
180, 176
180, 205
180, 231
180, 234
180, 284
180, 296
180, 308
180, 315
180, 323
180, 332
180, 333
180, 342
180, 344
180, 393
183, 59
183, 63
183, 71
183, 73
183, 74
183, 77
183, 92
183, 94
183, 99
183, 102
183, 104
183, 110
183, 111
183, 130
183, 136
183, 145
183, 147
183, 148
183, 149
183, 152
183, 159
183, 171
183, 173
185, 2
185, 6
185, 8
185, 21
185, 37
185, 48
185, 50
185, 53
185, 54
185, 62
185, 72
185, 78
185, 79
185, 103
185, 119
185, 139
185, 141
185, 154
185, 155
185, 162
185, 169
185, 170
185, 187
186, 63
186, 71
186, 74
186, 92
186, 94
186, 99
186, 102
186, 105
186, 107
186, 111
186, 145
186, 147
186, 156
186, 171
186, 175
186, 200
186, 209
186, 220
186, 233
186, 234
186, 277
186, 287
186, 291
190, 7
190, 63
190, 65
190, 71
190, 74
190, 83
190, 86
190, 92
190, 94
190, 101
190, 102
190, 105
190, 106
190, 107
190, 108
190, 111
190, 112
190, 116
190, 117
190, 121
190, 143
190, 146
190, 147
191, 52
191, 54
191, 59
191, 63
191, 65
191, 68
191, 73
191, 74
191, 77
191, 92
191, 94
191, 99
191, 101
191, 102
191, 104
191, 105
191, 107
191, 108
191, 110
191, 111
191, 114
191, 119
191, 121
192, 2
192, 4
192, 5
192, 6
192, 7
192, 33
192, 43
192, 46
192, 48
192, 50
192, 52
192, 54
192, 55
192, 58
192, 59
192, 62
192, 65
192, 68
192, 72
192, 73
192, 77
192, 78
192, 79
193, 92
193, 94
193, 102
193, 105
193, 107
193, 108
193, 143
193, 147
193, 156
193, 167
193, 176
193, 200
193, 205
193, 209
193, 234
193, 302
193, 305
193, 308
193, 315
193, 323
193, 332
193, 333
193, 342
195, 59
195, 73
195, 77
195, 92
195, 94
195, 99
195, 102
195, 104
195, 105
195, 107
195, 108
195, 110
195, 111
195, 130
195, 132
195, 136
195, 143
195, 145
195, 147
195, 148
195, 149
195, 152
195, 156
197, 59
197, 73
197, 92
197, 99
197, 102
197, 104
197, 105
197, 107
197, 110
197, 111
197, 130
197, 136
197, 145
197, 147
197, 148
197, 149
197, 152
197, 156
197, 159
197, 171
197, 173
197, 175
197, 177
199, 4
199, 7
199, 8
199, 33
199, 43
199, 46
199, 50
199, 53
199, 54
199, 55
199, 58
199, 62
199, 65
199, 68
199, 72
199, 73
199, 77
199, 78
199, 79
199, 83
199, 85
199, 86
199, 92
202, 4
202, 5
202, 7
202, 33
202, 43
202, 46
202, 50
202, 55
202, 58
202, 62
202, 65
202, 68
202, 72
202, 73
202, 77
202, 78
202, 79
202, 83
202, 85
202, 86
202, 92
202, 98
202, 99
211, 46
211, 48
211, 50
211, 55
211, 58
211, 62
211, 65
211, 68
211, 72
211, 73
211, 77
211, 78
211, 79
211, 83
211, 85
211, 86
211, 92
211, 98
211, 99
211, 101
211, 102
211, 103
211, 104
212, 4
212, 7
212, 43
212, 46
212, 50
212, 55
212, 62
212, 65
212, 68
212, 72
212, 73
212, 77
212, 78
212, 79
212, 83
212, 85
212, 86
212, 98
212, 99
212, 101
212, 102
212, 103
212, 104
213, 46
213, 48
213, 55
213, 62
213, 65
213, 68
213, 72
213, 73
213, 77
213, 78
213, 79
213, 83
213, 85
213, 86
213, 98
213, 99
213, 101
213, 102
213, 103
213, 104
213, 105
213, 106
213, 107
217, 46
217, 55
217, 62
217, 68
217, 72
217, 73
217, 77
217, 78
217, 79
217, 85
217, 98
217, 99
217, 102
217, 103
217, 104
217, 105
217, 107
217, 108
217, 110
217, 111
217, 114
217, 119
217, 124
219, 21
219, 46
219, 48
219, 53
219, 55
219, 62
219, 65
219, 68
219, 72
219, 73
219, 77
219, 78
219, 79
219, 83
219, 85
219, 86
219, 98
219, 99
219, 101
219, 103
219, 104
219, 105
219, 107
221, 65
221, 83
221, 86
221, 121
221, 160
221, 181
221, 228
221, 244
221, 266
221, 271
221, 357
221, 427
221, 505
221, 514
221, 518
223, 105
223, 107
223, 108
223, 143
223, 146
223, 147
223, 156
223, 158
223, 160
223, 167
223, 176
223, 200
223, 205
223, 231
223, 234
223, 284
223, 296
223, 302
223, 308
223, 315
223, 323
223, 332
223, 333
224, 99
224, 104
224, 105
224, 107
224, 108
224, 110
224, 111
224, 143
224, 145
224, 147
224, 156
224, 158
224, 167
224, 171
224, 175
224, 176
224, 177
224, 200
224, 205
224, 209
224, 214
224, 220
224, 233
227, 21
227, 48
227, 53
227, 55
227, 62
227, 68
227, 72
227, 73
227, 77
227, 78
227, 79
227, 85
227, 98
227, 99
227, 103
227, 104
227, 105
227, 108
227, 110
227, 111
227, 114
227, 119
227, 124
237, 65
237, 83
237, 86
237, 99
237, 101
237, 104
237, 105
237, 108
237, 110
237, 111
237, 117
237, 121
237, 130
237, 136
237, 143
237, 145
237, 146
237, 147
237, 148
237, 149
237, 152
237, 156
237, 158
238, 48
238, 53
238, 55
238, 62
238, 68
238, 72
238, 77
238, 78
238, 79
238, 85
238, 98
238, 103
238, 104
238, 108
238, 110
238, 111
238, 114
238, 119
238, 124
238, 129
238, 130
238, 132
238, 135
239, 4
239, 7
239, 43
239, 48
239, 53
239, 55
239, 65
239, 68
239, 72
239, 77
239, 78
239, 79
239, 83
239, 85
239, 86
239, 98
239, 101
239, 103
239, 104
239, 106
239, 108
239, 110
239, 111
241, 108
241, 111
241, 143
241, 146
241, 147
241, 156
241, 158
241, 160
241, 167
241, 171
241, 176
241, 200
241, 205
241, 209
241, 231
241, 234
241, 244
241, 284
241, 291
241, 296
241, 299
241, 302
241, 305
242, 48
242, 53
242, 72
242, 78
242, 79
242, 103
242, 119
242, 139
242, 141
242, 154
242, 155
242, 162
242, 163
242, 169
242, 170
242, 187
242, 194
242, 203
242, 207
242, 208
242, 218
242, 232
242, 235
246, 12
246, 226
246, 283
246, 292
248, 55
248, 79
248, 85
248, 98
248, 103
248, 104
248, 110
248, 111
248, 114
248, 119
248, 124
248, 130
248, 132
248, 136
248, 139
248, 143
248, 144
248, 145
248, 147
248, 148
248, 149
248, 152
248, 156
249, 65
249, 108
249, 121
249, 160
249, 181
249, 231
249, 244
249, 271
249, 284
249, 339
249, 357
249, 393
249, 427
249, 492
249, 514
249, 538
251, 4
251, 7
251, 43
251, 65
251, 78
251, 79
251, 83
251, 85
251, 86
251, 98
251, 101
251, 103
251, 104
251, 106
251, 108
251, 110
251, 112
251, 114
251, 116
251, 119
251, 121
251, 124
251, 129
252, 4
252, 7
252, 43
252, 48
252, 53
252, 65
252, 78
252, 79
252, 83
252, 85
252, 86
252, 98
252, 101
252, 103
252, 104
252, 106
252, 108
252, 110
252, 112
252, 114
252, 116
252, 117
252, 119
253, 79
253, 85
253, 98
253, 103
253, 110
253, 114
253, 119
253, 124
253, 130
253, 132
253, 135
253, 136
253, 139
253, 144
253, 147
253, 148
253, 149
253, 152
253, 159
253, 161
253, 162
253, 163
253, 171
256, 79
256, 85
256, 98
256, 103
256, 110
256, 114
256, 119
256, 124
256, 130
256, 132
256, 136
256, 139
256, 144
256, 148
256, 149
256, 152
256, 156
256, 159
256, 161
256, 162
256, 163
256, 171
256, 173
258, 85
258, 101
258, 103
258, 108
258, 110
258, 114
258, 119
258, 121
258, 124
258, 130
258, 132
258, 136
258, 143
258, 144
258, 145
258, 146
258, 148
258, 149
258, 152
258, 156
258, 158
258, 159
258, 160
260, 110
260, 136
260, 143
260, 145
260, 146
260, 148
260, 149
260, 156
260, 158
260, 167
260, 171
260, 173
260, 175
260, 176
260, 177
260, 200
260, 205
260, 209
260, 214
260, 220
260, 229
260, 231
260, 233
269, 143
269, 156
269, 158
269, 167
269, 171
269, 176
269, 200
269, 205
269, 209
269, 231
269, 234
269, 291
269, 296
269, 302
269, 305
269, 308
269, 315
269, 321
269, 323
269, 332
269, 333
269, 342
269, 344
272, 156
272, 167
272, 200
272, 209
272, 234
272, 302
272, 305
272, 308
272, 333
272, 397
272, 402
272, 406
272, 412
272, 416
272, 419
272, 421
272, 426
272, 429
272, 430
272, 437
272, 438
272, 445
272, 471
275, 4
275, 43
275, 48
275, 53
275, 78
275, 79
275, 83
275, 85
275, 86
275, 98
275, 101
275, 103
275, 106
275, 110
275, 112
275, 114
275, 116
275, 119
275, 121
275, 124
275, 129
275, 130
275, 132
280, 4
280, 43
280, 48
280, 78
280, 79
280, 83
280, 85
280, 86
280, 98
280, 101
280, 103
280, 106
280, 112
280, 114
280, 116
280, 117
280, 119
280, 121
280, 124
280, 129
280, 130
280, 132
280, 135
282, 101
282, 114
282, 119
282, 121
282, 124
282, 130
282, 132
282, 136
282, 143
282, 145
282, 146
282, 148
282, 149
282, 152
282, 156
282, 158
282, 159
282, 160
282, 163
282, 167
282, 171
282, 173
282, 174
286, 83
286, 86
286, 101
286, 121
286, 146
286, 156
286, 160
286, 176
286, 181
286, 189
286, 205
286, 228
286, 231
286, 234
286, 244
286, 263
286, 266
286, 271
286, 284
286, 296
286, 308
286, 315
286, 333
293, 53
293, 78
293, 79
293, 85
293, 103
293, 119
293, 129
293, 136
293, 138
293, 139
293, 141
293, 149
293, 154
293, 155
293, 159
293, 161
293, 162
293, 163
293, 165
293, 169
293, 170
293, 174
293, 177
298, 78
298, 83
298, 85
298, 86
298, 98
298, 101
298, 103
298, 106
298, 112
298, 114
298, 116
298, 117
298, 119
298, 121
298, 124
298, 129
298, 130
298, 132
298, 135
298, 136
298, 137
298, 138
298, 139
301, 143
301, 156
301, 167
301, 176
301, 200
301, 209
301, 234
301, 302
301, 305
301, 308
301, 315
301, 323
301, 333
301, 342
301, 344
301, 397
301, 402
301, 406
301, 412
301, 416
301, 419
301, 421
301, 426
303, 136
303, 145
303, 148
303, 149
303, 171
303, 173
303, 175
303, 177
303, 200
303, 209
303, 214
303, 220
303, 229
303, 233
303, 277
303, 287
303, 288
303, 291
303, 295
303, 300
303, 302
303, 305
303, 308
306, 53
306, 78
306, 85
306, 103
306, 119
306, 124
306, 129
306, 135
306, 136
306, 137
306, 138
306, 139
306, 141
306, 149
306, 152
306, 154
306, 155
306, 159
306, 161
306, 162
306, 163
306, 165
306, 169
310, 4
310, 43
310, 83
310, 85
310, 86
310, 98
310, 101
310, 103
310, 106
310, 112
310, 114
310, 116
310, 117
310, 119
310, 121
310, 124
310, 129
310, 130
310, 132
310, 135
310, 136
310, 137
310, 138
311, 98
311, 101
311, 103
311, 114
311, 119
311, 124
311, 129
311, 130
311, 132
311, 135
311, 136
311, 137
311, 139
311, 143
311, 144
311, 145
311, 146
311, 148
311, 149
311, 152
311, 154
311, 158
311, 159
314, 167
314, 171
314, 176
314, 200
314, 209
314, 234
314, 291
314, 302
314, 305
314, 308
314, 315
314, 321
314, 323
314, 333
314, 342
314, 344
314, 395
314, 397
314, 402
314, 406
314, 412
314, 413
314, 416
316, 130
316, 136
316, 145
316, 148
316, 149
316, 152
316, 159
316, 167
316, 171
316, 173
316, 175
316, 177
316, 184
316, 200
316, 209
316, 214
316, 216
316, 220
316, 225
316, 229
316, 233
316, 234
316, 255
319, 43
319, 98
319, 101
319, 106
319, 112
319, 114
319, 116
319, 117
319, 119
319, 121
319, 124
319, 129
319, 130
319, 132
319, 135
319, 136
319, 137
319, 138
319, 139
319, 144
319, 145
319, 146
319, 148
322, 53
322, 139
322, 141
322, 154
322, 169
322, 170
322, 203
322, 218
322, 232
322, 235
322, 236
322, 240
322, 257
322, 265
322, 267
322, 270
322, 276
322, 278
322, 279
322, 281
322, 290
322, 337
322, 341
324, 53
324, 98
324, 112
324, 114
324, 117
324, 119
324, 121
324, 124
324, 129
324, 130
324, 132
324, 135
324, 136
324, 137
324, 138
324, 139
324, 141
324, 144
324, 145
324, 146
324, 148
324, 149
324, 152
325, 98
325, 114
325, 119
325, 124
325, 130
325, 132
325, 135
325, 136
325, 139
325, 144
325, 145
325, 146
325, 148
325, 149
325, 152
325, 158
325, 159
325, 161
325, 162
325, 163
325, 167
325, 171
325, 173
326, 98
326, 114
326, 121
326, 124
326, 130
326, 132
326, 135
326, 136
326, 139
326, 144
326, 145
326, 146
326, 148
326, 149
326, 152
326, 158
326, 159
326, 160
326, 161
326, 162
326, 163
326, 167
326, 171
327, 43
327, 106
327, 112
327, 114
327, 116
327, 117
327, 121
327, 124
327, 129
327, 130
327, 132
327, 135
327, 137
327, 138
327, 139
327, 144
327, 145
327, 146
327, 148
327, 149
327, 152
327, 154
327, 155
328, 114
328, 124
328, 129
328, 130
328, 132
328, 135
328, 137
328, 138
328, 139
328, 144
328, 145
328, 146
328, 148
328, 149
328, 152
328, 154
328, 155
328, 158
328, 159
328, 160
328, 161
328, 162
328, 163
329, 117
329, 121
329, 146
329, 158
329, 160
329, 167
329, 171
329, 176
329, 181
329, 200
329, 205
329, 209
329, 220
329, 228
329, 231
329, 234
329, 244
329, 266
329, 271
329, 284
329, 291
329, 296
329, 299
330, 139
330, 141
330, 154
330, 169
330, 170
330, 203
330, 218
330, 232
330, 235
330, 236
330, 240
330, 257
330, 267
330, 270
330, 276
330, 278
330, 279
330, 281
330, 290
330, 337
330, 341
330, 352
330, 377
331, 406
331, 430
331, 438
331, 473
331, 512
334, 114
334, 124
334, 132
334, 139
334, 144
334, 148
334, 149
334, 152
334, 159
334, 161
334, 162
334, 163
334, 167
334, 171
334, 173
334, 174
334, 175
334, 176
334, 177
334, 182
334, 184
334, 187
334, 188
335, 167
335, 171
335, 175
335, 176
335, 200
335, 209
335, 220
335, 233
335, 234
335, 277
335, 287
335, 291
335, 302
335, 305
335, 308
335, 315
335, 321
335, 323
335, 333
335, 340
335, 342
335, 344
335, 373
336, 43
336, 106
336, 112
336, 116
336, 117
336, 121
336, 124
336, 129
336, 132
336, 135
336, 137
336, 138
336, 139
336, 144
336, 146
336, 148
336, 149
336, 152
336, 154
336, 155
336, 158
336, 159
336, 160
338, 12
338, 106
338, 112
338, 189
338, 226
338, 228
338, 236
338, 263
338, 266
338, 283
338, 292
338, 313
338, 343
338, 518
346, 43
346, 106
346, 112
346, 116
346, 117
346, 129
346, 132
346, 135
346, 137
346, 138
346, 139
346, 141
346, 144
346, 146
346, 152
346, 154
346, 155
346, 158
346, 159
346, 160
346, 161
346, 162
346, 163
354, 129
354, 132
354, 135
354, 137
354, 138
354, 139
354, 141
354, 144
354, 146
354, 152
354, 154
354, 155
354, 158
354, 159
354, 160
354, 161
354, 162
354, 163
354, 164
354, 165
354, 167
354, 171
354, 173
358, 12
358, 43
358, 106
358, 112
358, 116
358, 117
358, 158
358, 160
358, 167
358, 171
358, 175
358, 176
358, 181
358, 189
358, 200
358, 205
358, 209
358, 220
358, 226
358, 228
358, 231
358, 233
358, 234
359, 158
359, 160
359, 167
359, 176
359, 181
359, 200
359, 205
359, 209
359, 231
359, 234
359, 244
359, 271
359, 284
359, 291
359, 296
359, 299
359, 302
359, 305
359, 308
359, 315
359, 321
359, 323
359, 332
361, 12
361, 226
361, 236
361, 292
364, 112
364, 116
364, 160
364, 181
364, 189
364, 228
364, 231
364, 244
364, 263
364, 266
364, 271
364, 283
364, 284
364, 339
364, 357
364, 393
364, 409
364, 427
364, 492
364, 505
364, 514
364, 518
364, 538
365, 132
365, 135
365, 137
365, 139
365, 144
365, 152
365, 159
365, 161
365, 162
365, 163
365, 173
365, 174
365, 175
365, 176
365, 177
365, 182
365, 184
365, 187
365, 188
365, 194
365, 196
365, 198
365, 200
369, 200
369, 302
369, 406
369, 426
369, 430
369, 438
369, 473
369, 512
370, 117
370, 144
370, 152
370, 158
370, 159
370, 160
370, 163
370, 173
370, 174
370, 175
370, 176
370, 177
370, 181
370, 182
370, 184
370, 187
370, 189
370, 196
370, 205
370, 206
370, 207
370, 209
370, 214
371, 43
371, 106
371, 112
371, 116
371, 117
371, 129
371, 135
371, 137
371, 138
371, 139
371, 144
371, 154
371, 155
371, 158
371, 159
371, 160
371, 161
371, 162
371, 163
371, 164
371, 165
371, 169
371, 170
375, 43
375, 106
375, 112
375, 116
375, 117
375, 141
375, 144
375, 158
375, 159
375, 160
375, 161
375, 162
375, 163
375, 173
375, 174
375, 175
375, 176
375, 177
375, 181
375, 182
375, 184
375, 187
375, 188
378, 12
380, 43
380, 106
380, 112
380, 116
380, 117
380, 129
380, 135
380, 137
380, 138
380, 144
380, 154
380, 155
380, 158
380, 159
380, 160
380, 161
380, 162
380, 163
380, 164
380, 165
380, 169
380, 170
380, 173
381, 176
381, 205
381, 234
381, 302
381, 305
381, 308
381, 315
381, 323
381, 333
381, 342
381, 344
381, 397
381, 402
381, 406
381, 413
381, 421
381, 426
381, 429
381, 430
381, 438
381, 445
381, 471
381, 473
382, 141
382, 154
382, 155
382, 159
382, 161
382, 162
382, 163
382, 165
382, 169
382, 170
382, 184
382, 187
382, 188
382, 194
382, 196
382, 203
382, 207
382, 208
382, 210
382, 218
382, 222
382, 230
382, 232
386, 43
386, 106
386, 112
386, 116
386, 117
386, 135
386, 137
386, 141
386, 144
386, 160
386, 161
386, 162
386, 163
386, 173
386, 174
386, 175
386, 176
386, 177
386, 181
386, 182
386, 184
386, 187
386, 188
388, 106
388, 112
388, 116
388, 117
388, 129
388, 135
388, 137
388, 138
388, 144
388, 154
388, 155
388, 161
388, 162
388, 163
388, 164
388, 165
388, 169
388, 170
388, 173
388, 174
388, 175
388, 176
388, 177
394, 106
394, 112
394, 116
394, 117
394, 129
394, 135
394, 137
394, 138
394, 144
394, 154
394, 155
394, 161
394, 162
394, 163
394, 164
394, 165
394, 169
394, 170
394, 173
394, 174
394, 175
394, 177
394, 181
396, 234
396, 308
396, 333
396, 397
396, 406
396, 421
396, 430
396, 438
396, 445
396, 471
396, 473
396, 483
396, 512
398, 106
398, 116
398, 129
398, 135
398, 137
398, 138
398, 141
398, 154
398, 155
398, 161
398, 162
398, 163
398, 164
398, 165
398, 169
398, 170
398, 173
398, 174
398, 175
398, 177
398, 181
398, 182
398, 184
399, 106
399, 116
399, 129
399, 137
399, 138
399, 154
399, 155
399, 161
399, 162
399, 163
399, 165
399, 169
399, 173
399, 174
399, 175
399, 177
399, 181
399, 182
399, 184
399, 187
399, 188
399, 189
399, 194
408, 116
408, 129
408, 137
408, 138
408, 154
408, 155
408, 161
408, 162
408, 164
408, 165
408, 170
408, 173
408, 174
408, 175
408, 177
408, 181
408, 182
408, 184
408, 187
408, 188
408, 189
408, 194
408, 196
411, 173
411, 174
411, 175
411, 177
411, 182
411, 184
411, 187
411, 196
411, 206
411, 209
411, 214
411, 216
411, 220
411, 222
411, 225
411, 229
411, 233
411, 234
411, 245
411, 247
411, 250
411, 254
411, 255
414, 173
414, 174
414, 175
414, 177
414, 182
414, 184
414, 196
414, 206
414, 209
414, 214
414, 216
414, 220
414, 225
414, 229
414, 233
414, 245
414, 247
414, 250
414, 255
414, 261
414, 264
414, 277
414, 287
415, 137
415, 138
415, 154
415, 155
415, 161
415, 164
415, 165
415, 174
415, 175
415, 177
415, 181
415, 182
415, 184
415, 187
415, 188
415, 189
415, 194
415, 196
415, 198
415, 201
415, 204
415, 205
415, 206
417, 175
417, 177
417, 209
417, 214
417, 220
417, 233
417, 234
417, 277
417, 287
417, 291
417, 295
417, 302
417, 305
417, 308
417, 321
417, 333
417, 340
417, 373
417, 384
417, 395
417, 397
417, 401
417, 402
418, 205
418, 231
418, 234
418, 244
418, 271
418, 284
418, 296
418, 299
418, 308
418, 315
418, 323
418, 332
418, 333
418, 339
418, 342
418, 344
418, 393
418, 397
418, 406
418, 413
418, 421
418, 427
418, 428
423, 181
423, 205
423, 228
423, 231
423, 234
423, 244
423, 271
423, 284
423, 296
423, 308
423, 333
423, 339
423, 357
423, 367
423, 393
423, 397
423, 406
423, 427
423, 429
423, 438
423, 445
423, 492
423, 514
425, 137
425, 138
425, 154
425, 155
425, 161
425, 164
425, 165
425, 169
425, 170
425, 174
425, 177
425, 181
425, 182
425, 184
425, 187
425, 188
425, 189
425, 194
425, 196
425, 198
425, 201
425, 203
425, 204
432, 174
432, 177
432, 182
432, 184
432, 187
432, 196
432, 204
432, 206
432, 207
432, 209
432, 214
432, 216
432, 220
432, 222
432, 225
432, 229
432, 232
432, 233
432, 245
432, 247
432, 250
432, 254
432, 255
435, 137
435, 138
435, 141
435, 154
435, 155
435, 164
435, 165
435, 169
435, 170
435, 174
435, 182
435, 184
435, 187
435, 188
435, 194
435, 196
435, 198
435, 201
435, 203
435, 204
435, 205
435, 206
435, 207
440, 138
440, 141
440, 155
440, 164
440, 165
440, 169
440, 170
440, 174
440, 181
440, 182
440, 184
440, 187
440, 188
440, 189
440, 194
440, 196
440, 198
440, 201
440, 203
440, 204
440, 205
440, 206
440, 207
441, 218
441, 226
441, 283
441, 292
441, 377
441, 477
443, 181
443, 189
443, 205
443, 228
443, 231
443, 244
443, 263
443, 266
443, 271
443, 284
443, 296
443, 308
443, 315
443, 332
443, 333
443, 339
443, 342
443, 344
443, 357
443, 367
443, 393
443, 397
443, 406
444, 141
444, 165
444, 174
444, 181
444, 182
444, 184
444, 187
444, 188
444, 189
444, 194
444, 196
444, 198
444, 201
444, 204
444, 205
444, 206
444, 207
444, 208
444, 210
444, 214
444, 215
444, 216
444, 218
449, 165
449, 174
449, 182
449, 184
449, 187
449, 188
449, 194
449, 196
449, 198
449, 201
449, 204
449, 206
449, 207
449, 208
449, 210
449, 214
449, 215
449, 216
449, 220
449, 222
449, 225
449, 229
449, 230
450, 174
450, 182
450, 184
450, 187
450, 188
450, 194
450, 196
450, 198
450, 204
450, 206
450, 207
450, 214
450, 215
450, 216
450, 220
450, 222
450, 225
450, 229
450, 230
450, 232
450, 233
450, 243
450, 245
453, 138
453, 141
453, 155
453, 164
453, 165
453, 169
453, 170
453, 174
453, 182
453, 184
453, 187
453, 188
453, 194
453, 196
453, 198
453, 201
453, 203
453, 204
453, 205
453, 206
453, 207
453, 208
453, 210
458, 181
458, 182
458, 184
458, 189
458, 196
458, 206
458, 214
458, 216
458, 220
458, 225
458, 228
458, 229
458, 231
458, 233
458, 244
458, 245
458, 247
458, 250
458, 255
458, 261
458, 263
458, 264
458, 266
460, 141
460, 181
460, 182
460, 184
460, 187
460, 189
460, 196
460, 206
460, 207
460, 214
460, 216
460, 218
460, 220
460, 222
460, 225
460, 226
460, 228
460, 229
460, 231
460, 232
460, 233
460, 235
460, 240
461, 182
461, 187
461, 188
461, 194
461, 196
461, 198
461, 204
461, 206
461, 207
461, 210
461, 214
461, 215
461, 216
461, 220
461, 222
461, 225
461, 229
461, 230
461, 231
461, 232
461, 233
461, 243
461, 244
462, 141
462, 155
462, 164
462, 165
462, 169
462, 170
462, 182
462, 187
462, 188
462, 189
462, 194
462, 196
462, 198
462, 201
462, 203
462, 204
462, 206
462, 207
462, 208
462, 210
462, 214
462, 215
462, 216
463, 141
463, 164
463, 165
463, 169
463, 170
463, 188
463, 189
463, 194
463, 196
463, 198
463, 201
463, 203
463, 204
463, 206
463, 207
463, 208
463, 210
463, 214
463, 215
463, 216
463, 218
463, 220
463, 222
464, 188
464, 194
464, 196
464, 198
464, 204
464, 206
464, 207
464, 210
464, 214
464, 215
464, 216
464, 220
464, 222
464, 225
464, 228
464, 229
464, 230
464, 231
464, 232
464, 233
464, 243
464, 244
464, 245
465, 141
465, 165
465, 169
465, 170
465, 188
465, 194
465, 196
465, 198
465, 201
465, 203
465, 204
465, 206
465, 207
465, 208
465, 210
465, 214
465, 216
465, 218
465, 220
465, 222
465, 229
465, 230
465, 232
469, 141
469, 164
469, 165
469, 169
469, 170
469, 188
469, 194
469, 196
469, 198
469, 201
469, 203
469, 204
469, 206
469, 207
469, 208
469, 210
469, 214
469, 215
469, 216
469, 218
469, 220
469, 222
469, 225
470, 220
470, 233
470, 291
470, 296
470, 302
470, 305
470, 308
470, 315
470, 321
470, 323
470, 332
470, 333
470, 342
470, 344
470, 384
470, 395
470, 397
470, 402
470, 406
470, 412
470, 413
470, 416
470, 419
472, 188
472, 194
472, 198
472, 204
472, 206
472, 207
472, 214
472, 215
472, 216
472, 220
472, 222
472, 225
472, 229
472, 230
472, 231
472, 232
472, 233
472, 243
472, 244
472, 245
472, 247
472, 250
472, 254
474, 228
474, 231
474, 244
474, 271
474, 284
474, 296
474, 299
474, 302
474, 305
474, 308
474, 315
474, 323
474, 332
474, 333
474, 339
474, 342
474, 344
474, 357
474, 367
474, 393
474, 397
474, 402
474, 406
476, 164
476, 165
476, 188
476, 189
476, 194
476, 198
476, 201
476, 204
476, 206
476, 207
476, 208
476, 210
476, 214
476, 215
476, 216
476, 222
476, 225
476, 226
476, 228
476, 229
476, 230
476, 231
476, 232
478, 12
480, 189
480, 226
480, 236
480, 270
480, 283
480, 292
480, 313
480, 343
481, 231
481, 233
481, 287
481, 291
481, 296
481, 302
481, 305
481, 315
481, 321
481, 323
481, 332
481, 333
481, 342
481, 344
481, 373
481, 384
481, 393
481, 395
481, 397
481, 401
481, 402
481, 406
481, 412
484, 164
484, 169
484, 170
484, 189
484, 194
484, 198
484, 201
484, 204
484, 206
484, 207
484, 208
484, 210
484, 214
484, 215
484, 216
484, 222
484, 225
484, 226
484, 228
484, 229
484, 230
484, 231
484, 232
485, 284
485, 296
485, 302
485, 305
485, 315
485, 321
485, 323
485, 332
485, 333
485, 342
485, 344
485, 393
485, 397
485, 402
485, 406
485, 412
485, 413
485, 416
485, 419
485, 421
485, 426
485, 429
485, 430
487, 228
487, 244
487, 271
487, 284
487, 296
487, 315
487, 323
487, 332
487, 333
487, 339
487, 342
487, 344
487, 357
487, 367
487, 393
487, 397
487, 406
487, 413
487, 421
487, 427
487, 428
487, 429
487, 430
488, 194
488, 198
488, 204
488, 206
488, 207
488, 210
488, 215
488, 216
488, 222
488, 225
488, 229
488, 230
488, 232
488, 233
488, 243
488, 245
488, 247
488, 250
488, 254
488, 255
488, 261
488, 264
488, 265
490, 12
490, 164
490, 169
490, 170
490, 189
490, 198
490, 201
490, 203
490, 204
490, 207
490, 208
490, 210
490, 215
490, 216
490, 218
490, 222
490, 225
490, 226
490, 228
490, 229
490, 230
490, 232
490, 233
494, 164
494, 170
494, 189
494, 198
494, 201
494, 204
494, 207
494, 208
494, 210
494, 215
494, 216
494, 222
494, 225
494, 226
494, 228
494, 229
494, 230
494, 232
494, 233
494, 243
494, 244
494, 245
494, 247
497, 12
499, 164
499, 189
499, 198
499, 201
499, 204
499, 208
499, 210
499, 215
499, 216
499, 222
499, 225
499, 226
499, 228
499, 229
499, 230
499, 232
499, 233
499, 243
499, 244
499, 245
499, 247
499, 250
499, 254
500, 216
500, 225
500, 229
500, 247
500, 250
500, 255
500, 261
500, 264
500, 277
500, 287
500, 288
500, 291
500, 295
500, 300
500, 302
500, 305
500, 312
500, 315
500, 318
500, 321
500, 323
500, 333
500, 340
511, 12
524, 164
524, 189
524, 198
524, 201
524, 203
524, 204
524, 208
524, 210
524, 215
524, 218
524, 222
524, 225
524, 228
524, 229
524, 230
524, 232
524, 235
524, 236
524, 240
524, 243
524, 244
524, 245
524, 247
525, 225
525, 229
525, 245
525, 247
525, 250
525, 255
525, 261
525, 264
525, 277
525, 287
525, 288
525, 291
525, 295
525, 300
525, 302
525, 305
525, 307
525, 312
525, 315
525, 318
525, 321
525, 323
525, 333
526, 164
526, 201
526, 203
526, 208
526, 210
526, 215
526, 218
526, 222
526, 225
526, 228
526, 230
526, 232
526, 235
526, 236
526, 240
526, 243
526, 244
526, 245
526, 247
526, 250
526, 254
526, 255
526, 257
527, 261
527, 277
527, 287
527, 288
527, 291
527, 295
527, 300
527, 305
527, 315
527, 318
527, 321
527, 323
527, 340
527, 342
527, 344
527, 348
527, 349
527, 350
527, 351
527, 362
527, 363
527, 373
527, 384
528, 284
528, 291
528, 296
528, 305
528, 315
528, 321
528, 323
528, 332
528, 342
528, 344
528, 393
528, 395
528, 397
528, 402
528, 406
528, 412
528, 413
528, 416
528, 419
528, 421
528, 426
528, 429
528, 430
529, 164
529, 201
529, 203
529, 208
529, 210
529, 215
529, 218
529, 222
529, 225
529, 230
529, 232
529, 235
529, 236
529, 240
529, 243
529, 245
529, 247
529, 250
529, 254
529, 255
529, 257
529, 259
529, 261
531, 228
531, 244
531, 263
531, 266
531, 271
531, 284
531, 291
531, 296
531, 299
531, 305
531, 315
531, 321
531, 323
531, 332
531, 339
531, 342
531, 344
531, 357
531, 367
531, 393
531, 395
531, 397
531, 402
532, 210
532, 215
532, 222
532, 230
532, 232
532, 243
532, 245
532, 247
532, 250
532, 254
532, 255
532, 261
532, 264
532, 265
532, 268
532, 273
532, 274
532, 277
532, 281
532, 285
532, 287
532, 288
532, 289
535, 277
535, 287
535, 291
535, 295
535, 305
535, 321
535, 323
535, 340
535, 342
535, 344
535, 373
535, 384
535, 395
535, 397
535, 401
535, 402
535, 406
535, 412
535, 413
535, 416
535, 419
535, 421
535, 426
537, 203
537, 208
537, 218
537, 232
537, 235
537, 236
537, 240
537, 243
537, 250
537, 257
537, 265
537, 267
537, 270
537, 276
537, 278
537, 279
537, 281
537, 290
537, 307
537, 309
537, 320
537, 337
537, 341
end