160
4
0, 0.3803028028286084, 0.27822081723458614
1, 0.24593793490424887, 0.4554183123392732
2, 0.9168749394054301, 0.8622719139061442
3, 0.771585327298314, 0.4230402623009456
4, 0.29597514879702114, 0.05525390336827518
5, 0.9742940801064577, 0.4335833974722937
6, 0.2855241386642824, 0.9019428351514951
7, 0.4771237061039043, 0.6046814984659439
8, 0.9394157827901216, 0.9801455379984532
9, 0.81714557792291, 0.3598402807745388
10, 0.017738978113090886, 0.4315123524535621
11, 0.010557748105824216, 0.22250859535834389
12, 0.7739049641276885, 0.8345215355754965
13, 0.24354907655005442, 0.45727034029332625
14, 0.8873972233088907, 0.1493982997907195
15, 0.3338369809056666, 0.09541447350054255
16, 0.007630160550800791, 0.8146381604056655
17, 0.6418380235774965, 0.8121806973303797
18, 0.6110422057378313, 0.173802170674197
19, 0.1466453908960903, 0.7021367793056036
20, 0.28676814393369277, 0.00597580450401447
21, 0.8702590777184513, 0.1720620493249685
22, 0.45063099769907045, 0.28004231272707636
23, 0.5178465609729003, 0.7772577471103091
24, 0.9806596046774031, 0.039606766325599896
25, 0.48519430879192704, 0.5687516926348243
26, 0.09500292163443391, 0.880143803134218
27, 0.22578881879263646, 0.6914255715576443
28, 0.08132060767896732, 0.04302547339916385
29, 0.4030411050846513, 0.03902481042163197
30, 0.3314296233893206, 0.0705621894901225
31, 0.07754594805373505, 0.6004774375075121
32, 0.7117237652955756, 0.6102892293983315
33, 0.18613770796757756, 0.5176425424744397
34, 0.2627252187663254, 0.8770872199880723
35, 0.7870266316976894, 0.20291074357801198
36, 0.35442381157213354, 0.8079183497653913
37, 0.2075750680974231, 0.12194407446730215
38, 0.07554650211082337, 0.8065556625458968
39, 0.9088737102128362, 0.1436070575482481
40, 0.9982546659293028, 0.36704608916377157
41, 0.43684496581775, 0.5528535964836545
42, 0.7269479889384698, 0.9983841336046569
43, 0.29169940341410516, 0.3123811213795942
44, 0.3274323542281694, 0.15803828201126946
45, 0.3745022516726516, 0.7708855886495681
46, 0.4959064455466935, 0.32246166531036
47, 0.11110818336567141, 0.611726448944836
48, 0.07756732378847397, 0.32179332873029665
49, 0.7273346066859195, 0.7312669642974088
50, 0.4402528239286436, 0.5357621826863138
51, 0.27895359579681545, 0.8687550449199681
52, 0.32262721206605993, 0.31122030030964287
53, 0.188662374496265, 0.8485356961120725
54, 0.7172944766980378, 0.12877581729591459
55, 0.3370149426252478, 0.2635733794635823
56, 0.9344613255432312, 0.28409013493090396
57, 0.7054679588962256, 0.30555355480870694
58, 0.0644858182776058, 0.08277603200898376
59, 0.5996863057546457, 0.22588445851207295
60, 0.961177121739005, 0.12804983346471743
61, 0.8585064239594423, 0.38084666966467884
62, 0.7181118229434197, 0.0914384189555909
63, 0.22299071270557258, 0.14880383425066568
64, 0.11011986234184268, 0.40050696520456597
65, 0.6128190475850136, 0.48645671999411644
66, 0.9847266863710213, 0.211652436653733
67, 0.07327162175044855, 0.14148998349203712
68, 0.7405640826664734, 0.3777911286189225
69, 0.40418929398107273, 0.7931907176564857
70, 0.3867831562436166, 0.012348990240581892
71, 0.13557152905581982, 0.25317245650515596
72, 0.19437572894095456, 0.798289669942343
73, 0.26396334513265574, 0.7479405644099032
74, 0.8700798742359983, 0.2324716690886821
75, 0.766143618306346, 0.6539448275441923
76, 0.2995936872044057, 0.9655900185439946
77, 0.18719164806209287, 0.14568625662170775
78, 0.015226296615790003, 0.11959131868653505
79, 0.3243766934308854, 0.08952768299254454
80, 0.053998485592108736, 0.8235386520667886
81, 0.6669982048480682, 0.6251869777168271
82, 0.1657016312336166, 0.9647485476778449
83, 0.17436609922155133, 0.46318651304573666
84, 0.09208896662023669, 0.9865257027144613
85, 0.4784680811522707, 0.20504559409722267
86, 0.23087928910255484, 0.33285533991625305
87, 0.4720707501059265, 0.9479628487523107
88, 0.27372734390446873, 0.7705605391755855
89, 0.13116866068149213, 0.14829814059793667
90, 0.20576575644420503, 0.3132474462836615
91, 0.5043788395333302, 0.9392862579515078
92, 0.18850764847143486, 0.2792652454162221
93, 0.647144339917294, 0.25063842909532297
94, 0.8152378541126196, 0.8281598449873556
95, 0.732821114250275, 0.4294639346643587
96, 0.8505662803418269, 0.009293400347027525
97, 0.5718822153236278, 0.4534110495342968
98, 0.49462778299354404, 0.18786040728779674
99, 0.9699999113607927, 0.7517390283135703
100, 0.540690165981831, 0.5712025437179995
101, 0.6898488503139389, 0.7984909682587604
102, 0.5688455688020634, 0.41261188087910816
103, 0.3591798920771955, 0.1776973189802552
104, 0.5120729397727756, 0.453207720089858
105, 0.572244723740148, 0.6307500130384067
106, 0.7056395290653474, 0.41807670518929874
107, 0.2226356198641204, 0.40278511103276304
108, 0.24242949464282815, 0.9946241022903239
109, 0.39279692271130007, 0.9230802684998715
110, 0.16427414214558778, 0.5251528020593231
111, 0.455739096324257, 0.275062739851762
112, 0.28761757385855136, 0.3992520137862656
113, 0.701004313229576, 0.3549552913791336
114, 0.03806752873377561, 0.7918475719812839
115, 0.41793214211071184, 0.18807751025973685
116, 0.19856280642348523, 0.33300186073977434
117, 0.6139524889346742, 0.3281618358813646
118, 0.6112500919545697, 0.9220693989919244
119, 0.45485327051622526, 0.9059404540207189
120, 0.36550096944362176, 0.19400142293722322
121, 0.039255577074362336, 0.18839942857988978
122, 0.11361065232425116, 0.1381292456533787
123, 0.07563252656351227, 0.791546231959767
124, 0.3724393343133042, 0.29673837333705233
125, 0.14748478974790624, 0.37402734462598597
126, 0.6700667440028993, 0.8504868645366755
127, 0.9292660746047844, 0.25322348546187445
128, 0.6323145830603941, 0.9535232121686289
129, 0.6875372631750215, 0.536154752949093
130, 0.004206829365893672, 0.7245410153144592
131, 0.15220665788473975, 0.827512929580556
132, 0.35429189906489744, 0.13276642422904827
133, 0.14050506327495504, 0.21386789392973216
134, 0.7671969564450555, 0.078012295271497
135, 0.6427158175476527, 0.37439195282568294
136, 0.1681970527111034, 0.9549642815523872
137, 0.31373433452076804, 0.32404507090063894
138, 0.9138152847754224, 0.7798630478538087
139, 0.3512556423944765, 0.7161430665954159
140, 0.5932967624698472, 0.8214165721467137
141, 0.05035208844256023, 0.950164798371587
142, 0.04896938722278932, 0.6173713816721106
143, 0.9142000941202362, 0.44925914554573465
144, 0.1279918313363424, 0.12544716513378207
145, 0.6692947723472235, 0.5609626516067191
146, 0.09126081844763945, 0.05928481522557927
147, 0.38924784701128934, 0.9050041236217068
148, 0.8697836086782497, 0.9882832741660018
149, 0.8092988966087318, 0.6605045718823765
150, 0.17461248855073652, 0.38949217115144863
151, 0.09104127090953762, 0.8714649030741252
152, 0.7529764264447831, 0.3814289958291667
153, 0.319204953144797, 0.823102429928078
154, 0.09422660251397008, 0.742521518578063
155, 0.29226316339866, 0.8389800777461186
156, 0.49749925479782764, 0.4754748035757519
157, 0.3662220198207615, 0.015283582179119515
158, 0.617403675745706, 0.33332176596802676
159, 0.85791056812422, 0.7251240672595606
end_nodes
0, 1
0, 2
0, 3
0, 4
0, 5
0, 6
0, 7
0, 8
0, 9
0, 10
0, 11
0, 12
13, 16
13, 18
13, 19
13, 26
13, 31
13, 33
13, 38
13, 42
13, 47
13, 53
13, 54
13, 62
14, 10
14, 11
14, 39
14, 48
14, 60
14, 64
14, 83
14, 125
14, 150
15, 1
15, 3
15, 5
15, 6
15, 7
15, 9
15, 16
15, 19
15, 23
15, 25
15, 26
15, 27
17, 4
17, 20
17, 42
21, 11
21, 48
22, 1
22, 2
22, 3
22, 5
22, 6
22, 7
22, 8
22, 9
22, 10
22, 11
22, 16
22, 19
24, 10
24, 64
24, 83
24, 125
24, 150
28, 2
28, 3
28, 5
28, 8
28, 9
28, 12
28, 32
28, 42
28, 46
28, 49
28, 61
28, 65
29, 1
29, 6
29, 7
29, 16
29, 19
29, 23
29, 25
29, 26
29, 27
29, 31
29, 33
29, 34
30, 1
30, 6
30, 7
30, 16
30, 19
30, 23
30, 25
30, 26
30, 27
30, 31
30, 33
30, 34
35, 11
35, 48
37, 2
37, 3
37, 5
37, 8
37, 9
37, 12
37, 32
37, 42
37, 46
37, 49
37, 61
37, 65
40, 11
40, 48
41, 8
41, 12
41, 42
41, 69
41, 87
41, 91
41, 101
41, 109
41, 119
41, 126
41, 147
41, 148
43, 1
43, 2
43, 8
43, 12
43, 16
43, 19
43, 26
43, 27
43, 31
43, 32
43, 33
43, 34
44, 1
44, 2
44, 3
44, 5
44, 6
44, 8
44, 9
44, 12
44, 16
44, 19
44, 26
44, 27
50, 8
50, 12
50, 42
50, 69
50, 87
50, 91
50, 94
50, 101
50, 109
50, 119
50, 126
50, 147
51, 108
52, 1
52, 2
52, 6
52, 8
52, 10
52, 12
52, 16
52, 19
52, 26
52, 27
52, 31
52, 32
55, 1
55, 2
55, 3
55, 5
55, 6
55, 8
55, 9
55, 11
55, 12
55, 16
55, 19
55, 26
56, 11
56, 48
57, 5
57, 9
57, 11
57, 48
57, 61
58, 2
58, 3
58, 5
58, 8
58, 9
58, 12
58, 32
58, 42
58, 46
58, 49
58, 61
58, 65
59, 5
59, 10
59, 11
59, 23
59, 39
59, 48
59, 60
59, 64
59, 83
59, 87
59, 91
59, 118
63, 2
63, 3
63, 5
63, 8
63, 9
63, 12
63, 32
63, 42
63, 46
63, 49
63, 61
63, 65
66, 11
66, 48
67, 2
67, 3
67, 5
67, 9
67, 12
67, 32
67, 42
67, 46
67, 49
67, 61
67, 65
67, 68
70, 1
70, 6
70, 7
70, 16
70, 19
70, 23
70, 25
70, 26
70, 27
70, 31
70, 33
70, 34
71, 2
71, 3
71, 32
71, 42
71, 49
71, 65
71, 75
71, 81
71, 94
71, 95
71, 97
71, 99
72, 82
72, 136
73, 82
73, 108
73, 136
74, 11
74, 48
77, 3
77, 9
77, 32
77, 42
77, 46
77, 49
77, 61
77, 65
77, 68
77, 75
77, 81
77, 94
78, 32
78, 42
78, 46
78, 49
78, 61
78, 65
78, 68
78, 75
78, 81
78, 94
78, 95
78, 97
79, 1
79, 6
79, 7
79, 16
79, 19
79, 23
79, 25
79, 26
79, 27
79, 31
79, 33
79, 34
85, 1
85, 6
85, 7
85, 16
85, 19
85, 23
85, 25
85, 26
85, 31
85, 33
85, 34
85, 36
86, 26
86, 31
86, 32
86, 33
86, 38
86, 39
86, 47
86, 49
86, 60
86, 75
86, 80
86, 81
88, 34
88, 108
89, 32
89, 46
89, 49
89, 61
89, 65
89, 68
89, 75
89, 81
89, 94
89, 95
89, 97
89, 99
90, 31
90, 39
90, 48
90, 49
90, 60
90, 75
90, 81
90, 94
90, 99
90, 100
90, 101
90, 105
92, 49
92, 65
92, 75
92, 81
92, 94
92, 97
92, 99
92, 100
92, 101
92, 102
92, 104
92, 105
93, 48
93, 83
98, 6
98, 7
98, 23
98, 25
98, 31
98, 33
98, 34
98, 36
98, 38
98, 45
98, 47
98, 53
103, 7
103, 20
103, 23
103, 25
103, 27
103, 31
103, 33
103, 34
103, 36
103, 38
103, 45
103, 46
107, 33
107, 38
107, 47
107, 80
107, 84
107, 110
107, 114
107, 123
107, 126
107, 130
107, 141
107, 142
111, 7
111, 10
111, 23
111, 25
111, 33
111, 34
111, 36
111, 38
111, 39
111, 45
111, 46
111, 47
112, 18
112, 27
112, 34
112, 38
112, 47
112, 53
112, 54
112, 62
112, 80
112, 82
112, 83
112, 84
113, 68
113, 143
113, 152
115, 7
115, 23
115, 25
115, 34
115, 36
115, 38
115, 45
115, 47
115, 53
115, 61
115, 68
115, 69
116, 39
116, 60
116, 81
116, 94
116, 100
116, 101
116, 105
116, 126
116, 130
116, 138
116, 142
116, 148
117, 48
117, 61
117, 68
117, 95
117, 128
117, 143
117, 152
120, 20
120, 23
120, 25
120, 27
120, 36
120, 38
120, 45
120, 46
120, 47
120, 53
120, 61
120, 65
121, 46
121, 65
121, 68
121, 75
121, 81
121, 94
121, 95
121, 97
121, 99
121, 100
121, 101
121, 102
122, 68
122, 75
122, 81
122, 94
122, 95
122, 97
122, 99
122, 100
122, 101
122, 102
122, 104
122, 105
124, 10
124, 36
124, 38
124, 39
124, 45
124, 47
124, 53
124, 60
124, 64
124, 68
124, 69
124, 75
132, 25
132, 27
132, 36
132, 38
132, 45
132, 47
132, 53
132, 68
132, 69
132, 75
132, 76
132, 80
133, 68
133, 75
133, 81
133, 94
133, 95
133, 97
133, 99
133, 100
133, 101
133, 102
133, 104
133, 105
137, 10
137, 38
137, 47
137, 53
137, 64
137, 76
137, 80
137, 81
137, 82
137, 84
137, 94
137, 97
139, 36
139, 76
139, 153
140, 4
140, 20
140, 128
144, 95
144, 97
144, 99
144, 100
144, 101
144, 102
144, 104
144, 105
144, 106
144, 126
144, 129
144, 135
146, 95
146, 97
146, 99
146, 100
146, 101
146, 102
146, 104
146, 105
146, 106
146, 126
146, 129
146, 135
155, 108
156, 91
156, 99
156, 101
156, 105
156, 118
156, 128
156, 138
156, 148
156, 149
156, 159
157, 36
157, 45
157, 47
157, 53
157, 69
157, 76
157, 80
157, 82
157, 84
157, 87
157, 91
157, 108
158, 95
158, 143
158, 152
end