300
4
0, 0.5947648274191376, 0.12932663744306605
1, 0.38722666722521826, 0.9477020385342579
2, 0.5390189985207109, 0.6682826861925331
3, 0.00873729062425932, 0.029288995451545285
4, 0.4803146453199486, 0.3402054109235322
5, 0.6686819401395762, 0.7841393413281144
6, 0.3409570190918879, 0.8801107466591009
7, 0.5112688946310635, 0.3437189268675951
8, 0.10830279432510881, 0.6326076426428964
9, 0.43992617861212435, 0.6504324047857073
10, 0.6061947604859547, 0.08627099900041646
11, 0.9473080669119585, 0.2629742179824066
12, 0.5372729127404904, 0.00529131270967742
13, 0.1385303373099913, 0.4714935183762311
14, 0.2637693077673918, 0.3944034022252907
15, 0.6843197052425343, 0.49842022959632903
16, 0.15333566488526618, 0.8693131936017671
17, 0.2116161939234532, 0.6436590674828673
18, 0.2926045490479334, 0.4740717488680398
19, 0.9848775412818337, 0.7669397293290681
20, 0.05725847484015889, 0.9844929521761312
21, 0.7940567178503064, 0.5566373475924208
22, 0.4732233573833168, 0.9314279350406348
23, 0.9288905880930424, 0.5743798926788374
24, 0.23619481589284264, 0.06211566508313815
25, 0.2789800171393918, 0.8605272280241545
26, 0.8166073933410373, 0.14467234564159437
27, 0.7016781791345136, 0.8505164013718864
28, 0.8289401099547181, 0.3710749654259883
29, 0.23512802845826897, 0.5760788437076457
30, 0.8240737626793125, 0.3774828817851468
31, 0.19824085204766473, 0.6897807546333787
32, 0.3294983098372638, 0.8146257352195511
33, 0.15461438212389023, 0.0026356899331104744
34, 0.5786897945403209, 0.9051428267205109
35, 0.1629104362664323, 0.13559908568484547
36, 0.08195312577653646, 0.5917394745567881
37, 0.9087894854093022, 0.37939152989652536
38, 0.5106828671170287, 0.7755072329206446
39, 0.585483546743224, 0.8787795535999138
40, 0.6646033111039703, 0.4535769770228313
41, 0.7257522284484491, 0.7451085430316852
42, 0.09367761229628246, 0.8685218418696885
43, 0.5591446020208852, 0.8102728182703544
44, 0.3296065259717913, 0.26347577590158644
45, 0.8980033888257454, 0.8686609695663301
46, 0.9698262763572882, 0.1105206787893227
47, 0.8844263004108006, 0.5398421657024804
48, 0.5039108546752155, 0.36795400177524196
49, 0.9739739039172497, 0.4664256249541432
50, 0.0655220006810191, 0.09975642077954083
51, 0.82770370056304, 0.6725644987201677
52, 0.144338951322305, 0.714264421574372
53, 0.9425339479889785, 0.6224603928476502
54, 0.24468676412764367, 0.6343683619833806
55, 0.1877931906207989, 0.24765245614567033
56, 0.08174551517456907, 0.6698616702619158
57, 0.9932272596348891, 0.5806485682272124
58, 0.41926942487024643, 0.9172155480231791
59, 0.3035008672250028, 0.3717066729677929
60, 0.14083721515334113, 0.7872507364244492
61, 0.5096023460137957, 0.35851720700696443
62, 0.4509720201727926, 0.5697646720259556
63, 0.42228289625166304, 0.09469694938833018
64, 0.00021903849040272316, 0.18784148547279023
65, 0.10210965196079735, 0.0011581490750013357
66, 0.03339621933034964, 0.3397556231500244
67, 0.9372051199269221, 0.6787367575628097
68, 0.42531903113370506, 0.8990870770868858
69, 0.7423801426845287, 0.06935443441521516
70, 0.8901607171320061, 0.009273808990219234
71, 0.26695736258570446, 0.9533330744886046
72, 0.9290355362889007, 0.7682933553700769
73, 0.5369839443345964, 0.8503855703783088
74, 0.8602103095313566, 0.24818589299576277
75, 0.09645510797170675, 0.9460538423594522
76, 0.6693191473140714, 0.024730400569497935
77, 0.6093768612225939, 0.09160209848621326
78, 0.8262675093888429, 0.5549131104356746
79, 0.23084069234608795, 0.24447440270716614
80, 0.7181032876484411, 0.31775709022065846
81, 0.9733587700762177, 0.1547286951418615
82, 0.34031619525643053, 0.0971915622609335
83, 0.06949372833925238, 0.9298217986375125
84, 0.7948899283901364, 0.5883738071215411
85, 0.6461001714577322, 0.3484362510955312
86, 0.7842279045076128, 0.42384733413847464
87, 0.8699621594968767, 0.5880114300759924
88, 0.5454794369223925, 0.2700227006886642
89, 0.4023540689922449, 0.24933840754721237
90, 0.7601096049609092, 0.24466243282557265
91, 0.8761319225090901, 0.9138749116115472
92, 0.3543542884840236, 0.9846960245144606
93, 0.4666923350422544, 0.7771495284574693
94, 0.3902062183156457, 0.7547787871357943
95, 0.5930815398192114, 0.03361927504542961
96, 0.04110242380110585, 0.09078953379855859
97, 0.48117536220389545, 0.8121839888663946
98, 0.22368861073087065, 0.166582865348885
99, 0.9239677465103893, 0.7158857823145863
100, 0.7488945803649165, 0.5485616411750991
101, 0.5935358124140535, 0.3166168171268703
102, 0.3081610304901069, 0.27552268238260325
103, 0.4697484548918347, 0.5169040678848392
104, 0.24639601035399916, 0.37494315533993516
105, 0.0014201183515059057, 0.3857168589553156
106, 0.8992530280622554, 0.7830766938960992
107, 0.3095808965515041, 0.615958282282207
108, 0.962757502338379, 0.438654939254686
109, 0.9420924702304669, 0.17298526422102034
110, 0.18801270090343036, 0.8573668038263862
111, 0.17763997228288064, 0.6565394333514591
112, 0.9498352722496062, 0.23561267124956886
113, 0.3997134106856056, 0.9685961620245537
114, 0.11687879633585119, 0.10918344931135116
115, 0.5938882644181566, 0.215325387219084
116, 0.5543137254350696, 0.16535867265068527
117, 0.3991465236121011, 0.7967861168591882
118, 0.7157938368907124, 0.005121382053499879
119, 0.4352954621965883, 0.049787165876066686
120, 0.22401017899932274, 0.9057743380714738
121, 0.9968925048025883, 0.3300686861740054
122, 0.6422750543389582, 0.3130295547790434
123, 0.07372657373701674, 0.44045353623583117
124, 0.2665073602744584, 0.014950540212993135
125, 0.7788456025846789, 0.8733469900826516
126, 0.5357490349864401, 0.8964212816931465
127, 0.39059658641619555, 0.651905076196708
128, 0.8253973416453354, 0.4564226064418012
129, 0.3009024670074062, 0.2885810643391711
130, 0.8738002805050125, 0.06651971918631505
131, 0.8540345317730998, 0.8235153963333135
132, 0.4735943983605111, 0.8710906072923311
133, 0.020867001518100947, 0.36572175454466116
134, 0.9719155755442415, 0.996846095195074
135, 0.597542549250986, 0.7099483408619155
136, 0.788273217131935, 0.7346203665881099
137, 0.5324635649779098, 0.5378221147841239
138, 0.7393560882066369, 0.6776590917193531
139, 0.25157322097805157, 0.3858406425787566
140, 0.4655972876432044, 0.5869596278737487
141, 0.3277850438919354, 0.7134005259520678
142, 0.8159225819802369, 0.7992984132239874
143, 0.048598120247247634, 0.535863918386623
144, 0.15653320620489353, 0.6564193394513099
145, 0.8916297401520623, 0.863716983135686
146, 0.9339478411865983, 0.3314133938508519
147, 0.6150801993386412, 0.026801344412836436
148, 0.6753445342386087, 0.6590581984232164
149, 0.07519089447598304, 0.11635506892012226
150, 0.6949998542444783, 0.05838088576071687
151, 0.027423015691541486, 0.12149770527779313
152, 0.12415095740832094, 0.9967592725985602
153, 0.48759158853566154, 0.8663884530566595
154, 0.9678069915546984, 0.35390791466141014
155, 0.9892958695831605, 0.5294170976118494
156, 0.23298800962382915, 0.6123787189664684
157, 0.7847315831035477, 0.43109345468421967
158, 0.5608999726099887, 0.3602260745879423
159, 0.8126147951370708, 0.38048064377808644
160, 0.9793491989967307, 0.5172997739066256
161, 0.47743210960931604, 0.5882708454481291
162, 0.9009129321532273, 0.9497921747447422
163, 0.5178700052970415, 0.7105727642127891
164, 0.48405092585648024, 0.2915075317595208
165, 0.7841148577686489, 0.8357512473882909
166, 0.8873281340434015, 0.9863057061873147
167, 0.11266487065436404, 0.5000482755415513
168, 0.2788333653975178, 0.56825542852349
169, 0.9100801906059927, 0.35848574098093344
170, 0.36459451216015126, 0.7222281698425557
171, 0.3120221363624739, 0.3345276799633736
172, 0.5434273468478282, 0.7781226901905747
173, 0.7105445838761488, 0.8120734485945734
174, 0.06794361597402099, 0.2817838704755532
175, 0.2197958566285233, 0.5053075012677192
176, 0.8651111985441705, 0.5556512096456316
177, 0.7389503699246072, 0.8856161406987313
178, 0.6733491569719345, 0.9921317886903007
179, 0.42487279141121825, 0.9455585388785955
180, 0.8238425008472358, 0.26719214000749947
181, 0.34084096401170083, 0.5626717083524745
182, 0.025379613393294753, 0.9445734044077656
183, 0.5795786641100562, 0.6944929168727539
184, 0.5951015959496367, 0.6966011844467317
185, 0.5743123386748213, 0.02405220831630317
186, 0.750951265477464, 0.8053323794620197
187, 0.8413244210079077, 0.0591632485474628
188, 0.9691609692874923, 0.6928238914049849
189, 0.5994732556632892, 0.9764777621798896
190, 0.16006195613661145, 0.696520720124688
191, 0.012516860949933206, 0.6298191690201709
192, 0.6870170715712516, 0.6405617034703115
193, 0.85584838793176, 0.946915287277122
194, 0.1220614337763758, 0.7594003749055009
195, 0.8693081122450931, 0.4698558803742199
196, 0.9153572238439881, 0.4457229163242159
197, 0.8993017267216593, 0.3239588266404696
198, 0.22688700274835072, 0.1846595863074454
199, 0.8272818442132531, 0.7250342280889949
200, 0.7447899182496664, 0.7560832670712692
201, 0.932424824488645, 0.5376782648954195
202, 0.7032368738855339, 0.6105819577703351
203, 0.21665415283028144, 0.3744230150391028
204, 0.5103371447654158, 0.07985440252191867
205, 0.8830253808720522, 0.9698969262820596
206, 0.6411926302141693, 0.14482674208079938
207, 0.3100238034618015, 0.3922885693105449
208, 0.9864022592594287, 0.7159640237368654
209, 0.15028221440581824, 0.30947893438685736
210, 0.29866757237130104, 0.6093238388629415
211, 0.28207367431307084, 0.7040540830843649
212, 0.17822514907850473, 0.9638759649072568
213, 0.8708390904869253, 0.3183932139166663
214, 0.10773755270918006, 0.21034815547272634
215, 0.55376549336723, 0.45482208731801477
216, 0.8455038507618279, 0.4242366872296971
217, 0.9426463609985579, 0.9848087564890468
218, 0.7144901447931172, 0.07292585325368905
219, 0.9624497525774994, 0.9462488159389171
220, 0.6926382122526984, 0.9918177537213871
221, 0.7950818998073161, 0.0059624124535204714
222, 0.5916337090644634, 0.7988244382410001
223, 0.9100905530935408, 0.5119309034866534
224, 0.23431341936657823, 0.4212475283781755
225, 0.7244573926292001, 0.6062025486354299
226, 0.6798611384965013, 0.029183458237703075
227, 0.3160572872568106, 0.4837143990862546
228, 0.24627939030265877, 0.06989947354025927
229, 0.6763612102442186, 0.6809135823871221
230, 0.1880092183142733, 0.5346657612231659
231, 0.5984797712170781, 0.5211922325439466
232, 0.2530363871106204, 0.147100572559704
233, 0.6664009513962003, 0.3183989498823043
234, 0.33138330711426744, 0.7307758235695663
235, 0.5191030745414152, 0.12001724589451646
236, 0.13324014224929293, 0.8710593664208711
237, 0.4361713961765272, 0.2604843420371449
238, 0.3143446449538545, 0.7302053744158342
239, 0.6568227908602483, 0.7257144631575454
240, 0.42285615221406114, 0.850820461975155
241, 0.051053627797521095, 0.3005830032359831
242, 0.6140320173624946, 0.2663316586688804
243, 0.9204242212377004, 0.6864569377990394
244, 0.5623600569884178, 0.7020869860527214
245, 0.21292604150107475, 0.9741821718896758
246, 0.9758235240330118, 0.36332365384952214
247, 0.7813174185645249, 0.13282244594280224
248, 0.762300102370352, 0.008783896962947124
249, 0.7567088941581532, 0.09038256966547065
250, 0.014668576878139494, 0.6585516380119413
251, 0.8683586460568953, 0.0360385401950053
252, 0.44840523891578954, 0.38073202607073264
253, 0.5750041053578072, 0.643430527820288
254, 0.26139690867995924, 0.6986722155432586
255, 0.6249532230513432, 0.31763988558870937
256, 0.11709741046874311, 0.06373095213928981
257, 0.7116395729843129, 0.5334940877978656
258, 0.9440682984726217, 0.6059892375901227
259, 0.15300798533281368, 0.9405802255105985
260, 0.6796452084898478, 0.01089495338141333
261, 0.5358133501808836, 0.9477337190390708
262, 0.3919930023593108, 0.5316720127580506
263, 0.8625984653282222, 0.8858576070543073
264, 0.9559090181592046, 0.9474881981739801
265, 0.968729094669715, 0.6158334963527881
266, 0.9574100783176023, 0.3919820825754011
267, 0.8128016899930343, 0.03838126708119105
268, 0.9761134258052631, 0.20864932444583573
269, 0.5431790923749586, 0.6545566365913548
270, 0.36933558039440517, 0.30810997197640166
271, 0.34128173977319853, 0.38304555710814037
272, 0.9305481407603062, 0.11417500050490359
273, 0.07775857560509236, 0.2583041250049589
274, 0.9831136819162182, 0.9603552152967978
275, 0.012184194291247508, 0.16035780224601548
276, 0.052662025976353166, 0.968674440172461
277, 0.8077719320926356, 0.37058428881474503
278, 0.2040039910496615, 0.6003036481188845
279, 0.3409044437053159, 0.6152139042229152
280, 0.05078625930016245, 0.5807765161318348
281, 0.08823560838979483, 0.0830247215787766
282, 0.8806511916593645, 0.8650348463000013
283, 0.4941060161789046, 0.6620233125262538
284, 0.43950501374738704, 0.831598424398202
285, 0.15165074857779892, 0.24986891142953715
286, 0.3175772222447535, 0.8233414124320272
287, 0.1187966260865273, 0.9505840355075286
288, 0.5992239117708694, 0.5896361412817974
289, 0.16387993185221095, 0.014965682436210437
290, 0.8422954195246316, 0.444417150226983
291, 0.9461559289525099, 0.5456962780888287
292, 0.14109781964461787, 0.7786954678550503
293, 0.4292369926896191, 0.5647508185132071
294, 0.5026091726538003, 0.38524884972213347
295, 0.14439373337850536, 0.03812439733511208
296, 0.9435280577150204, 0.5920761857542416
297, 0.2831402331732191, 0.9060405418259132
298, 0.9273608823076497, 0.7456393907774154
299, 0.7465911616021169, 0.5437953365706016
end_nodes
0, 1
0, 2
0, 3
0, 4
0, 5
0, 6
0, 7
0, 8
0, 9
0, 10
0, 11
0, 12
0, 13
0, 14
0, 15
0, 16
0, 17
18, 8
18, 56
18, 226
19, 12
19, 119
19, 204
20, 76
20, 260
21, 12
21, 67
21, 119
21, 134
21, 188
21, 204
21, 208
21, 219
21, 243
21, 264
22, 147
23, 265
24, 3
24, 11
24, 26
24, 28
24, 30
24, 37
24, 46
24, 49
24, 53
24, 57
24, 67
24, 70
24, 74
24, 78
24, 80
24, 81
24, 86
29, 226
31, 76
31, 260
32, 77
33, 11
33, 28
33, 30
33, 37
33, 49
33, 53
33, 57
33, 67
33, 74
33, 78
33, 80
33, 86
33, 87
33, 90
33, 108
33, 112
33, 121
34, 95
35, 26
35, 46
35, 67
35, 70
35, 81
35, 99
35, 130
35, 187
35, 188
35, 208
35, 243
35, 247
35, 249
35, 251
35, 267
35, 272
38, 147
39, 95
40, 41
40, 67
40, 125
40, 177
40, 186
40, 188
40, 200
40, 202
40, 208
40, 243
42, 76
42, 260
43, 95
44, 26
44, 46
44, 70
44, 81
44, 99
44, 102
44, 130
44, 187
44, 247
44, 249
44, 251
44, 267
44, 272
45, 217
47, 265
47, 296
48, 25
48, 71
48, 77
48, 127
48, 170
48, 234
48, 245
48, 286
48, 293
48, 297
50, 26
50, 46
50, 70
50, 81
50, 130
50, 187
50, 247
50, 249
50, 251
50, 267
50, 272
51, 119
51, 204
52, 226
54, 76
54, 260
55, 26
55, 46
55, 70
55, 81
55, 130
55, 187
55, 247
55, 249
55, 251
55, 267
55, 272
58, 147
59, 167
59, 191
59, 224
59, 280
60, 76
60, 260
61, 25
61, 71
61, 127
61, 170
61, 286
61, 297
62, 94
63, 3
63, 11
63, 26
63, 28
63, 30
63, 37
63, 46
63, 49
63, 53
63, 57
63, 67
63, 70
63, 74
63, 78
63, 80
63, 81
63, 86
64, 26
64, 46
64, 70
64, 81
64, 130
64, 187
64, 247
64, 249
64, 251
64, 267
64, 272
65, 11
65, 28
65, 30
65, 37
65, 49
65, 53
65, 57
65, 67
65, 74
65, 78
65, 80
65, 86
65, 87
65, 90
65, 108
65, 112
65, 121
66, 26
66, 46
66, 70
66, 81
66, 130
66, 187
66, 247
66, 249
66, 251
66, 267
66, 272
68, 147
69, 8
69, 13
69, 14
69, 36
69, 56
69, 70
69, 102
69, 104
69, 123
69, 129
69, 139
69, 143
69, 167
69, 171
69, 175
69, 191
69, 203
72, 12
72, 119
72, 204
73, 95
75, 76
75, 260
79, 26
79, 46
79, 70
79, 81
79, 130
79, 187
79, 247
79, 249
79, 251
79, 267
79, 272
82, 3
82, 11
82, 26
82, 28
82, 30
82, 37
82, 46
82, 49
82, 53
82, 57
82, 67
82, 70
82, 74
82, 78
82, 80
82, 81
82, 86
83, 76
83, 260
84, 119
84, 134
84, 204
85, 15
85, 41
85, 53
85, 57
85, 67
85, 78
85, 86
85, 87
85, 119
85, 125
85, 128
85, 138
85, 155
85, 160
85, 165
85, 176
85, 177
88, 6
88, 7
88, 25
88, 49
88, 53
88, 57
88, 67
88, 71
88, 78
88, 86
88, 87
88, 127
88, 128
88, 141
88, 155
88, 160
88, 170
89, 26
89, 46
89, 53
89, 57
89, 67
89, 78
89, 81
89, 87
89, 123
89, 176
89, 188
89, 203
89, 208
89, 243
89, 258
89, 265
89, 272
92, 10
93, 147
96, 26
96, 46
96, 70
96, 81
96, 130
96, 187
96, 247
96, 249
96, 251
96, 267
96, 272
97, 147
98, 26
98, 46
98, 67
98, 70
98, 78
98, 81
98, 87
98, 99
98, 130
98, 187
98, 188
98, 208
98, 243
98, 247
98, 249
98, 251
98, 267
100, 91
100, 119
100, 131
100, 162
100, 166
100, 205
100, 263
101, 5
101, 53
101, 57
101, 67
101, 78
101, 86
101, 87
101, 95
101, 119
101, 128
101, 135
101, 155
101, 160
101, 176
101, 178
101, 184
101, 188
105, 26
105, 46
105, 70
105, 81
105, 130
105, 187
105, 247
105, 249
105, 251
105, 267
105, 272
106, 12
106, 119
106, 204
107, 254
109, 3
111, 226
113, 147
114, 26
114, 46
114, 70
114, 81
114, 99
114, 130
114, 187
114, 247
114, 249
114, 251
114, 267
114, 272
115, 5
115, 8
115, 27
115, 28
115, 30
115, 37
115, 41
115, 49
115, 56
115, 57
115, 80
115, 81
115, 108
115, 128
115, 135
115, 146
115, 148
116, 8
116, 13
116, 14
116, 26
116, 28
116, 30
116, 36
116, 37
116, 46
116, 49
116, 56
116, 57
116, 74
116, 80
116, 81
116, 90
116, 104
117, 10
118, 8
118, 13
118, 14
118, 36
118, 56
118, 102
118, 104
118, 123
118, 129
118, 139
118, 143
118, 167
118, 171
118, 175
118, 191
118, 203
118, 207
122, 15
122, 41
122, 49
122, 53
122, 57
122, 67
122, 86
122, 87
122, 125
122, 128
122, 138
122, 155
122, 160
122, 165
122, 176
122, 186
122, 188
124, 11
124, 28
124, 30
124, 37
124, 49
124, 53
124, 57
124, 67
124, 74
124, 78
124, 80
124, 86
124, 87
124, 90
124, 108
124, 112
124, 121
126, 95
132, 147
133, 26
133, 46
133, 70
133, 130
133, 187
133, 247
133, 249
133, 251
133, 267
133, 272
136, 193
137, 147
140, 10
144, 226
149, 70
149, 130
149, 187
149, 247
149, 249
149, 251
149, 267
149, 272
150, 8
150, 13
150, 14
150, 36
150, 56
150, 102
150, 104
150, 123
150, 129
150, 139
150, 143
150, 167
150, 171
150, 175
150, 191
150, 203
150, 207
151, 130
151, 187
151, 247
151, 249
151, 251
151, 267
151, 272
153, 147
156, 194
156, 226
157, 57
157, 128
157, 201
157, 223
157, 265
157, 291
157, 296
158, 53
158, 67
158, 78
158, 87
158, 147
158, 176
158, 188
158, 189
158, 208
158, 243
158, 258
158, 265
158, 296
161, 1
161, 10
161, 147
163, 147
164, 8
164, 53
164, 56
164, 57
164, 67
164, 76
164, 78
164, 87
164, 168
164, 175
164, 176
164, 188
164, 208
164, 230
164, 243
164, 250
164, 258
172, 95
174, 130
174, 187
174, 247
174, 249
174, 251
174, 267
174, 272
179, 147
180, 121
181, 254
181, 260
181, 287
182, 76
182, 260
183, 95
185, 5
185, 15
185, 27
185, 41
185, 91
185, 125
185, 131
185, 134
185, 135
185, 138
185, 142
185, 145
185, 148
185, 162
185, 165
185, 166
185, 173
190, 226
192, 177
195, 57
197, 154
197, 246
198, 99
198, 130
198, 187
198, 243
198, 247
198, 249
198, 251
198, 267
198, 272
199, 282
206, 3
206, 8
206, 11
206, 13
206, 14
206, 36
206, 56
206, 112
206, 130
206, 143
206, 167
206, 175
206, 191
206, 207
206, 224
206, 230
206, 247
209, 187
209, 249
209, 251
209, 267
209, 272
210, 76
210, 260
211, 152
213, 154
213, 246
215, 147
218, 8
218, 13
218, 14
218, 36
218, 56
218, 102
218, 104
218, 123
218, 129
218, 139
218, 143
218, 167
218, 171
218, 175
218, 191
218, 203
218, 207
221, 8
221, 13
221, 14
221, 36
221, 56
221, 102
221, 104
221, 123
221, 129
221, 139
221, 143
221, 167
221, 171
221, 175
221, 191
221, 203
221, 207
222, 95
222, 189
225, 165
227, 226
228, 3
228, 11
228, 28
228, 30
228, 37
228, 49
228, 53
228, 57
228, 74
228, 78
228, 80
228, 86
228, 87
228, 108
228, 112
228, 121
228, 128
229, 27
232, 53
232, 78
232, 87
232, 128
232, 155
232, 160
232, 176
232, 188
232, 201
232, 208
232, 223
232, 243
232, 258
232, 265
232, 290
232, 291
232, 296
233, 49
233, 53
233, 86
233, 91
233, 128
233, 131
233, 142
233, 155
233, 160
233, 162
233, 166
233, 193
233, 196
233, 201
233, 205
233, 216
233, 223
235, 3
235, 11
235, 28
235, 37
235, 49
235, 74
235, 90
235, 108
235, 112
235, 121
235, 146
235, 154
235, 169
235, 196
235, 246
235, 266
236, 76
236, 260
237, 13
237, 14
237, 36
237, 53
237, 78
237, 87
237, 104
237, 139
237, 143
237, 167
237, 171
237, 176
237, 188
237, 191
237, 201
237, 208
237, 224
239, 220
240, 147
242, 5
242, 27
242, 28
242, 30
242, 41
242, 49
242, 80
242, 86
242, 108
242, 125
242, 128
242, 148
242, 155
242, 159
242, 160
242, 173
242, 176
244, 95
248, 8
248, 13
248, 14
248, 36
248, 56
248, 102
248, 104
248, 123
248, 129
248, 139
248, 143
248, 167
248, 171
248, 175
248, 191
248, 203
248, 207
252, 16
252, 76
252, 254
252, 260
252, 287
253, 95
255, 27
255, 41
255, 78
255, 86
255, 87
255, 119
255, 125
255, 128
255, 148
255, 155
255, 160
255, 173
255, 176
255, 177
255, 186
255, 188
255, 200
256, 28
256, 30
256, 37
256, 49
256, 80
256, 87
256, 99
256, 108
256, 128
256, 146
256, 154
256, 155
256, 159
256, 160
256, 169
256, 176
256, 188
257, 165
261, 95
262, 212
268, 3
269, 95
270, 13
270, 14
270, 139
270, 143
270, 167
270, 224
270, 280
271, 36
271, 175
271, 191
271, 230
271, 250
274, 12
274, 119
274, 204
276, 76
276, 260
278, 226
281, 99
281, 188
281, 208
281, 243
283, 147
289, 11
289, 28
289, 30
289, 37
289, 49
289, 74
289, 80
289, 86
289, 87
289, 90
289, 108
289, 112
289, 121
289, 128
289, 146
289, 154
289, 155
292, 76
292, 260
294, 71
294, 127
294, 170
294, 286
294, 297
295, 11
295, 28
295, 30
295, 37
295, 49
295, 74
295, 80
295, 86
295, 108
295, 112
295, 121
295, 128
295, 146
295, 154
295, 155
295, 159
295, 160
298, 12
298, 119
298, 204
299, 91
299, 119
299, 131
299, 162
299, 166
299, 205
299, 263
end