140
4
0, 0.33165092045483924, 0.7764938939220672
1, 0.806219843352714, 0.2542028094163016
2, 0.7245771666343777, 0.832923555756403
3, 0.23298033674250251, 0.23347369041757027
4, 0.20984946075579158, 0.7771498295106274
5, 0.9212285293984405, 0.41966975044170396
6, 0.3888879861960608, 0.6114529781326956
7, 0.03587728933939527, 0.8328453825884657
8, 0.15587830463884467, 0.6058073613854336
9, 0.6808011407600468, 0.38765408215766617
10, 0.6352000710226946, 0.7495995881347082
11, 0.19496758397601066, 0.9506605373906419
12, 0.4899396438972504, 0.9153581670676191
13, 0.8003501539559202, 0.8243867988147047
14, 0.12424759764151894, 0.6483513443214448
15, 0.4773241491949707, 0.07308020933458259
16, 0.005940367321626727, 0.9710394621515869
17, 0.5656007245564848, 0.3729132810843586
18, 0.2522726205843271, 0.733286687568039
19, 0.452855383860296, 0.4150229575790374
20, 0.6532336185359396, 0.7899896761869104
21, 0.01275913468563361, 0.9672011091395397
22, 0.13975025663673768, 0.917677796945457
23, 0.35280947038724697, 0.7567719869182665
24, 0.9989127430452822, 0.9023980407546566
25, 0.5500812018269644, 0.7672518824870023
26, 0.39098729862609594, 0.061068833076304285
27, 0.8447195162892162, 0.9069544020298004
28, 0.47972876226160477, 0.6657822285121604
29, 0.6648675552192189, 0.08280750912241375
30, 0.9948351531025246, 0.8539354299174101
31, 0.022472071279623917, 0.21576670504964313
32, 0.5358276545256301, 0.05216137074458982
33, 0.9105596143861785, 0.3640150627621376
34, 0.7158092580209543, 0.521598133180891
35, 0.7382653256387905, 0.7376291246967023
36, 0.10371735856640585, 0.2845855165424963
37, 0.4029282588387494, 0.5238808155995412
38, 0.05322176143351298, 0.6116174669841646
39, 0.4331269568763362, 0.3101603581666438
40, 0.3444852357361925, 0.5681608321782408
41, 0.3961611656126385, 0.18136673057352626
42, 0.9173408323994825, 0.7332175440603379
43, 0.6622143100287904, 0.2503558325071178
44, 0.26195790534212526, 0.4682400385517308
45, 0.00019713698305756644, 0.21154813401655204
46, 0.3749198993576821, 0.3185236364490214
47, 0.49754529764006605, 0.8456262969312334
48, 0.41056170317081864, 0.289680182004597
49, 0.585523714660492, 0.9975928651598195
50, 0.2836468583197401, 0.23775452790929108
51, 0.17174574141171317, 0.7966606305661597
52, 0.8367961733680741, 0.021061204062475136
53, 0.9683160253749933, 0.47015889252726806
54, 0.8192889330396927, 0.7338529423022052
55, 0.7790897070872612, 0.27741929601265514
56, 0.7240480021349647, 0.19309256332061686
57, 0.8656798716191169, 0.47842372847199155
58, 0.29713667479230954, 0.6813385080456094
59, 0.9306323302455447, 0.9601498429255583
60, 0.5208333734166783, 0.1171787576379012
61, 0.8264541883208517, 0.17306113562283798
62, 0.3536920999312614, 0.4366686908994629
63, 0.8572422292612812, 0.1059614118846075
64, 0.5930349856183033, 0.5891054455894876
65, 0.47871802349035264, 0.8214708871085012
66, 0.7119317705458076, 0.6440254855995659
67, 0.25012959214869657, 0.9479354503634313
68, 0.8099406609238776, 0.2334598334161222
69, 0.3702884073384266, 0.3605294251227602
70, 0.36463612065110873, 0.4168014505571914
71, 0.2365920022512915, 0.029952999430378546
72, 0.7229955609193607, 0.8312387729827825
73, 0.5326652199148671, 0.8472220380560995
74, 0.16167215182979566, 0.8621767728728191
75, 0.8056044491008711, 0.6312552349557745
76, 0.8381455563357257, 0.24680409494352018
77, 0.8630407559753169, 0.6151217248889104
78, 0.7441553935564488, 0.9123214136086281
79, 0.41064919075893225, 0.10640684492355124
80, 0.3922098648155835, 0.5182391378691569
81, 0.5828939000762398, 0.7505837836811103
82, 0.9074946475243023, 0.43140064468163686
83, 0.43966958374602383, 0.011780848641974151
84, 0.0893046706946361, 0.29134637157052234
85, 0.261155449940744, 0.47505849489080965
86, 0.08713846492351751, 0.40995077355073295
87, 0.0976389079707739, 0.31563091776100205
88, 0.8810297194574395, 0.4561434711578083
89, 0.8276841155739789, 0.48977008873221173
90, 0.6266024019812116, 0.4124350074162657
91, 0.38645539163900433, 0.705227415099399
92, 0.6998739673014699, 0.79535215954607
93, 0.20712719509867872, 0.3071963843497193
94, 0.41393344410209154, 0.5626674528262757
95, 0.6467087239761882, 0.8141353917933309
96, 0.09027333810945981, 0.6985449834072351
97, 0.5504189517338495, 0.8627700678637454
98, 0.13379528106080907, 0.8169176184056521
99, 0.43500016862353985, 0.6911023197822558
100, 0.2674636548389735, 0.9219447721877386
101, 0.7727121102628526, 0.985725147161252
102, 0.153795750621873, 0.5356373658852128
103, 0.023829621380952903, 0.957152749343567
104, 0.7182762695028249, 0.8434707722400638
105, 0.8978951271910494, 0.9616788210327696
106, 0.05790575269251852, 0.13552854946375814
107, 0.5024829611926818, 0.3893849363105636
108, 0.01012773652074428, 0.3232078336400961
109, 0.5001984426020967, 0.34400200534105996
110, 0.31158024588695, 0.3852062097540496
111, 0.7796368070520693, 0.41440168586415127
112, 0.8456186457199083, 0.4853672739528473
113, 0.9744339725871168, 0.14851249528355603
114, 0.3837917526303094, 0.3929247009611435
115, 0.9966889567544267, 0.6829769643461792
116, 0.5946094190833434, 0.5196312007306344
117, 0.40028217155600254, 0.7103294430194683
118, 0.6691702092782208, 0.3180437190863564
119, 0.11543768710646529, 0.4637222761387215
120, 0.34149265855688815, 0.5596577480365522
121, 0.19596448690093338, 0.3971690442762009
122, 0.7870847394651598, 0.01777856127760935
123, 0.3717430761579219, 0.1924077094201483
124, 0.13005435732412773, 0.6901598446665995
125, 0.7241533169191604, 0.6617064469024386
126, 0.9680324627553103, 0.3540984249184962
127, 0.25660895304097764, 0.7736292532832932
128, 0.00816454398642208, 0.4872730005193432
129, 0.7351386343330589, 0.4661857384066289
130, 0.38988030050576306, 0.9034361791240909
131, 0.49415474194576836, 0.8317446605865944
132, 0.15972696980824164, 0.09747803366084606
133, 0.38753778815350015, 0.18682666813866333
134, 0.4699801778241324, 0.02075256658919067
135, 0.42114244016047664, 0.8707808873304291
136, 0.11727670679359647, 0.3418133124398891
137, 0.12187946932742288, 0.49551360643466147
138, 0.10049852561854522, 0.25500300126074726
139, 0.6539391781668638, 0.3146274103456692
end_nodes
0, 1
0, 2
0, 3
0, 4
0, 5
0, 6
0, 7
0, 8
0, 9
0, 10
0, 11
12, 3
12, 6
12, 8
12, 14
12, 15
12, 17
12, 18
12, 19
12, 26
12, 29
12, 31
13, 4
13, 30
13, 127
16, 1
16, 5
16, 9
16, 28
16, 33
16, 34
16, 53
16, 55
16, 57
16, 61
16, 64
20, 3
20, 4
20, 6
20, 15
20, 17
20, 19
20, 26
20, 29
20, 31
20, 32
20, 36
21, 1
21, 5
21, 9
21, 28
21, 33
21, 34
21, 53
21, 55
21, 57
21, 61
21, 64
22, 1
22, 5
22, 9
22, 28
22, 33
22, 34
22, 53
22, 55
22, 57
22, 61
22, 64
23, 1
23, 2
23, 3
23, 5
23, 6
23, 7
23, 8
23, 9
23, 14
23, 15
23, 17
24, 3
24, 6
24, 8
24, 14
24, 15
24, 17
24, 18
24, 19
24, 26
24, 29
24, 31
25, 3
25, 4
25, 6
25, 8
25, 15
25, 17
25, 19
25, 26
25, 29
25, 31
25, 32
27, 3
27, 6
27, 8
27, 14
27, 15
27, 17
27, 18
27, 19
27, 26
27, 29
27, 31
35, 7
35, 51
35, 74
35, 98
42, 4
42, 127
43, 11
43, 122
47, 3
47, 6
47, 8
47, 14
47, 15
47, 17
47, 18
47, 19
47, 26
47, 29
47, 31
49, 3
49, 6
49, 8
49, 14
49, 15
49, 17
49, 18
49, 19
49, 26
49, 29
49, 31
52, 11
54, 4
54, 127
56, 11
58, 3
58, 8
58, 15
58, 26
58, 31
58, 36
58, 39
58, 41
58, 44
58, 45
58, 46
59, 3
59, 6
59, 8
59, 14
59, 15
59, 17
59, 18
59, 19
59, 26
59, 29
59, 31
63, 11
65, 6
65, 8
65, 14
65, 15
65, 17
65, 18
65, 19
65, 26
65, 29
65, 31
65, 32
66, 7
66, 51
66, 74
66, 98
67, 14
67, 17
67, 18
67, 19
67, 26
67, 29
67, 31
67, 32
67, 36
67, 37
67, 38
72, 19
72, 29
72, 32
72, 39
72, 41
72, 46
72, 48
72, 50
72, 60
72, 62
72, 69
73, 14
73, 18
73, 32
73, 36
73, 37
73, 38
73, 39
73, 40
73, 41
73, 44
73, 45
75, 7
75, 51
75, 74
75, 98
77, 7
77, 51
77, 74
77, 98
78, 14
78, 18
78, 32
78, 36
78, 37
78, 38
78, 39
78, 40
78, 41
78, 44
78, 45
81, 7
81, 32
81, 36
81, 37
81, 39
81, 40
81, 41
81, 44
81, 45
81, 46
81, 48
89, 88
90, 11
90, 61
91, 1
91, 7
91, 9
91, 11
91, 32
91, 36
91, 37
91, 39
91, 40
91, 41
91, 44
92, 4
92, 32
92, 39
92, 41
92, 48
92, 60
92, 71
92, 79
92, 83
92, 107
92, 109
94, 32
94, 37
94, 39
94, 41
94, 46
94, 48
94, 50
94, 60
94, 62
94, 69
94, 70
95, 4
95, 30
95, 36
95, 37
95, 38
95, 39
95, 40
95, 41
95, 44
95, 45
95, 46
96, 2
96, 30
97, 18
97, 36
97, 37
97, 38
97, 39
97, 40
97, 41
97, 44
97, 45
97, 46
97, 48
99, 7
99, 33
99, 36
99, 37
99, 39
99, 40
99, 41
99, 44
99, 45
99, 46
99, 48
100, 36
100, 37
100, 38
100, 40
100, 44
100, 45
100, 46
100, 48
100, 50
100, 60
100, 62
101, 37
101, 38
101, 40
101, 44
101, 45
101, 46
101, 48
101, 50
101, 60
101, 62
101, 69
103, 1
103, 5
103, 9
103, 28
103, 33
103, 34
103, 53
103, 55
103, 57
103, 61
103, 64
104, 38
104, 40
104, 44
104, 45
104, 46
104, 48
104, 50
104, 60
104, 62
104, 69
104, 70
105, 38
105, 40
105, 45
105, 46
105, 48
105, 50
105, 60
105, 62
105, 69
105, 70
105, 71
115, 7
115, 51
115, 74
115, 98
116, 113
117, 1
117, 7
117, 9
117, 33
117, 48
117, 50
117, 51
117, 55
117, 60
117, 62
117, 68
118, 11
125, 51
125, 74
125, 98
130, 38
130, 50
130, 60
130, 62
130, 69
130, 70
130, 71
130, 79
130, 80
130, 83
130, 84
131, 38
131, 50
131, 60
131, 62
131, 69
131, 70
131, 71
131, 79
131, 80
131, 83
131, 84
135, 50
135, 60
135, 62
135, 69
135, 70
135, 71
135, 79
135, 80
135, 83
135, 84
135, 85
139, 11
end