400
4
0, 0.6740466085721439, 0.09000284434243544
1, 0.09887151038508679, 0.9904561019457598
2, 0.16217322382321764, 0.34516228249957326
3, 0.21467007312768904, 0.8445906383220684
4, 0.9786056858808082, 0.8183857654019724
5, 0.25968568355604715, 0.6058679308863103
6, 0.5138446204327133, 0.41111053792661
7, 0.9468985693758967, 0.2713542924839497
8, 0.17187413789971473, 0.1879624057495135
9, 0.34894171965423604, 0.538192659296954
10, 0.23414750304543963, 0.16273799646603093
11, 0.9662089613967707, 0.6207365586037359
12, 0.1409325995264763, 0.538925835435583
13, 0.40742786301491596, 0.5360015877904895
14, 0.5627929134866184, 0.6062567649640965
15, 0.3101785028895391, 0.5467917395654263
16, 0.09418247392574952, 0.3847874899161694
17, 0.6861261948617702, 0.8110439195483167
18, 0.4896318707903218, 0.02141925379586529
19, 0.9545531892111874, 0.01001652011003562
20, 0.7283996333735101, 0.9848520959779162
21, 0.6942492981415377, 0.272619676135889
22, 0.04687022420605502, 0.40517931402079155
23, 0.789733801863108, 0.6549434417823264
24, 0.5790567557946702, 0.3500745468158045
25, 0.1749485420631729, 0.2005404100444208
26, 0.3835051788364625, 0.401527159087657
27, 0.28532358628404775, 0.6118209278023063
28, 0.8900849267778649, 0.35331183083813444
29, 0.6204658660468351, 0.801232848207583
30, 0.6238316216919029, 0.7743862621251572
31, 0.8331588324082001, 0.1327796503011366
32, 0.3377082856177065, 0.177573835787463
33, 0.40331548675136886, 0.7963713275952907
34, 0.09407162016354254, 0.8231431718413212
35, 0.702215428121886, 0.2269488340407061
36, 0.11551993598512533, 0.9067063830541015
37, 0.6385843891908105, 0.2851663769304934
38, 0.27618618388698535, 0.8560293678695889
39, 0.5694765276897371, 0.43982957644901555
40, 0.04588005008372531, 0.31334919375234893
41, 0.6594415477998373, 0.3292567562259222
42, 0.3174370824467253, 0.42222607692507874
43, 0.5847522465013856, 0.8748468309983747
44, 0.5557464052439498, 0.039945303905382534
45, 0.3895371207695284, 0.09562704485943652
46, 0.596588887552309, 0.5585562028993694
47, 0.8883023528487565, 0.42008818616839894
48, 0.8262661329405628, 0.7900738839419614
49, 0.3092858262703123, 0.6677726384700815
50, 0.12431729648118528, 0.7299013555098168
51, 0.31533800172546, 0.48096685183450905
52, 0.18950414707787444, 0.542914474899193
53, 0.08910051840420385, 0.11218118327564808
54, 0.9769561754534495, 0.689080538641257
55, 0.7332198094772068, 0.6401343203196569
56, 0.8419811493238255, 0.5765716654739916
57, 0.4500858997112017, 0.9840645558264969
58, 0.04693732618418289, 0.5772370167964834
59, 0.15784994888876225, 0.8549217501540668
60, 0.29023278059953384, 0.23052423930868815
61, 0.9502575569555364, 0.886115497403858
62, 0.7062443592306568, 0.35792944240875546
63, 0.011380562438395136, 0.6791105335520807
64, 0.03706615954635273, 0.4524867320234012
65, 0.8142434325172604, 0.9062266181102736
66, 0.19930419016803647, 0.813079886364927
67, 0.12902332099543978, 0.017860696009714627
68, 0.2027250096623585, 0.8297419239624503
69, 0.7337622590137994, 0.7348102441747959
70, 0.8663768907632199, 0.5915773190907055
71, 0.1274061729977214, 0.39515318232509333
72, 0.5429771539996363, 0.7808162031609365
73, 0.616652061327743, 0.9861333580896113
74, 0.6930277754363291, 0.9013565322189958
75, 0.8877921987442154, 0.2473053148221479
76, 0.7400284781151504, 0.6933858582748031
77, 0.6473897800474973, 0.8867015423891252
78, 0.14609901327846653, 0.7760869159603133
79, 0.8021708696756322, 0.2577185490525371
80, 0.4517833661192374, 0.7580503523428037
81, 0.3580146332653257, 0.7461510245606594
82, 0.7278915516758463, 0.8394382953180921
83, 0.4023173016781757, 0.25988758320794014
84, 0.19977553861370123, 0.2927803235446925
85, 0.24588089855492068, 0.8067643076405707
86, 0.8230837056490408, 0.9989787098632217
87, 0.09395276277237541, 0.5323951843434996
88, 0.08731086356323348, 0.7483827797910029
89, 0.49117676387963305, 0.7324093539111229
90, 0.8268626281292023, 0.41449346827516353
91, 0.390713758298726, 0.48459075253383554
92, 0.41189005263559597, 0.6766454857423937
93, 0.8435827561875807, 0.6153005021697993
94, 0.9531274541140071, 0.23753528090461895
95, 0.9105906841051542, 0.20132791428117458
96, 0.794107074677398, 0.04255375309137188
97, 0.1269351072561039, 0.30857579391985257
98, 0.13241740231599242, 0.5536874009097701
99, 0.8205356016012672, 0.7014966171924032
100, 0.9059207936978031, 0.5419290202058044
101, 0.8406555024118509, 0.6431819974183983
102, 0.2181650167624416, 0.6813197765381284
103, 0.977429978781928, 0.3721615738592081
104, 0.25055387237900106, 0.8066402728422902
105, 0.9079230097943501, 0.066635735427371
106, 0.25847133725422256, 0.12288087547931859
107, 0.10808462064070057, 0.21784469431099107
108, 0.6315247217599625, 0.6429440018167769
109, 0.4597717466417496, 0.4625892811738357
110, 0.32761002943603046, 0.7005813459376172
111, 0.4129750171072667, 0.5193010500066391
112, 0.3834722966477082, 0.37611767516050976
113, 0.7647224765787433, 0.11523839068616537
114, 0.031105770868552485, 0.26305655447537757
115, 0.7699793960226142, 0.48581127550521763
116, 0.6267366555408067, 0.5229944586002601
117, 0.020189688909819425, 0.9738529651916786
118, 0.7052557372823712, 0.7121395272113378
119, 0.01209512720341488, 0.319345059753544
120, 0.8422491658291557, 0.9160181182705961
121, 0.07120995657423912, 0.9817007042922027
122, 0.46625333298659477, 0.12421571496559147
123, 0.044026484065034954, 0.4711530847680987
124, 0.35263354105629074, 0.3130842641828736
125, 0.35541892514260287, 0.6005757375960211
126, 0.18950307202219818, 0.8666502999196052
127, 0.9531589116412242, 0.25652669171210574
128, 0.6681223725284818, 0.8663375254130651
129, 0.1550941301620964, 0.5429328575485401
130, 0.651801916538582, 0.7673731763900472
131, 0.11791345424235111, 0.3169909252122991
132, 0.9227336219594133, 0.3060016601052451
133, 0.037752777248463265, 0.007538029553484371
134, 0.2520086747825975, 0.8828352415114133
135, 0.4602123343952509, 0.3149860897898733
136, 0.8596144211592313, 0.632336452872459
137, 0.021560863617437698, 0.006455665811854416
138, 0.43886438704248243, 0.5054023981449229
139, 0.0402646189900846, 0.25928556727688856
140, 0.6264274148932577, 0.6053757618641676
141, 0.4647885029937949, 0.8819042049288922
142, 0.357919263873819, 0.5592139053754375
143, 0.5105599245604193, 0.27545828876606304
144, 0.7695782661909233, 0.5604362892883676
145, 0.24274986235250584, 0.3776694150043075
146, 0.8603565585242289, 0.7531000010280577
147, 0.6029029073003833, 0.6355825535804528
148, 0.5723492422327284, 0.38219535524501813
149, 0.11941877684336444, 0.180055029744578
150, 0.5908127337326781, 0.7802365267464985
151, 0.9381030518400119, 0.46719010580182585
152, 0.5180671545701279, 0.5250407772881717
153, 0.01579450475600397, 0.9538113405287023
154, 0.7608156231051615, 0.6686105711034213
155, 0.5810519011956784, 0.5287600498903196
156, 0.5038165209758377, 0.8561047320862692
157, 0.9649673917715221, 0.12999879659738534
158, 0.5748524862111878, 0.8444675322020525
159, 0.959960436633396, 0.7834446776200692
160, 0.7386127870588619, 0.5917792027307706
161, 0.28634613775037443, 0.8029209164402824
162, 0.21658702639826577, 0.07949386784180301
163, 0.17977241751050765, 0.6608404895269171
164, 0.5936192479130016, 0.7978130314914272
165, 0.887303887969042, 0.43280193768208963
166, 0.2708424576353673, 0.9183650118673712
167, 0.6524286196727122, 0.9677330031137463
168, 0.3048037462585762, 0.24807933444512864
169, 0.22022404174792343, 0.3581709378133079
170, 0.5856495211336757, 0.042049558271570864
171, 0.7386532325592265, 0.9083925620841239
172, 0.4181089914788265, 0.7633814665367464
173, 0.10507272963109371, 0.5356036887897603
174, 0.261103830426776, 0.4396327142773624
175, 0.5881781210917507, 0.29950433198961424
176, 0.5464081533372718, 0.5693004510480408
177, 0.4414637110289782, 0.36866491410572777
178, 0.09506913826568719, 0.597931068591563
179, 0.022358807859554686, 0.6269075226333005
180, 0.2150382570359185, 0.19652363816946317
181, 0.9973644650159951, 0.8507170697999311
182, 0.7932888134127427, 0.5036611178578936
183, 0.7905819702031932, 0.10054336389884266
184, 0.2268129196492107, 0.8378494836822122
185, 0.006718583814503298, 0.10293307903808813
186, 0.8411724990725735, 0.195320854436157
187, 0.7746815832144183, 0.9781886261436065
188, 0.32826717712278275, 0.34218648289648157
189, 0.06163126268963248, 0.6890900022051348
190, 0.582333230780797, 0.6176980995214785
191, 0.46386343009468456, 0.917359160232823
192, 0.5915337664682802, 0.8348499823784552
193, 0.10718459283043813, 0.09944034707519989
194, 0.5965155569509833, 0.07080655326045504
195, 0.7044929093865412, 0.3921166754945722
196, 0.36054872726731513, 0.23724802625433472
197, 0.9171179847757984, 0.47416556767532847
198, 0.43297203859620936, 0.8815389894374475
199, 0.4053728631144887, 0.5836786488722848
200, 0.35463717875077894, 0.19237325106285774
201, 0.16108596415721788, 0.6210848273998383
202, 0.8595121293644237, 0.5732928443453901
203, 0.10457869654949747, 0.8555536213358919
204, 0.5270642964352957, 0.4983142055336697
205, 0.6915067325804123, 0.4640021691325078
206, 0.7091062890627394, 0.9143798268309956
207, 0.3368787985926808, 0.5340978036681696
208, 0.25415049331828843, 0.5568707709709199
209, 0.5835198719333041, 0.42647482149108507
210, 0.37449929176334207, 0.9152402598899038
211, 0.4879161236011347, 0.19392038308989612
212, 0.23143984540931128, 0.4526865293774308
213, 0.517662684636193, 0.5692961674410709
214, 0.414690988289362, 0.29019430903484433
215, 0.8282921580788336, 0.4753832659346755
216, 0.1962755481139189, 0.36099829380972515
217, 0.49437595581238614, 0.9046211731011314
218, 0.9145303807897782, 0.021817051792374365
219, 0.7042914388794234, 0.13607152817211043
220, 0.5147642854886176, 0.287650024216511
221, 0.286014377666705, 0.5951143321259174
222, 0.7719986134830817, 0.29682118321796
223, 0.956821824659439, 0.8966994958743938
224, 0.8569452719064339, 0.9413107000470834
225, 0.1724868170337922, 0.5865795089740353
226, 0.01959189202928069, 0.8990420003973688
227, 0.6694700720388268, 0.4067642878923041
228, 0.5204587901873879, 0.33498065243384423
229, 0.9927737416225247, 0.773093299247065
230, 0.7173545680179994, 0.9854203820752674
231, 0.4807369165412101, 0.39859511355843924
232, 0.9021339440451556, 0.8543008038758095
233, 0.4158968229541351, 0.6974209455704332
234, 0.5844369080253017, 0.2432913038510659
235, 0.9795383192946985, 0.7812615577088077
236, 0.03131730450196102, 0.11932459621243863
237, 0.6608619275110813, 0.7569028870459134
238, 0.04495791679438399, 0.2601973060761409
239, 0.1951374901884435, 0.7111718560555503
240, 0.9306746505311855, 0.7142864346742478
241, 0.45153526471559047, 0.542260132103618
242, 0.3781698356858042, 0.2942127302367218
243, 0.9539699521245052, 0.7928831748945985
244, 0.10205875243903828, 0.8800491987311806
245, 0.8125393725334146, 0.20173249029306584
246, 0.931959564398655, 0.9689667557670663
247, 0.7160602956092088, 0.6246785305962765
248, 0.8185333459171461, 0.2937810578145136
249, 0.6498201803962373, 0.43333846614330374
250, 0.37906990457541667, 0.027289615167108705
251, 0.9888210885443447, 0.8945986428758989
252, 0.33357378474202415, 0.0745535734941809
253, 0.727127624541757, 0.8994375358636574
254, 0.9505077238543217, 0.2482490893682643
255, 0.4133548379867328, 0.12052633096575827
256, 0.5970952947597231, 0.7178909009558666
257, 0.3430995206822136, 0.3300492942194154
258, 0.05634491433078326, 0.30588349271864
259, 0.3607794071340853, 0.8252071747729941
260, 0.7939133157019505, 0.9691356166284251
261, 0.9760890437473672, 0.3056594272532721
262, 0.6735426855374025, 0.7712447352443071
263, 0.4930446035186391, 0.7931687005810355
264, 0.7825721603808085, 0.9230505048124102
265, 0.78768023332104, 0.9438876557218931
266, 0.7155945845086124, 0.44873169662401136
267, 0.6508039035507553, 0.47692493256171187
268, 0.7185739741209072, 0.7251892503640999
269, 0.7917783607617088, 0.043036269699580854
270, 0.43524275054306305, 0.16464859119959407
271, 0.7581644549730175, 0.9845907077251494
272, 0.9382068678693659, 0.007178594955474016
273, 0.5364795018150652, 0.5164237318415075
274, 0.4767553067655701, 0.730687025313831
275, 0.7436449502303102, 0.4206511854293765
276, 0.8068376442703115, 0.9012919652272985
277, 0.5987681010138793, 0.8306667142765459
278, 0.9876955654928231, 0.24030529632119058
279, 0.10376737425126914, 0.9220867451840836
280, 0.09302007164863846, 0.7329250405925365
281, 0.5254634541514692, 0.23494944068974877
282, 0.8076291440876876, 0.5293030143919454
283, 0.8114193580514865, 0.3839913213996542
284, 0.9106542421489554, 0.3253608202689844
285, 0.8815245174781547, 0.5354336376344345
286, 0.9155182533801347, 0.9185717672790634
287, 0.489185473613021, 0.9598746290216348
288, 0.540980559864868, 0.3340798442364301
289, 0.07591172212641362, 0.2267142794144924
290, 0.12226049199216305, 0.6503985841881598
291, 0.5439225247130656, 0.8343171798846115
292, 0.5440533182729772, 0.48104780021183313
293, 0.34749464191776736, 0.750216951292864
294, 0.8526367064111822, 0.2627860856367903
295, 0.3286624615882914, 0.9554876090593951
296, 0.5838720953356513, 0.6697160270205823
297, 0.48076750975358995, 0.6437012545059625
298, 0.819393912163, 0.12592389077102073
299, 0.45215950615083333, 0.6855032401908447
300, 0.6888832481679706, 0.837479915332853
301, 0.3516902412802497, 0.4658006956320062
302, 0.34114626107573187, 0.009285923404024454
303, 0.15282970625358938, 0.18058549326199536
304, 0.887789582535001, 0.48928647895308675
305, 0.9475841360327366, 0.13903986839839777
306, 0.4357833781488014, 0.007851627518197568
307, 0.6046472547951075, 0.47632102127740905
308, 0.16611204931196144, 0.7762185313650188
309, 0.775513123846842, 0.9344249942965491
310, 0.5823182340337748, 0.2839671080132957
311, 0.6570447887733248, 0.11099627341351725
312, 0.035575023439710196, 0.5619141562124954
313, 0.7619866987878161, 0.690016424133819
314, 0.7404176278622995, 0.9087132701228675
315, 0.08896027615509361, 0.220489445374772
316, 0.17130458992545916, 0.18035694931128554
317, 0.23852497548527385, 0.7313841854599805
318, 0.5532617625729568, 0.7502704737232558
319, 0.3774836673874752, 0.5159771459001535
320, 0.11485888757870111, 0.23643377165325574
321, 0.6117976006631604, 0.16146881490465237
322, 0.1403350714159286, 0.6298221251804436
323, 0.432174754224379, 0.33635575507725024
324, 0.7413405569613253, 0.6295047323425379
325, 0.19106380219760455, 0.5090004099675862
326, 0.472601855429014, 0.3055615467463243
327, 0.7557999340055547, 0.7019238901632814
328, 0.026042696019091705, 0.44618511922783044
329, 0.8670230007602263, 0.39111671081310895
330, 0.26203984236325584, 0.22340524054358069
331, 0.5902035817829132, 0.9946898431780093
332, 0.5718838499139813, 0.5552578387842962
333, 0.18409029501142915, 0.7506939411303719
334, 0.11276041747063126, 0.431103055769272
335, 0.853636444795504, 0.09105397856431519
336, 0.5569201049927334, 0.27749514222572647
337, 0.8640045615216422, 0.6052331322251991
338, 0.4561847647823708, 0.9990743478315258
339, 0.6576503331221337, 0.705855517037406
340, 0.06262209669305607, 0.47337541109893744
341, 0.31537363039489985, 0.4417150599495615
342, 0.09908727538522133, 0.0023989262760766294
343, 0.5581792397195332, 0.09858671726125168
344, 0.13005314351241348, 0.8482525999316952
345, 0.5461482377175851, 0.7309694987638461
346, 0.8266685969915408, 0.9408272609141493
347, 0.8173168489580211, 0.052440202312114104
348, 0.023021458545704032, 0.6683748238238654
349, 0.5362120124968291, 0.6346252106079674
350, 0.03475051827422371, 0.13960338026399077
351, 0.9849748065622195, 0.24865311877049157
352, 0.4398065914243455, 0.7091430552318925
353, 0.6485949910532929, 0.24030192691974683
354, 0.7661770315603575, 0.09639444236869643
355, 0.5694840804147699, 0.4043763668545065
356, 0.9983866390929149, 0.026432540034529217
357, 0.27259501549746845, 0.09570854393113137
358, 0.5610175773867084, 0.9035975894146097
359, 0.5067819897914392, 0.41005024460344974
360, 0.9598335582531725, 0.2841467839132402
361, 0.8967079304510449, 0.5574410744348904
362, 0.9423161625135353, 0.04984412191221588
363, 0.6421638132290846, 0.8900390453033776
364, 0.15603902277693527, 0.4437114071828384
365, 0.7830467316930785, 0.7752762845453477
366, 0.05215149867586988, 0.6194839803991127
367, 0.7059919017267855, 0.8003413291793383
368, 0.5823926911409152, 0.4553755078747135
369, 0.014045704249745938, 0.3369947382009182
370, 0.15998658392515308, 0.573418491228937
371, 0.3618395095451997, 0.5863168477792194
372, 0.7101430590702771, 0.7571242711030057
373, 0.3217222549179666, 0.4151309940256396
374, 0.6673792438556168, 0.38994449388685704
375, 0.9399083705210259, 0.6982199079129294
376, 0.3011613461763549, 0.26318683917674457
377, 0.7869268988829262, 0.9219176450976704
378, 0.5662996357668221, 0.8080840052874202
379, 0.20711147365247606, 0.9433632152862488
380, 0.25069273185985197, 0.28458576760748155
381, 0.16134188844025044, 0.36594365294950826
382, 0.7446698028785228, 0.5353217464132265
383, 0.46441676286820766, 0.6508755626904943
384, 0.8144178434718383, 0.04904603655214368
385, 0.01288280202553449, 0.3900548936736452
386, 0.39910757123392826, 0.35205099715089805
387, 0.40750072814471894, 0.013738044541154792
388, 0.2846642568693959, 0.7965977336967714
389, 0.629067979750305, 0.4745214131643225
390, 0.1962014904890811, 0.7132426532831444
391, 0.5885340175379764, 0.28771458102148684
392, 0.23549413105026795, 0.554156485931816
393, 0.013305222365088465, 0.764805803202802
394, 0.2839244736919053, 0.0947336669325648
395, 0.6056896117173755, 0.8533183277649365
396, 0.5025599887549744, 0.5459389032163079
397, 0.07150041949495556, 0.028193225012599576
398, 0.01788442180329819, 0.266181645011592
399, 0.08992395383426088, 0.5899074291259285
end_nodes
0, 1
0, 2
0, 3
0, 4
0, 5
0, 6
0, 7
0, 8
0, 9
0, 10
0, 11
0, 12
0, 13
0, 14
0, 15
0, 16
0, 17
0, 18
0, 19
0, 20
21, 1
21, 3
21, 4
21, 11
21, 14
21, 17
21, 20
21, 23
21, 29
21, 30
21, 33
21, 36
21, 38
21, 39
21, 41
21, 43
21, 46
21, 48
21, 49
21, 54
24, 1
24, 3
24, 6
24, 13
24, 14
24, 17
24, 20
24, 29
24, 30
24, 33
24, 34
24, 36
24, 38
24, 39
24, 43
24, 46
24, 49
24, 57
24, 59
24, 66
25, 19
25, 315
25, 356
26, 1
26, 3
26, 5
26, 15
26, 27
26, 34
26, 36
26, 50
26, 51
26, 52
26, 59
26, 63
26, 66
26, 68
26, 78
26, 85
26, 88
26, 102
26, 104
26, 117
28, 4
28, 11
28, 47
28, 48
28, 54
28, 61
28, 65
28, 70
28, 86
28, 93
28, 100
28, 101
28, 120
28, 136
28, 146
28, 151
28, 159
28, 165
28, 181
28, 187
31, 1
31, 3
31, 4
31, 7
31, 8
31, 10
31, 11
31, 14
31, 17
31, 18
31, 20
31, 23
31, 29
31, 30
31, 33
31, 36
31, 38
31, 39
31, 41
31, 43
32, 2
32, 8
32, 10
32, 16
32, 19
32, 22
32, 40
32, 64
32, 84
32, 97
32, 119
32, 123
32, 131
32, 149
32, 258
32, 303
32, 316
32, 328
32, 330
32, 350
35, 1
35, 3
35, 4
35, 6
35, 8
35, 9
35, 10
35, 11
35, 13
35, 14
35, 17
35, 20
35, 23
35, 27
35, 29
35, 30
35, 33
35, 34
35, 36
35, 38
37, 1
37, 3
37, 6
37, 9
37, 13
37, 14
37, 17
37, 20
37, 23
37, 27
37, 29
37, 30
37, 33
37, 34
37, 36
37, 38
37, 39
37, 41
37, 43
37, 46
42, 12
42, 34
42, 50
42, 52
42, 63
42, 78
42, 88
42, 98
42, 117
42, 121
42, 129
42, 153
42, 163
42, 178
42, 179
42, 189
42, 201
42, 203
42, 208
42, 225
44, 1
44, 2
44, 3
44, 4
44, 5
44, 6
44, 7
44, 9
44, 11
44, 12
44, 13
44, 14
44, 15
44, 16
44, 17
44, 18
44, 20
44, 22
44, 23
44, 27
45, 40
45, 53
45, 67
45, 119
45, 133
45, 137
45, 162
45, 185
45, 193
45, 236
45, 258
45, 357
45, 369
45, 394
45, 397
56, 4
56, 48
56, 61
56, 65
56, 86
56, 93
56, 99
56, 101
56, 120
56, 136
56, 146
56, 159
56, 181
56, 187
56, 223
56, 224
56, 232
56, 243
56, 246
56, 251
60, 2
60, 16
60, 22
60, 40
60, 64
60, 71
60, 84
60, 97
60, 123
60, 131
60, 328
60, 369
60, 385
62, 4
62, 14
62, 17
62, 20
62, 23
62, 29
62, 30
62, 33
62, 43
62, 46
62, 48
62, 55
62, 57
62, 61
62, 65
62, 69
62, 72
62, 73
62, 74
62, 76
75, 4
75, 8
75, 10
75, 11
75, 20
75, 23
75, 47
75, 48
75, 53
75, 54
75, 61
75, 65
75, 67
75, 70
75, 82
75, 86
75, 93
75, 99
75, 100
75, 101
79, 4
79, 11
79, 17
79, 20
79, 23
79, 29
79, 30
79, 43
79, 47
79, 48
79, 54
79, 55
79, 57
79, 61
79, 65
79, 69
79, 70
79, 72
79, 73
79, 74
83, 1
83, 5
83, 12
83, 34
83, 36
83, 50
83, 51
83, 52
83, 58
83, 59
83, 63
83, 64
83, 66
83, 71
83, 78
83, 87
83, 88
83, 98
83, 102
83, 117
90, 4
90, 11
90, 20
90, 23
90, 48
90, 54
90, 61
90, 65
90, 69
90, 70
90, 74
90, 76
90, 82
90, 86
90, 93
90, 99
90, 100
90, 101
90, 120
90, 136
91, 1
91, 3
91, 5
91, 9
91, 27
91, 34
91, 36
91, 38
91, 49
91, 50
91, 59
91, 66
91, 68
91, 78
91, 85
91, 88
91, 102
91, 104
91, 110
91, 117
94, 4
94, 8
94, 10
94, 11
94, 18
94, 53
94, 54
94, 61
94, 67
94, 103
94, 106
94, 133
94, 137
94, 149
94, 159
94, 162
94, 181
94, 185
94, 193
94, 223
95, 4
95, 7
95, 8
95, 10
95, 11
95, 18
95, 47
95, 48
95, 53
95, 54
95, 61
95, 65
95, 67
95, 70
95, 86
95, 93
95, 99
95, 100
95, 101
95, 103
96, 1
96, 2
96, 3
96, 4
96, 5
96, 6
96, 7
96, 9
96, 11
96, 12
96, 13
96, 14
96, 15
96, 16
96, 17
96, 18
96, 20
96, 22
96, 23
96, 27
105, 4
105, 7
105, 8
105, 10
105, 11
105, 14
105, 17
105, 18
105, 20
105, 23
105, 29
105, 30
105, 33
105, 38
105, 43
105, 46
105, 47
105, 48
105, 53
105, 54
107, 19
112, 1
112, 3
112, 5
112, 12
112, 15
112, 27
112, 34
112, 36
112, 50
112, 51
112, 52
112, 59
112, 63
112, 66
112, 68
112, 78
112, 85
112, 88
112, 98
112, 102
113, 1
113, 3
113, 4
113, 5
113, 6
113, 7
113, 8
113, 9
113, 10
113, 11
113, 12
113, 13
113, 14
113, 15
113, 17
113, 18
113, 20
113, 23
113, 27
113, 29
114, 19
115, 17
115, 20
115, 23
115, 48
115, 55
115, 61
115, 65
115, 69
115, 73
115, 74
115, 76
115, 77
115, 82
115, 86
115, 93
115, 99
115, 101
115, 118
115, 120
115, 128
122, 1
122, 2
122, 3
122, 5
122, 9
122, 10
122, 12
122, 15
122, 16
122, 22
122, 27
122, 34
122, 36
122, 38
122, 40
122, 49
122, 50
122, 51
122, 52
122, 53
124, 12
124, 34
124, 50
124, 52
124, 58
124, 63
124, 87
124, 88
124, 98
124, 117
124, 123
124, 129
124, 145
124, 153
124, 163
124, 173
124, 174
124, 178
124, 179
124, 188
127, 4
127, 8
127, 10
127, 11
127, 18
127, 53
127, 54
127, 61
127, 67
127, 103
127, 106
127, 133
127, 137
127, 149
127, 159
127, 162
127, 181
127, 185
127, 193
127, 223
132, 4
132, 11
132, 54
132, 61
132, 100
132, 103
132, 151
132, 159
132, 181
132, 197
132, 223
132, 224
132, 229
132, 232
132, 235
132, 240
132, 243
132, 246
132, 251
132, 286
135, 1
135, 3
135, 5
135, 9
135, 12
135, 13
135, 15
135, 27
135, 33
135, 34
135, 36
135, 38
135, 49
135, 50
135, 51
135, 52
135, 58
135, 59
135, 63
135, 66
139, 19
143, 1
143, 3
143, 5
143, 6
143, 9
143, 12
143, 13
143, 15
143, 27
143, 33
143, 34
143, 36
143, 38
143, 49
143, 50
143, 51
143, 52
143, 57
143, 58
143, 59
144, 17
144, 20
144, 23
144, 48
144, 65
144, 69
144, 74
144, 76
144, 82
144, 86
144, 99
144, 120
144, 128
144, 146
144, 154
144, 167
144, 171
144, 187
144, 206
144, 224
148, 1
148, 3
148, 14
148, 29
148, 30
148, 33
148, 36
148, 38
148, 39
148, 43
148, 46
148, 49
148, 57
148, 59
148, 66
148, 68
148, 72
148, 73
148, 77
148, 80
157, 8
157, 10
157, 18
157, 53
157, 67
157, 106
157, 133
157, 137
157, 149
157, 162
157, 185
157, 193
157, 236
157, 250
157, 252
157, 302
157, 303
157, 306
157, 316
157, 342
168, 2
168, 16
168, 22
168, 64
168, 71
168, 84
168, 123
168, 131
168, 216
168, 312
168, 328
168, 334
168, 340
168, 380
168, 381
168, 385
169, 64
169, 123
169, 312
169, 334
169, 340
170, 1
170, 2
170, 3
170, 4
170, 5
170, 6
170, 7
170, 9
170, 11
170, 12
170, 13
170, 14
170, 15
170, 16
170, 17
170, 18
170, 20
170, 22
170, 23
170, 27
175, 1
175, 3
175, 5
175, 6
175, 9
175, 13
175, 14
175, 15
175, 17
175, 20
175, 27
175, 29
175, 30
175, 33
175, 34
175, 36
175, 38
175, 39
175, 43
175, 46
177, 1
177, 3
177, 5
177, 9
177, 13
177, 15
177, 27
177, 34
177, 36
177, 38
177, 49
177, 50
177, 51
177, 59
177, 63
177, 66
177, 68
177, 78
177, 81
177, 85
180, 19
180, 119
182, 4
182, 20
182, 23
182, 48
182, 61
182, 65
182, 69
182, 74
182, 76
182, 82
182, 86
182, 93
182, 99
182, 101
182, 120
182, 136
182, 146
182, 154
182, 159
182, 167
183, 3
183, 5
183, 6
183, 7
183, 8
183, 9
183, 10
183, 11
183, 12
183, 13
183, 14
183, 15
183, 17
183, 18
183, 20
183, 23
183, 27
183, 29
183, 30
183, 33
186, 7
186, 8
186, 10
186, 11
186, 17
186, 18
186, 23
186, 29
186, 30
186, 43
186, 47
186, 48
186, 53
186, 54
186, 55
186, 57
186, 61
186, 65
186, 67
186, 69
194, 2
194, 5
194, 6
194, 7
194, 9
194, 11
194, 12
194, 13
194, 14
194, 15
194, 16
194, 17
194, 18
194, 22
194, 23
194, 27
194, 29
194, 30
194, 33
194, 34
195, 17
195, 23
195, 29
195, 30
195, 43
195, 46
195, 48
195, 55
195, 57
195, 61
195, 65
195, 69
195, 72
195, 73
195, 74
195, 76
195, 77
195, 82
195, 86
195, 89
196, 2
196, 12
196, 16
196, 22
196, 58
196, 63
196, 64
196, 71
196, 87
196, 98
196, 123
196, 129
196, 145
196, 173
196, 178
196, 179
196, 189
196, 212
196, 216
196, 312
200, 2
200, 8
200, 16
200, 19
200, 22
200, 40
200, 58
200, 64
200, 71
200, 84
200, 97
200, 119
200, 123
200, 131
200, 149
200, 216
200, 258
200, 303
200, 312
200, 316
202, 48
202, 61
202, 65
202, 70
202, 86
202, 120
202, 136
202, 146
202, 159
202, 181
202, 223
202, 224
202, 229
202, 232
202, 235
202, 240
202, 243
202, 246
202, 251
202, 260
207, 5
207, 27
207, 34
207, 36
207, 50
207, 59
207, 66
207, 68
207, 78
207, 85
207, 88
207, 102
207, 104
207, 117
207, 121
207, 126
207, 153
207, 184
207, 203
207, 221
211, 2
211, 5
211, 8
211, 9
211, 10
211, 12
211, 13
211, 15
211, 16
211, 22
211, 27
211, 33
211, 34
211, 36
211, 38
211, 49
211, 50
211, 51
211, 52
211, 57
214, 5
214, 12
214, 15
214, 27
214, 34
214, 36
214, 49
214, 50
214, 51
214, 52
214, 58
214, 59
214, 63
214, 66
214, 68
214, 78
214, 85
214, 87
214, 88
214, 98
215, 48
215, 54
215, 61
215, 65
215, 70
215, 86
215, 93
215, 99
215, 101
215, 120
215, 136
215, 146
215, 159
215, 171
215, 181
215, 187
215, 223
215, 224
215, 229
215, 230
218, 2
218, 5
218, 6
218, 7
218, 9
218, 12
218, 13
218, 14
218, 15
218, 16
218, 19
218, 22
218, 27
218, 29
218, 30
218, 33
218, 34
218, 36
218, 38
218, 39
219, 6
219, 7
219, 8
219, 9
219, 10
219, 12
219, 13
219, 14
219, 15
219, 18
219, 29
219, 30
219, 33
219, 34
219, 36
219, 38
219, 39
219, 41
219, 43
219, 46
220, 6
220, 9
220, 12
220, 13
220, 15
220, 33
220, 38
220, 49
220, 50
220, 51
220, 52
220, 57
220, 59
220, 63
220, 66
220, 68
220, 72
220, 78
220, 80
220, 81
222, 29
222, 30
222, 43
222, 47
222, 48
222, 54
222, 55
222, 57
222, 61
222, 65
222, 69
222, 70
222, 72
222, 73
222, 74
222, 76
222, 77
222, 82
222, 86
222, 93
228, 6
228, 9
228, 13
228, 15
228, 33
228, 38
228, 49
228, 50
228, 57
228, 59
228, 66
228, 68
228, 72
228, 78
228, 80
228, 81
228, 85
228, 88
228, 89
228, 92
231, 13
231, 33
231, 38
231, 49
231, 50
231, 57
231, 59
231, 66
231, 68
231, 78
231, 80
231, 81
231, 85
231, 88
231, 92
231, 102
231, 104
231, 109
231, 110
231, 111
234, 6
234, 14
234, 29
234, 30
234, 33
234, 38
234, 39
234, 43
234, 46
234, 49
234, 50
234, 51
234, 52
234, 55
234, 57
234, 59
234, 63
234, 65
234, 66
234, 68
238, 19
242, 50
242, 52
242, 58
242, 63
242, 78
242, 87
242, 88
242, 98
242, 102
242, 117
242, 121
242, 123
242, 129
242, 145
242, 153
242, 163
242, 173
242, 174
242, 178
242, 179
245, 8
245, 10
245, 14
245, 29
245, 30
245, 43
245, 46
245, 47
245, 48
245, 53
245, 54
245, 55
245, 57
245, 61
245, 65
245, 67
245, 69
245, 70
245, 72
245, 73
248, 30
248, 43
248, 47
248, 48
248, 54
248, 55
248, 61
248, 65
248, 69
248, 70
248, 73
248, 74
248, 76
248, 77
248, 82
248, 86
248, 93
248, 99
248, 100
248, 101
254, 8
254, 10
254, 18
254, 53
254, 54
254, 61
254, 67
254, 103
254, 106
254, 133
254, 137
254, 149
254, 159
254, 162
254, 181
254, 185
254, 193
254, 223
254, 229
254, 235
255, 2
255, 16
255, 22
255, 40
255, 53
255, 58
255, 64
255, 71
255, 84
255, 87
255, 97
255, 106
255, 119
255, 123
255, 131
255, 162
255, 179
255, 185
255, 193
255, 216
257, 50
257, 52
257, 58
257, 63
257, 87
257, 88
257, 98
257, 117
257, 129
257, 153
257, 163
257, 173
257, 174
257, 178
257, 179
257, 188
257, 189
257, 201
257, 212
257, 225
269, 2
269, 6
269, 7
269, 16
269, 18
269, 22
269, 39
269, 40
269, 41
269, 43
269, 46
269, 47
269, 48
269, 49
269, 50
269, 51
269, 52
269, 54
269, 55
269, 57
270, 2
270, 8
270, 10
270, 16
270, 19
270, 22
270, 40
270, 52
270, 53
270, 58
270, 59
270, 63
270, 64
270, 71
270, 78
270, 84
270, 87
270, 88
270, 97
270, 98
272, 2
272, 6
272, 7
272, 16
272, 22
272, 39
272, 40
272, 41
272, 43
272, 46
272, 47
272, 49
272, 51
272, 52
272, 54
272, 55
272, 57
272, 58
272, 59
272, 63
275, 43
275, 55
275, 65
275, 69
275, 73
275, 74
275, 76
275, 77
275, 82
275, 86
275, 93
275, 99
275, 101
275, 108
275, 118
275, 120
275, 128
275, 130
275, 136
275, 146
278, 8
278, 10
278, 18
278, 53
278, 67
278, 106
278, 133
278, 137
278, 149
278, 162
278, 185
278, 193
278, 236
278, 250
278, 252
278, 302
278, 303
278, 306
278, 316
278, 342
281, 6
281, 43
281, 49
281, 51
281, 52
281, 57
281, 58
281, 59
281, 63
281, 66
281, 68
281, 72
281, 73
281, 78
281, 80
281, 81
281, 85
281, 87
281, 88
281, 89
282, 65
282, 82
282, 86
282, 93
282, 99
282, 101
282, 120
282, 136
282, 146
282, 159
282, 171
282, 181
282, 187
282, 206
282, 223
282, 224
282, 230
282, 232
282, 243
282, 246
283, 54
283, 55
283, 69
283, 70
283, 73
283, 74
283, 76
283, 77
283, 82
283, 86
283, 93
283, 99
283, 100
283, 101
283, 118
283, 120
283, 128
283, 136
283, 146
283, 154
284, 54
284, 86
284, 100
284, 120
284, 146
284, 151
284, 159
284, 181
284, 197
284, 223
284, 224
284, 229
284, 232
284, 235
284, 240
284, 243
284, 246
284, 251
284, 285
284, 286
288, 49
288, 57
288, 59
288, 66
288, 68
288, 72
288, 73
288, 78
288, 80
288, 81
288, 85
288, 88
288, 89
288, 92
288, 102
288, 104
288, 109
288, 110
288, 111
288, 117
289, 19
294, 47
294, 55
294, 69
294, 70
294, 73
294, 74
294, 76
294, 77
294, 82
294, 86
294, 93
294, 99
294, 100
294, 101
294, 103
294, 118
294, 120
294, 128
294, 130
294, 136
298, 7
298, 18
298, 39
298, 41
298, 46
298, 47
298, 49
298, 53
298, 55
298, 57
298, 59
298, 66
298, 67
298, 68
298, 69
298, 70
298, 72
298, 73
298, 74
298, 76
301, 66
301, 68
301, 78
301, 88
301, 102
301, 117
301, 121
301, 126
301, 153
301, 163
301, 184
301, 189
301, 201
301, 203
301, 208
301, 221
301, 226
301, 239
301, 244
301, 279
305, 7
305, 18
305, 53
305, 67
305, 103
305, 106
305, 133
305, 137
305, 149
305, 151
305, 159
305, 162
305, 181
305, 185
305, 193
305, 223
305, 229
305, 235
305, 236
305, 240
310, 39
310, 46
310, 49
310, 51
310, 57
310, 66
310, 68
310, 69
310, 72
310, 73
310, 74
310, 77
310, 78
310, 80
310, 81
310, 82
310, 85
310, 86
310, 88
310, 89
311, 2
311, 7
311, 16
311, 22
311, 39
311, 41
311, 46
311, 47
311, 51
311, 52
311, 53
311, 55
311, 58
311, 63
311, 64
311, 66
311, 67
311, 68
311, 69
311, 70
319, 68
319, 78
319, 85
319, 102
319, 104
319, 110
319, 117
319, 121
319, 125
319, 126
319, 134
319, 142
319, 153
319, 161
319, 166
319, 184
319, 203
319, 226
319, 239
319, 244
320, 19
321, 39
321, 41
321, 46
321, 51
321, 52
321, 53
321, 55
321, 58
321, 63
321, 64
321, 67
321, 68
321, 69
321, 70
321, 71
321, 72
321, 73
321, 74
321, 76
321, 77
323, 51
323, 58
323, 63
323, 68
323, 78
323, 85
323, 88
323, 98
323, 102
323, 104
323, 110
323, 117
323, 121
323, 125
323, 126
323, 129
323, 134
323, 142
323, 153
323, 161
326, 51
326, 58
326, 63
326, 78
326, 81
326, 85
326, 88
326, 92
326, 98
326, 102
326, 104
326, 109
326, 110
326, 111
326, 117
326, 121
326, 125
326, 126
326, 129
326, 134
329, 47
329, 70
329, 86
329, 93
329, 99
329, 100
329, 101
329, 120
329, 136
329, 146
329, 151
329, 159
329, 165
329, 181
329, 187
329, 197
329, 223
329, 224
329, 229
329, 232
335, 7
335, 39
335, 41
335, 46
335, 47
335, 53
335, 55
335, 67
335, 69
335, 70
335, 72
335, 73
335, 74
335, 76
335, 77
335, 80
335, 81
335, 82
335, 85
335, 88
336, 39
336, 46
336, 51
336, 72
336, 73
336, 74
336, 77
336, 80
336, 81
336, 85
336, 89
336, 92
336, 102
336, 104
336, 108
336, 109
336, 110
336, 111
336, 117
336, 121
337, 120
337, 146
337, 159
337, 181
337, 223
337, 224
337, 232
337, 240
337, 243
337, 246
337, 251
337, 286
337, 346
341, 117
341, 121
341, 153
341, 163
341, 178
341, 189
341, 201
341, 203
341, 208
341, 225
341, 226
341, 239
341, 244
341, 279
341, 280
341, 290
341, 308
341, 322
341, 333
341, 344
343, 2
343, 16
343, 22
343, 39
343, 40
343, 41
343, 46
343, 53
343, 55
343, 58
343, 64
343, 67
343, 69
343, 70
343, 71
343, 72
343, 73
343, 74
343, 76
343, 77
347, 2
347, 7
347, 16
347, 22
347, 39
347, 40
347, 41
347, 47
347, 55
347, 58
347, 64
347, 67
347, 70
347, 71
347, 72
347, 73
347, 74
347, 76
347, 77
347, 80
351, 67
351, 106
351, 133
351, 137
351, 149
351, 162
351, 185
351, 193
351, 236
351, 250
351, 252
351, 302
351, 303
351, 306
351, 316
351, 342
351, 350
351, 357
351, 387
351, 394
353, 39
353, 41
353, 70
353, 72
353, 74
353, 76
353, 77
353, 80
353, 81
353, 82
353, 85
353, 89
353, 92
353, 93
353, 99
353, 101
353, 102
353, 104
353, 108
353, 109
354, 41
354, 47
354, 58
354, 64
354, 67
354, 71
354, 72
354, 76
354, 77
354, 80
354, 81
354, 82
354, 85
354, 87
354, 89
354, 92
354, 93
354, 98
354, 99
354, 100
355, 72
355, 77
355, 80
355, 81
355, 85
355, 89
355, 92
355, 104
355, 110
355, 117
355, 121
355, 126
355, 134
355, 141
355, 147
355, 150
355, 152
355, 155
355, 156
355, 158
359, 80
359, 81
359, 85
359, 89
359, 92
359, 102
359, 104
359, 109
359, 110
359, 111
359, 117
359, 121
359, 125
359, 126
359, 134
359, 138
359, 141
359, 142
359, 153
359, 156
362, 67
362, 82
362, 93
362, 99
362, 100
362, 101
362, 103
362, 106
362, 120
362, 133
362, 136
362, 137
362, 146
362, 149
362, 151
362, 154
362, 159
362, 162
362, 171
362, 181
373, 98
373, 117
373, 121
373, 129
373, 153
373, 163
373, 178
373, 179
373, 189
373, 201
373, 203
373, 208
373, 225
373, 226
373, 239
373, 244
373, 279
373, 280
373, 290
373, 308
376, 22
376, 64
376, 71
376, 123
376, 216
376, 312
376, 328
376, 334
376, 340
376, 364
376, 380
376, 381
376, 385
384, 19
384, 40
384, 41
384, 47
384, 64
384, 71
384, 76
384, 77
384, 80
384, 81
384, 82
384, 84
384, 87
384, 89
384, 92
384, 93
384, 97
384, 98
384, 99
384, 100
386, 98
386, 102
386, 104
386, 117
386, 121
386, 126
386, 129
386, 134
386, 153
386, 163
386, 173
386, 174
386, 178
386, 179
386, 184
386, 189
386, 201
386, 203
386, 208
386, 221
391, 77
391, 80
391, 81
391, 82
391, 89
391, 92
391, 102
391, 104
391, 108
391, 109
391, 110
391, 111
391, 116
391, 117
391, 118
391, 121
391, 125
391, 126
391, 128
391, 130
398, 19
end