160
4
0, 0.06977941164282564, 0.0713143570562006
1, 0.948983885867973, 0.9165971368172635
2, 0.4576614089426192, 0.8759721894276351
3, 0.24793213205006337, 0.6381405421893077
4, 0.9991251592122928, 0.36191896505107013
5, 0.11526659260764283, 0.4547694816053832
6, 0.29355548678387433, 0.9707035846265489
7, 0.8858066385961676, 0.5157569723980421
8, 0.9601335416242621, 0.25191802143973463
9, 0.8684725058113267, 0.9825852427758904
10, 0.6224864498321192, 0.20209391380973107
11, 0.18034761223784368, 0.6339211263888502
12, 0.13934097834632997, 0.057895429547746735
13, 0.8921906705301035, 0.16968607764547416
14, 0.24829388008462605, 0.4512241854550897
15, 0.4443943068831122, 0.7500760427299467
16, 0.7289010949378192, 0.7401049495194095
17, 0.09756728253009583, 0.04309509049803917
18, 0.13291354680875078, 0.7356994325241544
19, 0.686453473404855, 0.5804178796335185
20, 0.3146737423696063, 0.9798948989771296
21, 0.2816908446332429, 0.15769173825740157
22, 0.301571836826113, 0.5333913160850172
23, 0.9728948526744309, 0.05206195516520007
24, 0.006543469176942152, 0.05989915339144192
25, 0.27962211072335963, 0.893500966587855
26, 0.9948837948005577, 0.5672952006335602
27, 0.8303971317661275, 0.0908056812478748
28, 0.028249590709859107, 0.30827772238886875
29, 0.6032439661909238, 0.41007361158422995
30, 0.30327737926716236, 0.017278917385669668
31, 0.7248237433843013, 0.6827999814228575
32, 0.5173770764815662, 0.622069369149791
33, 0.062001033292333974, 0.7976840463323275
34, 0.13974168147361365, 0.3886121231471298
35, 0.34206458014687124, 0.9202992368641667
36, 0.5080939391766868, 0.07999491078303889
37, 0.7189846998139579, 0.28411702081249335
38, 0.028125448584305768, 0.25625218007412487
39, 0.5861667344416612, 0.3629270943393159
40, 0.12501462991704326, 0.9130303433103012
41, 0.4499250601673601, 0.8586229878815702
42, 0.6950784430564549, 0.8062141511813794
43, 0.8375289196148509, 0.305412694128374
44, 0.18321169885257405, 0.7260794793710609
45, 0.7318456146998276, 0.9351713851486829
46, 0.6632369439158126, 0.25634738892410824
47, 0.8003187905639253, 0.787723048315171
48, 0.3792380472896374, 0.1388238847519131
49, 0.11188544277769297, 0.6704991927894355
50, 0.6882303927006728, 0.7555055039165283
51, 0.5235105541813444, 0.7661026829796717
52, 0.2932153903433601, 0.8728683572909318
53, 0.4776825488929827, 0.8699771299222221
54, 0.2951118563045546, 0.9446376101354712
55, 0.3932112103095813, 0.9544045913969906
56, 0.570635914994797, 0.5059927062448564
57, 0.14641810984144732, 0.23274265875651612
58, 0.08428622737943126, 0.4992808271570208
59, 0.8005006593237901, 0.4237520036777507
60, 0.44927576857943285, 0.48670862297853257
61, 0.11487672658681647, 0.18512741109715258
62, 0.917667366954844, 0.1344425983037636
63, 0.7861395381817895, 0.3427313102686631
64, 0.9579847666925184, 0.021617958816519844
65, 0.9387778761380817, 0.4961936330769694
66, 0.984121013220517, 0.0369173921563517
67, 0.32593626182108504, 0.47310737268027414
68, 0.08259108195079357, 0.8109164886627614
69, 0.7987931276993611, 0.605914776708132
70, 0.6775116311388155, 0.10478878807669878
71, 0.9033740966439423, 0.4384474353674199
72, 0.7946356069181039, 0.2968622398764166
73, 0.06514607998747446, 0.05926337247657387
74, 0.10926756482133082, 0.9750069074570215
75, 0.6887315565937998, 0.23915467172709803
76, 0.7984482861001679, 0.5295085467793024
77, 0.2789932396829744, 0.13734024426285552
78, 0.11159607178930153, 0.8129461894815602
79, 0.5354387849843603, 0.3136586924790091
80, 0.14041319681354925, 0.20874135787037063
81, 0.9775695118572416, 0.23412630960258884
82, 0.2244165451586151, 0.33846029019039037
83, 0.7548762842190077, 0.9752387696426326
84, 0.4504546399657394, 0.03812556352718344
85, 0.6754923447560179, 0.9750687857188265
86, 0.24974980136015223, 0.11117788324849065
87, 0.7821493810680201, 0.734020865443013
88, 0.2589952102766029, 0.2414446767232331
89, 0.7727954407712657, 0.9996743188637536
90, 0.1032043441905316, 0.08025740985568175
91, 0.7521982420912343, 0.6458554100314001
92, 0.8285430903459546, 0.7011331050616725
93, 0.8671812882790135, 0.443400416996066
94, 0.31162980987300404, 0.13949167484700498
95, 0.5931182691650524, 0.17478320141366588
96, 0.6448276056493595, 0.3122376947408122
97, 0.6553532907286819, 0.4236328852754345
98, 0.5548294719032371, 0.2666160388712149
99, 0.7085928148064052, 0.4320121150164503
100, 0.9770005698364956, 0.30644242429792923
101, 0.32438856120021964, 0.7591241059946587
102, 0.01681104068363448, 0.10063382472300841
103, 0.7898145155657359, 0.513704794236552
104, 0.5268686370426128, 0.9525862273039697
105, 0.8526477689665344, 0.38217172568112356
106, 0.5754892990039405, 0.6471875281250546
107, 0.9072202656750686, 0.5544610779942288
108, 0.5356942472768609, 0.7515935815471347
109, 0.8819112062628984, 0.5388994691691741
110, 0.19513811832362282, 0.07248130334174407
111, 0.878595287113299, 0.5482386608182276
112, 0.9915616770854981, 0.573517267761765
113, 0.07795879160582542, 0.5859179435366544
114, 0.3023171942543865, 0.0844423419588003
115, 0.39791692809109724, 0.39368647732659423
116, 0.8928006698549193, 0.8615853573387455
117, 0.4678316171840844, 0.5391985540161768
118, 0.8539664416262881, 0.6071441688630983
119, 0.10298020935321228, 0.6549667210726441
120, 0.24973014148560613, 0.04948452882157972
121, 0.5813064585565121, 0.4667461753933537
122, 0.6852421908316244, 0.9971732564274773
123, 0.33353796796340207, 0.9650299588946337
124, 0.0512937197726242, 0.6902870016673666
125, 0.678429067186361, 0.3674528323404257
126, 0.6545488109214394, 0.7002274025318682
127, 0.8482161093694723, 0.20867999155989503
128, 0.538834843753796, 0.84536595015207
129, 0.9519087442307363, 0.782037456775642
130, 0.801529537521593, 0.14074177126561604
131, 0.3498466160000899, 0.8842334415143277
132, 0.708174654149626, 0.7629323631483326
133, 0.9484190433427531, 0.8610601980515267
134, 0.3107199382792616, 0.700304902512523
135, 0.5003398885867845, 0.6751339806876425
136, 0.8798093552112568, 0.6249571795335493
137, 0.09844918932197189, 0.48422445331254116
138, 0.28538872467383436, 0.45393103788186806
139, 0.33192197797035317, 0.2598372296956931
140, 0.29346765599417446, 0.7888218209687966
141, 0.7259056797199899, 0.2689002830953603
142, 0.6716094665322351, 0.3389015864960355
143, 0.009061244408928526, 0.6379627410777865
144, 0.45486071478444523, 0.814461449468272
145, 0.08407682670248784, 0.035355649924389665
146, 0.7958356801428581, 0.037177171460303526
147, 0.5112981314221531, 0.07773691230168189
148, 0.9306963774512808, 0.9577515178575394
149, 0.7007577852770059, 0.9908404914996555
150, 0.615357759173374, 0.8506700730846497
151, 0.4874923845647936, 0.4591333441672758
152, 0.14117068106930597, 0.41647534519935625
153, 0.09611533238152747, 0.5407918080420203
154, 0.49049002373247874, 0.14357599144277977
155, 0.35268673652315297, 0.34128661701450047
156, 0.7940378646229138, 0.42743721627258324
157, 0.39785366779095654, 0.5146011440162059
158, 0.036431740266515966, 0.5967987008908462
159, 0.4013329294822259, 0.8155551028873447
end_nodes
0, 1
0, 2
0, 3
0, 4
0, 5
0, 6
0, 7
0, 8
0, 9
0, 10
0, 11
0, 12
13, 24
14, 2
14, 41
14, 53
14, 55
14, 73
14, 104
14, 144
14, 159
17, 3
17, 5
17, 6
17, 11
17, 18
17, 20
17, 25
17, 28
17, 33
17, 34
17, 35
17, 38
21, 23
21, 27
21, 36
21, 48
21, 62
21, 63
21, 64
21, 66
21, 70
21, 71
21, 96
21, 98
22, 53
22, 104
22, 144
22, 159
29, 76
30, 3
30, 5
30, 6
30, 11
30, 18
30, 20
30, 25
30, 28
30, 33
30, 34
30, 35
30, 38
31, 87
39, 99
46, 4
46, 72
51, 85
51, 122
57, 2
57, 3
57, 6
57, 11
57, 15
57, 20
57, 25
57, 35
57, 41
57, 44
57, 52
57, 53
58, 33
58, 68
58, 113
60, 126
60, 132
60, 148
61, 2
61, 3
61, 5
61, 6
61, 11
61, 15
61, 18
61, 20
61, 23
61, 25
61, 27
61, 33
67, 85
67, 108
67, 122
67, 149
67, 150
77, 4
77, 23
77, 27
77, 36
77, 37
77, 43
77, 48
77, 62
77, 64
77, 66
77, 70
77, 72
80, 3
80, 6
80, 11
80, 15
80, 20
80, 23
80, 25
80, 27
80, 35
80, 36
80, 44
80, 45
81, 24
82, 85
82, 108
82, 122
82, 128
82, 149
82, 150
82, 159
86, 10
86, 23
86, 27
86, 36
86, 48
86, 62
86, 64
86, 66
86, 70
86, 84
86, 100
86, 114
88, 19
88, 56
88, 91
88, 92
88, 129
88, 133
90, 3
90, 4
90, 5
90, 6
90, 10
90, 11
90, 18
90, 20
90, 23
90, 25
90, 26
90, 27
94, 4
94, 23
94, 27
94, 36
94, 43
94, 48
94, 62
94, 64
94, 66
94, 70
94, 75
94, 130
95, 24
101, 55
102, 23
102, 27
102, 36
102, 62
102, 64
102, 66
102, 70
102, 84
102, 110
102, 114
102, 120
102, 130
106, 9
115, 1
115, 47
115, 87
115, 116
117, 9
117, 42
118, 136
125, 59
125, 65
127, 24
134, 55
138, 128
139, 69
139, 136
142, 71
145, 3
145, 5
145, 6
145, 11
145, 18
145, 20
145, 25
145, 28
145, 33
145, 34
145, 35
145, 38
147, 23
147, 64
147, 66
147, 146
151, 87
151, 133
154, 24
155, 1
155, 87
155, 116
155, 133
156, 65
157, 45
157, 83
157, 89
end