180
4
0, 0.24258947436638645, 0.17416453786754604
1, 0.5641253397732312, 0.3087102398170931
2, 0.5183357521029098, 0.14660586470607329
3, 0.32223071063126785, 0.642177489810321
4, 0.36510808114803084, 0.32496802430335736
5, 0.17514400090465088, 0.6368653716289195
6, 0.6616284490326059, 0.09626449800540504
7, 0.7481144294019078, 0.2352053749030969
8, 0.7397694733825347, 0.42943507120110047
9, 0.7766947790014844, 0.33458749159126855
10, 0.5611599629611566, 0.4391058089458635
11, 0.034084163817074575, 0.15068396424326858
12, 0.21656273307160734, 0.4167990447830101
13, 0.06768198274582682, 0.312066094459693
14, 0.37131700632523845, 0.9834722851613303
15, 0.3255282119011861, 0.23647270973191503
16, 0.659582678773619, 0.7982089843858491
17, 0.4959803995575728, 0.3996369952273692
18, 0.07516650691472648, 0.12485285293609316
19, 0.8442448344805612, 0.24601091177143575
20, 0.47182196090562767, 0.9493908041995139
21, 0.33597843543871353, 0.2809495304700139
22, 0.8297960738792968, 0.4213797827132123
23, 0.27814648288462374, 0.1429115868713754
24, 0.5277005014234929, 0.7255140509988441
25, 0.23841004038739622, 0.6944965892886391
26, 0.5303675088369559, 0.5935529904368476
27, 0.23982596288813962, 0.6036466833145459
28, 0.4251517551240157, 0.013183741717902264
29, 0.35517937198236504, 0.3498716035013564
30, 0.6054633825668843, 0.16607644703569302
31, 0.9745889349611943, 0.5266906250934339
32, 0.08817675320939611, 0.7327542863112401
33, 0.32717282276267023, 0.29786437256729403
34, 0.37572337510630494, 0.6997799871753644
35, 0.4290976388869763, 0.8176856569720047
36, 0.810372629247418, 0.18260017310288523
37, 0.7958039519497474, 0.6770374334260778
38, 0.12850858788159392, 0.9887077799246192
39, 0.6300733746772714, 0.20465756736485763
40, 0.1975223358143119, 0.4880256372109796
41, 0.2963715220496064, 0.9628610894680996
42, 0.11305240439011877, 0.5703955608962747
43, 0.8576073134824798, 0.035031947681254394
44, 0.9567131734788972, 0.23799227765551467
45, 0.9974376378124111, 0.24663825045575305
46, 0.6881991161763585, 0.09554524416665855
47, 0.7417879593155796, 0.03968055144349514
48, 0.08778330689588809, 0.9831209291278868
49, 0.01663217839342468, 0.3217549612856483
50, 0.009965821009158216, 0.5662477414587541
51, 0.7765200063748635, 0.29627336707648777
52, 0.3594207506011853, 0.5499852753863012
53, 0.5078123869303631, 0.4383352538534334
54, 0.4448159442738886, 0.5815901082172165
55, 0.8782841039965893, 0.8759224571903026
56, 0.48945549155762913, 0.3898976678873233
57, 0.6020939561310945, 0.7805941524791898
58, 0.4751768414454919, 0.8329913286217842
59, 0.41726116375627154, 0.8694824888432499
60, 0.505075976579501, 0.9728330688963855
61, 0.34786209675320345, 0.7786377659998022
62, 0.9507038134049657, 0.25011758403951645
63, 0.13622164705963824, 0.006217310761204908
64, 0.8821793611533113, 0.4632757243164839
65, 0.10248284056087753, 0.12651571675840811
66, 0.33253483081172674, 0.2718524991508924
67, 0.7787201415858408, 0.3261883828316401
68, 0.9443645673507326, 0.5305516193379083
69, 0.19711545197802283, 0.41293328830422626
70, 0.9208232852484306, 0.5850519340543912
71, 0.5640763988420318, 0.20714458814427894
72, 0.12822714916787348, 0.7939563933909699
73, 0.9613477849584281, 0.5644778745813198
74, 0.2267434922186441, 0.10998917108714323
75, 0.6006440612841112, 0.8439300103677931
76, 0.13848206844357513, 0.11892794558294117
77, 0.2960275571745288, 0.2025028670119955
78, 0.2735063957969309, 0.14028044102437165
79, 0.39115744532482644, 0.389203415324071
80, 0.4514372750659488, 0.40046042864398645
81, 0.4725185738955868, 0.8740994856314436
82, 0.5759446614261122, 0.7257839253371424
83, 0.5628740629976231, 0.36025192277025686
84, 0.3704980381393692, 0.08066063979812199
85, 0.6824810464628456, 0.6259637182028892
86, 0.689910012742483, 0.6664623479346958
87, 0.8845323223877181, 0.3260952190727191
88, 0.8552257035685563, 0.7412978932573343
89, 0.11133462790600268, 0.18141913147352584
90, 0.5255928326018846, 0.030987426587598788
91, 0.7254203909497298, 0.3178670749602456
92, 0.5119922558560734, 0.40683352013950214
93, 0.2815475820096819, 0.22017510853007927
94, 0.2742877451263902, 0.5670605690525296
95, 0.8793942788310325, 0.3375006912978491
96, 0.9789719126217563, 0.7919264581581675
97, 0.4016223308579777, 0.976623317530413
98, 0.25208649924758697, 0.24235810421258275
99, 0.30700476161942236, 0.2877217864928999
100, 0.7175714161051573, 0.0666413983661458
101, 0.26852275574260576, 0.4230456616724543
102, 0.1913793084850971, 0.05652406062671733
103, 0.4670949474013787, 0.5565571593315592
104, 0.8470396126050682, 0.15694487311230187
105, 0.8273753019108999, 0.881263133070923
106, 0.7014481558928807, 0.8434689638409724
107, 0.30876217246785276, 0.12799998243900002
108, 0.9641035074836418, 0.5267077346160363
109, 0.5476682230373865, 0.8172386173609884
110, 0.05328354840143512, 0.6447990371448913
111, 0.4931279408149126, 0.3346555100865378
112, 0.18117376095947646, 0.7988816580247349
113, 0.20864356464126765, 0.19634299183005688
114, 0.7367541304826148, 0.27247728610085575
115, 0.1733241070601118, 0.5701424363954025
116, 0.10086237232663076, 0.9353890143083304
117, 0.5877727477342989, 0.6990632346918647
118, 0.7642471675727056, 0.12403265930646334
119, 0.922131950748574, 0.8985028069069042
120, 0.054310855761461885, 0.6616205694235079
121, 0.03887411184660594, 0.25199795635654354
122, 0.44969254088670274, 0.38628201691459185
123, 0.6704928664228375, 0.4916363712824242
124, 0.37065506699702666, 0.15020077484699623
125, 0.3830723868137942, 0.7799824574458923
126, 0.75587993223526, 0.07345413208113727
127, 0.17570035610584123, 0.6945819678468639
128, 0.6477172539378553, 0.9897200064644119
129, 0.5484253143680525, 0.04838326695888917
130, 0.7525270981206198, 0.6810958265911404
131, 0.705531881454554, 0.35291987141610126
132, 0.33423584889024305, 0.598557897150112
133, 0.478412561045639, 0.930643734115357
134, 0.8333912742799725, 0.4353411276265613
135, 0.8078716338248302, 0.3439850831780875
136, 0.1574970335319067, 0.6198565872751406
137, 0.5649996173425872, 0.3877862817500639
138, 0.6638243184871664, 0.2771512181365655
139, 0.2137365644427317, 0.1580399071536438
140, 0.3572747754040704, 0.7747109050021839
141, 0.0041256540314508205, 0.014137629716286959
142, 0.25574625116643834, 0.5146233213709666
143, 0.6735175752965582, 0.966423552837661
144, 0.7275118966913795, 0.19037718881304944
145, 0.5638271251004314, 0.18094196615392744
146, 0.9198269787651958, 0.503963366753458
147, 0.7421977611632619, 0.1441419313646748
148, 0.09509107844253073, 0.9192395176866316
149, 0.9433260488009904, 0.12179545305798412
150, 0.3587792542252005, 0.9094002594969098
151, 0.6980922640565156, 0.5057911462163381
152, 0.8733809745079368, 0.40219364974792315
153, 0.8648172593962229, 0.2965145983868387
154, 0.23953763468932499, 0.6680531510715148
155, 0.7322850786265577, 0.1315892324760607
156, 0.5636980513343491, 0.9375865884379375
157, 0.9043758923960283, 0.8481365646777349
158, 0.07673727161907162, 0.5679892611841744
159, 0.6011986332153771, 0.004738242867987963
160, 0.557297568155834, 0.4556340528301034
161, 0.9860455872925493, 0.18221471014745683
162, 0.01737176858033962, 0.3938548131673181
163, 0.02338159749709523, 0.42840458009626026
164, 0.24316585687559422, 0.9791279166488139
165, 0.6578636547944702, 0.04090151780676543
166, 0.8209605007025059, 0.5440510553975748
167, 0.030433549718518416, 0.5420264770550652
168, 0.7798281448040234, 0.7438159852881477
169, 0.6124799099758113, 0.26660238132946545
170, 0.19321575758854648, 0.9950783798047664
171, 0.6458092587488775, 0.5372673413427804
172, 0.564241327132535, 0.3821520119064642
173, 0.07613752614332103, 0.44708380425285266
174, 0.8088497587229991, 0.7196900545769851
175, 0.7150549490238225, 0.7086435932736048
176, 0.6678443423592032, 0.8387504907908028
177, 0.16674856711886865, 0.016232260584763014
178, 0.38286383673008617, 0.3442689765565027
179, 0.7856022672625836, 0.28216147549709736
end_nodes
0, 1
0, 2
0, 3
0, 4
0, 5
0, 6
0, 7
0, 8
0, 9
0, 10
0, 11
0, 12
0, 13
15, 1
15, 3
15, 4
15, 5
15, 8
15, 10
15, 12
15, 14
15, 16
15, 17
15, 20
15, 21
15, 22
18, 1
18, 3
18, 4
18, 5
18, 7
18, 8
18, 9
18, 10
18, 12
18, 13
18, 14
18, 16
18, 17
19, 11
19, 89
23, 1
23, 3
23, 4
23, 5
23, 7
23, 8
23, 9
23, 10
23, 12
23, 13
23, 14
23, 16
23, 17
28, 1
28, 3
28, 4
28, 5
28, 7
28, 8
28, 9
28, 10
28, 12
28, 13
28, 14
28, 16
28, 17
29, 3
29, 14
29, 20
29, 25
29, 34
29, 35
29, 38
29, 41
29, 52
29, 58
29, 59
29, 60
29, 61
30, 11
30, 89
30, 104
30, 118
30, 147
30, 149
33, 3
33, 4
33, 5
33, 10
33, 14
33, 16
33, 17
33, 20
33, 24
33, 25
33, 26
33, 27
33, 34
36, 11
36, 89
39, 7
39, 11
39, 87
39, 89
39, 153
39, 179
42, 32
42, 48
42, 116
42, 120
42, 148
43, 1
43, 3
43, 5
43, 7
43, 8
43, 9
43, 10
43, 13
43, 14
43, 16
43, 17
43, 20
43, 22
44, 11
44, 89
45, 11
45, 89
47, 1
47, 3
47, 5
47, 7
47, 8
47, 9
47, 10
47, 13
47, 14
47, 16
47, 17
47, 20
47, 22
49, 46
49, 104
49, 118
49, 126
49, 147
49, 149
49, 155
62, 11
62, 89
63, 1
63, 3
63, 4
63, 5
63, 7
63, 8
63, 9
63, 10
63, 12
63, 13
63, 14
63, 16
63, 17
65, 1
65, 3
65, 4
65, 5
65, 7
65, 8
65, 9
65, 10
65, 12
65, 13
65, 14
65, 16
65, 17
66, 3
66, 4
66, 5
66, 10
66, 14
66, 16
66, 17
66, 20
66, 24
66, 25
66, 26
66, 27
66, 32
69, 5
69, 14
69, 25
69, 27
69, 32
69, 38
69, 40
69, 41
69, 48
69, 72
69, 97
69, 110
69, 112
71, 7
71, 8
71, 9
71, 11
71, 22
71, 31
71, 51
71, 64
71, 67
71, 68
71, 70
71, 73
71, 87
74, 1
74, 3
74, 4
74, 5
74, 7
74, 8
74, 9
74, 10
74, 12
74, 13
74, 14
74, 16
74, 17
76, 1
76, 4
76, 7
76, 8
76, 9
76, 10
76, 12
76, 13
76, 16
76, 17
76, 20
76, 22
76, 24
77, 1
77, 2
77, 4
77, 6
77, 8
77, 9
77, 12
77, 13
77, 16
77, 17
77, 20
77, 22
77, 24
78, 1
78, 4
78, 7
78, 9
78, 12
78, 13
78, 20
78, 22
78, 24
78, 25
78, 26
78, 27
78, 31
84, 12
84, 13
84, 20
84, 21
84, 22
84, 24
84, 25
84, 26
84, 27
84, 31
84, 32
84, 34
84, 35
90, 20
90, 22
90, 24
90, 25
90, 26
90, 27
90, 31
90, 32
90, 34
90, 35
90, 37
90, 38
90, 40
93, 2
93, 12
93, 20
93, 22
93, 24
93, 25
93, 26
93, 27
93, 31
93, 32
93, 34
93, 35
93, 37
98, 20
98, 24
98, 25
98, 26
98, 27
98, 32
98, 34
98, 35
98, 37
98, 38
98, 40
98, 41
98, 46
99, 24
99, 25
99, 26
99, 27
99, 32
99, 34
99, 35
99, 37
99, 38
99, 40
99, 41
99, 48
99, 50
100, 22
100, 24
100, 25
100, 26
100, 27
100, 31
100, 32
100, 34
100, 35
100, 37
100, 38
100, 41
100, 48
101, 25
101, 27
101, 34
101, 35
101, 38
101, 41
101, 48
101, 58
101, 59
101, 60
101, 61
101, 72
101, 81
102, 22
102, 24
102, 25
102, 26
102, 27
102, 31
102, 32
102, 34
102, 35
102, 37
102, 38
102, 40
102, 41
107, 21
107, 22
107, 24
107, 26
107, 27
107, 31
107, 32
107, 34
107, 35
107, 37
107, 38
107, 40
107, 41
111, 26
111, 35
111, 37
111, 53
111, 55
111, 56
111, 57
111, 58
111, 60
111, 68
111, 70
111, 73
111, 75
113, 2
113, 6
113, 26
113, 31
113, 32
113, 34
113, 35
113, 37
113, 38
113, 40
113, 41
113, 46
113, 48
121, 2
121, 6
121, 46
121, 104
121, 118
121, 126
121, 147
121, 149
121, 155
124, 6
124, 21
124, 31
124, 32
124, 34
124, 35
124, 37
124, 38
124, 40
124, 41
124, 46
124, 48
124, 50
129, 31
129, 37
129, 38
129, 40
129, 41
129, 48
129, 50
129, 51
129, 52
129, 53
129, 54
129, 55
129, 56
138, 31
138, 64
138, 67
138, 87
138, 91
138, 95
138, 108
138, 135
138, 146
138, 152
139, 11
139, 31
139, 37
139, 38
139, 40
139, 41
139, 48
139, 50
139, 51
139, 52
139, 53
139, 54
139, 55
141, 37
141, 40
141, 41
141, 48
141, 50
141, 51
141, 52
141, 53
141, 54
141, 55
141, 56
141, 57
141, 58
144, 11
144, 89
145, 11
145, 51
145, 67
145, 87
145, 89
145, 95
145, 104
145, 114
145, 135
145, 147
145, 149
145, 152
145, 153
158, 110
158, 120
159, 40
159, 48
159, 50
159, 51
159, 52
159, 53
159, 54
159, 55
159, 56
159, 57
159, 58
159, 59
159, 60
161, 11
161, 89
165, 48
165, 50
165, 51
165, 52
165, 53
165, 54
165, 55
165, 56
165, 57
165, 58
165, 59
165, 60
165, 61
169, 64
169, 67
169, 68
169, 70
169, 73
169, 87
169, 91
169, 95
169, 108
169, 131
169, 134
169, 135
169, 146
173, 50
173, 167
177, 40
177, 48
177, 50
177, 51
177, 52
177, 53
177, 54
177, 55
177, 56
177, 57
177, 58
177, 59
177, 60
end