80
4
0, 0.8293025373592683, 0.976366319748617
1, 0.1835831175939341, 0.8398086771007767
2, 0.9659868772989902, 0.8051853161721744
3, 0.08020105714299985, 0.8673003565056097
4, 0.23042518141916102, 0.006115566621374691
5, 0.5345039282378641, 0.7161209812469258
6, 0.6343146440771247, 0.586181892830392
7, 0.15045743247420051, 0.4185538105925444
8, 0.7624830509189114, 0.9646762141488053
9, 0.32948767765986964, 0.7266952352546133
10, 0.042835960658581085, 0.9526954116228478
11, 0.5288837600881077, 0.14161279820962314
12, 0.2570964455710679, 0.07857970678289372
13, 0.3209743150150761, 0.03673910362645705
14, 0.4221160819275459, 0.3629849609619662
15, 0.02330204217069598, 0.6984949518834587
16, 0.13566090004401077, 0.938043393038523
17, 0.6282072472993737, 0.6662843910385174
18, 0.5271915522459504, 0.353916538456276
19, 0.15905091845358676, 0.24113257932841903
20, 0.9405257005749174, 0.6541152986011559
21, 0.5443303029088132, 0.4426938744160457
22, 0.856094254344505, 0.8454403884141648
23, 0.5831250718587685, 0.5641746011447835
24, 0.4387609517356802, 0.5883740102142729
25, 0.04467801724187348, 0.8238539325906932
26, 0.9622700928757769, 0.2377157986016193
27, 0.7692472381215074, 0.857703540257295
28, 0.5694481059576125, 0.2911185891198541
29, 0.7629346057283737, 0.42964259231178026
30, 0.4563135416065922, 0.08339479030516261
31, 0.9550519551475262, 0.3344427566083428
32, 0.9600905884747712, 0.4209291341261332
33, 0.39893829269124526, 0.3277941055877107
34, 0.31262359527338246, 0.5238309385897763
35, 0.5682922529064877, 0.31052963375136533
36, 0.38382798522320505, 0.1950130678021318
37, 0.05500113224651204, 0.05042046403374334
38, 0.7821173168397744, 0.4066391662472073
39, 0.708155550983154, 0.4238888593091936
40, 0.558204933359527, 0.2642351034943913
41, 0.1611054082918244, 0.23309798721173014
42, 0.3653411058109225, 0.22318867011292087
43, 0.026212166177630225, 0.5710720775237219
44, 0.38515523606463287, 0.38592430509003006
45, 0.5156117986211142, 0.7982019126651505
46, 0.1741595263651935, 0.07387963448635226
47, 0.4386165562197277, 0.6101873178841329
48, 0.16025303580327066, 0.7277630050018329
49, 0.6460081908717421, 0.137259562204465
50, 0.9216561413421162, 0.7220685813625095
51, 0.7365411089671747, 0.645840056410059
52, 0.8608712196460844, 0.22431674584012862
53, 0.6921263393552322, 0.8242398967644734
54, 0.23636535562732708, 0.25837386542425334
55, 0.27375143266243895, 0.6617288867835687
56, 0.1582500759799308, 0.9066284848300207
57, 0.7240976438130388, 0.06953357224916212
58, 0.8248780522311419, 0.7794252426197966
59, 0.509789206156068, 0.1299349829722849
60, 0.7219103029670193, 0.07127211598846506
61, 0.7035656066671171, 0.060183683961112844
62, 0.5549037892482357, 0.6387970223136751
63, 0.4938500275017538, 0.8521395221963208
64, 0.44454474013547773, 0.22563347682918
65, 0.1145147168764048, 0.6184751192694918
66, 0.1619254600569383, 0.008441185394506001
67, 0.7620272520583774, 0.6314984699909304
68, 0.3060473557720773, 0.2214103055559058
69, 0.5002042766361001, 0.7185984420646468
70, 0.9630106499644926, 0.27769000458105186
71, 0.3136863199727542, 0.7435968264243741
72, 0.2749153664630821, 0.6738048494687894
73, 0.15713713096880777, 0.9094778998914705
74, 0.6874614974668327, 0.9330868755414445
75, 0.8259389150359071, 0.9765597388873424
76, 0.5080924948522914, 0.757068934684781
77, 0.8710126342251223, 0.03643585338503952
78, 0.9204140260133752, 0.6572597680813197
79, 0.01641193449614431, 0.40493406745848837
end_nodes
0, 1
0, 2
0, 3
0, 4
0, 5
0, 6
0, 7
0, 8
9, 43
9, 65
10, 1
10, 2
10, 3
10, 4
10, 5
10, 6
10, 7
10, 11
16, 1
16, 2
16, 3
16, 4
16, 5
16, 6
16, 7
16, 11
20, 26
20, 31
20, 32
20, 70
20, 77
22, 1
22, 3
22, 4
22, 5
22, 6
22, 7
22, 11
22, 12
27, 1
27, 3
27, 4
27, 5
27, 6
27, 7
27, 11
27, 12
45, 15
45, 43
45, 48
45, 55
45, 65
45, 71
45, 72
50, 26
50, 31
50, 32
50, 38
50, 49
50, 52
50, 57
50, 60
51, 4
51, 11
51, 12
51, 13
51, 14
51, 18
51, 19
51, 21
53, 1
53, 4
53, 5
53, 7
53, 12
53, 14
53, 15
53, 19
56, 1
56, 2
56, 3
56, 4
56, 5
56, 6
56, 7
56, 11
58, 5
58, 6
58, 7
58, 11
58, 12
58, 13
58, 14
58, 17
63, 1
63, 3
63, 15
63, 25
63, 48
67, 11
67, 12
67, 13
67, 18
67, 21
67, 28
67, 30
67, 35
69, 43
69, 55
69, 65
69, 72
69, 79
73, 2
73, 3
73, 6
73, 12
73, 13
73, 14
73, 15
73, 17
74, 15
74, 25
74, 48
75, 2
75, 8
75, 12
75, 13
75, 14
75, 15
75, 17
75, 18
76, 15
76, 43
76, 55
76, 65
76, 72
76, 79
78, 26
78, 31
78, 32
78, 52
78, 70
78, 77
end