500
4
0, 0.751987060183834, 0.820347113096987
1, 0.7551081763558908, 0.9242081457640534
2, 0.2782372488376358, 0.37819575625533297
3, 0.5467482609927371, 0.02127504500983224
4, 0.5935410060865985, 0.6712301737743709
5, 0.14328978174670992, 0.5504294605096415
6, 0.2155093785151787, 0.5639886417443242
7, 0.7679514749139351, 0.09290365716302085
8, 0.14174871857421134, 0.9142352228572197
9, 0.3857687852280126, 0.8201409907489172
10, 0.8159544454107259, 0.19837170550965288
11, 0.6624867508082, 0.29781136873947667
12, 0.6049665276855929, 0.6691998897655514
13, 0.9209624867554965, 0.3084812379738029
14, 0.5322258192827047, 0.12823848651002
15, 0.5343645267666821, 0.5306342431122819
16, 0.012336181721640194, 0.28599497808678065
17, 0.11017046560808519, 0.8147489995906613
18, 0.04389994086943794, 0.934828899137309
19, 0.844135701078937, 0.03392457722526643
20, 0.5478297319247903, 0.3089443177167299
21, 0.22273899624158966, 0.012154402325069813
22, 0.6595069005771637, 0.01960895010570285
23, 0.7641390213448903, 0.9562491954584128
24, 0.6857527620444542, 0.14284661425339917
25, 0.08873813665952879, 0.09725558807291967
26, 0.3450576640005215, 0.4533105226535321
27, 0.6923221056921333, 0.8799544081768446
28, 0.17851500117427122, 0.1486096090071135
29, 0.680964853246299, 0.32025611357839345
30, 0.4739017700371896, 0.06484387584990703
31, 0.42440672079014763, 0.14470682190684703
32, 0.04995836389510566, 0.6478384692134299
33, 0.7247805691880377, 0.8619189489477355
34, 0.7274993906311601, 0.691772662129372
35, 0.29115716584409734, 0.02905660129633536
36, 0.5264292743304964, 0.04727958021731904
37, 0.40203073948084755, 0.7164449718110516
38, 0.7480330286396366, 0.0901700350288257
39, 0.10075898927189009, 0.5596510170679257
40, 0.9815007343352273, 0.8346069040893204
41, 0.7313905994343816, 0.2737548533555658
42, 0.4712587274694231, 0.3200174864090648
43, 0.8527826579821353, 0.19135226569476227
44, 0.228752019694485, 0.28498947877188807
45, 0.12056563744698623, 0.815171616864447
46, 0.5162476640598048, 0.9294602805875294
47, 0.07076577730848244, 0.622841419198985
48, 0.5345732192400886, 0.6509012981496196
49, 0.1788423228635717, 0.2598676328397267
50, 0.07389890331155935, 0.04700710009079534
51, 0.019993642326452177, 0.04865900873269258
52, 0.6725066844235555, 0.03240597304692894
53, 0.8759186696854726, 0.45879940738914415
54, 0.14788930152100577, 0.7124260299861317
55, 0.5295251437659113, 0.3478668350986531
56, 0.31891218568117685, 0.4700134926339037
57, 0.29642774805106575, 0.11853372533989337
58, 0.46224704286188223, 0.8769095770580131
59, 0.9527140831815678, 0.4962383458404036
60, 0.5549634399227045, 0.6444071222079895
61, 0.2001642769337354, 0.7825993895894143
62, 0.006803159368170109, 0.7450672406636193
63, 0.20676098412185095, 0.9398770486060241
64, 0.09322808505622715, 0.48068781783614023
65, 0.19974942009620011, 0.6579883550727178
66, 0.4641465350890014, 0.8144302910226113
67, 0.5460024723414043, 0.7056682427525202
68, 0.4120500135269346, 0.7290504640277291
69, 0.0232380791673239, 0.27223307437039
70, 0.8144254214325635, 0.691292591076482
71, 0.7583769226213124, 0.9221755556638197
72, 0.14789786870701316, 0.660303704603678
73, 0.9012902981103126, 0.9702566729624499
74, 0.18706014575250707, 0.7930544155851286
75, 0.8618229504131465, 0.40495252853382135
76, 0.8907026803015307, 0.10987552703918757
77, 0.9419015776104, 0.7442050550735458
78, 0.8877290320055768, 0.4183871433643904
79, 0.019718297912680982, 0.8076909613093406
80, 0.5705667103263746, 0.6041158160153005
81, 0.8184454462058417, 0.8800230839116296
82, 0.8332192231783629, 0.4326366091023487
83, 0.5025349531363118, 0.511004131539426
84, 0.29155885676122084, 0.550264397881839
85, 0.7320129520753673, 0.7596539954640249
86, 0.6151632287863806, 0.4932621941839723
87, 0.9509504150079482, 0.5736463366640165
88, 0.8121365758158765, 0.2687917781340734
89, 0.7170134736035418, 0.12006390136507694
90, 0.7630363788303731, 0.5104287328867079
91, 0.7068410849104942, 0.3249750756721087
92, 0.1435363194621817, 0.19800084468255685
93, 0.28045287354067194, 0.6973229672923472
94, 0.3326554275102772, 0.7888487081910164
95, 0.7689817743580433, 0.6912208412218224
96, 0.6336879581410039, 0.34316933569839503
97, 0.13650290504606244, 0.9443609480251361
98, 0.6904310601524389, 0.9366420824488152
99, 0.27253750209729255, 0.027497194747453824
100, 0.11142310406342726, 0.279749431808474
101, 0.4923266033873376, 0.5864629254935272
102, 0.6336565763592442, 0.823742375906364
103, 0.634098213991413, 0.871040825359984
104, 0.7628261895350661, 0.8575921682080823
105, 0.4497084280675422, 0.287851439009044
106, 0.5095806049849185, 0.3210587154544605
107, 0.7914266926155029, 0.4733295702368987
108, 0.40807193668924335, 0.8624914985144129
109, 0.8574571673153719, 0.5276672225330484
110, 0.5468652098956793, 0.8518576182450718
111, 0.6715692235488676, 0.6725836057911561
112, 0.8048207888911997, 0.39627160668720784
113, 0.2410408691455601, 0.20630945367897013
114, 0.2638517443661883, 0.5767437849979234
115, 0.8026449614099633, 0.22691166458132228
116, 0.5923930665307647, 0.6744197255845441
117, 0.6281200485356873, 0.35561384631608584
118, 0.8929612655153643, 0.767626635492083
119, 0.17624676306451126, 0.07095829857189218
120, 0.6526324230146742, 0.19994686492057978
121, 0.3902113770166502, 0.05472857263308861
122, 0.03881113784713419, 0.7058981219943499
123, 0.13433844742156542, 0.40574427944536984
124, 0.8851760638559837, 0.843891775749414
125, 0.7082528773410038, 0.7924270277796158
126, 0.47467217396929107, 0.024897275860840784
127, 0.2409871136917643, 0.6490657234035864
128, 0.8206374715567131, 0.39156081184009184
129, 0.12258909366240966, 0.7543774050020402
130, 0.35535450248618394, 0.17255651356736468
131, 0.9873674950535037, 0.24081616274254958
132, 0.8903610343360314, 0.483210576457475
133, 0.5495115359143947, 0.5244691886002876
134, 0.8199008727111311, 0.361199175089137
135, 0.0800031828939376, 0.42060318470383096
136, 0.9959683392274478, 0.16269554130474295
137, 0.016761123032329905, 0.2760030012849298
138, 0.9928711145314556, 0.30002087798625454
139, 0.44183201744261724, 0.7291548490631353
140, 0.9085626883618501, 0.36152027151194266
141, 0.5387776611324373, 0.5171068596923953
142, 0.17574878273785666, 0.8908261698135512
143, 0.10590145860302236, 0.028156246071341262
144, 0.7603074093390704, 0.20560277291645745
145, 0.8461261383708603, 0.2513903410339673
146, 0.40182213112235654, 0.9649441577639054
147, 0.4501829151442551, 0.46176423036427305
148, 0.3178375330456842, 0.4443666068240365
149, 0.938711065698211, 0.1304836732596415
150, 0.9724336325618709, 0.675944439367089
151, 0.08360718476373186, 0.47684647279570636
152, 0.1202267772902974, 0.8580468852192736
153, 0.6401827747907665, 0.9342177497270181
154, 0.4681172922814667, 0.8528821532963864
155, 0.4933361987069642, 0.015304923358532285
156, 0.4523070067826881, 0.4484232526630646
157, 0.2800133914751082, 0.0009945543293814474
158, 0.8651902924583015, 0.2083272234950626
159, 0.49007446877661487, 0.20823811495931688
160, 0.960511074959755, 0.8545100747666001
161, 0.8833259529624978, 0.5142142474129461
162, 0.4257318020870853, 0.6561127354296941
163, 0.3753561034676487, 0.9421929643575261
164, 0.5981649199429931, 0.6137098397015989
165, 0.44869398971758856, 0.5578483992382977
166, 0.03271989259414776, 0.2619522231500998
167, 0.8355445919346701, 0.9042813207483458
168, 0.8788799426364934, 0.4904443109590608
169, 0.21963244573600427, 0.4840159183139925
170, 0.3076442432649721, 0.1799373609939373
171, 0.49773761377871517, 0.14962470208389056
172, 0.664056239754025, 0.7921555266836063
173, 0.1602597559855149, 0.8476649456371367
174, 0.9294672151726799, 0.7087800132831614
175, 0.3014457946233924, 0.9856807232878072
176, 0.054783151419757425, 0.38814088417832904
177, 0.613465953966473, 0.05132661371260194
178, 0.23696678929049508, 0.33341623353631444
179, 0.7871670244098596, 0.8544440538061977
180, 0.9799295513104809, 0.2612856553895909
181, 0.1152437611401188, 0.1902487436130752
182, 0.47846335318865096, 0.005326847943084911
183, 0.4860056224880934, 0.6797463532138183
184, 0.6506944309415452, 0.03273029572936037
185, 0.7493436243515678, 0.036581941048646316
186, 0.10074198620846797, 0.7164155918904502
187, 0.8618315558988675, 0.5241336452078647
188, 0.2670240061160435, 0.5576035364767702
189, 0.8525841737095688, 0.29062427299747107
190, 0.9243925975058359, 0.8282143073658617
191, 0.3662179505058931, 0.3548253436982536
192, 0.9647676089338284, 0.9552296597402181
193, 0.07883260813213011, 0.3406449497257483
194, 0.7985171278155506, 0.18321277512039413
195, 0.6757356078373392, 0.41621344530998317
196, 0.24389359864562243, 0.33973031847387214
197, 0.30050118759473543, 0.40077976495808176
198, 0.4115796309775275, 0.6796893257262612
199, 0.9418007677571525, 0.12499594163545913
200, 0.7078205835660186, 0.25201655735327044
201, 0.18954981578846963, 0.5746970533812567
202, 0.7077084054209728, 0.5812317273447598
203, 0.9236737882591866, 0.3777960516859945
204, 0.9076778165147463, 0.535201663479496
205, 0.3136756187412917, 0.49939195447832396
206, 0.3236796370437849, 0.619905195805636
207, 0.12171096493390754, 0.31056632683952545
208, 0.8964864741669103, 0.20753001608373844
209, 0.8275177581092997, 0.8410756910573666
210, 0.8143896109485034, 0.18829246930192312
211, 0.17334395603985775, 0.0020705515391524765
212, 0.9151856396355253, 0.6545378389174454
213, 0.16829783537641574, 0.1722631866468285
214, 0.5021688207555155, 0.2525176077776743
215, 0.6401161936240254, 0.322713507673402
216, 0.9913686914902406, 0.11188674532532017
217, 0.8348796228962726, 0.053513769215851936
218, 0.4250119247582905, 0.9681012211337042
219, 0.16987621187004176, 0.26959190591166005
220, 0.1701429623298143, 0.90750845771226
221, 0.07238578187049294, 0.06085222830723114
222, 0.36016729754663845, 0.10423416867771029
223, 0.4410846387358609, 0.09535950774583879
224, 0.1201618611532711, 0.04830435896205254
225, 0.05940645058040617, 0.8462932340411754
226, 0.3573019031140975, 0.7984313016233782
227, 0.9862032014757594, 0.4945978025402411
228, 0.5558968783154005, 0.08434121499594116
229, 0.516935895397338, 0.4454118690057606
230, 0.6785538230433165, 0.999813406190644
231, 0.6040807224545037, 0.8479026648044736
232, 0.9414132821740614, 0.9348927468986689
233, 0.28830725205982555, 0.05225623280129443
234, 0.7524263444316426, 0.9255304652244079
235, 0.08866544246445052, 0.33260577889305676
236, 0.028284483210531675, 0.4724142283291355
237, 0.15057259067694773, 0.5663384697894561
238, 0.2515014768159377, 0.6606039492590002
239, 0.5294158825119352, 0.06072163167953237
240, 0.474099321715316, 0.770655893547201
241, 0.10584596889633757, 0.8280807316009369
242, 0.5422345512369076, 0.7310146937944958
243, 0.8958273966989982, 0.4226528253293824
244, 0.23095024278242027, 0.6734679330337086
245, 0.404611183750598, 0.7236271698597841
246, 0.5385850344768529, 0.5347520096552191
247, 0.07853631471830946, 0.5663511419851632
248, 0.31000178863986494, 0.3766865813037442
249, 0.0492614388360928, 0.11696247898023038
250, 0.21597943542146048, 0.014416822158140219
251, 0.019323550702042613, 0.06056176458493734
252, 0.16548839916929037, 0.3300204308245711
253, 0.9259760973751378, 0.9643124838915806
254, 0.5610637278022036, 0.5058569544421901
255, 0.07801382503286036, 0.5361121576645516
256, 0.976888346624147, 0.5041254256924587
257, 0.3449817097929485, 0.6214210018502337
258, 0.9992824301168162, 0.5127790769712838
259, 0.6255509208125114, 0.9794540427800551
260, 0.7945325967012798, 0.45102740375976336
261, 0.38074251028821016, 0.16619949255406918
262, 0.27004135372591775, 0.0662882208250486
263, 0.6331737532152456, 0.8931633902614375
264, 0.3887312461496103, 0.9272206373785992
265, 0.3086954360964457, 0.36621107558258126
266, 0.8055716407739602, 0.8772281959314034
267, 0.5052312491804257, 0.29907613792594356
268, 0.2655261213709571, 0.09315761837209724
269, 0.11891812046112327, 0.7253307442003702
270, 0.13911039782858103, 0.1338795062200897
271, 0.6254569976274835, 0.25661853835932635
272, 0.7168068823779056, 0.34085797045704747
273, 0.3002251822303592, 0.3916704415091148
274, 0.5620425786475618, 0.4392138650862
275, 0.6912620842941233, 0.4040256679327834
276, 0.4774740057235094, 0.6346503822938955
277, 0.4351994770505496, 0.7224777962155873
278, 0.3369491556991492, 0.18724664801807123
279, 0.7409043553575836, 0.7400617581271848
280, 0.2624294778156595, 0.567363854682291
281, 0.5269831535703099, 0.2934911663935791
282, 0.20110045425518575, 0.15473539303045336
283, 0.973761138847125, 0.6260653018718607
284, 0.6271774522189265, 0.8553539532962865
285, 0.5705340670693992, 0.5429655540848304
286, 0.9136332381841377, 0.10503578096920407
287, 0.42625722370070296, 0.5184377633948937
288, 0.41143977048568314, 0.6654876397183114
289, 0.5950456715821232, 0.6812624648851225
290, 0.8090250717600754, 0.8644566634489133
291, 0.3504306839795579, 0.6555455500485765
292, 0.9822000270195973, 0.239991031353594
293, 0.878363325469648, 0.999652129889831
294, 0.22054498697529057, 0.09624996263356478
295, 0.26857356166279434, 0.4270498737166457
296, 0.05210498374832506, 0.11916673466881578
297, 0.6781317548222785, 0.9167356322796781
298, 0.8576644968111039, 0.5376824866120529
299, 0.1494999929784938, 0.21260956919680762
300, 0.9792947345315097, 0.7003611516412699
301, 0.5092100472693274, 0.007900633239369181
302, 0.36557024058144516, 0.7812916386401542
303, 0.3814603291271147, 0.4956279037480844
304, 0.39455258369579405, 0.2887004524960818
305, 0.767822847938781, 0.5483900259607376
306, 0.27800712827401775, 0.756121992485743
307, 0.008133906032708804, 0.4346782469181777
308, 0.8074114422317726, 0.9240730634447865
309, 0.7668680963914817, 0.9291104087715057
310, 0.7841598991446048, 0.2592830341473642
311, 0.5542709060243376, 0.7395362383884581
312, 0.25085387475620546, 0.9417481282237085
313, 0.4573288642721195, 0.3053776718925739
314, 0.631635419820609, 0.05157468732852544
315, 0.8391355995416973, 0.5625938673157249
316, 0.8945218822478727, 0.09323332561709052
317, 0.6011539999509693, 0.7252789883492937
318, 0.4943576810863183, 0.8952543164898566
319, 0.88885700555367, 0.007466863901978704
320, 0.45350854388513684, 0.09650500020081276
321, 0.889074170278695, 0.456551150196415
322, 0.4958027980143027, 0.06933907782529669
323, 0.5548115220571656, 0.7491501668150895
324, 0.11174041926269518, 0.4395221223072222
325, 0.121876988799543, 0.5139688268897938
326, 0.9738050087541518, 0.7450326109451871
327, 0.7066493144756288, 0.2455066198417818
328, 0.361280013356287, 0.45634553835601743
329, 0.5726577268150647, 0.3899305262385774
330, 0.2530933796376693, 0.7122493024436225
331, 0.13966076260814897, 0.9406832068963117
332, 0.3397360669379228, 0.27223742348862623
333, 0.6805135641910316, 0.7190819748009267
334, 0.3923281375243144, 0.38390332280673356
335, 0.002925263695694902, 0.24420758856851632
336, 0.08761970786621265, 0.8849091675750892
337, 0.657957870075862, 0.37871262884622847
338, 0.173079621923666, 0.612979330017058
339, 0.4119868647617758, 0.10807997302215788
340, 0.8771422462854154, 0.5682972187212311
341, 0.2977364118857563, 0.0442327927648235
342, 0.6848136999289703, 0.5034653286587849
343, 0.8899668284980903, 0.013307140305877097
344, 0.061703328915801214, 0.6271644851837285
345, 0.7268694089307531, 0.6812309804063378
346, 0.170464397999193, 0.6865833138246479
347, 0.9628160239050573, 0.3448287573704666
348, 0.6836040608079017, 0.9847747574758179
349, 0.5101118138711175, 0.2194964703168154
350, 0.7790502143451192, 0.5919434625110097
351, 0.2276533190167236, 0.21265970641584375
352, 0.07338827275305015, 0.3496703690422275
353, 0.6652088460166186, 0.38845158661470724
354, 0.028991651303771238, 0.5679079915159706
355, 0.27018706397817105, 0.9731159691531038
356, 0.672985852774599, 0.9003317875175317
357, 0.7163630531667193, 0.7023819144495596
358, 0.12891139805326446, 0.5415969614247628
359, 0.547349892134153, 0.7683581195237515
360, 0.042285459870918474, 0.7760505222337926
361, 0.9889005386587819, 0.027089469061923666
362, 0.40008119258113617, 0.7191322168959414
363, 0.7642671169138437, 0.9432571882650802
364, 0.25927574491962635, 0.9280103178515003
365, 0.938582923288546, 0.7433323287494228
366, 0.6968979369840307, 0.1971790447702092
367, 0.25682724479049013, 0.23974923921409996
368, 0.47199815399352785, 0.1236735570248092
369, 0.4926507271145054, 0.5207934261113244
370, 0.11281511760485807, 0.6743287328118922
371, 0.3545507927720707, 0.8720154343245856
372, 0.10175242853857758, 0.8443479137417992
373, 0.9090289063683408, 0.7852794565988729
374, 0.5152523113189778, 0.7622586124984907
375, 0.16875834183683858, 0.2903141123822851
376, 0.5495715748552323, 0.2414583173505862
377, 0.403194714510405, 0.955819009890633
378, 0.4367690332036672, 0.13564694661175514
379, 0.21647585331490748, 0.7713987988091291
380, 0.2784268917714383, 0.8555294597347287
381, 0.41627189271539966, 0.4648285521609301
382, 0.22932826122599448, 0.4721310423046877
383, 0.7715168079949135, 0.08321912728967751
384, 0.7286719559975394, 0.6111069497469775
385, 0.7479900811901885, 0.27917506595211217
386, 0.5330191349191352, 0.6130711028971669
387, 0.2509102870348111, 0.44930947582594105
388, 0.48546885608038337, 0.586517513079211
389, 0.048407076382380954, 0.9796276061154134
390, 0.7201712606961829, 0.8972439365280918
391, 0.649523856412438, 0.4784379234060756
392, 0.716744544518164, 0.2872643859248666
393, 0.34832505185391094, 0.05221866581860357
394, 0.21446606868908902, 0.7628530160708706
395, 0.9142852423969321, 0.18560983686934462
396, 0.7363481207712254, 0.47592328810277773
397, 0.30023203182291924, 0.15479681941693646
398, 0.44470296238492424, 0.2266495190401986
399, 0.22542062207997204, 0.7851619041933929
400, 0.8058599294350457, 0.30733358968434077
401, 0.22079484240172587, 0.25683743348385746
402, 0.2603689733953921, 0.8211713859268925
403, 0.8342449630927944, 0.2847988627352721
404, 0.7258884943372401, 0.26144682738898073
405, 0.9906261692309631, 0.5864726222481883
406, 0.8312191960558981, 0.7437451670370768
407, 0.3242521679908321, 0.2797734150807131
408, 0.6409887641937434, 0.652739700375336
409, 0.2502491873146987, 0.42195630711275023
410, 0.6117889336789831, 0.4847852669157148
411, 0.7015988263911329, 0.07360213872693189
412, 0.6883489307101054, 0.2771520208679731
413, 0.8756659500518116, 0.42395665799995386
414, 0.49804362281706704, 0.003939609144056555
415, 0.6127868046136087, 0.3780402882823368
416, 0.2837491654607591, 0.0032231741702568595
417, 0.5901863621961397, 0.8169514941899341
418, 0.45044277269265265, 0.5601843574782319
419, 0.8371205975806523, 0.5297249608754377
420, 0.6226307638761305, 0.8270747600995645
421, 0.5247989329853148, 0.09849358254030482
422, 0.2715947859898059, 0.7851271055421608
423, 0.07361405539276977, 0.42715328045085166
424, 0.24671604304244488, 0.7588630063027091
425, 0.19224908783742967, 0.3825769692436356
426, 0.5281596752820636, 0.3792573285983042
427, 0.607714578390508, 0.9480408597792928
428, 0.5310743136464587, 0.0178014944586965
429, 0.39082636552593375, 0.8674453609083709
430, 0.6202854387600247, 0.1704045614354095
431, 0.6404249935515874, 0.2815975387792744
432, 0.0907309176894725, 0.8430983549143447
433, 0.7455751138743262, 0.9063444517089836
434, 0.6758771390959694, 0.35430064783559334
435, 0.9388360138430639, 0.05310099155738823
436, 0.5589726503590559, 3.871699428414921e-05
437, 0.8048784192076013, 0.06058521129862271
438, 0.6044244185097024, 0.14296494862326492
439, 0.18680997764416063, 0.6124496563965253
440, 0.6803887498699608, 0.5806579999704341
441, 0.31449759344328243, 0.77398386438672
442, 0.5284325384094071, 0.8616134293860459
443, 0.7521419295143541, 0.5780927421049249
444, 0.1338724993691799, 0.3012269197860984
445, 0.8831730459742705, 0.36769098041598514
446, 0.3172642558615689, 0.3471641866259778
447, 0.33037710619212934, 0.920040942620562
448, 0.7742439289391002, 0.3186338496035511
449, 0.7700021272965328, 0.561705216666926
450, 0.08891800896437929, 0.9634020941053814
451, 0.22265234581582372, 0.829635578605956
452, 0.1511480726479092, 0.11703042752653714
453, 0.3212759928359271, 0.3777681607366419
454, 0.9620383493907277, 0.11264749411485431
455, 0.6034227411164667, 0.5401389956686159
456, 0.8249664825830207, 0.9971118058415412
457, 0.7617415848834124, 0.531570461473912
458, 0.8604119145271109, 0.8041998011675577
459, 0.7018795843954733, 0.4094225665456427
460, 0.7794595222507296, 0.7390762309853456
461, 0.4324560395667252, 0.8765371195050617
462, 0.33328118197959666, 0.4887815766018908
463, 0.9858586305278078, 0.6614803966474442
464, 0.20332344961414328, 0.44407526350877824
465, 0.6965120092547422, 0.5441401999312246
466, 0.6563999499269397, 0.39845728545276204
467, 0.4477471260811339, 0.5842639112470652
468, 0.060210250724579306, 0.008034178951621285
469, 0.4286207241049197, 0.976623776345007
470, 0.6604204165073999, 0.28812598338971396
471, 0.7562804525846611, 0.4268047032918979
472, 0.4248465821287889, 0.5759453999765248
473, 0.8632917850167305, 0.4201024965830805
474, 0.6556187828593958, 0.974556614442302
475, 0.7280327614735046, 0.13157175396152276
476, 0.9807489874718622, 0.5173745918617758
477, 0.012629701186675057, 0.37114915387814984
478, 0.6320047924217367, 0.21740868213379672
479, 0.33551911164905035, 0.6561042861455902
480, 0.7264345970186066, 0.06053207673267569
481, 0.3150923050845107, 0.02455085016739511
482, 0.5471752641761086, 0.5425201634828306
483, 0.5624858171896449, 0.07966039665164137
484, 0.2714630703897537, 0.5349470929426645
485, 0.14076151099000955, 0.023171071648707464
486, 0.06697302486865075, 0.6829134484228813
487, 0.6009778668885998, 0.6924522007186
488, 0.6758866874967199, 0.6824472943729989
489, 0.9577526421660703, 0.5146303102009268
490, 0.653955913117524, 0.4796777787591081
491, 0.801401374638856, 0.29209087823028146
492, 0.8202144504011087, 0.5623922437310317
493, 0.3774572385623861, 0.876787293261897
494, 0.5318481839146727, 0.8221985958898288
495, 0.35865611291691546, 0.39928726223856514
496, 0.09861010105751178, 0.9777464516500107
497, 0.7159995294439101, 0.9804715600387137
498, 0.20595903276881822, 0.13397023692337884
499, 0.8933152354271222, 0.5084538401859895
end_nodes
0, 1
0, 2
0, 3
0, 4
0, 5
0, 6
0, 7
0, 8
0, 9
0, 10
0, 11
0, 12
0, 13
0, 14
0, 15
0, 16
0, 17
0, 18
0, 19
0, 20
0, 21
0, 22
23, 2
23, 3
23, 4
23, 5
23, 6
23, 8
23, 9
23, 11
23, 12
23, 14
23, 15
23, 16
23, 17
23, 18
23, 20
23, 21
23, 22
23, 24
23, 25
23, 26
23, 27
23, 28
29, 3
29, 11
29, 14
29, 16
29, 20
29, 21
29, 25
29, 28
29, 30
29, 31
29, 35
29, 36
29, 42
29, 44
29, 49
29, 50
29, 51
29, 57
29, 69
29, 92
29, 99
29, 100
33, 2
33, 4
33, 5
33, 6
33, 7
33, 8
33, 9
33, 10
33, 12
33, 13
33, 15
33, 16
33, 17
33, 18
33, 19
33, 21
33, 25
33, 26
33, 27
33, 28
33, 32
33, 35
34, 2
34, 3
34, 4
34, 5
34, 6
34, 7
34, 8
34, 9
34, 10
34, 11
34, 12
34, 14
34, 15
34, 16
34, 17
34, 18
34, 19
34, 20
34, 21
34, 25
34, 26
34, 28
38, 1
38, 185
38, 234
40, 2
40, 3
40, 4
40, 5
40, 6
40, 8
40, 9
40, 11
40, 12
40, 14
40, 15
40, 16
40, 17
40, 18
40, 20
40, 21
40, 22
40, 24
40, 25
40, 26
40, 27
40, 28
41, 1
41, 3
41, 14
41, 21
41, 22
41, 24
41, 25
41, 28
41, 30
41, 31
41, 35
41, 36
41, 50
41, 51
41, 52
41, 57
41, 89
41, 99
41, 119
41, 120
41, 121
41, 126
43, 319
43, 343
53, 2
53, 3
53, 4
53, 5
53, 6
53, 8
53, 9
53, 11
53, 12
53, 13
53, 14
53, 15
53, 16
53, 17
53, 18
53, 20
53, 21
53, 22
53, 24
53, 25
53, 26
53, 27
55, 16
55, 21
55, 25
55, 28
55, 31
55, 35
55, 42
55, 44
55, 49
55, 50
55, 51
55, 57
55, 69
55, 92
55, 99
55, 100
55, 105
55, 106
55, 113
55, 119
55, 121
55, 130
59, 2
59, 3
59, 4
59, 5
59, 6
59, 8
59, 9
59, 11
59, 12
59, 14
59, 15
59, 16
59, 17
59, 18
59, 20
59, 21
59, 22
59, 24
59, 25
59, 26
59, 27
59, 28
70, 2
70, 3
70, 4
70, 5
70, 6
70, 8
70, 9
70, 11
70, 12
70, 13
70, 14
70, 15
70, 16
70, 17
70, 18
70, 20
70, 21
70, 22
70, 24
70, 25
70, 26
70, 27
71, 2
71, 3
71, 4
71, 5
71, 6
71, 8
71, 9
71, 11
71, 12
71, 14
71, 15
71, 16
71, 17
71, 18
71, 20
71, 21
71, 22
71, 24
71, 25
71, 26
71, 27
71, 28
73, 2
73, 3
73, 4
73, 5
73, 6
73, 8
73, 9
73, 11
73, 12
73, 14
73, 15
73, 16
73, 17
73, 18
73, 20
73, 21
73, 22
73, 24
73, 25
73, 26
73, 27
73, 28
75, 2
75, 3
75, 4
75, 5
75, 6
75, 8
75, 9
75, 11
75, 12
75, 14
75, 15
75, 16
75, 17
75, 18
75, 20
75, 21
75, 22
75, 24
75, 25
75, 26
75, 28
75, 30
76, 316
77, 2
77, 3
77, 4
77, 5
77, 6
77, 8
77, 9
77, 11
77, 12
77, 14
77, 15
77, 16
77, 17
77, 18
77, 20
77, 21
77, 22
77, 24
77, 25
77, 26
77, 27
77, 28
78, 2
78, 3
78, 4
78, 5
78, 6
78, 8
78, 9
78, 11
78, 12
78, 13
78, 14
78, 15
78, 16
78, 17
78, 18
78, 20
78, 21
78, 22
78, 24
78, 25
78, 26
78, 27
80, 2
80, 5
80, 6
80, 8
80, 16
80, 17
80, 18
80, 21
80, 25
80, 26
80, 28
80, 32
80, 37
80, 39
80, 44
80, 45
80, 47
80, 49
80, 50
80, 51
80, 54
80, 56
81, 2
81, 3
81, 4
81, 5
81, 6
81, 8
81, 9
81, 11
81, 12
81, 14
81, 15
81, 16
81, 17
81, 18
81, 20
81, 21
81, 22
81, 24
81, 25
81, 26
81, 27
81, 28
82, 2
82, 3
82, 4
82, 5
82, 6
82, 8
82, 9
82, 11
82, 12
82, 14
82, 15
82, 16
82, 17
82, 18
82, 20
82, 21
82, 22
82, 24
82, 25
82, 26
82, 28
82, 30
85, 2
85, 3
85, 4
85, 5
85, 6
85, 7
85, 8
85, 9
85, 10
85, 11
85, 12
85, 14
85, 15
85, 16
85, 17
85, 18
85, 19
85, 20
85, 21
85, 25
85, 26
85, 28
86, 2
86, 5
86, 6
86, 15
86, 16
86, 20
86, 21
86, 25
86, 26
86, 28
86, 30
86, 31
86, 32
86, 35
86, 39
86, 42
86, 44
86, 47
86, 49
86, 50
86, 51
86, 54
87, 2
87, 3
87, 4
87, 5
87, 6
87, 8
87, 9
87, 11
87, 12
87, 14
87, 15
87, 16
87, 17
87, 18
87, 20
87, 21
87, 22
87, 24
87, 25
87, 26
87, 27
87, 28
88, 3
88, 14
88, 19
88, 22
88, 24
88, 30
88, 35
88, 36
88, 52
88, 89
88, 99
88, 120
88, 121
88, 126
88, 155
88, 157
88, 171
88, 177
88, 182
88, 184
88, 211
88, 217
90, 2
90, 3
90, 4
90, 5
90, 6
90, 8
90, 9
90, 10
90, 11
90, 12
90, 14
90, 15
90, 16
90, 17
90, 18
90, 19
90, 20
90, 22
90, 24
90, 25
90, 26
90, 28
91, 3
91, 11
91, 14
91, 20
91, 22
91, 24
91, 28
91, 30
91, 31
91, 35
91, 36
91, 42
91, 44
91, 49
91, 50
91, 51
91, 52
91, 57
91, 69
91, 92
91, 99
91, 100
95, 2
95, 3
95, 4
95, 5
95, 6
95, 8
95, 9
95, 10
95, 11
95, 12
95, 13
95, 14
95, 15
95, 17
95, 18
95, 19
95, 20
95, 22
95, 24
95, 26
95, 27
95, 28
96, 2
96, 20
96, 28
96, 30
96, 31
96, 35
96, 36
96, 42
96, 44
96, 49
96, 50
96, 51
96, 57
96, 69
96, 92
96, 99
96, 100
96, 105
96, 106
96, 113
96, 119
96, 121
98, 7
98, 10
98, 13
98, 19
98, 115
98, 144
98, 145
98, 149
98, 158
98, 185
98, 194
98, 199
98, 208
98, 210
98, 216
98, 217
98, 259
98, 286
98, 310
98, 316
98, 319
98, 343
104, 4
104, 5
104, 6
104, 8
104, 9
104, 11
104, 12
104, 13
104, 15
104, 17
104, 18
104, 22
104, 24
104, 26
104, 27
104, 30
104, 31
104, 32
104, 35
104, 36
104, 37
104, 39
107, 4
107, 8
107, 9
107, 10
107, 11
107, 12
107, 15
107, 17
107, 18
107, 19
107, 22
107, 24
107, 26
107, 30
107, 31
107, 32
107, 35
107, 36
107, 37
107, 39
107, 42
107, 44
109, 4
109, 9
109, 12
109, 13
109, 22
109, 24
109, 27
109, 30
109, 31
109, 32
109, 35
109, 36
109, 37
109, 39
109, 42
109, 44
109, 45
109, 46
109, 47
109, 48
109, 49
109, 50
111, 31
111, 32
111, 35
111, 37
111, 39
111, 42
111, 44
111, 45
111, 47
111, 48
111, 49
111, 50
111, 51
111, 54
111, 56
111, 57
111, 58
111, 60
111, 61
111, 62
111, 63
111, 64
112, 19
112, 24
112, 30
112, 31
112, 32
112, 35
112, 36
112, 39
112, 42
112, 44
112, 45
112, 47
112, 49
112, 50
112, 51
112, 52
112, 54
112, 56
112, 57
112, 61
112, 62
112, 64
117, 30
117, 31
117, 35
117, 36
117, 42
117, 44
117, 49
117, 50
117, 51
117, 57
117, 69
117, 92
117, 99
117, 100
117, 105
117, 106
117, 113
117, 119
117, 121
117, 123
117, 126
117, 130
118, 27
118, 30
118, 31
118, 32
118, 35
118, 36
118, 37
118, 39
118, 42
118, 44
118, 45
118, 46
118, 47
118, 48
118, 49
118, 50
118, 51
118, 52
118, 54
118, 56
118, 57
118, 58
124, 27
124, 30
124, 31
124, 32
124, 35
124, 36
124, 37
124, 39
124, 42
124, 44
124, 45
124, 46
124, 47
124, 48
124, 49
124, 50
124, 51
124, 52
124, 54
124, 56
124, 57
124, 58
125, 7
125, 10
125, 19
125, 31
125, 32
125, 35
125, 37
125, 39
125, 42
125, 44
125, 45
125, 46
125, 47
125, 48
125, 49
125, 50
125, 51
125, 54
125, 56
125, 57
125, 58
125, 60
128, 30
128, 31
128, 32
128, 35
128, 36
128, 37
128, 39
128, 42
128, 44
128, 45
128, 47
128, 49
128, 50
128, 51
128, 52
128, 54
128, 56
128, 57
128, 61
128, 62
128, 64
128, 65
131, 27
131, 30
131, 31
131, 32
131, 35
131, 36
131, 37
131, 39
131, 42
131, 44
131, 45
131, 46
131, 47
131, 48
131, 49
131, 50
131, 51
131, 52
131, 54
131, 56
131, 57
131, 58
132, 27
132, 30
132, 31
132, 32
132, 35
132, 36
132, 37
132, 39
132, 42
132, 44
132, 45
132, 46
132, 47
132, 48
132, 49
132, 50
132, 51
132, 52
132, 54
132, 56
132, 57
132, 58
133, 32
133, 35
133, 39
133, 44
133, 47
133, 49
133, 50
133, 51
133, 54
133, 56
133, 57
133, 62
133, 64
133, 65
133, 69
133, 72
133, 79
133, 83
133, 84
133, 92
133, 99
133, 100
134, 30
134, 31
134, 32
134, 35
134, 36
134, 39
134, 42
134, 44
134, 47
134, 49
134, 50
134, 51
134, 52
134, 56
134, 57
134, 62
134, 64
134, 65
134, 69
134, 72
134, 83
134, 84
136, 27
136, 30
136, 31
136, 32
136, 36
136, 37
136, 39
136, 42
136, 44
136, 45
136, 46
136, 47
136, 48
136, 49
136, 50
136, 51
136, 52
136, 54
136, 56
136, 57
136, 58
136, 60
138, 27
138, 30
138, 31
138, 32
138, 36
138, 37
138, 39
138, 42
138, 44
138, 45
138, 46
138, 47
138, 48
138, 49
138, 50
138, 51
138, 52
138, 54
138, 56
138, 57
138, 58
138, 60
140, 27
140, 30
140, 31
140, 32
140, 36
140, 37
140, 39
140, 42
140, 44
140, 45
140, 46
140, 47
140, 48
140, 49
140, 50
140, 51
140, 52
140, 54
140, 56
140, 57
140, 58
140, 60
141, 32
141, 39
141, 47
141, 49
141, 51
141, 54
141, 56
141, 57
141, 62
141, 64
141, 65
141, 69
141, 72
141, 83
141, 84
141, 92
141, 99
141, 100
141, 113
141, 114
141, 119
141, 122
150, 32
150, 36
150, 37
150, 39
150, 42
150, 45
150, 46
150, 47
150, 48
150, 52
150, 54
150, 56
150, 57
150, 58
150, 60
150, 61
150, 62
150, 63
150, 64
150, 65
150, 66
150, 67
160, 32
160, 36
160, 37
160, 39
160, 42
160, 45
160, 46
160, 47
160, 48
160, 52
160, 54
160, 56
160, 57
160, 58
160, 60
160, 61
160, 62
160, 63
160, 64
160, 65
160, 66
160, 67
161, 36
161, 37
161, 39
161, 45
161, 46
161, 47
161, 48
161, 52
161, 54
161, 56
161, 58
161, 60
161, 61
161, 62
161, 63
161, 64
161, 65
161, 66
161, 67
161, 68
161, 69
161, 72
164, 37
164, 45
164, 47
164, 48
164, 54
164, 56
164, 60
164, 61
164, 62
164, 63
164, 64
164, 65
164, 68
164, 69
164, 72
164, 74
164, 79
164, 83
164, 84
164, 92
164, 93
164, 94
167, 37
167, 45
167, 46
167, 47
167, 48
167, 52
167, 54
167, 56
167, 58
167, 60
167, 61
167, 62
167, 63
167, 64
167, 65
167, 66
167, 67
167, 68
167, 69
167, 72
167, 74
167, 79
168, 37
168, 45
168, 46
168, 48
168, 52
168, 54
168, 56
168, 58
168, 60
168, 61
168, 62
168, 63
168, 64
168, 65
168, 66
168, 67
168, 68
168, 69
168, 72
168, 74
168, 79
168, 83
172, 37
172, 45
172, 46
172, 48
172, 54
172, 56
172, 58
172, 60
172, 61
172, 62
172, 63
172, 64
172, 65
172, 66
172, 67
172, 68
172, 69
172, 72
172, 74
172, 79
172, 84
172, 92
174, 37
174, 45
174, 46
174, 48
174, 52
174, 58
174, 60
174, 61
174, 62
174, 63
174, 64
174, 65
174, 66
174, 67
174, 68
174, 69
174, 72
174, 74
174, 79
174, 83
174, 84
174, 89
179, 45
179, 46
179, 48
179, 52
179, 58
179, 60
179, 61
179, 62
179, 63
179, 64
179, 65
179, 66
179, 67
179, 68
179, 69
179, 72
179, 74
179, 79
179, 83
179, 84
179, 89
179, 92
180, 46
180, 48
180, 52
180, 58
180, 60
180, 61
180, 62
180, 63
180, 64
180, 65
180, 66
180, 67
180, 68
180, 69
180, 72
180, 74
180, 79
180, 83
180, 84
180, 89
180, 92
180, 93
187, 13
187, 46
187, 48
187, 52
187, 58
187, 60
187, 61
187, 62
187, 63
187, 64
187, 65
187, 66
187, 67
187, 68
187, 69
187, 72
187, 74
187, 79
187, 83
187, 84
187, 89
187, 92
189, 89
189, 99
189, 119
189, 120
189, 121
189, 126
189, 143
189, 155
189, 157
189, 171
189, 177
189, 182
189, 184
189, 200
189, 211
189, 221
189, 222
189, 223
189, 224
189, 228
189, 233
189, 239
190, 46
190, 48
190, 58
190, 60
190, 61
190, 62
190, 63
190, 64
190, 65
190, 66
190, 67
190, 68
190, 69
190, 72
190, 74
190, 79
190, 83
190, 84
190, 89
190, 92
190, 93
190, 94
192, 46
192, 58
192, 60
192, 61
192, 62
192, 63
192, 64
192, 65
192, 66
192, 67
192, 68
192, 69
192, 72
192, 74
192, 79
192, 83
192, 84
192, 89
192, 92
192, 93
192, 94
192, 97
195, 64
195, 69
195, 84
195, 92
195, 99
195, 100
195, 105
195, 106
195, 113
195, 114
195, 119
195, 121
195, 123
195, 126
195, 130
195, 135
195, 137
195, 143
195, 147
195, 148
195, 151
195, 155
202, 58
202, 60
202, 61
202, 62
202, 63
202, 64
202, 65
202, 66
202, 67
202, 68
202, 69
202, 72
202, 74
202, 79
202, 83
202, 84
202, 92
202, 93
202, 94
202, 97
202, 99
202, 100
203, 46
203, 60
203, 61
203, 62
203, 63
203, 64
203, 65
203, 66
203, 67
203, 68
203, 69
203, 72
203, 74
203, 79
203, 83
203, 84
203, 89
203, 92
203, 93
203, 94
203, 97
203, 99
204, 60
204, 61
204, 62
204, 63
204, 65
204, 66
204, 67
204, 68
204, 72
204, 74
204, 79
204, 83
204, 84
204, 89
204, 92
204, 93
204, 94
204, 97
204, 99
204, 100
204, 101
204, 102
209, 60
209, 61
209, 63
209, 65
209, 66
209, 67
209, 68
209, 72
209, 74
209, 79
209, 83
209, 84
209, 89
209, 92
209, 93
209, 94
209, 97
209, 99
209, 100
209, 101
209, 102
209, 103
212, 61
212, 63
212, 65
212, 66
212, 67
212, 68
212, 72
212, 74
212, 79
212, 83
212, 84
212, 89
212, 92
212, 93
212, 94
212, 97
212, 99
212, 100
212, 101
212, 102
212, 103
212, 105
215, 92
215, 99
215, 100
215, 105
215, 106
215, 113
215, 119
215, 121
215, 126
215, 130
215, 137
215, 143
215, 155
215, 157
215, 159
215, 166
215, 170
215, 171
215, 178
215, 181
215, 182
215, 193
227, 61
227, 63
227, 66
227, 67
227, 68
227, 72
227, 74
227, 79
227, 83
227, 84
227, 89
227, 92
227, 93
227, 94
227, 97
227, 99
227, 100
227, 101
227, 102
227, 103
227, 105
227, 106
229, 99
229, 100
229, 113
229, 119
229, 123
229, 130
229, 135
229, 137
229, 143
229, 147
229, 148
229, 151
229, 156
229, 157
229, 166
229, 169
229, 170
229, 176
229, 178
229, 181
229, 191
229, 193
230, 7
230, 10
230, 13
230, 19
230, 115
230, 144
230, 145
230, 149
230, 158
230, 185
230, 194
230, 199
230, 208
230, 210
230, 216
230, 217
230, 286
230, 310
230, 316
230, 319
230, 343
230, 361
232, 63
232, 66
232, 67
232, 68
232, 72
232, 74
232, 79
232, 83
232, 84
232, 89
232, 93
232, 94
232, 97
232, 99
232, 100
232, 101
232, 102
232, 103
232, 105
232, 106
232, 108
232, 110
243, 63
243, 66
243, 67
243, 68
243, 72
243, 74
243, 79
243, 83
243, 84
243, 89
243, 93
243, 94
243, 97
243, 99
243, 100
243, 101
243, 102
243, 103
243, 105
243, 106
243, 108
243, 110
246, 79
246, 83
246, 84
246, 100
246, 113
246, 114
246, 119
246, 122
246, 123
246, 127
246, 129
246, 135
246, 137
246, 143
246, 147
246, 148
246, 151
246, 156
246, 165
246, 166
246, 169
246, 170
253, 66
253, 67
253, 68
253, 74
253, 79
253, 83
253, 84
253, 89
253, 93
253, 94
253, 97
253, 99
253, 100
253, 101
253, 102
253, 103
253, 105
253, 106
253, 108
253, 110
253, 113
253, 114
254, 83
254, 100
254, 105
254, 113
254, 114
254, 119
254, 122
254, 123
254, 127
254, 130
254, 135
254, 137
254, 143
254, 147
254, 148
254, 151
254, 156
254, 157
254, 165
254, 166
254, 169
254, 170
256, 66
256, 67
256, 68
256, 74
256, 79
256, 89
256, 93
256, 94
256, 97
256, 100
256, 101
256, 102
256, 103
256, 105
256, 106
256, 108
256, 110
256, 113
256, 114
256, 116
256, 119
256, 120
258, 68
258, 74
258, 89
258, 93
258, 94
258, 97
258, 100
258, 101
258, 102
258, 103
258, 105
258, 106
258, 108
258, 110
258, 113
258, 114
258, 116
258, 119
258, 120
258, 121
258, 122
258, 123
260, 19
260, 74
260, 89
260, 93
260, 94
260, 97
260, 101
260, 105
260, 106
260, 108
260, 113
260, 114
260, 116
260, 119
260, 120
260, 121
260, 122
260, 123
260, 126
260, 127
260, 129
260, 130
266, 89
266, 93
266, 94
266, 97
266, 101
266, 102
266, 103
266, 105
266, 106
266, 108
266, 110
266, 113
266, 114
266, 116
266, 119
266, 120
266, 121
266, 122
266, 123
266, 126
266, 127
266, 129
272, 105
272, 106
272, 113
272, 119
272, 120
272, 121
272, 123
272, 126
272, 130
272, 135
272, 137
272, 143
272, 155
272, 157
272, 159
272, 166
272, 170
272, 171
272, 176
272, 177
272, 178
272, 181
274, 105
274, 106
274, 113
274, 119
274, 121
274, 123
274, 130
274, 135
274, 137
274, 143
274, 147
274, 148
274, 151
274, 156
274, 157
274, 166
274, 169
274, 170
274, 176
274, 178
274, 181
274, 191
275, 105
275, 106
275, 113
275, 114
275, 119
275, 120
275, 121
275, 123
275, 126
275, 130
275, 135
275, 137
275, 143
275, 147
275, 148
275, 151
275, 155
275, 156
275, 157
275, 159
275, 166
275, 169
279, 7
279, 10
279, 19
279, 93
279, 94
279, 97
279, 101
279, 102
279, 103
279, 105
279, 106
279, 108
279, 110
279, 113
279, 114
279, 115
279, 116
279, 119
279, 120
279, 121
279, 122
279, 123
283, 89
283, 93
283, 94
283, 97
283, 101
283, 102
283, 103
283, 105
283, 106
283, 108
283, 110
283, 113
283, 114
283, 116
283, 119
283, 120
283, 121
283, 122
283, 123
283, 126
283, 127
283, 129
285, 93
285, 101
285, 113
285, 114
285, 119
285, 122
285, 123
285, 127
285, 129
285, 130
285, 135
285, 137
285, 143
285, 147
285, 148
285, 151
285, 156
285, 157
285, 165
285, 166
285, 169
285, 170
289, 93
289, 94
289, 97
289, 101
289, 108
289, 113
289, 114
289, 119
289, 122
289, 123
289, 127
289, 129
289, 135
289, 137
289, 139
289, 142
289, 143
289, 147
289, 148
289, 151
289, 152
289, 162
290, 93
290, 94
290, 97
290, 101
290, 102
290, 103
290, 105
290, 106
290, 108
290, 110
290, 113
290, 114
290, 116
290, 120
290, 121
290, 122
290, 123
290, 126
290, 127
290, 129
290, 130
290, 135
292, 94
292, 97
292, 101
292, 102
292, 103
292, 105
292, 106
292, 108
292, 110
292, 114
292, 116
292, 120
292, 121
292, 122
292, 123
292, 126
292, 127
292, 129
292, 130
292, 135
292, 137
292, 139
293, 94
293, 97
293, 101
293, 102
293, 103
293, 106
293, 108
293, 110
293, 114
293, 116
293, 120
293, 121
293, 122
293, 123
293, 126
293, 127
293, 129
293, 130
293, 135
293, 137
293, 139
293, 142
297, 7
297, 10
297, 13
297, 19
297, 97
297, 115
297, 142
297, 144
297, 145
297, 146
297, 149
297, 153
297, 163
297, 175
297, 185
297, 194
297, 199
297, 208
297, 210
297, 216
297, 217
297, 218
298, 13
298, 97
298, 101
298, 102
298, 103
298, 106
298, 108
298, 110
298, 114
298, 116
298, 120
298, 121
298, 122
298, 123
298, 126
298, 127
298, 129
298, 130
298, 135
298, 137
298, 139
298, 142
300, 101
300, 102
300, 103
300, 108
300, 110
300, 114
300, 116
300, 120
300, 121
300, 122
300, 123
300, 126
300, 127
300, 129
300, 130
300, 135
300, 137
300, 139
300, 142
300, 143
300, 146
300, 147
305, 10
305, 19
305, 101
305, 108
305, 110
305, 114
305, 115
305, 116
305, 120
305, 121
305, 122
305, 123
305, 126
305, 127
305, 129
305, 130
305, 135
305, 137
305, 139
305, 142
305, 143
305, 146
308, 101
308, 102
308, 103
308, 108
308, 110
308, 114
308, 116
308, 120
308, 122
308, 123
308, 126
308, 127
308, 129
308, 130
308, 135
308, 137
308, 139
308, 142
308, 143
308, 146
308, 147
308, 148
309, 102
309, 103
309, 108
309, 110
309, 114
309, 116
309, 120
309, 122
309, 126
309, 127
309, 129
309, 130
309, 135
309, 137
309, 139
309, 142
309, 143
309, 146
309, 147
309, 148
309, 151
309, 152
315, 13
315, 102
315, 103
315, 108
315, 110
315, 116
315, 120
315, 122
315, 126
315, 127
315, 129
315, 130
315, 135
315, 137
315, 139
315, 142
315, 143
315, 146
315, 147
315, 148
315, 151
315, 152
317, 108
317, 122
317, 127
317, 129
317, 135
317, 137
317, 139
317, 142
317, 146
317, 148
317, 151
317, 152
317, 154
317, 162
317, 163
317, 165
317, 166
317, 169
317, 173
317, 175
317, 176
317, 178
321, 102
321, 103
321, 108
321, 110
321, 116
321, 120
321, 122
321, 126
321, 127
321, 129
321, 130
321, 135
321, 137
321, 139
321, 142
321, 143
321, 146
321, 147
321, 148
321, 151
321, 152
321, 153
326, 102
326, 103
326, 108
326, 110
326, 116
326, 120
326, 122
326, 126
326, 127
326, 129
326, 130
326, 135
326, 137
326, 139
326, 142
326, 143
326, 146
326, 147
326, 148
326, 151
326, 152
326, 153
327, 143
327, 155
327, 157
327, 171
327, 177
327, 182
327, 184
327, 211
327, 222
327, 223
327, 224
327, 228
327, 233
327, 239
327, 250
327, 262
327, 268
327, 294
327, 301
327, 314
327, 320
327, 322
329, 135
329, 137
329, 143
329, 148
329, 151
329, 157
329, 159
329, 166
329, 170
329, 176
329, 178
329, 181
329, 191
329, 193
329, 196
329, 197
329, 207
329, 211
329, 213
329, 214
329, 219
329, 221
333, 110
333, 116
333, 127
333, 129
333, 139
333, 142
333, 143
333, 146
333, 147
333, 148
333, 151
333, 152
333, 154
333, 156
333, 157
333, 159
333, 162
333, 163
333, 165
333, 166
333, 169
333, 170
337, 143
337, 148
337, 151
337, 155
337, 157
337, 159
337, 166
337, 169
337, 170
337, 171
337, 176
337, 178
337, 181
337, 182
337, 191
337, 193
337, 196
337, 197
337, 207
337, 211
337, 213
337, 214
340, 103
340, 110
340, 116
340, 127
340, 129
340, 139
340, 142
340, 146
340, 147
340, 148
340, 151
340, 152
340, 153
340, 154
340, 155
340, 156
340, 157
340, 159
340, 162
340, 163
340, 165
340, 166
342, 127
342, 129
342, 142
342, 147
342, 148
342, 151
342, 152
342, 155
342, 156
342, 157
342, 159
342, 162
342, 165
342, 166
342, 169
342, 170
342, 171
342, 173
342, 176
342, 178
342, 181
342, 182
345, 7
345, 110
345, 115
345, 116
345, 129
345, 139
345, 142
345, 144
345, 146
345, 147
345, 148
345, 151
345, 152
345, 154
345, 155
345, 156
345, 157
345, 159
345, 162
345, 163
345, 165
345, 166
347, 116
347, 139
347, 142
347, 146
347, 147
347, 148
347, 151
347, 152
347, 153
347, 154
347, 155
347, 156
347, 157
347, 159
347, 162
347, 163
347, 165
347, 166
347, 169
347, 170
347, 171
347, 173
348, 7
348, 10
348, 13
348, 19
348, 115
348, 144
348, 145
348, 149
348, 158
348, 185
348, 194
348, 199
348, 208
348, 210
348, 216
348, 217
348, 286
348, 310
348, 316
348, 319
348, 343
348, 361
350, 10
350, 19
350, 116
350, 139
350, 142
350, 145
350, 146
350, 147
350, 148
350, 151
350, 152
350, 154
350, 155
350, 156
350, 157
350, 158
350, 159
350, 162
350, 163
350, 165
350, 166
350, 169
353, 151
353, 155
353, 156
353, 157
353, 159
353, 166
353, 169
353, 170
353, 171
353, 176
353, 178
353, 181
353, 182
353, 191
353, 193
353, 196
353, 197
353, 207
353, 211
353, 213
353, 214
353, 219
357, 7
357, 139
357, 142
357, 144
357, 146
357, 147
357, 152
357, 154
357, 155
357, 156
357, 157
357, 159
357, 162
357, 163
357, 165
357, 166
357, 169
357, 170
357, 171
357, 173
357, 175
357, 176
363, 139
363, 142
363, 146
363, 147
363, 152
363, 153
363, 154
363, 155
363, 156
363, 157
363, 159
363, 162
363, 163
363, 165
363, 166
363, 169
363, 170
363, 171
363, 173
363, 175
363, 176
363, 177
365, 139
365, 142
365, 146
365, 152
365, 153
365, 154
365, 155
365, 156
365, 157
365, 159
365, 162
365, 163
365, 165
365, 166
365, 169
365, 170
365, 171
365, 173
365, 175
365, 176
365, 177
365, 178
366, 155
366, 177
366, 182
366, 184
366, 228
366, 239
366, 301
366, 314
366, 414
366, 428
366, 436
366, 483
373, 139
373, 142
373, 146
373, 152
373, 153
373, 154
373, 155
373, 156
373, 159
373, 162
373, 163
373, 165
373, 166
373, 169
373, 170
373, 171
373, 173
373, 175
373, 176
373, 177
373, 178
373, 181
376, 159
376, 171
376, 182
376, 211
376, 222
376, 223
376, 233
376, 250
376, 262
376, 268
376, 320
376, 322
376, 339
376, 341
376, 349
376, 368
376, 378
376, 393
376, 416
376, 481
376, 485
384, 7
384, 139
384, 144
384, 146
384, 152
384, 154
384, 155
384, 156
384, 159
384, 162
384, 163
384, 165
384, 169
384, 170
384, 171
384, 173
384, 175
384, 176
384, 177
384, 178
384, 181
384, 182
385, 1
385, 155
385, 159
385, 170
385, 171
385, 177
385, 182
385, 184
385, 185
385, 200
385, 211
385, 213
385, 221
385, 222
385, 223
385, 224
385, 228
385, 233
385, 234
385, 239
385, 249
385, 250
390, 7
390, 10
390, 13
390, 19
390, 115
390, 144
390, 145
390, 146
390, 149
390, 152
390, 153
390, 154
390, 158
390, 163
390, 173
390, 175
390, 176
390, 185
390, 186
390, 188
390, 194
390, 198
391, 155
391, 156
391, 159
391, 165
391, 169
391, 170
391, 171
391, 176
391, 178
391, 181
391, 182
391, 186
391, 188
391, 191
391, 193
391, 196
391, 197
391, 201
391, 205
391, 206
391, 207
391, 211
392, 159
392, 170
392, 171
392, 177
392, 181
392, 182
392, 184
392, 200
392, 211
392, 213
392, 214
392, 221
392, 222
392, 223
392, 224
392, 228
392, 233
392, 239
392, 249
392, 250
392, 251
392, 261
396, 1
396, 7
396, 144
396, 152
396, 156
396, 159
396, 162
396, 165
396, 169
396, 170
396, 171
396, 173
396, 176
396, 177
396, 178
396, 181
396, 182
396, 183
396, 184
396, 185
396, 186
396, 188
400, 10
400, 19
400, 171
400, 177
400, 181
400, 182
400, 184
400, 200
400, 211
400, 213
400, 214
400, 217
400, 219
400, 221
400, 222
400, 223
400, 224
400, 228
400, 233
400, 239
400, 249
400, 250
403, 171
403, 177
403, 182
403, 184
403, 211
403, 221
403, 222
403, 223
403, 224
403, 228
403, 233
403, 239
403, 250
403, 251
403, 262
403, 268
403, 294
403, 301
403, 314
403, 319
403, 320
403, 322
404, 1
404, 171
404, 177
404, 182
404, 184
404, 200
404, 211
404, 221
404, 222
404, 223
404, 224
404, 228
404, 233
404, 234
404, 239
404, 250
404, 251
404, 261
404, 262
404, 268
404, 294
404, 301
405, 146
405, 152
405, 153
405, 154
405, 156
405, 162
405, 163
405, 165
405, 169
405, 173
405, 175
405, 176
405, 177
405, 178
405, 181
405, 182
405, 183
405, 184
405, 186
405, 188
405, 191
405, 193
406, 146
406, 152
406, 153
406, 154
406, 156
406, 162
406, 163
406, 165
406, 169
406, 173
406, 175
406, 176
406, 177
406, 178
406, 181
406, 182
406, 183
406, 184
406, 186
406, 188
406, 191
406, 193
408, 152
408, 154
408, 162
408, 163
408, 165
408, 173
408, 175
408, 176
408, 178
408, 181
408, 183
408, 186
408, 188
408, 191
408, 193
408, 196
408, 197
408, 198
408, 201
408, 205
408, 206
408, 207
410, 165
410, 176
410, 178
410, 181
410, 186
410, 188
410, 191
410, 193
410, 196
410, 197
410, 201
410, 205
410, 206
410, 207
410, 211
410, 213
410, 214
410, 219
410, 221
410, 222
410, 223
410, 224
412, 177
412, 181
412, 182
412, 184
412, 211
412, 213
412, 221
412, 222
412, 223
412, 224
412, 228
412, 233
412, 239
412, 249
412, 250
412, 251
412, 261
412, 262
412, 268
412, 270
412, 271
412, 278
413, 13
413, 153
413, 154
413, 162
413, 163
413, 165
413, 173
413, 175
413, 176
413, 177
413, 178
413, 181
413, 182
413, 183
413, 184
413, 186
413, 188
413, 191
413, 193
413, 196
413, 197
413, 198
415, 176
415, 178
415, 181
415, 182
415, 191
415, 193
415, 196
415, 197
415, 207
415, 211
415, 213
415, 214
415, 219
415, 221
415, 222
415, 223
415, 224
415, 233
415, 235
415, 236
415, 239
415, 248
419, 13
419, 149
419, 153
419, 154
419, 162
419, 163
419, 173
419, 175
419, 177
419, 178
419, 181
419, 183
419, 184
419, 186
419, 188
419, 191
419, 193
419, 196
419, 197
419, 198
419, 199
419, 200
426, 178
426, 191
426, 193
426, 196
426, 197
426, 207
426, 211
426, 213
426, 219
426, 221
426, 222
426, 224
426, 233
426, 235
426, 248
426, 249
426, 250
426, 251
426, 252
426, 261
426, 262
426, 265
433, 7
433, 10
433, 13
433, 19
433, 115
433, 144
433, 145
433, 149
433, 153
433, 154
433, 158
433, 162
433, 163
433, 173
433, 175
433, 183
433, 185
433, 186
433, 188
433, 191
433, 193
433, 194
434, 177
434, 191
434, 193
434, 196
434, 197
434, 207
434, 211
434, 213
434, 214
434, 219
434, 221
434, 222
434, 223
434, 224
434, 228
434, 233
434, 235
434, 236
434, 239
434, 248
434, 249
434, 250
440, 162
440, 173
440, 175
440, 183
440, 186
440, 188
440, 191
440, 193
440, 196
440, 197
440, 198
440, 201
440, 205
440, 206
440, 207
440, 211
440, 213
440, 214
440, 219
440, 220
440, 221
440, 222
443, 1
443, 7
443, 10
443, 19
443, 115
443, 144
443, 154
443, 162
443, 163
443, 173
443, 175
443, 177
443, 183
443, 184
443, 186
443, 188
443, 191
443, 193
443, 194
443, 196
443, 197
443, 198
445, 154
445, 163
445, 173
445, 175
445, 183
445, 184
445, 186
445, 188
445, 191
445, 193
445, 196
445, 197
445, 198
445, 199
445, 200
445, 201
445, 205
445, 206
445, 207
445, 211
445, 213
445, 214
448, 184
448, 193
448, 196
448, 200
448, 207
448, 211
448, 213
448, 214
448, 219
448, 221
448, 222
448, 223
448, 224
448, 228
448, 233
448, 235
448, 239
448, 249
448, 250
448, 251
448, 252
448, 261
449, 10
449, 115
449, 154
449, 163
449, 173
449, 175
449, 183
449, 184
449, 186
449, 188
449, 191
449, 193
449, 194
449, 196
449, 197
449, 198
449, 200
449, 201
449, 205
449, 206
449, 207
449, 210
454, 361
455, 173
455, 186
455, 188
455, 191
455, 193
455, 196
455, 197
455, 198
455, 201
455, 205
455, 206
455, 207
455, 211
455, 213
455, 219
455, 221
455, 222
455, 224
455, 225
455, 233
455, 235
455, 236
456, 153
456, 154
456, 173
456, 175
456, 183
456, 184
456, 186
456, 188
456, 191
456, 196
456, 197
456, 198
456, 201
456, 205
456, 206
456, 207
456, 213
456, 214
456, 218
456, 219
456, 220
456, 221
457, 10
457, 115
457, 175
457, 183
457, 184
457, 186
457, 188
457, 194
457, 196
457, 197
457, 198
457, 201
457, 205
457, 206
457, 207
457, 210
457, 213
457, 214
457, 217
457, 218
457, 219
457, 220
458, 153
458, 175
458, 183
458, 184
458, 186
458, 188
458, 196
458, 197
458, 198
458, 200
458, 201
458, 205
458, 206
458, 207
458, 213
458, 214
458, 218
458, 219
458, 220
458, 221
458, 222
458, 223
459, 188
459, 196
459, 197
459, 201
459, 205
459, 207
459, 213
459, 214
459, 219
459, 221
459, 222
459, 223
459, 224
459, 228
459, 233
459, 235
459, 236
459, 237
459, 239
459, 247
459, 248
459, 249
460, 13
460, 149
460, 153
460, 158
460, 175
460, 183
460, 186
460, 188
460, 196
460, 197
460, 198
460, 199
460, 201
460, 205
460, 206
460, 207
460, 208
460, 213
460, 214
460, 216
460, 218
460, 219
463, 153
463, 183
463, 186
463, 188
463, 197
463, 198
463, 200
463, 201
463, 205
463, 206
463, 207
463, 213
463, 214
463, 218
463, 219
463, 220
463, 221
463, 222
463, 223
463, 224
463, 225
463, 226
465, 183
465, 186
465, 188
465, 198
465, 201
465, 205
465, 206
465, 207
465, 213
465, 214
465, 219
465, 220
465, 221
465, 222
465, 223
465, 224
465, 225
465, 226
465, 228
465, 233
465, 235
465, 236
466, 205
466, 207
466, 214
466, 219
466, 221
466, 222
466, 223
466, 224
466, 228
466, 233
466, 235
466, 236
466, 237
466, 239
466, 247
466, 248
466, 249
466, 250
466, 251
466, 252
466, 255
466, 261
471, 7
471, 144
471, 186
471, 200
471, 201
471, 205
471, 206
471, 214
471, 219
471, 221
471, 222
471, 223
471, 224
471, 225
471, 228
471, 233
471, 235
471, 236
471, 237
471, 238
471, 239
471, 241
473, 149
473, 183
473, 198
473, 199
473, 200
473, 201
473, 205
473, 206
473, 214
473, 218
473, 219
473, 220
473, 223
473, 224
473, 225
473, 226
473, 228
473, 231
473, 233
473, 235
473, 236
473, 237
474, 7
474, 10
474, 13
474, 115
474, 144
474, 145
474, 149
474, 185
474, 194
474, 199
474, 208
474, 210
474, 216
474, 217
474, 286
474, 310
474, 316
474, 319
474, 343
474, 361
474, 383
474, 395
475, 1
475, 234
476, 153
476, 183
476, 198
476, 200
476, 201
476, 205
476, 206
476, 214
476, 218
476, 219
476, 220
476, 223
476, 224
476, 225
476, 226
476, 228
476, 231
476, 233
476, 235
476, 236
476, 237
476, 238
480, 1
480, 234
482, 201
482, 205
482, 206
482, 219
482, 224
482, 225
482, 235
482, 236
482, 237
482, 238
482, 244
482, 247
482, 248
482, 249
482, 250
482, 251
482, 252
482, 255
482, 257
482, 262
482, 265
482, 268
487, 183
487, 198
487, 201
487, 205
487, 206
487, 220
487, 225
487, 226
487, 235
487, 236
487, 237
487, 238
487, 240
487, 241
487, 242
487, 244
487, 245
487, 247
487, 248
487, 249
487, 251
487, 252
488, 183
488, 198
488, 201
488, 205
488, 206
488, 218
488, 220
488, 223
488, 225
488, 226
488, 233
488, 235
488, 236
488, 237
488, 238
488, 240
488, 241
488, 242
488, 244
488, 245
488, 247
488, 248
489, 153
489, 183
489, 198
489, 200
489, 201
489, 205
489, 206
489, 218
489, 220
489, 225
489, 226
489, 228
489, 231
489, 233
489, 235
489, 236
489, 237
489, 238
489, 239
489, 240
489, 241
489, 242
490, 201
490, 206
490, 225
490, 228
490, 235
490, 236
490, 237
490, 238
490, 239
490, 241
490, 244
490, 247
490, 248
490, 249
490, 250
490, 251
490, 252
490, 255
490, 257
490, 261
490, 262
490, 265
491, 200
491, 210
491, 217
491, 228
491, 239
491, 249
491, 250
491, 251
491, 261
491, 262
491, 268
491, 270
491, 271
491, 278
491, 282
491, 294
491, 296
491, 301
491, 314
491, 320
491, 322
491, 339
492, 13
492, 149
492, 153
492, 198
492, 199
492, 200
492, 206
492, 208
492, 216
492, 218
492, 220
492, 225
492, 226
492, 228
492, 231
492, 235
492, 236
492, 237
492, 238
492, 239
492, 240
492, 241
497, 7
497, 115
497, 144
497, 145
497, 149
497, 158
497, 185
497, 194
497, 199
497, 208
497, 210
497, 216
497, 217
497, 286
497, 310
497, 316
497, 319
497, 343
497, 361
497, 383
497, 395
497, 435
499, 153
499, 198
499, 200
499, 218
499, 220
499, 225
499, 226
499, 228
499, 231
499, 235
499, 236
499, 237
499, 238
499, 239
499, 240
499, 241
499, 242
499, 244
499, 245
499, 247
499, 248
499, 249
end